Date,Hour,NO Consume,SE Consume,FI Consume,DK Consume,Nordic Consume,EE Consume,LV Consume,LT Consume,Baltic Consume,Total Consume
01-01-2014,0,14374,15210,8967,3274,41825,757,716,912,2385,44210
01-01-2014,1,14181,14775,8642,3171,40769,730,675,863,2268,43037
01-01-2014,2,13936,14434,8453,3043,39866,703,647,824,2174,42040
01-01-2014,3,13654,14011,8384,2963,39012,688,628,797,2113,41125
01-01-2014,4,13613,13944,8452,2879,38888,687,628,792,2107,40995
01-01-2014,5,13710,14119,8655,2854,39338,688,641,803,2132,41470
01-01-2014,6,13983,14505,8657,2958,40103,697,654,821,2172,42275
01-01-2014,7,14324,14946,8832,3090,41192,729,659,819,2207,43399
01-01-2014,8,14637,15169,8917,3165,41888,737,663,850,2250,44138
01-01-2014,9,14891,15514,8954,3289,42648,775,696,909,2380,45028
01-01-2014,10,15424,15967,9131,3509,44031,809,731,961,2501,46532
01-01-2014,11,15828,16380,9233,3647,45088,824,750,989,2563,47651
01-01-2014,12,16174,16735,9287,3712,45908,835,762,993,2590,48498
01-01-2014,13,16250,16846,9414,3725,46235,851,773,995,2619,48854
01-01-2014,14,16397,17314,9825,3754,47290,886,791,1017,2694,49984
01-01-2014,15,16540,17699,10073,3794,48106,951,863,1114,2928,51034
01-01-2014,16,16753,18165,10103,4065,49086,960,896,1182,3038,52124
01-01-2014,17,17052,18381,10164,4364,49961,952,898,1184,3034,52995
01-01-2014,18,16585,18035,10160,4316,49096,946,890,1169,3005,52101
01-01-2014,19,16210,17522,9947,4118,47797,933,878,1137,2948,50745
01-01-2014,20,16062,17094,9599,3892,46647,905,852,1086,2843,49490
01-01-2014,21,15685,16643,9841,3670,45839,863,796,993,2652,48491
01-01-2014,22,15273,16016,9686,3410,44385,817,727,910,2454,46839
01-01-2014,23,14891,15325,9233,3175,42624,764,671,839,2274,44898
02-01-2014,0,14308,14607,8886,2999,40800,730,630,792,2152,42952
02-01-2014,1,13968,14279,8671,2875,39793,707,612,768,2087,41880
02-01-2014,2,13983,14142,8594,2849,39568,698,605,759,2062,41630
02-01-2014,3,13936,14068,8642,2886,39532,702,611,766,2079,41611
02-01-2014,4,14065,14096,8946,2965,40072,729,643,814,2186,42258
02-01-2014,5,14585,14674,9743,3215,42217,812,728,964,2504,44721
02-01-2014,6,15630,15800,10277,3735,45442,924,851,1123,2898,48340
02-01-2014,7,17084,17112,10629,4407,49232,1038,962,1254,3254,52486
02-01-2014,8,17596,17687,10705,4679,50667,1073,1003,1324,3400,54067
02-01-2014,9,17764,17925,10658,4742,51089,1107,1035,1358,3500,54589
02-01-2014,10,17963,18330,10706,4858,51857,1105,1039,1335,3479,55336
02-01-2014,11,18190,18734,10704,4876,52504,1097,1024,1324,3445,55949
02-01-2014,12,18204,18693,10695,4836,52428,1127,1042,1338,3507,55935
02-01-2014,13,18229,18982,10823,4827,52861,1117,1047,1323,3487,56348
02-01-2014,14,18374,19002,11057,4760,53193,1139,1057,1320,3516,56709
02-01-2014,15,18451,19384,11152,4739,53726,1167,1104,1361,3632,57358
02-01-2014,16,18419,19513,11125,4930,53987,1153,1096,1384,3633,57620
02-01-2014,17,18208,19482,11072,5317,54079,1122,1078,1355,3555,57634
02-01-2014,18,17904,19067,11085,5093,53149,1094,1038,1313,3445,56594
02-01-2014,19,17547,18737,10912,4729,51925,1055,1007,1259,3321,55246
02-01-2014,20,17199,18220,10450,4355,50224,1016,961,1181,3158,53382
02-01-2014,21,16744,17497,10503,4045,48789,949,884,1062,2895,51684
02-01-2014,22,16104,16416,10293,3682,46495,884,797,952,2633,49128
02-01-2014,23,15463,15523,9761,3306,44053,828,724,866,2418,46471
03-01-2014,0,14833,14877,9354,3047,42111,784,669,810,2263,44374
03-01-2014,1,14467,14445,9163,2927,41002,763,648,778,2189,43191
03-01-2014,2,14282,14321,9038,2880,40521,751,636,766,2153,42674
03-01-2014,3,14207,14255,9115,2882,40459,756,640,765,2161,42620
03-01-2014,4,14220,14424,9421,2963,41028,779,670,808,2257,43285
03-01-2014,5,14594,14722,10067,3172,42555,858,762,960,2580,45135
03-01-2014,6,15767,16143,10580,3669,46159,978,889,1116,2983,49142
03-01-2014,7,17063,17568,10986,4307,49924,1087,1006,1252,3345,53269
03-01-2014,8,17666,18284,11052,4576,51578,1111,1047,1301,3459,55037
03-01-2014,9,17759,18579,10931,4633,51902,1129,1061,1323,3513,55415
03-01-2014,10,17651,18825,10907,4729,52112,1138,1069,1338,3545,55657
03-01-2014,11,17504,18960,10919,4730,52113,1139,1048,1328,3515,55628
03-01-2014,12,17699,18800,10992,4677,52168,1152,1062,1344,3558,55726
03-01-2014,13,17789,18640,10956,4676,52061,1142,1066,1342,3550,55611
03-01-2014,14,17814,18834,11230,4635,52513,1156,1074,1332,3562,56075
03-01-2014,15,17751,18946,11372,4637,52706,1188,1118,1366,3672,56378
03-01-2014,16,17783,19315,11307,4910,53315,1166,1117,1385,3668,56983
03-01-2014,17,17803,19386,11310,5220,53719,1137,1089,1352,3578,57297
03-01-2014,18,17543,19023,11164,5036,52766,1107,1050,1300,3457,56223
03-01-2014,19,17051,18117,10929,4648,50745,1069,1016,1247,3332,54077
03-01-2014,20,16620,17419,10505,4274,48818,1011,964,1181,3156,51974
03-01-2014,21,16218,16888,10654,4024,47784,952,885,1073,2910,50694
03-01-2014,22,15648,16228,10416,3756,46048,877,806,968,2651,48699
03-01-2014,23,15106,15475,9872,3507,43960,823,731,887,2441,46401
04-01-2014,0,14666,15146,9387,3269,42468,778,677,818,2273,44741
04-01-2014,1,14090,14619,9102,3172,40983,753,648,779,2180,43163
04-01-2014,2,13830,14567,8972,3105,40474,742,636,763,2141,42615
04-01-2014,3,13641,14221,8932,3065,39859,738,634,756,2128,41987
04-01-2014,4,13700,14045,9069,3063,39877,748,655,777,2180,42057
04-01-2014,5,13894,14252,9362,3113,40621,778,695,838,2311,42932
04-01-2014,6,14240,14865,9443,3230,41778,823,759,916,2498,44276
04-01-2014,7,14586,15443,9711,3539,43279,874,816,981,2671,45950
04-01-2014,8,15328,16288,9879,3811,45306,909,860,1055,2824,48130
04-01-2014,9,15957,16473,9965,3950,46345,958,910,1134,3002,49347
04-01-2014,10,16435,17162,10024,4146,47767,981,936,1176,3093,50860
04-01-2014,11,16711,17347,10127,4122,48307,991,940,1193,3124,51431
04-01-2014,12,16700,17265,10184,4026,48175,1003,944,1197,3144,51319
04-01-2014,13,16518,17435,10255,3927,48135,1010,942,1180,3132,51267
04-01-2014,14,16526,17271,10585,3869,48251,1033,941,1179,3153,51404
04-01-2014,15,16773,17789,10857,3901,49320,1091,993,1245,3329,52649
04-01-2014,16,17113,18364,10967,4334,50778,1100,1019,1307,3426,54204
04-01-2014,17,17102,18444,11025,4803,51374,1086,1006,1283,3375,54749
04-01-2014,18,17067,18299,10943,4703,51012,1055,976,1241,3272,54284
04-01-2014,19,16637,17579,10588,4317,49121,1003,944,1191,3138,52259
04-01-2014,20,16046,16743,10180,3994,46963,962,901,1132,2995,49958
04-01-2014,21,15745,16255,10412,3757,46169,908,840,1037,2785,48954
04-01-2014,22,15207,15699,10244,3471,44621,844,773,951,2568,47189
04-01-2014,23,14893,15248,9784,3244,43169,791,707,864,2362,45531
05-01-2014,0,14281,14686,9332,3049,41348,749,654,803,2206,43554
05-01-2014,1,13961,14227,8996,2872,40056,716,628,770,2114,42170
05-01-2014,2,13757,14161,8884,2781,39583,701,617,751,2069,41652
05-01-2014,3,13622,14148,8830,2812,39412,698,610,744,2052,41464
05-01-2014,4,13534,14224,8848,2796,39402,708,623,757,2088,41490
05-01-2014,5,13552,14234,8991,2869,39646,733,660,811,2204,41850
05-01-2014,6,13814,14745,9004,2970,40533,770,709,859,2338,42871
05-01-2014,7,14076,15416,9173,3200,41865,816,752,899,2467,44332
05-01-2014,8,14478,15941,9280,3462,43161,848,789,964,2601,45762
05-01-2014,9,15102,16047,9394,3721,44264,894,835,1039,2768,47032
05-01-2014,10,15675,16660,9519,3940,45794,916,864,1088,2868,48662
05-01-2014,11,16339,17094,9602,4101,47136,927,877,1121,2925,50061
05-01-2014,12,16582,17295,9650,4105,47632,936,881,1141,2958,50590
05-01-2014,13,16337,16902,9680,4044,46963,940,890,1152,2982,49945
05-01-2014,14,16163,17224,10023,4016,47426,970,914,1166,3050,50476
05-01-2014,15,16610,17778,10248,4005,48641,1041,990,1250,3281,51922
05-01-2014,16,17301,18265,10307,4392,50265,1063,1022,1313,3398,53663
05-01-2014,17,17106,18584,10230,4923,50843,1055,1019,1308,3382,54225
05-01-2014,18,16958,18203,10157,4805,50123,1044,1002,1281,3327,53450
05-01-2014,19,16660,17749,9968,4463,48840,1016,984,1230,3230,52070
05-01-2014,20,16470,17216,9786,4107,47579,972,939,1155,3066,50645
05-01-2014,21,16152,16565,10061,3828,46606,906,860,1031,2797,49403
05-01-2014,22,15708,15839,9949,3534,45030,835,773,918,2526,47556
05-01-2014,23,15007,15103,9445,3326,42881,771,695,836,2302,45183
06-01-2014,0,14467,14717,8998,3130,41312,737,647,777,2161,43473
06-01-2014,1,14127,14468,8785,3010,40390,714,627,754,2095,42485
06-01-2014,2,13986,14442,8652,2952,40032,710,620,744,2074,42106
06-01-2014,3,14026,14414,8639,2963,40042,712,626,751,2089,42131
06-01-2014,4,14306,14573,8801,3056,40736,748,668,813,2229,42965
06-01-2014,5,14746,14929,9030,3352,42057,866,791,1032,2689,44746
06-01-2014,6,16165,15467,9127,4099,44858,1029,957,1233,3219,48077
06-01-2014,7,17882,15842,9399,4956,48079,1148,1076,1379,3603,51682
06-01-2014,8,18399,16528,9628,5260,49815,1170,1115,1417,3702,53517
06-01-2014,9,18305,16656,9737,5248,49946,1167,1120,1414,3701,53647
06-01-2014,10,18061,17313,9902,5348,50624,1168,1106,1401,3675,54299
06-01-2014,11,18057,17836,9990,5323,51206,1158,1075,1374,3607,54813
06-01-2014,12,18069,18051,10028,5196,51344,1172,1093,1386,3651,54995
06-01-2014,13,18282,18247,10209,5195,51933,1165,1094,1376,3635,55568
06-01-2014,14,18217,18300,10535,5154,52206,1175,1101,1380,3656,55862
06-01-2014,15,18464,18708,10732,5043,52947,1205,1146,1414,3765,56712
06-01-2014,16,18574,19215,10792,5226,53807,1186,1139,1451,3776,57583
06-01-2014,17,18440,19469,10797,5579,54285,1164,1116,1420,3700,57985
06-01-2014,18,17974,19131,10760,5325,53190,1125,1076,1369,3570,56760
06-01-2014,19,17736,18675,10527,4981,51919,1086,1040,1313,3439,55358
06-01-2014,20,17344,17921,10106,4546,49917,1029,979,1229,3237,53154
06-01-2014,21,16821,17157,10266,4288,48532,953,892,1082,2927,51459
06-01-2014,22,16161,16230,10085,3947,46423,867,797,955,2619,49042
06-01-2014,23,15307,15447,9656,3545,43955,804,720,869,2393,46348
07-01-2014,0,14466,14931,9258,3332,41987,767,669,821,2257,44244
07-01-2014,1,14144,14615,8968,3214,40941,743,647,796,2186,43127
07-01-2014,2,13942,14472,8893,3127,40434,728,640,786,2154,42588
07-01-2014,3,13885,14540,8886,3163,40474,735,646,792,2173,42647
07-01-2014,4,13976,14636,9206,3230,41048,769,688,852,2309,43357
07-01-2014,5,14313,15233,10127,3510,43183,888,806,1051,2745,45928
07-01-2014,6,15639,17113,10776,4136,47664,1030,961,1257,3248,50912
07-01-2014,7,17341,18751,11165,4872,52129,1147,1081,1393,3621,55750
07-01-2014,8,17770,19296,11197,5175,53438,1164,1113,1420,3697,57135
07-01-2014,9,17451,19228,11005,5122,52806,1156,1114,1420,3690,56496
07-01-2014,10,17302,19325,10861,5171,52659,1157,1103,1426,3686,56345
07-01-2014,11,17320,19428,10879,5125,52752,1153,1081,1398,3632,56384
07-01-2014,12,17228,19157,10834,5036,52255,1177,1099,1405,3681,55936
07-01-2014,13,17207,19170,10847,5039,52263,1181,1094,1391,3666,55929
07-01-2014,14,17127,19145,11074,5016,52362,1209,1101,1393,3703,56065
07-01-2014,15,17393,19568,11242,4941,53144,1226,1140,1419,3785,56929
07-01-2014,16,17734,19678,11171,5130,53713,1200,1135,1436,3771,57484
07-01-2014,17,17616,19975,11091,5547,54229,1165,1112,1401,3678,57907
07-01-2014,18,17357,19593,11063,5315,53328,1121,1073,1346,3540,56868
07-01-2014,19,17081,18753,10873,4981,51688,1087,1040,1292,3419,55107
07-01-2014,20,16826,18182,10289,4616,49913,1032,981,1197,3210,53123
07-01-2014,21,16378,17394,10328,4332,48432,952,894,1058,2904,51336
07-01-2014,22,15760,16540,10010,3983,46293,861,797,934,2592,48885
07-01-2014,23,14922,15522,9476,3561,43481,793,692,852,2337,45818
08-01-2014,0,14407,15023,9032,3287,41749,757,649,807,2213,43962
08-01-2014,1,13944,14716,8788,3177,40625,738,634,785,2157,42782
08-01-2014,2,13783,14511,8672,3123,40089,722,626,774,2122,42211
08-01-2014,3,13681,14374,8684,3133,39872,728,625,780,2133,42005
08-01-2014,4,13923,14552,8988,3190,40653,758,663,836,2257,42910
08-01-2014,5,14406,15315,9970,3442,43133,879,784,1033,2696,45829
08-01-2014,6,15704,17035,10524,4071,47334,1029,943,1243,3215,50549
08-01-2014,7,17382,18939,10839,4862,52022,1144,1054,1373,3571,55593
08-01-2014,8,17871,19505,10883,5142,53401,1165,1083,1394,3642,57043
08-01-2014,9,17711,19218,10695,5066,52690,1154,1082,1396,3632,56322
08-01-2014,10,17488,19347,10692,5139,52666,1155,1071,1386,3612,56278
08-01-2014,11,17298,19390,10770,5121,52579,1137,1031,1356,3524,56103
08-01-2014,12,17109,19125,10703,5008,51945,1162,1052,1382,3596,55541
08-01-2014,13,17005,19270,10700,5018,51993,1165,1056,1382,3603,55596
08-01-2014,14,17354,19453,10810,4996,52613,1174,1067,1392,3633,56246
08-01-2014,15,17769,20036,11042,4859,53706,1198,1115,1417,3730,57436
08-01-2014,16,17964,20276,11087,5098,54425,1172,1123,1449,3744,58169
08-01-2014,17,17821,20418,11075,5574,54888,1145,1098,1419,3662,58550
08-01-2014,18,17511,20140,11107,5341,54099,1116,1061,1360,3537,57636
08-01-2014,19,17351,19506,10798,4976,52631,1069,1027,1303,3399,56030
08-01-2014,20,17001,18799,10251,4606,50657,1027,970,1212,3209,53866
08-01-2014,21,16757,17884,10286,4287,49214,946,880,1059,2885,52099
08-01-2014,22,15988,16786,10002,3901,46677,862,779,931,2572,49249
08-01-2014,23,15224,15744,9436,3471,43875,794,704,845,2343,46218
09-01-2014,0,14693,15392,9033,3217,42335,748,656,792,2196,44531
09-01-2014,1,14359,15134,8784,3094,41371,735,629,766,2130,43501
09-01-2014,2,14205,15120,8662,3068,41055,727,620,753,2100,43155
09-01-2014,3,14285,15016,8733,3050,41084,732,623,762,2117,43201
09-01-2014,4,14496,15185,9059,3114,41854,757,661,826,2244,44098
09-01-2014,5,15093,15867,9882,3343,44185,872,782,1028,2682,46867
09-01-2014,6,16581,17812,10498,4036,48927,1028,944,1237,3209,52136
09-01-2014,7,18249,19999,10937,4933,54118,1138,1061,1358,3557,57675
09-01-2014,8,18669,20354,10958,5288,55269,1149,1094,1389,3632,58901
09-01-2014,9,18513,20129,10787,5315,54744,1145,1106,1400,3651,58395
09-01-2014,10,18550,20164,10739,5404,54857,1143,1066,1391,3600,58457
09-01-2014,11,18449,19950,10771,5432,54602,1126,1045,1368,3539,58141
09-01-2014,12,18299,19936,10698,5348,54281,1132,1068,1385,3585,57866
09-01-2014,13,18350,19911,10689,5361,54311,1137,1075,1378,3590,57901
09-01-2014,14,18474,20169,10939,5327,54909,1153,1082,1379,3614,58523
09-01-2014,15,18666,20569,11141,5164,55540,1188,1134,1415,3737,59277
09-01-2014,16,18963,20501,11140,5295,55899,1175,1129,1441,3745,59644
09-01-2014,17,18839,20632,11036,5644,56151,1150,1111,1403,3664,59815
09-01-2014,18,18417,20174,11091,5357,55039,1111,1077,1346,3534,58573
09-01-2014,19,18200,19668,10877,5062,53807,1067,1040,1285,3392,57199
09-01-2014,20,17950,18912,10413,4787,52062,1013,978,1191,3182,55244
09-01-2014,21,17723,18305,10466,4507,51001,938,884,1052,2874,53875
09-01-2014,22,17010,17509,10214,4171,48904,862,791,929,2582,51486
09-01-2014,23,16309,16810,9626,3793,46538,795,715,844,2354,48892
10-01-2014,0,15673,16246,9312,3535,44766,759,661,799,2219,46985
10-01-2014,1,15310,15766,9057,3378,43511,740,642,777,2159,45670
10-01-2014,2,15072,15716,9029,3301,43118,748,628,768,2144,45262
10-01-2014,3,15181,15744,9131,3312,43368,756,635,772,2163,45531
10-01-2014,4,15417,16041,9571,3382,44411,787,672,827,2286,46697
10-01-2014,5,15883,16737,10577,3640,46837,896,778,1022,2696,49533
10-01-2014,6,17249,18872,11226,4268,51615,1043,938,1226,3207,54822
10-01-2014,7,19041,20921,11637,5044,56643,1162,1053,1338,3553,60196
10-01-2014,8,19978,21450,11590,5310,58328,1173,1076,1355,3604,61932
10-01-2014,9,19695,21337,11474,5239,57745,1167,1079,1355,3601,61346
10-01-2014,10,19355,21500,11393,5282,57530,1177,1074,1360,3611,61141
10-01-2014,11,19330,21461,11410,5229,57430,1155,1042,1341,3538,60968
10-01-2014,12,18972,21292,11395,5133,56792,1180,1069,1358,3607,60399
10-01-2014,13,18901,21041,11334,4987,56263,1174,1067,1343,3584,59847
10-01-2014,14,18930,20944,11450,4817,56141,1167,1062,1327,3556,59697
10-01-2014,15,19074,21122,11711,4734,56641,1192,1100,1350,3642,60283
10-01-2014,16,19473,21679,11745,4990,57887,1185,1102,1397,3684,61571
10-01-2014,17,19502,21690,11764,5394,58350,1158,1084,1360,3602,61952
10-01-2014,18,19314,21120,11758,5209,57401,1128,1049,1310,3487,60888
10-01-2014,19,18861,20369,11550,4800,55580,1078,1015,1245,3338,58918
10-01-2014,20,18081,19284,11075,4348,52788,1035,960,1161,3156,55944
10-01-2014,21,17537,18566,11125,4073,51301,964,873,1045,2882,54183
10-01-2014,22,17140,17878,10885,3768,49671,909,792,942,2643,52314
10-01-2014,23,16574,17099,10383,3415,47471,858,718,861,2437,49908
11-01-2014,0,16027,16356,9975,3238,45596,826,670,804,2300,47896
11-01-2014,1,15657,16066,9715,3163,44601,802,647,775,2224,46825
11-01-2014,2,15474,15798,9630,3059,43961,793,638,760,2191,46152
11-01-2014,3,15434,15638,9529,3027,43628,795,641,764,2200,45828
11-01-2014,4,15477,15691,9752,3041,43961,795,655,789,2239,46200
11-01-2014,5,15616,15888,10062,3096,44662,822,695,856,2373,47035
11-01-2014,6,16033,16245,10203,3284,45765,867,763,936,2566,48331
11-01-2014,7,16673,16799,10542,3609,47623,928,829,1015,2772,50395
11-01-2014,8,17340,17450,10739,4002,49531,971,877,1098,2946,52477
11-01-2014,9,18159,18166,10762,4295,51382,1009,918,1154,3081,54463
11-01-2014,10,18699,18800,10879,4484,52862,1018,928,1168,3114,55976
11-01-2014,11,18870,19183,10888,4538,53479,1022,922,1177,3121,56600
11-01-2014,12,18725,19189,10914,4390,53218,1016,922,1171,3109,56327
11-01-2014,13,18603,19189,10964,4331,53087,1009,920,1159,3088,56175
11-01-2014,14,18646,19181,11175,4270,53272,1020,935,1161,3116,56388
11-01-2014,15,18750,19471,11661,4209,54091,1088,990,1217,3295,57386
11-01-2014,16,19188,20091,11892,4449,55620,1108,1022,1276,3406,59026
11-01-2014,17,19456,20478,12003,4891,56828,1106,1004,1253,3363,60191
11-01-2014,18,19514,20205,11829,4740,56288,1099,975,1207,3281,59569
11-01-2014,19,19024,19545,11404,4409,54382,1052,945,1155,3152,57534
11-01-2014,20,18485,18872,11067,4143,52567,1007,900,1091,2998,55565
11-01-2014,21,18131,18216,11310,3990,51647,943,836,996,2775,54422
11-01-2014,22,17564,17668,11166,3779,50177,885,766,907,2558,52735
11-01-2014,23,17125,17060,10718,3559,48462,840,699,824,2363,50825
12-01-2014,0,16789,16620,10370,3289,47068,798,655,775,2228,49296
12-01-2014,1,16542,16252,10110,3117,46021,770,631,747,2148,48169
12-01-2014,2,16316,16041,9941,3022,45320,760,618,733,2111,47431
12-01-2014,3,16281,16220,9931,3028,45460,756,616,731,2103,47563
12-01-2014,4,16312,16412,10040,3016,45780,767,631,750,2148,47928
12-01-2014,5,16432,16551,10149,3100,46232,792,666,800,2258,48490
12-01-2014,6,16787,16682,10195,3252,46916,825,717,861,2403,49319
12-01-2014,7,17143,17217,10470,3504,48334,871,766,915,2552,50886
12-01-2014,8,17720,17774,10491,3794,49779,909,812,996,2717,52496
12-01-2014,9,18247,18664,10671,4028,51610,962,855,1069,2886,54496
12-01-2014,10,18810,19346,10886,4124,53166,985,882,1116,2983,56149
12-01-2014,11,19084,19831,10976,4167,54058,992,890,1130,3012,57070
12-01-2014,12,19028,20010,10919,4139,54096,1001,897,1132,3030,57126
12-01-2014,13,18835,20107,10877,4087,53906,1010,896,1133,3039,56945
12-01-2014,14,18955,20136,11060,4072,54223,1029,903,1141,3073,57296
12-01-2014,15,19382,20658,11542,4006,55588,1089,960,1203,3252,58840
12-01-2014,16,20046,21845,11727,4365,57983,1123,1009,1304,3436,61419
12-01-2014,17,20273,22295,11735,5025,59328,1116,1007,1304,3427,62755
12-01-2014,18,20363,21901,11739,4942,58945,1103,984,1284,3371,62316
12-01-2014,19,20369,21654,11576,4625,58224,1084,964,1226,3274,61498
12-01-2014,20,20240,21099,11247,4304,56890,1034,921,1153,3108,59998
12-01-2014,21,19852,20510,11513,4037,55912,976,831,1049,2856,58768
12-01-2014,22,19471,19834,11427,3767,54499,908,752,946,2606,57105
12-01-2014,23,18800,18952,11068,3440,52260,854,680,849,2383,54643
13-01-2014,0,18008,18775,10730,3182,50695,802,633,800,2235,52930
13-01-2014,1,17724,18471,10498,3081,49774,791,621,774,2186,51960
13-01-2014,2,17507,18499,10463,3088,49557,782,612,762,2156,51713
13-01-2014,3,17592,18740,10572,3140,50044,789,623,772,2184,52228
13-01-2014,4,17943,19046,11015,3233,51237,828,667,827,2322,53559
13-01-2014,5,18538,19972,12064,3500,54074,945,794,1050,2789,56863
13-01-2014,6,20127,22172,12544,4223,59066,1107,978,1264,3349,62415
13-01-2014,7,22325,24283,12851,5066,64525,1219,1097,1357,3673,68198
13-01-2014,8,22957,24524,12675,5373,65529,1236,1139,1417,3792,69321
13-01-2014,9,22701,24556,12664,5361,65282,1236,1143,1455,3834,69116
13-01-2014,10,22602,24532,12561,5485,65180,1238,1119,1432,3789,68969
13-01-2014,11,22500,24380,12525,5503,64908,1223,1084,1404,3711,68619
13-01-2014,12,22515,24184,12446,5435,64580,1248,1116,1419,3783,68363
13-01-2014,13,22541,24168,12478,5415,64602,1246,1119,1411,3776,68378
13-01-2014,14,22465,24254,12447,5352,64518,1253,1121,1404,3778,68296
13-01-2014,15,22527,24612,12703,5243,65085,1279,1154,1429,3862,68947
13-01-2014,16,22779,24983,12778,5392,65932,1293,1176,1488,3957,69889
13-01-2014,17,22607,24855,12743,5729,65934,1267,1156,1466,3889,69823
13-01-2014,18,22318,24348,12777,5515,64958,1239,1112,1413,3764,68722
13-01-2014,19,21998,23865,12672,5191,63726,1191,1078,1360,3629,67355
13-01-2014,20,21654,22956,12358,4758,61726,1142,1013,1273,3428,65154
13-01-2014,21,21137,21997,12382,4436,59952,1059,916,1123,3098,63050
13-01-2014,22,20397,20931,12177,4042,57547,980,815,993,2788,60335
13-01-2014,23,19451,19860,11764,3648,54723,910,733,908,2551,57274
14-01-2014,0,18753,19049,11431,3383,52616,884,690,857,2431,55047
14-01-2014,1,18426,18964,11213,3225,51828,871,668,826,2365,54193
14-01-2014,2,18101,18781,11199,3137,51218,862,663,816,2341,53559
14-01-2014,3,18088,18870,11314,3155,51427,877,673,823,2373,53800
14-01-2014,4,18253,19070,11768,3243,52334,918,712,887,2517,54851
14-01-2014,5,18803,19673,12797,3520,54793,1030,836,1096,2962,57755
14-01-2014,6,20309,21841,13242,4236,59628,1178,1006,1308,3492,63120
14-01-2014,7,21990,23622,13462,5006,64080,1288,1127,1410,3825,67905
14-01-2014,8,22355,23818,13318,5290,64781,1307,1159,1440,3906,68687
14-01-2014,9,22058,23550,13243,5193,64044,1281,1159,1438,3878,67922
14-01-2014,10,22082,23555,12905,5261,63803,1267,1141,1422,3830,67633
14-01-2014,11,21995,23458,13055,5216,63724,1239,1102,1388,3729,67453
14-01-2014,12,21772,23397,12890,5160,63219,1260,1119,1404,3783,67002
14-01-2014,13,21893,23342,12852,5204,63291,1258,1116,1404,3778,67069
14-01-2014,14,22251,23492,12991,5151,63885,1257,1111,1392,3760,67645
14-01-2014,15,22096,23585,13392,5015,64088,1290,1156,1419,3865,67953
14-01-2014,16,22275,23969,13549,5196,64989,1310,1182,1470,3962,68951
14-01-2014,17,22074,23747,13521,5575,64917,1292,1162,1448,3902,68819
14-01-2014,18,21733,23454,13534,5321,64042,1261,1123,1397,3781,67823
14-01-2014,19,21413,23021,13348,5007,62789,1224,1090,1349,3663,66452
14-01-2014,20,21186,22340,12866,4636,61028,1183,1022,1259,3464,64492
14-01-2014,21,20621,21217,12882,4319,59039,1086,928,1108,3122,62161
14-01-2014,22,19830,20456,12563,3954,56803,1007,817,978,2802,59605
14-01-2014,23,18883,19239,12102,3571,53795,943,743,893,2579,56374
15-01-2014,0,18162,18813,11798,3322,52095,921,697,855,2473,54568
15-01-2014,1,17707,18337,11535,3171,50750,889,682,838,2409,53159
15-01-2014,2,17580,18223,11465,3083,50351,887,676,847,2410,52761
15-01-2014,3,17624,18177,11538,3093,50432,903,686,856,2445,52877
15-01-2014,4,17711,18329,11973,3208,51221,943,724,912,2579,53800
15-01-2014,5,18261,19315,12949,3451,53976,1051,850,1112,3013,56989
15-01-2014,6,19918,21430,13391,4175,58914,1200,1020,1315,3535,62449
15-01-2014,7,21616,23374,13564,4955,63509,1299,1137,1424,3860,67369
15-01-2014,8,22082,23343,13309,5230,63964,1313,1166,1451,3930,67894
15-01-2014,9,21927,23248,13252,5181,63608,1307,1163,1445,3915,67523
15-01-2014,10,21877,23190,13176,5288,63531,1289,1147,1439,3875,67406
15-01-2014,11,21723,23308,13148,5268,63447,1259,1095,1408,3762,67209
15-01-2014,12,21671,23288,13019,5197,63175,1271,1114,1425,3810,66985
15-01-2014,13,21616,23225,12921,5219,62981,1259,1120,1414,3793,66774
15-01-2014,14,21542,23247,12977,5081,62847,1270,1121,1407,3798,66645
15-01-2014,15,21650,23599,13310,4977,63536,1302,1162,1421,3885,67421
15-01-2014,16,21894,23834,13478,5194,64400,1332,1198,1480,4010,68410
15-01-2014,17,21732,24076,13413,5575,64796,1314,1178,1459,3951,68747
15-01-2014,18,21416,23338,13555,5359,63668,1288,1143,1412,3843,67511
15-01-2014,19,21151,22918,13431,5031,62531,1258,1112,1365,3735,66266
15-01-2014,20,20805,22071,13145,4671,60692,1208,1049,1276,3533,64225
15-01-2014,21,20272,21063,12843,4366,58544,1121,953,1123,3197,61741
15-01-2014,22,19672,19802,12595,3970,56039,1032,846,990,2868,58907
15-01-2014,23,18726,18839,12070,3599,53234,968,762,914,2644,55878
16-01-2014,0,17952,18034,11737,3340,51063,944,717,886,2547,53610
16-01-2014,1,17521,17848,11512,3248,50129,922,702,857,2481,52610
16-01-2014,2,17420,17812,11473,3223,49928,914,694,852,2460,52388
16-01-2014,3,17291,17996,11629,3258,50174,919,704,853,2476,52650
16-01-2014,4,17506,18241,12082,3333,51162,958,748,909,2615,53777
16-01-2014,5,18170,18941,13109,3603,53823,1077,878,1118,3073,56896
16-01-2014,6,19475,20803,13438,4275,57991,1233,1053,1315,3601,61592
16-01-2014,7,21460,22836,13669,5092,63057,1343,1170,1453,3966,67023
16-01-2014,8,22092,23135,13508,5399,64134,1357,1206,1489,4052,68186
16-01-2014,9,21729,22851,13465,5391,63436,1347,1199,1495,4041,67477
16-01-2014,10,21562,23029,13511,5441,63543,1320,1170,1476,3966,67509
16-01-2014,11,21383,23105,13437,5457,63382,1289,1130,1444,3863,67245
16-01-2014,12,21201,22930,13133,5384,62648,1310,1146,1453,3909,66557
16-01-2014,13,21202,22738,13214,5373,62527,1292,1137,1439,3868,66395
16-01-2014,14,21360,22719,13296,5315,62690,1298,1132,1435,3865,66555
16-01-2014,15,21443,23008,13536,5243,63230,1325,1179,1451,3955,67185
16-01-2014,16,21786,23665,13675,5443,64569,1341,1221,1526,4088,68657
16-01-2014,17,21654,23843,13648,5804,64949,1313,1210,1512,4035,68984
16-01-2014,18,21464,23505,13717,5592,64278,1287,1174,1459,3920,68198
16-01-2014,19,21207,23090,13519,5257,63073,1255,1136,1401,3792,66865
16-01-2014,20,20772,22299,13037,4920,61028,1199,1068,1311,3578,64606
16-01-2014,21,20342,21350,13058,4619,59369,1126,972,1166,3264,62633
16-01-2014,22,19760,20296,12802,4281,57139,1049,872,1045,2966,60105
16-01-2014,23,18804,19341,12358,3890,54393,985,789,964,2738,57131
17-01-2014,0,18063,18660,12050,3632,52405,947,750,929,2626,55031
17-01-2014,1,17761,18379,11866,3423,51429,928,735,919,2582,54011
17-01-2014,2,17621,18436,11833,3330,51220,921,732,909,2562,53782
17-01-2014,3,17526,18736,12001,3326,51589,932,748,915,2595,54184
17-01-2014,4,17604,18991,12468,3396,52459,962,797,972,2731,55190
17-01-2014,5,18024,19849,13443,3586,54902,1083,924,1178,3185,58087
17-01-2014,6,19555,21974,13899,4246,59674,1234,1101,1384,3719,63393
17-01-2014,7,21541,23867,14089,5039,64536,1323,1211,1481,4015,68551
17-01-2014,8,22259,24472,13924,5328,65983,1346,1232,1500,4078,70061
17-01-2014,9,22167,24387,13864,5303,65721,1337,1206,1526,4069,69790
17-01-2014,10,21975,24412,13803,5400,65590,1314,1175,1521,4010,69600
17-01-2014,11,21912,24196,13741,5369,65218,1276,1139,1492,3907,69125
17-01-2014,12,21615,23597,13558,5240,64010,1298,1153,1484,3935,67945
17-01-2014,13,21498,23119,13438,5133,63188,1286,1143,1461,3890,67078
17-01-2014,14,21392,22923,13390,4974,62679,1286,1136,1447,3869,66548
17-01-2014,15,21354,23066,13662,4865,62947,1315,1168,1455,3938,66885
17-01-2014,16,21590,23638,13810,5099,64137,1339,1205,1518,4062,68199
17-01-2014,17,21594,23748,13795,5504,64641,1312,1192,1504,4008,68649
17-01-2014,18,21345,23386,13768,5351,63850,1279,1144,1453,3876,67726
17-01-2014,19,21017,22602,13612,4905,62136,1237,1100,1387,3724,65860
17-01-2014,20,20584,21694,13093,4500,59871,1177,1038,1302,3517,63388
17-01-2014,21,20042,20776,13154,4203,58175,1095,945,1178,3218,61393
17-01-2014,22,19448,20020,12884,3901,56253,1029,856,1068,2953,59206
17-01-2014,23,18963,18913,12354,3608,53838,975,781,991,2747,56585
18-01-2014,0,18402,18486,12037,3355,52280,939,733,942,2614,54894
18-01-2014,1,17989,18260,11845,3207,51301,931,711,909,2551,53852
18-01-2014,2,17753,17974,11746,3148,50621,922,702,900,2524,53145
18-01-2014,3,17686,18055,11724,3127,50592,919,706,893,2518,53110
18-01-2014,4,17736,18068,11859,3140,50803,941,729,916,2586,53389
18-01-2014,5,17856,18314,12145,3208,51523,984,778,987,2749,54272
18-01-2014,6,18222,18862,12155,3452,52691,1038,844,1074,2956,55647
18-01-2014,7,18761,19483,12511,3771,54526,1075,908,1141,3124,57650
18-01-2014,8,19620,20211,12593,4097,56521,1145,971,1230,3346,59867
18-01-2014,9,20210,20798,12757,4352,58117,1180,1005,1294,3479,61596
18-01-2014,10,20657,21368,12815,4563,59403,1176,1015,1311,3502,62905
18-01-2014,11,20611,21373,12733,4627,59344,1161,1002,1308,3471,62815
18-01-2014,12,20491,21175,12588,4586,58840,1146,990,1294,3430,62270
18-01-2014,13,20297,20923,12528,4547,58295,1139,981,1265,3385,61680
18-01-2014,14,20171,20844,12686,4557,58258,1143,974,1249,3366,61624
18-01-2014,15,20341,21256,13270,4562,59429,1205,1013,1280,3498,62927
18-01-2014,16,20734,21970,13703,4835,61242,1269,1096,1407,3772,65014
18-01-2014,17,20928,22356,13808,5223,62315,1234,1094,1410,3738,66053
18-01-2014,18,20806,21831,13627,5086,61350,1220,1067,1366,3653,65003
18-01-2014,19,20340,21178,13140,4714,59372,1180,1040,1311,3531,62903
18-01-2014,20,19899,20583,12806,4435,57723,1128,991,1239,3358,61081
18-01-2014,21,19422,19952,12982,4184,56540,1069,915,1135,3119,59659
18-01-2014,22,18944,19520,12927,3979,55370,1013,837,1035,2885,58255
18-01-2014,23,18403,18713,12551,3724,53391,963,774,954,2691,56082
19-01-2014,0,17936,17898,12182,3518,51534,923,734,899,2556,54090
19-01-2014,1,17639,17685,11977,3363,50664,906,708,871,2485,53149
19-01-2014,2,17404,17485,11799,3298,49986,906,697,855,2458,52444
19-01-2014,3,17351,17414,11881,3247,49893,903,699,849,2451,52344
19-01-2014,4,17337,17487,11955,3270,50049,918,720,868,2506,52555
19-01-2014,5,17433,17687,12081,3343,50544,949,763,923,2635,53179
19-01-2014,6,17683,18151,11984,3495,51313,995,816,989,2800,54113
19-01-2014,7,17946,18570,12259,3811,52586,1037,866,1040,2943,55529
19-01-2014,8,18460,19117,12348,4099,54024,1099,929,1123,3151,57175
19-01-2014,9,18991,19887,12483,4372,55733,1143,975,1199,3317,59050
19-01-2014,10,19591,20497,12661,4520,57269,1145,981,1215,3341,60610
19-01-2014,11,19733,20731,12635,4632,57731,1129,972,1208,3309,61040
19-01-2014,12,19810,20700,12474,4636,57620,1114,970,1195,3279,60899
19-01-2014,13,19658,20845,12324,4589,57416,1105,963,1181,3249,60665
19-01-2014,14,19729,20582,12424,4567,57302,1113,960,1174,3247,60549
19-01-2014,15,19856,21066,12901,4631,58454,1170,1000,1220,3390,61844
19-01-2014,16,20260,21883,13249,4908,60300,1242,1108,1373,3723,64023
19-01-2014,17,20351,22415,13323,5331,61420,1231,1116,1391,3738,65158
19-01-2014,18,20119,22316,13253,5228,60916,1216,1104,1366,3686,64602
19-01-2014,19,19934,21922,13024,4949,59829,1191,1084,1314,3589,63418
19-01-2014,20,19758,21392,12690,4609,58449,1144,1036,1233,3413,61862
19-01-2014,21,19556,20776,12974,4361,57667,1060,949,1109,3118,60785
19-01-2014,22,18936,19667,12935,4052,55590,993,860,992,2845,58435
19-01-2014,23,18263,18736,12544,3778,53321,948,773,913,2634,55955
20-01-2014,0,17717,18197,12312,3567,51793,918,733,868,2519,54312
20-01-2014,1,17458,17806,12142,3449,50855,904,717,859,2480,53335
20-01-2014,2,17298,17835,12078,3385,50596,907,708,855,2470,53066
20-01-2014,3,17318,17922,12219,3428,50887,906,720,866,2492,53379
20-01-2014,4,17471,18223,12615,3539,51848,956,769,928,2653,54501
20-01-2014,5,18053,19248,13599,3792,54692,1078,898,1170,3146,57838
20-01-2014,6,19566,21325,13941,4458,59290,1241,1075,1388,3704,62994
20-01-2014,7,21469,23225,14221,5310,64225,1342,1191,1500,4033,68258
20-01-2014,8,22240,23679,14102,5611,65632,1374,1235,1550,4159,69791
20-01-2014,9,22058,23679,14032,5644,65413,1370,1231,1548,4149,69562
20-01-2014,10,21800,23671,14019,5704,65194,1357,1220,1526,4103,69297
20-01-2014,11,21639,23711,13887,5742,64979,1333,1175,1494,4002,68981
20-01-2014,12,21576,23670,13718,5655,64619,1338,1192,1496,4026,68645
20-01-2014,13,21590,23243,13651,5633,64117,1321,1186,1473,3980,68097
20-01-2014,14,21457,23346,13452,5589,63844,1308,1174,1464,3946,67790
20-01-2014,15,21485,23445,13620,5421,63971,1332,1201,1470,4003,67974
20-01-2014,16,21799,23862,13894,5580,65135,1372,1258,1558,4188,69323
20-01-2014,17,21813,24267,13841,5977,65898,1351,1246,1566,4163,70061
20-01-2014,18,21484,23886,13894,5737,65001,1326,1210,1514,4050,69051
20-01-2014,19,21175,23277,13656,5391,63499,1297,1170,1454,3921,67420
20-01-2014,20,20818,22596,13104,5005,61523,1234,1112,1353,3699,65222
20-01-2014,21,20350,21791,13080,4670,59891,1141,1012,1196,3349,63240
20-01-2014,22,19626,20501,12852,4261,57240,1056,911,1054,3021,60261
20-01-2014,23,18671,19494,12327,3879,54371,997,822,969,2788,57159
21-01-2014,0,17876,18789,12022,3588,52275,966,780,927,2673,54948
21-01-2014,1,17535,18413,11854,3428,51230,954,766,909,2629,53859
21-01-2014,2,17449,18236,11805,3349,50839,946,766,906,2618,53457
21-01-2014,3,17413,18253,11890,3372,50928,956,776,920,2652,53580
21-01-2014,4,17616,18376,12311,3462,51765,990,818,988,2796,54561
21-01-2014,5,18306,19188,13252,3707,54453,1115,941,1204,3260,57713
21-01-2014,6,19945,21416,13641,4443,59445,1272,1116,1403,3791,63236
21-01-2014,7,21848,23515,13760,5255,64378,1365,1222,1514,4101,68479
21-01-2014,8,22363,23382,13431,5506,64682,1387,1261,1553,4201,68883
21-01-2014,9,22054,23534,13385,5523,64496,1383,1256,1551,4190,68686
21-01-2014,10,21986,23609,13333,5631,64559,1379,1236,1544,4159,68718
21-01-2014,11,21769,23346,13279,5592,63986,1348,1191,1514,4053,68039
21-01-2014,12,21644,23282,13160,5492,63578,1356,1203,1513,4072,67650
21-01-2014,13,21550,23297,13042,5521,63410,1355,1199,1499,4053,67463
21-01-2014,14,21702,23442,13027,5450,63621,1343,1188,1494,4025,67646
21-01-2014,15,21680,23373,13287,5343,63683,1368,1208,1493,4069,67752
21-01-2014,16,21869,23657,13572,5476,64574,1415,1266,1583,4264,68838
21-01-2014,17,21858,23880,13558,5889,65185,1396,1259,1589,4244,69429
21-01-2014,18,21630,23537,13618,5646,64431,1368,1223,1541,4132,68563
21-01-2014,19,21295,23190,13497,5286,63268,1340,1185,1487,4012,67280
21-01-2014,20,21057,22391,12965,4926,61339,1287,1121,1386,3794,65133
21-01-2014,21,20522,21130,12921,4616,59189,1188,1019,1228,3435,62624
21-01-2014,22,19711,20268,12618,4216,56813,1099,914,1097,3110,59923
21-01-2014,23,18781,19170,12120,3824,53895,1045,829,1025,2899,56794
22-01-2014,0,18243,18327,11846,3575,51991,1006,780,988,2774,54765
22-01-2014,1,17962,18050,11610,3417,51039,989,766,965,2720,53759
22-01-2014,2,17737,17862,11550,3354,50503,986,766,963,2715,53218
22-01-2014,3,17693,18123,11685,3367,50868,998,778,975,2751,53619
22-01-2014,4,17898,18344,12111,3476,51829,1051,831,1047,2929,54758
22-01-2014,5,18482,19128,13116,3758,54484,1173,959,1260,3392,57876
22-01-2014,6,20101,21358,13559,4439,59457,1321,1131,1471,3923,63380
22-01-2014,7,21829,23406,13702,5236,64173,1412,1235,1574,4221,68394
22-01-2014,8,22481,23403,13545,5510,64939,1432,1274,1614,4320,69259
22-01-2014,9,22473,23468,13454,5547,64942,1428,1279,1621,4328,69270
22-01-2014,10,22441,23582,13368,5690,65081,1411,1254,1597,4262,69343
22-01-2014,11,22120,23200,13304,5679,64303,1393,1207,1555,4155,68458
22-01-2014,12,22060,23222,13104,5593,63979,1401,1220,1542,4163,68142
22-01-2014,13,22020,23247,12991,5603,63861,1384,1213,1532,4129,67990
22-01-2014,14,21970,23192,12991,5506,63659,1384,1204,1523,4111,67770
22-01-2014,15,22092,23540,13297,5387,64316,1391,1226,1514,4131,68447
22-01-2014,16,22358,24069,13650,5477,65554,1425,1283,1604,4312,69866
22-01-2014,17,22316,24501,13789,5905,66511,1403,1286,1606,4295,70806
22-01-2014,18,22048,23939,13833,5701,65521,1384,1247,1564,4195,69716
22-01-2014,19,21801,23471,13676,5365,64313,1344,1205,1510,4059,68372
22-01-2014,20,21370,22823,13128,4997,62318,1301,1140,1414,3855,66173
22-01-2014,21,20854,21868,13071,4652,60445,1202,1032,1271,3505,63950
22-01-2014,22,20071,20774,12809,4330,57984,1124,928,1153,3205,61189
22-01-2014,23,19130,19631,12323,3988,55072,1061,841,1077,2979,58051
23-01-2014,0,18430,18608,12038,3678,52754,1041,800,1033,2874,55628
23-01-2014,1,18036,18661,11869,3584,52150,1023,779,1015,2817,54967
23-01-2014,2,17900,18557,11813,3538,51808,1017,777,1009,2803,54611
23-01-2014,3,17925,18745,11922,3551,52143,1025,788,1008,2821,54964
23-01-2014,4,18056,19189,12342,3634,53221,1063,837,1062,2962,56183
23-01-2014,5,18593,19942,13353,3856,55744,1180,966,1275,3421,59165
23-01-2014,6,20100,22284,13845,4533,60762,1338,1135,1478,3951,64713
23-01-2014,7,21977,24359,14060,5358,65754,1419,1237,1604,4260,70014
23-01-2014,8,22514,24184,13867,5654,66219,1448,1281,1645,4374,70593
23-01-2014,9,22244,24110,13770,5718,65842,1453,1287,1650,4390,70232
23-01-2014,10,22081,24322,13760,5841,66004,1454,1264,1624,4342,70346
23-01-2014,11,21945,24161,13693,5812,65611,1419,1216,1571,4206,69817
23-01-2014,12,21818,24080,13561,5728,65187,1430,1230,1549,4209,69396
23-01-2014,13,21673,23805,13488,5738,64704,1403,1219,1538,4160,68864
23-01-2014,14,21828,23721,13380,5635,64564,1395,1204,1528,4127,68691
23-01-2014,15,21917,23974,13653,5463,65007,1405,1223,1541,4169,69176
23-01-2014,16,22255,24581,13984,5569,66389,1454,1282,1624,4360,70749
23-01-2014,17,22232,24744,13972,6024,66972,1444,1286,1638,4368,71340
23-01-2014,18,21908,24184,14003,5837,65932,1421,1251,1604,4276,70208
23-01-2014,19,21552,23376,13859,5498,64285,1392,1211,1537,4140,68425
23-01-2014,20,21193,22463,13362,5155,62173,1336,1146,1430,3912,66085
23-01-2014,21,20674,21802,13332,4878,60686,1239,1037,1270,3546,64232
23-01-2014,22,19958,20562,13072,4479,58071,1162,934,1141,3237,61308
23-01-2014,23,19145,19582,12619,4095,55441,1108,856,1065,3029,58470
24-01-2014,0,18364,18711,12305,3830,53210,1083,809,1024,2916,56126
24-01-2014,1,17914,18383,12125,3691,52113,1062,795,1007,2864,54977
24-01-2014,2,17736,18358,12151,3655,51900,1051,790,999,2840,54740
24-01-2014,3,17823,18437,12223,3657,52140,1055,801,1011,2867,55007
24-01-2014,4,18003,18760,12651,3730,53144,1093,849,1073,3015,56159
24-01-2014,5,18572,19704,13596,3939,55811,1211,978,1277,3466,59277
24-01-2014,6,20123,21791,14027,4603,60544,1368,1151,1476,3995,64539
24-01-2014,7,22019,23871,14228,5388,65506,1458,1250,1588,4296,69802
24-01-2014,8,22614,23984,13945,5595,66138,1486,1295,1623,4404,70542
24-01-2014,9,22234,23970,13885,5574,65663,1482,1295,1635,4412,70075
24-01-2014,10,22138,23946,13818,5698,65600,1477,1271,1603,4351,69951
24-01-2014,11,21916,23534,13613,5652,64715,1444,1228,1547,4219,68934
24-01-2014,12,21764,23417,13367,5485,64033,1448,1237,1531,4216,68249
24-01-2014,13,21610,23322,13196,5319,63447,1426,1225,1505,4156,67603
24-01-2014,14,21507,22760,13070,5177,62514,1408,1214,1483,4105,66619
24-01-2014,15,21318,22822,13354,5094,62588,1410,1219,1477,4106,66694
24-01-2014,16,21487,23343,13654,5218,63702,1465,1284,1581,4330,68032
24-01-2014,17,21695,23826,13675,5762,64958,1440,1275,1589,4304,69262
24-01-2014,18,21547,23271,13630,5630,64078,1426,1231,1534,4191,68269
24-01-2014,19,21231,22330,13300,5154,62015,1383,1199,1473,4055,66070
24-01-2014,20,20488,21446,12894,4787,59615,1323,1142,1390,3855,63470
24-01-2014,21,19848,20768,12861,4467,57944,1244,1042,1260,3546,61490
24-01-2014,22,19180,19844,12530,4218,55772,1160,944,1147,3251,59023
24-01-2014,23,18735,18900,11983,3978,53596,1093,871,1067,3031,56627
25-01-2014,0,18315,18385,11578,3699,51977,1044,825,1019,2888,54865
25-01-2014,1,17926,18155,11274,3546,50901,1025,805,995,2825,53726
25-01-2014,2,17689,18089,11129,3414,50321,1018,795,985,2798,53119
25-01-2014,3,17536,18041,11099,3426,50102,1017,802,986,2805,52907
25-01-2014,4,17548,18248,11164,3437,50397,1028,829,1010,2867,53264
25-01-2014,5,17640,18385,11499,3533,51057,1066,873,1084,3023,54080
25-01-2014,6,18039,18888,11499,3721,52147,1134,950,1180,3264,55411
25-01-2014,7,18666,19635,11805,4052,54158,1184,1012,1259,3455,57613
25-01-2014,8,19239,20081,11817,4345,55482,1244,1084,1369,3697,59179
25-01-2014,9,19966,20832,11801,4607,57206,1277,1121,1426,3824,61030
25-01-2014,10,20559,21160,11867,4749,58335,1278,1115,1407,3800,62135
25-01-2014,11,20664,21457,11786,4791,58698,1263,1088,1378,3729,62427
25-01-2014,12,20531,21388,11610,4723,58252,1255,1072,1351,3678,61930
25-01-2014,13,20325,21154,11476,4631,57586,1244,1062,1323,3629,61215
25-01-2014,14,20124,21025,11493,4580,57222,1240,1056,1310,3606,60828
25-01-2014,15,20188,21124,11982,4599,57893,1263,1076,1333,3672,61565
25-01-2014,16,20620,21955,12471,4888,59934,1338,1168,1456,3962,63896
25-01-2014,17,21029,22386,12568,5449,61432,1328,1180,1477,3985,65417
25-01-2014,18,20631,21994,12299,5346,60270,1300,1150,1429,3879,64149
25-01-2014,19,20271,21385,11838,4998,58492,1260,1118,1377,3755,62247
25-01-2014,20,19740,20529,11413,4707,56389,1212,1070,1302,3584,59973
25-01-2014,21,19245,19895,11572,4480,55192,1150,1000,1195,3345,58537
25-01-2014,22,18764,19332,11433,4237,53766,1083,922,1098,3103,56869
25-01-2014,23,18242,18740,11040,4006,52028,1031,852,1019,2902,54930
26-01-2014,0,17790,18167,10623,3787,50367,997,810,977,2784,53151
26-01-2014,1,17431,17880,10305,3600,49216,977,789,952,2718,51934
26-01-2014,2,17280,17641,10220,3508,48649,968,783,940,2691,51340
26-01-2014,3,17198,17714,10179,3455,48546,969,786,931,2686,51232
26-01-2014,4,17204,17835,10251,3476,48766,986,809,955,2750,51516
26-01-2014,5,17229,17983,10449,3595,49256,1016,846,1013,2875,52131
26-01-2014,6,17429,18302,10324,3783,49838,1062,907,1080,3049,52887
26-01-2014,7,17771,18878,10578,3997,51224,1098,955,1133,3186,54410
26-01-2014,8,18268,19121,10610,4258,52257,1159,1032,1237,3428,55685
26-01-2014,9,18893,19965,10847,4539,54244,1201,1072,1305,3578,57822
26-01-2014,10,19397,20193,10992,4697,55279,1204,1071,1310,3585,58864
26-01-2014,11,19635,20904,10990,4743,56272,1198,1049,1297,3544,59816
26-01-2014,12,19634,21084,10943,4782,56443,1193,1032,1285,3510,59953
26-01-2014,13,19634,20948,10857,4737,56176,1189,1032,1270,3491,59667
26-01-2014,14,19693,20919,10915,4776,56303,1190,1032,1253,3475,59778
26-01-2014,15,19902,21085,11300,4843,57130,1228,1064,1275,3567,60697
26-01-2014,16,20195,21772,11778,5088,58833,1297,1160,1420,3877,62710
26-01-2014,17,20451,22260,11878,5398,59987,1293,1167,1457,3917,63904
26-01-2014,18,20324,22042,11879,5281,59526,1277,1150,1437,3864,63390
26-01-2014,19,20187,21763,11679,5069,58698,1240,1127,1381,3748,62446
26-01-2014,20,20146,21169,11317,4842,57474,1190,1074,1293,3557,61031
26-01-2014,21,19875,20309,11511,4600,56295,1114,988,1167,3269,59564
26-01-2014,22,19397,19416,11457,4314,54584,1039,898,1049,2986,57570
26-01-2014,23,18697,18576,11084,4020,52377,983,825,966,2774,55151
27-01-2014,0,18095,18340,10790,3806,51031,947,786,926,2659,53690
27-01-2014,1,17771,18022,10606,3685,50084,935,768,906,2609,52693
27-01-2014,2,17775,17869,10531,3591,49766,938,766,900,2604,52370
27-01-2014,3,17631,17936,10662,3599,49828,949,780,910,2639,52467
27-01-2014,4,17779,18218,11132,3718,50847,986,829,977,2792,53639
27-01-2014,5,18282,19149,12181,3981,53593,1118,956,1200,3274,56867
27-01-2014,6,19759,21200,12692,4678,58329,1303,1141,1421,3865,62194
27-01-2014,7,21658,23373,12937,5472,63440,1387,1239,1545,4171,67611
27-01-2014,8,22212,23656,12786,5742,64396,1427,1290,1597,4314,68710
27-01-2014,9,22024,23927,12763,5708,64422,1417,1296,1598,4311,68733
27-01-2014,10,22078,24328,12805,5760,64971,1407,1269,1566,4242,69213
27-01-2014,11,21685,23818,12763,5715,63981,1377,1227,1539,4143,68124
27-01-2014,12,21461,23729,12624,5609,63423,1390,1237,1546,4173,67596
27-01-2014,13,21437,23560,12600,5569,63166,1381,1228,1535,4144,67310
27-01-2014,14,21396,23437,12533,5496,62862,1384,1224,1519,4127,66989
27-01-2014,15,21305,23534,12711,5316,62866,1399,1241,1509,4149,67015
27-01-2014,16,21531,24052,12966,5372,63921,1442,1294,1570,4306,68227
27-01-2014,17,21767,24290,12929,5900,64886,1434,1294,1578,4306,69192
27-01-2014,18,21440,23720,12962,5744,63866,1400,1246,1526,4172,68038
27-01-2014,19,21057,23215,12751,5410,62433,1349,1204,1464,4017,66450
27-01-2014,20,20653,22525,12146,5019,60343,1293,1136,1360,3789,64132
27-01-2014,21,20148,21563,12252,4731,58694,1204,1031,1198,3433,62127
27-01-2014,22,19282,20453,12015,4335,56085,1112,923,1068,3103,59188
27-01-2014,23,18490,19345,11610,3954,53399,1040,842,989,2871,56270
28-01-2014,0,17667,18401,11295,3701,51064,998,804,949,2751,53815
28-01-2014,1,17350,18006,11051,3575,49982,989,782,928,2699,52681
28-01-2014,2,17291,17938,11019,3502,49750,996,778,922,2696,52446
28-01-2014,3,17153,18075,11164,3549,49941,1009,788,934,2731,52672
28-01-2014,4,17221,18294,11617,3612,50744,1054,839,999,2892,53636
28-01-2014,5,17738,19128,12624,3843,53333,1180,963,1213,3356,56689
28-01-2014,6,19263,21083,12974,4534,57854,1333,1139,1432,3904,61758
28-01-2014,7,20986,23024,13122,5313,62445,1422,1237,1544,4203,66648
28-01-2014,8,21477,23179,12967,5572,63195,1456,1289,1575,4320,67515
28-01-2014,9,21078,22977,12878,5595,62528,1437,1285,1558,4280,66808
28-01-2014,10,21066,23139,12928,5693,62826,1422,1261,1552,4235,67061
28-01-2014,11,20956,23010,12847,5706,62519,1387,1220,1520,4127,66646
28-01-2014,12,20783,22870,12714,5538,61905,1400,1230,1525,4155,66060
28-01-2014,13,20688,22642,12698,5546,61574,1393,1217,1518,4128,65702
28-01-2014,14,20744,22557,12704,5471,61476,1391,1209,1504,4104,65580
28-01-2014,15,20899,22945,12883,5363,62090,1396,1224,1498,4118,66208
28-01-2014,16,21108,23463,13293,5483,63347,1441,1280,1576,4297,67644
28-01-2014,17,21282,23800,13231,6023,64336,1434,1300,1589,4323,68659
28-01-2014,18,20852,23211,13302,5868,63233,1399,1256,1539,4194,67427
28-01-2014,19,20385,22721,13200,5489,61795,1361,1219,1481,4061,65856
28-01-2014,20,20015,21948,12624,5103,59690,1308,1149,1374,3831,63521
28-01-2014,21,19620,21177,12654,4758,58209,1205,1040,1217,3462,61671
28-01-2014,22,18768,20244,12339,4368,55719,1116,935,1088,3139,58858
28-01-2014,23,17907,18881,11883,4038,52709,1062,849,1006,2917,55626
29-01-2014,0,17225,18450,11594,3734,51003,1042,809,962,2813,53816
29-01-2014,1,16834,17851,11331,3665,49681,1029,791,942,2762,52443
29-01-2014,2,16684,17790,11230,3603,49307,1022,787,936,2745,52052
29-01-2014,3,16699,18037,11356,3626,49718,1037,802,946,2785,52503
29-01-2014,4,16929,18275,11871,3713,50788,1075,850,1005,2930,53718
29-01-2014,5,17454,19197,12891,3997,53539,1202,975,1225,3402,56941
29-01-2014,6,19057,20944,13214,4639,57854,1354,1153,1437,3944,61798
29-01-2014,7,20823,23150,13208,5422,62603,1428,1248,1550,4226,66829
29-01-2014,8,21351,23342,13113,5646,63452,1460,1298,1581,4339,67791
29-01-2014,9,21120,23467,13081,5742,63410,1453,1297,1568,4318,67728
29-01-2014,10,21051,23550,13041,5863,63505,1450,1283,1556,4289,67794
29-01-2014,11,20768,23431,12942,5854,62995,1421,1236,1531,4188,67183
29-01-2014,12,20818,23437,12797,5700,62752,1427,1246,1534,4207,66959
29-01-2014,13,20801,23427,12698,5721,62647,1412,1241,1526,4179,66826
29-01-2014,14,20866,23542,12664,5674,62746,1409,1228,1522,4159,66905
29-01-2014,15,20845,23713,12793,5475,62826,1411,1231,1535,4177,67003
29-01-2014,16,21000,24211,13299,5550,64060,1469,1293,1611,4373,68433
29-01-2014,17,21257,24701,13389,6099,65446,1467,1300,1626,4393,69839
29-01-2014,18,20991,24000,13422,5913,64326,1447,1258,1578,4283,68609
29-01-2014,19,20724,23390,13283,5576,62973,1401,1222,1512,4135,67108
29-01-2014,20,20426,22893,12670,5202,61191,1347,1154,1396,3897,65088
29-01-2014,21,20161,21987,12658,4849,59655,1248,1051,1233,3532,63187
29-01-2014,22,19393,20895,12454,4457,57199,1158,941,1108,3207,60406
29-01-2014,23,18529,19758,11930,4028,54245,1097,857,1024,2978,57223
30-01-2014,0,17987,18896,11616,3770,52269,1072,818,981,2871,55140
30-01-2014,1,17669,18857,11455,3663,51644,1055,805,965,2825,54469
30-01-2014,2,17471,18679,11462,3627,51239,1055,799,962,2816,54055
30-01-2014,3,17446,18716,11638,3649,51449,1059,813,973,2845,54294
30-01-2014,4,17579,18938,12077,3740,52334,1095,864,1040,2999,55333
30-01-2014,5,18264,19621,12980,4017,54882,1239,990,1248,3477,58359
30-01-2014,6,19731,21652,13363,4640,59386,1371,1167,1461,3999,63385
30-01-2014,7,21587,23719,13411,5421,64138,1453,1260,1584,4297,68435
30-01-2014,8,22277,24024,13293,5636,65230,1482,1302,1625,4409,69639
30-01-2014,9,21935,24015,13198,5668,64816,1482,1305,1613,4400,69216
30-01-2014,10,21948,24182,13093,5827,65050,1477,1286,1603,4366,69416
30-01-2014,11,21809,24233,13121,5816,64979,1448,1247,1567,4262,69241
30-01-2014,12,21731,24142,13040,5677,64590,1458,1258,1569,4285,68875
30-01-2014,13,21630,24106,12944,5645,64325,1445,1257,1561,4263,68588
30-01-2014,14,21650,23968,12894,5555,64067,1432,1244,1557,4233,68300
30-01-2014,15,21559,24066,13067,5402,64094,1430,1249,1546,4225,68319
30-01-2014,16,21664,24227,13554,5511,64956,1490,1306,1609,4405,69361
30-01-2014,17,21808,24811,13536,6031,66186,1489,1312,1630,4431,70617
30-01-2014,18,21610,24289,13586,5900,65385,1465,1270,1583,4318,69703
30-01-2014,19,21295,23859,13477,5501,64132,1428,1230,1522,4180,68312
30-01-2014,20,20938,22912,13008,5129,61987,1366,1153,1423,3942,65929
30-01-2014,21,20399,22066,13024,4808,60297,1270,1055,1254,3579,63876
30-01-2014,22,19588,20825,12800,4381,57594,1189,947,1118,3254,60848
30-01-2014,23,18619,20026,12329,4000,54974,1117,868,1034,3019,57993
31-01-2014,0,17825,19167,12060,3732,52784,1077,820,993,2890,55674
31-01-2014,1,17441,19025,11849,3585,51900,1064,805,990,2859,54759
31-01-2014,2,17376,18901,11787,3547,51611,1059,800,997,2856,54467
31-01-2014,3,17465,18881,11983,3549,51878,1071,812,1007,2890,54768
31-01-2014,4,17556,19175,12429,3617,52777,1103,857,1063,3023,55800
31-01-2014,5,18026,19740,13462,3880,55108,1223,985,1264,3472,58580
31-01-2014,6,19562,21920,13943,4565,59990,1365,1150,1459,3974,63964
31-01-2014,7,21508,24089,13991,5427,65015,1449,1249,1583,4281,69296
31-01-2014,8,21950,24317,13865,5621,65753,1487,1309,1654,4450,70203
31-01-2014,9,21778,24279,13828,5632,65517,1484,1315,1650,4449,69966
31-01-2014,10,21667,24461,13792,5697,65617,1486,1305,1651,4442,70059
31-01-2014,11,21363,24701,13657,5657,65378,1459,1267,1602,4328,69706
31-01-2014,12,21141,24491,13450,5463,64545,1478,1283,1596,4357,68902
31-01-2014,13,21053,23775,13395,5318,63541,1458,1273,1581,4312,67853
31-01-2014,14,20871,23524,13320,5129,62844,1451,1257,1570,4278,67122
31-01-2014,15,20752,23514,13384,4996,62646,1429,1256,1523,4208,66854
31-01-2014,16,20907,23845,13680,5111,63543,1463,1289,1588,4340,67883
31-01-2014,17,21065,24229,13660,5594,64548,1435,1276,1596,4307,68855
31-01-2014,18,20984,23572,13533,5508,63597,1395,1229,1547,4171,67768
31-01-2014,19,20541,22673,13297,5151,61662,1349,1189,1491,4029,65691
31-01-2014,20,19986,21572,12771,4777,59106,1279,1115,1396,3790,62896
31-01-2014,21,19398,20686,12785,4423,57292,1191,1024,1262,3477,60769
31-01-2014,22,18875,19864,12518,4111,55368,1118,935,1150,3203,58571
31-01-2014,23,18106,18914,12004,3852,52876,1061,860,1067,2988,55864
01-02-2014,0,17736,18121,11581,3601,51039,1028,810,1010,2848,53887
01-02-2014,1,17327,17828,11315,3432,49902,1005,788,980,2773,52675
01-02-2014,2,17116,17611,11216,3364,49307,993,770,965,2728,52035
01-02-2014,3,17082,17542,11193,3380,49197,992,775,963,2730,51927
01-02-2014,4,17083,17535,11261,3401,49280,1005,798,980,2783,52063
01-02-2014,5,17245,17691,11544,3496,49976,1044,847,1045,2936,52912
01-02-2014,6,17562,18107,11578,3695,50942,1100,922,1117,3139,54081
01-02-2014,7,18143,18728,11736,4019,52626,1142,970,1197,3309,55935
01-02-2014,8,18897,19402,11830,4349,54478,1202,1038,1302,3542,58020
01-02-2014,9,19529,20128,12009,4561,56227,1240,1083,1362,3685,59912
01-02-2014,10,19996,20475,12071,4704,57246,1252,1097,1378,3727,60973
01-02-2014,11,19969,20443,12059,4715,57186,1249,1084,1371,3704,60890
01-02-2014,12,19877,20297,12002,4654,56830,1253,1076,1357,3686,60516
01-02-2014,13,19700,20074,11893,4574,56241,1243,1066,1322,3631,59872
01-02-2014,14,19512,19999,11933,4533,55977,1227,1050,1298,3575,59552
01-02-2014,15,19580,20069,12300,4514,56463,1238,1064,1307,3609,60072
01-02-2014,16,19944,20795,12839,4719,58297,1297,1137,1411,3845,62142
01-02-2014,17,20260,21323,12925,5233,59741,1286,1160,1452,3898,63639
01-02-2014,18,20160,20917,12708,5114,58899,1261,1125,1406,3792,62691
01-02-2014,19,19745,20340,12193,4697,56975,1209,1094,1364,3667,60642
01-02-2014,20,19080,19640,11843,4355,54918,1159,1041,1285,3485,58403
01-02-2014,21,18615,18966,11948,4074,53603,1098,966,1180,3244,56847
01-02-2014,22,18015,18199,11767,3812,51793,1041,889,1081,3011,54804
01-02-2014,23,17489,17512,11359,3580,49940,979,814,999,2792,52732
02-02-2014,0,16846,17039,10985,3399,48269,941,771,944,2656,50925
02-02-2014,1,16341,16502,10676,3241,46760,917,749,917,2583,49343
02-02-2014,2,16120,16220,10518,3154,46012,908,736,908,2552,48564
02-02-2014,3,16077,15998,10458,3122,45655,878,741,907,2526,48181
02-02-2014,4,16117,16096,10514,3113,45840,885,759,927,2571,48411
02-02-2014,5,16114,16277,10628,3174,46193,930,796,978,2704,48897
02-02-2014,6,16181,16687,10574,3355,46797,979,845,1029,2853,49650
02-02-2014,7,16392,17065,10629,3623,47709,1015,888,1086,2989,50698
02-02-2014,8,16849,17300,10760,3893,48802,1074,957,1184,3215,52017
02-02-2014,9,17612,18001,10847,4041,50501,1103,998,1253,3354,53855
02-02-2014,10,17907,18560,11037,4045,51549,1104,1009,1280,3393,54942
02-02-2014,11,18026,18821,11033,4004,51884,1100,1009,1290,3399,55283
02-02-2014,12,17952,18754,10955,3956,51617,1097,1008,1304,3409,55026
02-02-2014,13,18097,18776,10929,3964,51766,1093,1004,1295,3392,55158
02-02-2014,14,17897,18622,11039,3942,51500,1104,1001,1283,3388,54888
02-02-2014,15,17936,18749,11289,3980,51954,1140,1026,1302,3468,55422
02-02-2014,16,18297,19308,11759,4198,53562,1212,1112,1411,3735,57297
02-02-2014,17,18547,20257,11776,4936,55516,1221,1141,1465,3827,59343
02-02-2014,18,18472,20080,11737,4983,55272,1203,1117,1445,3765,59037
02-02-2014,19,18242,19816,11574,4667,54299,1170,1097,1397,3664,57963
02-02-2014,20,18041,19161,11204,4293,52699,1123,1042,1310,3475,56174
02-02-2014,21,17725,18398,11374,4045,51542,1054,959,1186,3199,54741
02-02-2014,22,16987,17406,11229,3732,49354,980,864,1064,2908,52262
02-02-2014,23,16295,16798,10872,3430,47395,919,791,988,2698,50093
03-02-2014,0,15835,16217,10550,3258,45860,876,743,943,2562,48422
03-02-2014,1,15468,15906,10295,3134,44803,857,726,925,2508,47311
03-02-2014,2,15316,15845,10210,3111,44482,854,724,919,2497,46979
03-02-2014,3,15275,15751,10301,3147,44474,869,730,923,2522,46996
03-02-2014,4,15427,15872,10745,3260,45304,916,779,1000,2695,47999
03-02-2014,5,15927,16714,11564,3563,47768,1035,900,1226,3161,50929
03-02-2014,6,17509,18725,12095,4298,52627,1201,1074,1424,3699,56326
03-02-2014,7,19357,20552,12269,5088,57266,1280,1166,1541,3987,61253
03-02-2014,8,19677,21032,12078,5249,58036,1320,1227,1585,4132,62168
03-02-2014,9,19476,20961,11923,5231,57591,1315,1235,1586,4136,61727
03-02-2014,10,19292,20949,11977,5267,57485,1307,1226,1579,4112,61597
03-02-2014,11,19013,20998,11939,5217,57167,1285,1188,1555,4028,61195
03-02-2014,12,18816,20869,11875,5137,56697,1308,1208,1554,4070,60767
03-02-2014,13,18660,20773,11743,5142,56318,1299,1207,1541,4047,60365
03-02-2014,14,18669,20523,11673,5034,55899,1298,1190,1515,4003,59902
03-02-2014,15,18815,20816,11759,4878,56268,1292,1189,1489,3970,60238
03-02-2014,16,19087,21210,12096,4947,57340,1333,1223,1535,4091,61431
03-02-2014,17,19320,21687,12012,5568,58587,1333,1230,1573,4136,62723
03-02-2014,18,19042,21349,11977,5503,57871,1290,1187,1523,4000,61871
03-02-2014,19,18656,20711,11744,5181,56292,1241,1145,1477,3863,60155
03-02-2014,20,18441,19979,11272,4767,54459,1181,1081,1377,3639,58098
03-02-2014,21,18011,19229,11293,4445,52978,1105,983,1216,3304,56282
03-02-2014,22,17318,17888,11044,4076,50326,1021,872,1082,2975,53301
03-02-2014,23,16527,16774,10598,3681,47580,955,790,994,2739,50319
04-02-2014,0,15922,16170,10243,3442,45777,921,748,949,2618,48395
04-02-2014,1,15562,16039,9961,3297,44859,905,730,927,2562,47421
04-02-2014,2,15353,15874,9863,3270,44360,897,722,919,2538,46898
04-02-2014,3,15335,16132,9978,3288,44733,909,733,927,2569,47302
04-02-2014,4,15471,16457,10377,3346,45651,942,779,989,2710,48361
04-02-2014,5,15904,17207,11233,3640,47984,1065,908,1200,3173,51157
04-02-2014,6,17387,19131,11750,4348,52616,1219,1064,1403,3686,56302
04-02-2014,7,19220,21048,11805,5152,57225,1296,1149,1505,3950,61175
04-02-2014,8,19621,21316,11619,5335,57891,1319,1196,1534,4049,61940
04-02-2014,9,19401,21328,11610,5339,57678,1317,1199,1506,4022,61700
04-02-2014,10,19418,21491,11605,5408,57922,1313,1180,1471,3964,61886
04-02-2014,11,19267,21214,11590,5362,57433,1291,1137,1437,3865,61298
04-02-2014,12,19227,21119,11515,5265,57126,1307,1147,1435,3889,61015
04-02-2014,13,19069,21017,11535,5245,56866,1295,1134,1421,3850,60716
04-02-2014,14,19229,20933,11484,5151,56797,1289,1117,1410,3816,60613
04-02-2014,15,19290,20919,11555,5027,56791,1277,1111,1401,3789,60580
04-02-2014,16,19410,21443,11962,5085,57900,1317,1163,1460,3940,61840
04-02-2014,17,19551,22126,11997,5671,59345,1309,1197,1529,4035,63380
04-02-2014,18,19407,21935,11975,5508,58825,1274,1159,1484,3917,62742
04-02-2014,19,19019,21280,11802,5162,57263,1224,1126,1430,3780,61043
04-02-2014,20,18694,20467,11234,4779,55174,1168,1064,1331,3563,58737
04-02-2014,21,18263,19453,11283,4455,53454,1078,961,1179,3218,56672
04-02-2014,22,17425,18187,11015,4086,50713,1002,861,1047,2910,53623
04-02-2014,23,16623,17383,10464,3688,48158,938,785,969,2692,50850
05-02-2014,0,15862,16520,10128,3392,45902,906,743,928,2577,48479
05-02-2014,1,15513,16143,9920,3248,44824,890,728,910,2528,47352
05-02-2014,2,15269,16142,9854,3208,44473,888,719,906,2513,46986
05-02-2014,3,15181,16082,9946,3281,44490,897,733,915,2545,47035
05-02-2014,4,15412,16346,10345,3387,45490,938,784,983,2705,48195
05-02-2014,5,15927,17269,11296,3610,48102,1067,916,1193,3176,51278
05-02-2014,6,17712,19331,11897,4336,53276,1226,1069,1392,3687,56963
05-02-2014,7,19361,21213,11880,5129,57583,1303,1153,1486,3942,61525
05-02-2014,8,19550,21446,11756,5288,58040,1329,1202,1519,4050,62090
05-02-2014,9,19366,21205,11691,5256,57518,1314,1195,1494,4003,61521
05-02-2014,10,19420,21289,11643,5294,57646,1304,1164,1458,3926,61572
05-02-2014,11,19101,21112,11729,5279,57221,1283,1122,1423,3828,61049
05-02-2014,12,18944,21035,11620,5142,56741,1293,1133,1421,3847,60588
05-02-2014,13,19015,20853,11593,5094,56555,1279,1128,1405,3812,60367
05-02-2014,14,19023,20892,11508,5008,56431,1273,1112,1384,3769,60200
05-02-2014,15,18942,20964,11544,4885,56335,1264,1112,1371,3747,60082
05-02-2014,16,19228,21424,12074,4947,57673,1323,1165,1430,3918,61591
05-02-2014,17,19480,21850,12344,5548,59222,1333,1206,1496,4035,63257
05-02-2014,18,19338,21725,12343,5466,58872,1308,1171,1461,3940,62812
05-02-2014,19,19003,21277,12102,5088,57470,1268,1134,1408,3810,61280
05-02-2014,20,18803,20714,11620,4747,55884,1210,1066,1312,3588,59472
05-02-2014,21,18332,19757,11594,4442,54125,1123,965,1153,3241,57366
05-02-2014,22,17481,18640,11337,4046,51504,1033,860,1025,2918,54422
05-02-2014,23,16497,17622,10799,3693,48611,971,779,948,2698,51309
06-02-2014,0,15975,16618,10518,3498,46609,943,740,908,2591,49200
06-02-2014,1,15646,16397,10244,3397,45684,927,718,890,2535,48219
06-02-2014,2,15513,16289,10209,3349,45360,921,710,885,2516,47876
06-02-2014,3,15496,16426,10307,3358,45587,930,722,893,2545,48132
06-02-2014,4,15632,16652,10729,3450,46463,970,770,958,2698,49161
06-02-2014,5,16079,17474,11571,3694,48818,1094,897,1171,3162,51980
06-02-2014,6,17644,19527,12103,4342,53616,1253,1054,1365,3672,57288
06-02-2014,7,19415,21440,12127,5188,58170,1322,1137,1466,3925,62095
06-02-2014,8,19857,21395,11977,5340,58569,1356,1192,1493,4041,62610
06-02-2014,9,19561,21434,11905,5335,58235,1339,1182,1477,3998,62233
06-02-2014,10,19625,21546,11924,5394,58489,1316,1158,1457,3931,62420
06-02-2014,11,19409,21389,11971,5361,58130,1289,1116,1417,3822,61952
06-02-2014,12,19234,21163,11797,5339,57533,1291,1127,1427,3845,61378
06-02-2014,13,19267,20874,11811,5319,57271,1278,1121,1414,3813,61084
06-02-2014,14,19371,20734,11800,5189,57094,1269,1108,1404,3781,60875
06-02-2014,15,19457,21046,11834,5014,57351,1266,1106,1374,3746,61097
06-02-2014,16,19547,21194,12311,5062,58114,1320,1157,1438,3915,62029
06-02-2014,17,19726,21656,12363,5566,59311,1325,1192,1513,4030,63341
06-02-2014,18,19486,21457,12391,5407,58741,1297,1155,1470,3922,62663
06-02-2014,19,19102,20890,12219,5026,57237,1256,1112,1413,3781,61018
06-02-2014,20,18753,20116,11747,4659,55275,1198,1046,1316,3560,58835
06-02-2014,21,18225,19145,11783,4341,53494,1113,947,1160,3220,56714
06-02-2014,22,17572,17962,11583,3991,51108,1026,846,1038,2910,54018
06-02-2014,23,16814,16921,11128,3704,48567,954,769,959,2682,51249
07-02-2014,0,15958,16327,10777,3467,46529,918,731,919,2568,49097
07-02-2014,1,15637,16025,10513,3372,45547,897,713,897,2507,48054
07-02-2014,2,15397,16050,10445,3340,45232,893,707,891,2491,47723
07-02-2014,3,15375,16095,10577,3379,45426,900,718,900,2518,47944
07-02-2014,4,15388,16269,10965,3518,46140,926,760,961,2647,48787
07-02-2014,5,15882,17129,11864,3745,48620,1053,882,1165,3100,51720
07-02-2014,6,17418,18874,12349,4395,53036,1193,1034,1352,3579,56615
07-02-2014,7,19017,20837,12387,5198,57439,1263,1115,1448,3826,61265
07-02-2014,8,19511,20845,12299,5419,58074,1298,1162,1492,3952,62026
07-02-2014,9,19408,20948,12242,5456,58054,1294,1159,1484,3937,61991
07-02-2014,10,19461,21033,12212,5512,58218,1286,1138,1453,3877,62095
07-02-2014,11,19170,20947,12197,5470,57784,1264,1098,1408,3770,61554
07-02-2014,12,19016,20700,12089,5213,57018,1272,1116,1395,3783,60801
07-02-2014,13,18870,20565,11885,5096,56416,1254,1107,1366,3727,60143
07-02-2014,14,18883,20240,11836,4917,55876,1238,1089,1340,3667,59543
07-02-2014,15,18902,20488,11867,4780,56037,1225,1084,1316,3625,59662
07-02-2014,16,19040,20648,12271,4937,56896,1262,1128,1386,3776,60672
07-02-2014,17,19151,21211,12210,5368,57940,1249,1145,1428,3822,61762
07-02-2014,18,18766,20765,12122,5268,56921,1209,1102,1376,3687,60608
07-02-2014,19,18543,19840,11869,4813,55065,1155,1063,1317,3535,58600
07-02-2014,20,18064,18892,11441,4488,52885,1091,1004,1242,3337,56222
07-02-2014,21,17584,18272,11434,4259,51549,1012,914,1111,3037,54586
07-02-2014,22,16985,17379,11192,3999,49555,937,828,990,2755,52310
07-02-2014,23,16474,16484,10649,3696,47303,879,756,910,2545,49848
08-02-2014,0,15826,15965,10238,3452,45481,842,711,864,2417,47898
08-02-2014,1,15512,15657,9993,3281,44443,820,688,837,2345,46788
08-02-2014,2,15300,15354,9857,3200,43711,821,679,822,2322,46033
08-02-2014,3,15113,15271,9815,3177,43376,823,678,821,2322,45698
08-02-2014,4,15162,15438,9952,3177,43729,840,699,845,2384,46113
08-02-2014,5,15197,15791,10246,3311,44545,878,744,923,2545,47090
08-02-2014,6,15584,16201,10375,3484,45644,933,803,1008,2744,48388
08-02-2014,7,16146,16729,10528,3739,47142,979,859,1092,2930,50072
08-02-2014,8,16778,17072,10620,3998,48468,1043,935,1185,3163,51631
08-02-2014,9,17311,17975,10758,4260,50304,1072,971,1233,3276,53580
08-02-2014,10,17705,18191,10832,4403,51131,1082,973,1249,3304,54435
08-02-2014,11,17669,18376,10761,4386,51192,1079,961,1242,3282,54474
08-02-2014,12,17622,18448,10727,4347,51144,1074,954,1226,3254,54398
08-02-2014,13,17290,17992,10699,4355,50336,1067,945,1194,3206,53542
08-02-2014,14,17146,18058,10733,4300,50237,1059,931,1175,3165,53402
08-02-2014,15,17251,18220,10924,4321,50716,1059,938,1180,3177,53893
08-02-2014,16,17474,18674,11571,4450,52169,1122,999,1261,3382,55551
08-02-2014,17,18118,19361,11739,4933,54151,1137,1039,1324,3500,57651
08-02-2014,18,18175,19198,11475,4892,53740,1106,1017,1285,3408,57148
08-02-2014,19,17805,18567,11056,4522,51950,1070,987,1229,3286,55236
08-02-2014,20,17186,17916,10702,4244,50048,1025,937,1155,3117,53165
08-02-2014,21,16894,17364,10850,4026,49134,964,859,1052,2875,52009
08-02-2014,22,16456,16835,10652,3748,47691,906,787,957,2650,50341
08-02-2014,23,15726,16305,10251,3477,45759,855,719,877,2451,48210
09-02-2014,0,15396,15826,9837,3266,44325,817,679,828,2324,46649
09-02-2014,1,15316,15580,9593,3112,43601,797,659,802,2258,45859
09-02-2014,2,15016,15288,9453,3019,42776,790,647,785,2222,44998
09-02-2014,3,14827,15214,9400,3008,42449,792,650,780,2222,44671
09-02-2014,4,14865,15099,9485,3003,42452,801,661,799,2261,44713
09-02-2014,5,14945,15116,9713,3057,42831,830,702,854,2386,45217
09-02-2014,6,15087,15665,9742,3281,43775,865,745,908,2518,46293
09-02-2014,7,15464,16067,9738,3590,44859,900,787,965,2652,47511
09-02-2014,8,15861,16568,9892,3828,46149,966,860,1061,2887,49036
09-02-2014,9,16412,17217,10097,4117,47843,1004,900,1126,3030,50873
09-02-2014,10,16900,17853,10198,4280,49231,1005,912,1162,3079,52310
09-02-2014,11,17020,18189,10236,4316,49761,998,920,1180,3098,52859
09-02-2014,12,16840,18232,10215,4267,49554,990,922,1178,3090,52644
09-02-2014,13,16949,18176,10121,4198,49444,994,926,1165,3085,52529
09-02-2014,14,16963,18098,10184,4132,49377,993,926,1155,3074,52451
09-02-2014,15,17038,18215,10342,4126,49721,1014,946,1165,3125,52846
09-02-2014,16,17120,18863,10853,4294,51130,1092,1006,1256,3354,54484
09-02-2014,17,17487,19558,11038,4928,53011,1123,1041,1330,3494,56505
09-02-2014,18,17446,19669,10997,4985,53097,1106,1027,1309,3442,56539
09-02-2014,19,17335,18921,10746,4708,51710,1073,1005,1264,3342,55052
09-02-2014,20,17323,18291,10375,4380,50369,1022,956,1189,3167,53536
09-02-2014,21,17074,17458,10544,4161,49237,954,876,1073,2903,52140
09-02-2014,22,16483,16559,10384,3883,47309,881,788,951,2620,49929
09-02-2014,23,15724,15689,10015,3586,45014,826,718,876,2420,47434
10-02-2014,0,15163,15682,9644,3359,43848,794,680,846,2320,46168
10-02-2014,1,14858,15582,9490,3253,43183,780,664,827,2271,45454
10-02-2014,2,14677,15471,9403,3207,42758,777,656,821,2254,45012
10-02-2014,3,14849,15606,9527,3159,43141,790,669,832,2291,45432
10-02-2014,4,14883,15738,9915,3217,43753,822,713,903,2438,46191
10-02-2014,5,15294,16518,10887,3433,46132,950,840,1126,2916,49048
10-02-2014,6,16628,18884,11543,4033,51088,1098,995,1324,3417,54505
10-02-2014,7,18454,20397,11612,4763,55226,1187,1092,1436,3715,58941
10-02-2014,8,18895,20810,11486,5008,56199,1222,1152,1485,3859,60058
10-02-2014,9,18647,20766,11486,4974,55873,1221,1163,1490,3874,59747
10-02-2014,10,18731,20861,11475,5068,56135,1220,1150,1487,3857,59992
10-02-2014,11,18604,20623,11522,5277,56026,1206,1115,1466,3787,59813
10-02-2014,12,18447,20500,11469,5193,55609,1222,1136,1480,3838,59447
10-02-2014,13,18194,20491,11393,4935,55013,1201,1136,1473,3810,58823
10-02-2014,14,18256,20334,11245,4885,54720,1203,1126,1450,3779,58499
10-02-2014,15,18371,20427,11254,4709,54761,1187,1119,1427,3733,58494
10-02-2014,16,18482,20628,11637,4696,55443,1221,1141,1452,3814,59257
10-02-2014,17,18674,21370,11577,5243,56864,1220,1167,1509,3896,60760
10-02-2014,18,18520,21053,11572,5228,56373,1190,1134,1468,3792,60165
10-02-2014,19,18252,20440,11366,4940,54998,1154,1096,1404,3654,58652
10-02-2014,20,18025,19773,10866,4569,53233,1099,1029,1301,3429,56662
10-02-2014,21,17581,18932,10877,4351,51741,1011,935,1144,3090,54831
10-02-2014,22,16827,17877,10629,4013,49346,929,830,1013,2772,52118
10-02-2014,23,15951,16828,10159,3657,46595,874,751,927,2552,49147
11-02-2014,0,15304,15901,9809,3414,44428,842,710,885,2437,46865
11-02-2014,1,14983,15664,9598,3267,43512,819,693,863,2375,45887
11-02-2014,2,14744,15558,9499,3218,43019,808,683,858,2349,45368
11-02-2014,3,14865,15619,9574,3211,43269,815,696,866,2377,45646
11-02-2014,4,14986,15824,9919,3282,44011,846,741,928,2515,46526
11-02-2014,5,15526,16703,10853,3547,46629,969,868,1138,2975,49604
11-02-2014,6,17003,18781,11326,4200,51310,1113,1023,1325,3461,54771
11-02-2014,7,18753,20537,11299,4941,55530,1196,1114,1427,3737,59267
11-02-2014,8,19087,20515,11216,5193,56011,1231,1165,1466,3862,59873
11-02-2014,9,18952,20532,11242,5231,55957,1231,1174,1464,3869,59826
11-02-2014,10,18891,20781,11227,5332,56231,1228,1150,1457,3835,60066
11-02-2014,11,18542,20823,11177,5361,55903,1214,1115,1428,3757,59660
11-02-2014,12,18353,20551,11159,5248,55311,1230,1141,1442,3813,59124
11-02-2014,13,18241,20406,11145,5305,55097,1220,1135,1438,3793,58890
11-02-2014,14,18026,20355,11090,5107,54578,1211,1122,1427,3760,58338
11-02-2014,15,18224,20574,11094,4962,54854,1199,1122,1391,3712,58566
11-02-2014,16,18389,20813,11493,5015,55710,1230,1143,1425,3798,59508
11-02-2014,17,18928,21642,11572,5508,57650,1235,1171,1468,3874,61524
11-02-2014,18,18853,21334,11592,5445,57224,1201,1136,1425,3762,60986
11-02-2014,19,18377,20687,11389,5110,55563,1152,1102,1367,3621,59184
11-02-2014,20,18145,20079,10898,4720,53842,1100,1038,1265,3403,57245
11-02-2014,21,17724,19204,10877,4426,52231,1026,931,1117,3074,55305
11-02-2014,22,17004,18071,10570,4112,49757,936,838,987,2761,52518
11-02-2014,23,16127,17224,10029,3799,47179,869,756,905,2530,49709
12-02-2014,0,15511,16390,9711,3516,45128,840,717,860,2417,47545
12-02-2014,1,15129,15973,9459,3385,43946,817,701,833,2351,46297
12-02-2014,2,15131,15920,9387,3334,43772,809,690,820,2319,46091
12-02-2014,3,15262,16051,9464,3304,44081,816,694,828,2338,46419
12-02-2014,4,15342,16145,9836,3357,44680,857,733,887,2477,47157
12-02-2014,5,15721,17092,10800,3582,47195,982,855,1099,2936,50131
12-02-2014,6,17277,19405,11377,4215,52274,1126,1006,1285,3417,55691
12-02-2014,7,19058,21065,11324,4943,56390,1201,1096,1386,3683,60073
12-02-2014,8,19261,21178,11317,5175,56931,1223,1147,1424,3794,60725
12-02-2014,9,18957,21116,11332,5270,56675,1224,1158,1416,3798,60473
12-02-2014,10,18906,21178,11373,5331,56788,1215,1143,1395,3753,60541
12-02-2014,11,18634,21097,11367,5292,56390,1195,1097,1358,3650,60040
12-02-2014,12,18456,20815,11331,5138,55740,1216,1115,1364,3695,59435
12-02-2014,13,18412,20621,11333,5134,55500,1210,1108,1366,3684,59184
12-02-2014,14,18586,20721,11252,5063,55622,1224,1105,1345,3674,59296
12-02-2014,15,18527,20912,11300,4886,55625,1196,1092,1343,3631,59256
12-02-2014,16,18643,21125,11660,4851,56279,1228,1121,1383,3732,60011
12-02-2014,17,18833,21827,11699,5369,57728,1221,1158,1447,3826,61554
12-02-2014,18,18699,21527,11718,5410,57354,1187,1121,1414,3722,61076
12-02-2014,19,18311,20871,11566,5037,55785,1146,1081,1361,3588,59373
12-02-2014,20,17995,20049,10935,4723,53702,1088,1019,1273,3380,57082
12-02-2014,21,17711,19134,10916,4509,52270,998,922,1128,3048,55318
12-02-2014,22,17066,18285,10666,4232,50249,917,824,1014,2755,53004
12-02-2014,23,16287,17325,10178,3914,47704,847,750,937,2534,50238
13-02-2014,0,15637,16653,9817,3712,45819,819,710,885,2414,48233
13-02-2014,1,15380,16264,9563,3593,44800,807,693,861,2361,47161
13-02-2014,2,15224,16208,9502,3513,44447,807,690,855,2352,46799
13-02-2014,3,15289,16176,9562,3535,44562,822,696,859,2377,46939
13-02-2014,4,15429,16453,9941,3606,45429,854,736,923,2513,47942
13-02-2014,5,15827,17214,10902,3813,47756,974,850,1127,2951,50707
13-02-2014,6,17196,19161,11568,4392,52317,1109,996,1305,3410,55727
13-02-2014,7,18859,20948,11525,5017,56349,1193,1098,1410,3701,60050
13-02-2014,8,19074,21225,11412,5239,56950,1225,1143,1456,3824,60774
13-02-2014,9,19016,20949,11384,5327,56676,1223,1149,1451,3823,60499
13-02-2014,10,19141,21069,11373,5358,56941,1215,1131,1434,3780,60721
13-02-2014,11,19125,20777,11510,5244,56656,1200,1089,1405,3694,60350
13-02-2014,12,18960,20685,11473,5107,56225,1219,1110,1412,3741,59966
13-02-2014,13,18820,20662,11400,5055,55937,1213,1116,1395,3724,59661
13-02-2014,14,18886,20589,11371,4940,55786,1208,1114,1378,3700,59486
13-02-2014,15,18775,20833,11360,4735,55703,1190,1113,1365,3668,59371
13-02-2014,16,18905,21068,11734,4736,56443,1210,1120,1392,3722,60165
13-02-2014,17,19166,21613,11844,5174,57797,1222,1154,1447,3823,61620
13-02-2014,18,19139,21307,11860,5229,57535,1190,1121,1414,3725,61260
13-02-2014,19,18755,20636,11713,4881,55985,1157,1081,1360,3598,59583
13-02-2014,20,18519,20044,11189,4516,54268,1102,1015,1272,3389,57657
13-02-2014,21,17975,19303,11137,4195,52610,1006,920,1120,3046,55656
13-02-2014,22,17463,18101,10880,3870,50314,923,816,995,2734,53048
13-02-2014,23,16677,17033,10414,3533,47657,856,739,910,2505,50162
14-02-2014,0,15776,16333,9989,3327,45425,825,696,865,2386,47811
14-02-2014,1,15324,15992,9782,3276,44374,807,675,844,2326,46700
14-02-2014,2,14926,15764,9652,3230,43572,806,664,836,2306,45878
14-02-2014,3,15128,15775,9837,3224,43964,807,674,844,2325,46289
14-02-2014,4,15293,15999,10226,3299,44817,843,723,903,2469,47286
14-02-2014,5,15862,16738,11187,3484,47271,966,846,1106,2918,50189
14-02-2014,6,17171,18956,11735,4073,51935,1117,987,1282,3386,55321
14-02-2014,7,18875,20554,11842,4766,56037,1185,1079,1389,3653,59690
14-02-2014,8,19010,20837,11776,4982,56605,1215,1133,1440,3788,60393
14-02-2014,9,18954,20855,11735,5045,56589,1217,1143,1449,3809,60398
14-02-2014,10,18930,20689,11746,5095,56460,1211,1137,1444,3792,60252
14-02-2014,11,18827,20622,11725,5056,56230,1201,1092,1420,3713,59943
14-02-2014,12,18530,20340,11612,4882,55364,1213,1114,1426,3753,59117
14-02-2014,13,18468,19965,11497,4704,54634,1199,1115,1415,3729,58363
14-02-2014,14,18469,19800,11498,4549,54316,1191,1107,1386,3684,58000
14-02-2014,15,18222,19671,11455,4414,53762,1186,1096,1355,3637,57399
14-02-2014,16,18252,19942,11858,4532,54584,1195,1106,1395,3696,58280
14-02-2014,17,18555,20521,11961,5043,56080,1216,1131,1432,3779,59859
14-02-2014,18,18470,20263,11796,5071,55600,1175,1101,1387,3663,59263
14-02-2014,19,18133,19346,11579,4666,53724,1122,1062,1324,3508,57232
14-02-2014,20,17552,18554,11174,4280,51560,1069,1002,1236,3307,54867
14-02-2014,21,17091,17583,11248,4047,49969,993,913,1112,3018,52987
14-02-2014,22,16429,16843,10949,3895,48116,924,830,1000,2754,50870
14-02-2014,23,15865,16125,10485,3688,46163,860,758,920,2538,48701
15-02-2014,0,15335,15691,10037,3509,44572,825,708,871,2404,46976
15-02-2014,1,15017,15377,9732,3376,43502,806,682,842,2330,45832
15-02-2014,2,14779,15090,9611,3271,42751,793,668,832,2293,45044
15-02-2014,3,14764,15057,9618,3264,42703,792,671,829,2292,44995
15-02-2014,4,14982,15159,9680,3283,43104,805,692,851,2348,45452
15-02-2014,5,15154,15451,9964,3365,43934,840,740,920,2500,46434
15-02-2014,6,15570,15959,10114,3573,45216,882,792,984,2658,47874
15-02-2014,7,16098,16555,10171,3817,46641,924,849,1062,2835,49476
15-02-2014,8,16807,17175,10468,4082,48532,985,920,1156,3061,51593
15-02-2014,9,17429,18186,10679,4310,50604,1013,956,1207,3176,53780
15-02-2014,10,18235,18720,10714,4410,52079,1002,963,1217,3182,55261
15-02-2014,11,18032,18977,10642,4402,52053,1003,954,1203,3160,55213
15-02-2014,12,17820,18948,10595,4350,51713,1008,946,1181,3135,54848
15-02-2014,13,17687,18772,10633,4279,51371,1011,944,1159,3114,54485
15-02-2014,14,17509,18555,10673,4230,50967,1009,934,1136,3079,54046
15-02-2014,15,17351,18283,10869,4219,50722,1012,934,1121,3067,53789
15-02-2014,16,17443,18813,11481,4344,52081,1067,977,1178,3222,55303
15-02-2014,17,17922,19280,11785,4817,53804,1084,1023,1263,3370,57174
15-02-2014,18,18088,19228,11529,4909,53754,1065,1004,1232,3301,57055
15-02-2014,19,17519,18657,11085,4546,51807,1034,972,1176,3182,54989
15-02-2014,20,16999,17747,10778,4270,49794,984,923,1109,3016,52810
15-02-2014,21,16699,17458,10941,4065,49163,919,852,1005,2776,51939
15-02-2014,22,16258,16662,10733,3823,47476,857,773,914,2544,50020
15-02-2014,23,15690,16021,10303,3689,45703,808,708,843,2359,48062
16-02-2014,0,15390,15585,9919,3489,44383,793,678,797,2268,46651
16-02-2014,1,15009,15393,9645,3305,43352,776,660,771,2207,45559
16-02-2014,2,14775,15157,9518,3111,42561,759,652,760,2171,44732
16-02-2014,3,14630,15055,9480,3176,42341,774,651,759,2184,44525
16-02-2014,4,14582,15063,9546,3180,42371,792,668,775,2235,44606
16-02-2014,5,14592,15378,9730,3234,42934,827,705,829,2361,45295
16-02-2014,6,14863,15695,9748,3408,43714,863,741,876,2480,46194
16-02-2014,7,15229,16101,9752,3642,44724,896,781,936,2613,47337
16-02-2014,8,15642,16452,9975,3909,45978,951,851,1036,2838,48816
16-02-2014,9,16269,17039,10172,4135,47615,991,898,1100,2989,50604
16-02-2014,10,16562,17616,10310,4244,48732,1007,914,1126,3047,51779
16-02-2014,11,16400,17663,10412,4292,48767,1007,910,1139,3056,51823
16-02-2014,12,16364,17834,10353,4158,48709,999,905,1130,3034,51743
16-02-2014,13,16575,18023,10319,4108,49025,1006,901,1108,3015,52040
16-02-2014,14,16510,17859,10334,4129,48832,1008,895,1092,2995,51827
16-02-2014,15,16510,17898,10448,4108,48964,1022,900,1101,3023,51987
16-02-2014,16,16622,18217,10957,4293,50089,1077,946,1166,3189,53278
16-02-2014,17,16866,19062,11108,4819,51855,1109,999,1254,3362,55217
16-02-2014,18,17406,19216,10938,4904,52464,1097,996,1243,3336,55800
16-02-2014,19,17170,18922,10694,4605,51391,1063,974,1197,3234,54625
16-02-2014,20,17148,18411,10361,4284,50204,1015,935,1122,3072,53276
16-02-2014,21,16875,17591,10596,4037,49099,949,849,1007,2805,51904
16-02-2014,22,16524,16841,10462,3788,47615,868,760,889,2517,50132
16-02-2014,23,15886,15986,10066,3484,45422,799,688,818,2305,47727
17-02-2014,0,15288,15378,9726,3270,43662,771,654,768,2193,45855
17-02-2014,1,15036,14986,9471,3162,42655,757,631,743,2131,44786
17-02-2014,2,14991,15029,9421,3123,42564,751,631,735,2117,44681
17-02-2014,3,14931,15065,9507,3163,42666,757,637,744,2138,44804
17-02-2014,4,15084,15545,9876,3237,43742,796,682,803,2281,46023
17-02-2014,5,15642,16295,10826,3509,46272,926,804,1007,2737,49009
17-02-2014,6,16981,18148,11406,4163,50698,1062,950,1175,3187,53885
17-02-2014,7,18750,19937,11438,4854,54979,1155,1045,1303,3503,58482
17-02-2014,8,18875,20131,11578,4999,55583,1197,1115,1370,3682,59265
17-02-2014,9,18897,19920,11449,5034,55300,1201,1119,1388,3708,59008
17-02-2014,10,18879,20045,11495,5112,55531,1211,1104,1386,3701,59232
17-02-2014,11,18429,19859,11518,5024,54830,1192,1067,1361,3620,58450
17-02-2014,12,18113,19481,11444,4960,53998,1208,1085,1371,3664,57662
17-02-2014,13,17816,19252,11375,4951,53394,1194,1088,1360,3642,57036
17-02-2014,14,17737,19128,11307,4837,53009,1191,1077,1349,3617,56626
17-02-2014,15,17690,19250,11287,4624,52851,1175,1071,1325,3571,56422
17-02-2014,16,17806,19178,11603,4619,53206,1189,1076,1332,3597,56803
17-02-2014,17,18204,20215,11779,5086,55284,1215,1125,1407,3747,59031
17-02-2014,18,18558,20416,11727,5291,55992,1179,1090,1369,3638,59630
17-02-2014,19,18504,19906,11512,4976,54898,1130,1053,1311,3494,58392
17-02-2014,20,18162,19407,11013,4589,53171,1073,992,1220,3285,56456
17-02-2014,21,17852,18609,11042,4255,51758,988,894,1072,2954,54712
17-02-2014,22,17117,17579,10715,3866,49277,903,793,947,2643,51920
17-02-2014,23,16448,16338,10265,3501,46552,835,715,869,2419,48971
18-02-2014,0,15943,15750,9828,3261,44782,801,671,824,2296,47078
18-02-2014,1,15666,15470,9600,3144,43880,784,656,800,2240,46120
18-02-2014,2,15609,15477,9531,3096,43713,781,648,792,2221,45934
18-02-2014,3,15660,15646,9604,3077,43987,779,657,799,2235,46222
18-02-2014,4,15758,16001,9973,3163,44895,810,707,854,2371,47266
18-02-2014,5,16229,16901,10796,3468,47394,932,832,1038,2802,50196
18-02-2014,6,17697,18691,11368,4196,51952,1058,963,1203,3224,55176
18-02-2014,7,19377,20111,11408,4903,55799,1144,1054,1347,3545,59344
18-02-2014,8,19745,20622,11487,5123,56977,1182,1114,1405,3701,60678
18-02-2014,9,19816,20662,11520,5145,57143,1180,1107,1406,3693,60836
18-02-2014,10,19616,20291,11506,5207,56620,1177,1080,1369,3626,60246
18-02-2014,11,19327,20375,11463,5177,56342,1156,1034,1317,3507,59849
18-02-2014,12,18935,20066,11271,5063,55335,1158,1044,1320,3522,58857
18-02-2014,13,18724,20076,11190,5084,55074,1137,1040,1305,3482,58556
18-02-2014,14,18868,20085,11150,4971,55074,1131,1041,1287,3459,58533
18-02-2014,15,18666,20096,11120,4802,54684,1113,1046,1268,3427,58111
18-02-2014,16,18739,20297,11463,4801,55300,1135,1061,1292,3488,58788
18-02-2014,17,19269,21193,11767,5255,57484,1182,1118,1405,3705,61189
18-02-2014,18,19482,21092,11810,5341,57725,1159,1086,1391,3636,61361
18-02-2014,19,19211,20615,11633,4996,56455,1117,1052,1345,3514,59969
18-02-2014,20,18843,20011,11144,4645,54643,1061,988,1251,3300,57943
18-02-2014,21,18392,19046,11151,4322,52911,976,901,1101,2978,55889
18-02-2014,22,17601,18075,10920,3953,50549,900,801,973,2674,53223
18-02-2014,23,16835,16990,10419,3593,47837,833,714,893,2440,50277
19-02-2014,0,16079,16340,10029,3471,45919,797,680,854,2331,48250
19-02-2014,1,15803,16146,9793,3390,45132,780,668,835,2283,47415
19-02-2014,2,15689,16058,9711,3092,44550,779,658,830,2267,46817
19-02-2014,3,15656,16141,9770,3108,44675,796,667,841,2304,46979
19-02-2014,4,15882,16371,10073,3193,45519,840,710,904,2454,47973
19-02-2014,5,16595,17272,10987,3460,48314,959,837,1107,2903,51217
19-02-2014,6,18064,19280,11413,4181,52938,1086,971,1276,3333,56271
19-02-2014,7,19700,21000,11435,4887,57022,1179,1059,1393,3631,60653
19-02-2014,8,20046,21207,11481,5077,57811,1214,1115,1449,3778,61589
19-02-2014,9,20126,21151,11489,5136,57902,1206,1118,1459,3783,61685
19-02-2014,10,20073,21262,11497,5237,58069,1201,1108,1449,3758,61827
19-02-2014,11,19771,21147,11435,5189,57542,1177,1068,1424,3669,61211
19-02-2014,12,19614,21033,11397,5117,57161,1192,1093,1445,3730,60891
19-02-2014,13,19292,20639,11253,5121,56305,1177,1097,1433,3707,60012
19-02-2014,14,19185,20656,11209,4985,56035,1171,1089,1408,3668,59703
19-02-2014,15,19259,20772,11100,4831,55962,1154,1075,1386,3615,59577
19-02-2014,16,19245,20874,11543,4833,56495,1175,1079,1405,3659,60154
19-02-2014,17,19715,21656,11830,5208,58409,1218,1132,1463,3813,62222
19-02-2014,18,19871,21550,11898,5294,58613,1200,1094,1431,3725,62338
19-02-2014,19,19701,21023,11741,4969,57434,1166,1055,1384,3605,61039
19-02-2014,20,19304,20289,11185,4635,55413,1100,993,1293,3386,58799
19-02-2014,21,18812,19345,11170,4296,53623,1012,906,1135,3053,56676
19-02-2014,22,18075,18190,10985,3921,51171,920,803,1003,2726,53897
19-02-2014,23,17251,17258,10445,3523,48477,844,713,919,2476,50953
20-02-2014,0,16632,16463,10058,3292,46445,796,671,874,2341,48786
20-02-2014,1,16318,16108,9784,3120,45330,802,652,848,2302,47632
20-02-2014,2,16181,16132,9729,3073,45115,794,643,843,2280,47395
20-02-2014,3,16260,16228,9828,3115,45431,795,648,855,2298,47729
20-02-2014,4,16465,16420,10167,3190,46242,828,693,909,2430,48672
20-02-2014,5,17172,17207,11119,3436,48934,957,822,1109,2888,51822
20-02-2014,6,18525,19163,11561,4148,53397,1090,961,1271,3322,56719
20-02-2014,7,20047,20791,11613,4856,57307,1185,1059,1387,3631,60938
20-02-2014,8,20557,20913,11752,5054,58276,1221,1107,1447,3775,62051
20-02-2014,9,20348,20979,11766,5092,58185,1223,1115,1455,3793,61978
20-02-2014,10,20180,20860,11777,5138,57955,1217,1100,1452,3769,61724
20-02-2014,11,19969,20759,11821,5104,57653,1202,1074,1433,3709,61362
20-02-2014,12,19706,20418,11762,5040,56926,1217,1089,1450,3756,60682
20-02-2014,13,19838,20431,11744,5077,57090,1214,1083,1428,3725,60815
20-02-2014,14,19774,20451,11684,4972,56881,1208,1079,1402,3689,60570
20-02-2014,15,19837,20469,11620,4834,56760,1198,1071,1379,3648,60408
20-02-2014,16,19815,20624,11899,4827,57165,1211,1065,1378,3654,60819
20-02-2014,17,20077,21574,12184,5349,59184,1236,1109,1441,3786,62970
20-02-2014,18,20084,21514,12269,5332,59199,1215,1076,1413,3704,62903
20-02-2014,19,19642,20908,12078,5021,57649,1174,1036,1356,3566,61215
20-02-2014,20,19299,20235,11568,4668,55770,1120,980,1270,3370,59140
20-02-2014,21,18900,19426,11511,4391,54228,1035,890,1124,3049,57277
20-02-2014,22,18344,18324,11303,4093,52064,951,793,995,2739,54803
20-02-2014,23,17615,17258,10810,3746,49429,883,712,911,2506,51935
21-02-2014,0,16988,16514,10441,3466,47409,840,671,872,2383,49792
21-02-2014,1,16614,16293,10209,3316,46432,828,650,848,2326,48758
21-02-2014,2,16367,16114,10185,3252,45918,812,645,839,2296,48214
21-02-2014,3,16257,16243,10239,3240,45979,823,653,850,2326,48305
21-02-2014,4,16349,16289,10631,3303,46572,859,701,911,2471,49043
21-02-2014,5,16815,17005,11594,3492,48906,974,828,1104,2906,51812
21-02-2014,6,18100,19179,11925,4146,53350,1088,953,1262,3303,56653
21-02-2014,7,19726,20592,12034,4841,57193,1189,1043,1376,3608,60801
21-02-2014,8,20068,20876,12152,5039,58135,1234,1096,1424,3754,61889
21-02-2014,9,19855,21196,11968,5035,58054,1230,1104,1422,3756,61810
21-02-2014,10,19784,21210,11876,5063,57933,1219,1088,1408,3715,61648
21-02-2014,11,19566,21157,11833,4972,57528,1203,1042,1367,3612,61140
21-02-2014,12,19300,21052,11719,4823,56894,1210,1069,1355,3634,60528
21-02-2014,13,18911,20382,11553,4694,55540,1202,1059,1326,3587,59127
21-02-2014,14,18658,19983,11483,4506,54630,1194,1039,1292,3525,58155
21-02-2014,15,18500,19658,11448,4402,54008,1171,1021,1259,3451,57459
21-02-2014,16,18470,19588,11788,4464,54310,1173,1028,1269,3470,57780
21-02-2014,17,18820,20366,12104,4903,56193,1210,1095,1367,3672,59865
21-02-2014,18,18945,20314,12035,5030,56324,1175,1060,1347,3582,59906
21-02-2014,19,18506,19705,11774,4666,54651,1129,1019,1289,3437,58088
21-02-2014,20,17976,18921,11295,4288,52480,1065,973,1204,3242,55722
21-02-2014,21,17464,17714,11468,4008,50654,985,884,1086,2955,53609
21-02-2014,22,17075,16928,11252,3720,48975,915,792,968,2675,51650
21-02-2014,23,16496,16177,10690,3425,46788,846,701,887,2434,49222
22-02-2014,0,15874,15337,10326,3235,44772,811,662,835,2308,47080
22-02-2014,1,15685,15246,10089,3163,44183,785,640,811,2236,46419
22-02-2014,2,15460,14915,9935,3119,43429,776,629,800,2205,45634
22-02-2014,3,15326,14855,9888,3110,43179,774,631,804,2209,45388
22-02-2014,4,15306,14861,10021,3158,43346,784,647,825,2256,45602
22-02-2014,5,15507,15108,10327,3240,44182,819,687,891,2397,46579
22-02-2014,6,15787,15624,10321,3453,45185,859,733,951,2543,47728
22-02-2014,7,16170,16196,10374,3746,46486,913,797,1042,2752,49238
22-02-2014,8,16685,16883,10592,4021,48181,978,871,1140,2989,51170
22-02-2014,9,17411,17571,10755,4240,49977,1016,908,1193,3117,53094
22-02-2014,10,17781,17829,10742,4404,50756,1025,915,1207,3147,53903
22-02-2014,11,17566,17808,10747,4424,50545,1023,909,1207,3139,53684
22-02-2014,12,17426,17716,10675,4367,50184,1023,904,1200,3127,53311
22-02-2014,13,17289,17600,10689,4277,49855,1014,896,1174,3084,52939
22-02-2014,14,17232,17481,10754,4185,49652,1005,885,1153,3043,52695
22-02-2014,15,17131,17522,10839,4139,49631,997,881,1146,3024,52655
22-02-2014,16,16926,17858,11120,4201,50105,1020,899,1173,3092,53197
22-02-2014,17,17527,18625,11484,4584,52220,1073,970,1270,3313,55533
22-02-2014,18,17824,18647,11402,4768,52641,1058,964,1264,3286,55927
22-02-2014,19,17553,18257,11120,4423,51353,1021,932,1215,3168,54521
22-02-2014,20,16999,17511,10699,4100,49309,971,890,1145,3006,52315
22-02-2014,21,16550,16728,10813,3851,47942,913,824,1046,2783,50725
22-02-2014,22,15963,16138,10643,3593,46337,853,751,948,2552,48889
22-02-2014,23,15634,15385,10201,3334,44554,803,696,869,2368,46922
23-02-2014,0,15082,14836,9796,3142,42856,763,650,821,2234,45090
23-02-2014,1,14781,14528,9517,2997,41823,744,625,795,2164,43987
23-02-2014,2,14694,14344,9339,2931,41308,735,614,786,2135,43443
23-02-2014,3,14674,14334,9321,2937,41266,734,615,788,2137,43403
23-02-2014,4,14805,14278,9404,2938,41425,744,633,813,2190,43615
23-02-2014,5,14969,14568,9544,3004,42085,781,665,870,2316,44401
23-02-2014,6,14965,14863,9438,3248,42514,801,691,908,2400,44914
23-02-2014,7,15285,15135,9488,3451,43359,859,743,989,2591,45950
23-02-2014,8,15852,15812,9723,3786,45173,926,814,1068,2808,47981
23-02-2014,9,16174,16237,9879,3997,46287,958,855,1112,2925,49212
23-02-2014,10,16727,16713,10058,4141,47639,970,858,1119,2947,50586
23-02-2014,11,16929,16937,10091,4071,48028,968,852,1112,2932,50960
23-02-2014,12,16832,17094,10036,4023,47985,963,839,1092,2894,50879
23-02-2014,13,16869,16861,9973,4004,47707,956,830,1067,2853,50560
23-02-2014,14,16818,16695,9992,4027,47532,955,820,1056,2831,50363
23-02-2014,15,16807,16664,10023,3983,47477,953,821,1063,2837,50314
23-02-2014,16,16730,17087,10419,4074,48310,982,853,1109,2944,51254
23-02-2014,17,17191,18121,10851,4563,50726,1045,952,1255,3252,53978
23-02-2014,18,17266,18495,10845,4865,51471,1032,960,1287,3279,54750
23-02-2014,19,17046,18176,10670,4605,50497,1003,943,1250,3196,53693
23-02-2014,20,16881,17488,10266,4274,48909,964,902,1176,3042,51951
23-02-2014,21,16557,16703,10431,4102,47793,906,815,1045,2766,50559
23-02-2014,22,15870,15874,10238,3747,45729,843,730,920,2493,48222
23-02-2014,23,15184,15156,9861,3441,43642,790,659,834,2283,45925
24-02-2014,0,14768,14919,9556,3223,42466,748,622,797,2167,44633
24-02-2014,1,14473,14643,9292,3075,41483,729,607,779,2115,43598
24-02-2014,2,14286,14592,9231,3032,41141,720,606,779,2105,43246
24-02-2014,3,14257,14655,9223,3018,41153,719,616,792,2127,43280
24-02-2014,4,14411,14843,9625,3059,41938,742,663,857,2262,44200
24-02-2014,5,14923,15719,10615,3344,44601,780,788,1085,2653,47254
24-02-2014,6,16320,17511,10970,4022,48823,798,904,1231,2933,51756
24-02-2014,7,17702,18977,10904,4674,52257,866,1002,1355,3223,55480
24-02-2014,8,18001,19307,11038,4875,53221,923,1050,1404,3377,56598
24-02-2014,9,17879,19389,11029,4863,53160,950,1059,1412,3421,56581
24-02-2014,10,17568,19084,11037,4967,52656,954,1038,1401,3393,56049
24-02-2014,11,17401,18851,11029,4931,52212,943,998,1364,3305,55517
24-02-2014,12,17425,18456,10936,4837,51654,946,1013,1373,3332,54986
24-02-2014,13,17462,18378,10782,4903,51525,932,1005,1365,3302,54827
24-02-2014,14,17462,18158,10657,4813,51090,932,984,1350,3266,54356
24-02-2014,15,17441,18342,10627,4576,50986,938,975,1311,3224,54210
24-02-2014,16,17578,18505,10840,4540,51463,966,979,1301,3246,54709
24-02-2014,17,17847,19433,11114,5032,53426,1040,1070,1401,3511,56937
24-02-2014,18,18076,19689,11182,5236,54183,1029,1063,1400,3492,57675
24-02-2014,19,17718,19209,10939,4906,52772,1000,1026,1348,3374,56146
24-02-2014,20,17419,18606,10461,4524,51010,959,960,1247,3166,54176
24-02-2014,21,16974,17767,10545,4198,49484,900,863,1089,2852,52336
24-02-2014,22,16135,17036,10347,3791,47309,837,766,962,2565,49874
24-02-2014,23,15235,16027,9785,3421,44468,791,701,886,2378,46846
25-02-2014,0,14683,15458,9408,3176,42725,758,666,851,2275,45000
25-02-2014,1,14319,15235,9202,3093,41849,742,646,831,2219,44068
25-02-2014,2,14209,15154,9081,3059,41503,741,639,827,2207,43710
25-02-2014,3,14231,15415,9113,3087,41846,752,645,838,2235,44081
25-02-2014,4,14397,15530,9426,3206,42559,791,693,905,2389,44948
25-02-2014,5,14863,16354,10312,3415,44944,919,813,1106,2838,47782
25-02-2014,6,16475,18468,10616,4153,49712,1041,928,1244,3213,52925
25-02-2014,7,17619,19787,10722,4818,52946,1148,1027,1348,3523,56469
25-02-2014,8,17957,19750,10822,4984,53513,1176,1080,1371,3627,57140
25-02-2014,9,17926,20004,10817,4978,53725,1170,1077,1354,3601,57326
25-02-2014,10,17756,19990,10804,4966,53516,1150,1053,1329,3532,57048
25-02-2014,11,17437,19619,10797,4878,52731,1120,1008,1289,3417,56148
25-02-2014,12,17282,19358,10751,4411,51802,1130,1025,1290,3445,55247
25-02-2014,13,17169,19244,10654,4794,51861,1111,1013,1284,3408,55269
25-02-2014,14,16943,18917,10600,4876,51336,1107,997,1269,3373,54709
25-02-2014,15,16870,18913,10567,4142,50492,1088,986,1251,3325,53817
25-02-2014,16,17079,18956,10631,4470,51136,1088,984,1278,3350,54486
25-02-2014,17,17372,19783,11306,4904,53365,1158,1077,1389,3624,56989
25-02-2014,18,17763,19882,11406,5074,54125,1144,1068,1390,3602,57727
25-02-2014,19,17524,19467,11241,4791,53023,1111,1032,1336,3479,56502
25-02-2014,20,17193,19074,10738,4496,51501,1051,970,1241,3262,54763
25-02-2014,21,16793,18326,10776,4182,50077,966,872,1084,2922,52999
25-02-2014,22,16113,17348,10523,3813,47797,891,777,964,2632,50429
25-02-2014,23,15338,16316,10068,3435,45157,830,703,890,2423,47580
26-02-2014,0,14676,15670,9672,3154,43172,800,667,849,2316,45488
26-02-2014,1,14323,15455,9342,3019,42139,785,648,826,2259,44398
26-02-2014,2,14207,15334,9375,2978,41894,779,638,824,2241,44135
26-02-2014,3,14220,15429,9421,3011,42081,790,646,836,2272,44353
26-02-2014,4,14432,15637,9815,3132,43016,828,686,899,2413,45429
26-02-2014,5,14959,16527,10774,3409,45669,957,815,1110,2882,48551
26-02-2014,6,16208,18570,10991,4139,49908,1067,941,1266,3274,53182
26-02-2014,7,17776,19779,11067,4787,53409,1173,1046,1389,3608,57017
26-02-2014,8,18007,20127,11118,4928,54180,1210,1105,1432,3747,57927
26-02-2014,9,18178,20097,11092,4928,54295,1211,1106,1433,3750,58045
26-02-2014,10,18097,20189,11045,4972,54303,1211,1088,1424,3723,58026
26-02-2014,11,17836,20052,11044,4934,53866,1192,1050,1401,3643,57509
26-02-2014,12,17736,20018,10983,4803,53540,1216,1072,1419,3707,57247
26-02-2014,13,17761,19977,10939,4847,53524,1207,1070,1405,3682,57206
26-02-2014,14,17936,19882,10926,4730,53474,1196,1060,1392,3648,57122
26-02-2014,15,17957,20014,10917,4567,53455,1171,1061,1353,3585,57040
26-02-2014,16,17930,19915,11135,4674,53654,1168,1049,1334,3551,57205
26-02-2014,17,18063,20705,11535,4921,55224,1211,1123,1417,3751,58975
26-02-2014,18,18137,20826,11658,5066,55687,1190,1105,1413,3708,59395
26-02-2014,19,17902,20289,11446,4819,54456,1139,1068,1358,3565,58021
26-02-2014,20,17475,19600,10902,4506,52483,1084,1003,1255,3342,55825
26-02-2014,21,16988,18866,10888,4208,50950,1001,895,1098,2994,53944
26-02-2014,22,16426,17755,10616,3883,48680,908,796,973,2677,51357
26-02-2014,23,15671,16604,10085,3499,45859,836,706,900,2442,48301
27-02-2014,0,15090,15945,9642,3266,43943,805,666,857,2328,46271
27-02-2014,1,14751,15509,9434,3124,42818,793,647,837,2277,45095
27-02-2014,2,14588,15612,9322,3066,42588,787,643,836,2266,44854
27-02-2014,3,14484,15641,9385,3076,42586,797,651,843,2291,44877
27-02-2014,4,14549,15913,9755,3164,43381,833,695,905,2433,45814
27-02-2014,5,15053,16752,10643,3450,45898,958,820,1111,2889,48787
27-02-2014,6,16380,18568,10976,4186,50110,1069,942,1265,3276,53386
27-02-2014,7,17746,20053,11106,4810,53715,1167,1046,1391,3604,57319
27-02-2014,8,18149,20375,11256,4994,54774,1200,1105,1442,3747,58521
27-02-2014,9,18223,20323,11292,5039,54877,1176,1108,1435,3719,58596
27-02-2014,10,18206,20446,11266,5106,55024,1171,1098,1414,3683,58707
27-02-2014,11,17999,20257,11266,5103,54625,1164,1050,1380,3594,58219
27-02-2014,12,17824,20032,11190,4990,54036,1188,1073,1399,3660,57696
27-02-2014,13,17775,19970,11098,4953,53796,1175,1071,1395,3641,57437
27-02-2014,14,17752,19770,11054,4857,53433,1172,1057,1383,3612,57045
27-02-2014,15,17744,19955,10991,4679,53369,1161,1041,1343,3545,56914
27-02-2014,16,17664,19787,11167,4659,53277,1155,1033,1327,3515,56792
27-02-2014,17,17864,20259,11485,4979,54587,1193,1091,1408,3692,58279
27-02-2014,18,18200,20445,11520,5173,55338,1176,1081,1408,3665,59003
27-02-2014,19,17913,19972,11359,4914,54158,1132,1045,1356,3533,57691
27-02-2014,20,17595,19149,10824,4577,52145,1069,976,1260,3305,55450
27-02-2014,21,17163,18411,10829,4255,50658,982,878,1108,2968,53626
27-02-2014,22,16522,17295,10564,3857,48238,903,784,981,2668,50906
27-02-2014,23,15717,16319,10078,3465,45579,837,710,901,2448,48027
28-02-2014,0,15082,15617,9731,3213,43643,800,673,855,2328,45971
28-02-2014,1,14634,15182,9527,3087,42430,782,657,833,2272,44702
28-02-2014,2,14541,15156,9438,3051,42186,773,650,827,2250,44436
28-02-2014,3,14704,15295,9481,3062,42542,786,657,835,2278,44820
28-02-2014,4,14802,15383,9863,3144,43192,826,703,898,2427,45619
28-02-2014,5,15215,16083,10813,3405,45516,950,826,1102,2878,48394
28-02-2014,6,16563,18093,11129,4091,49876,1067,930,1242,3239,53115
28-02-2014,7,17989,19480,11365,4696,53530,1168,1026,1359,3553,57083
28-02-2014,8,18433,19894,11275,4880,54482,1207,1082,1401,3690,58172
28-02-2014,9,18438,20078,11280,4892,54688,1204,1081,1389,3674,58362
28-02-2014,10,18493,20199,11236,4969,54897,1197,1064,1359,3620,58517
28-02-2014,11,18261,20056,11229,4902,54448,1176,1034,1330,3540,57988
28-02-2014,12,18124,19763,11122,4804,53813,1185,1050,1343,3578,57391
28-02-2014,13,18029,19395,10985,4702,53111,1159,1037,1335,3531,56642
28-02-2014,14,18003,19076,10952,4511,52542,1147,1016,1310,3473,56015
28-02-2014,15,17803,18878,10887,4375,51943,1119,1005,1282,3406,55349
28-02-2014,16,17698,18859,11116,4449,52122,1124,1002,1288,3414,55536
28-02-2014,17,17730,19260,11443,4790,53223,1165,1066,1360,3591,56814
28-02-2014,18,17927,19262,11453,4938,53580,1154,1045,1351,3550,57130
28-02-2014,19,17751,18635,11133,4643,52162,1107,1012,1290,3409,55571
28-02-2014,20,17293,17731,10685,4272,49981,1054,949,1204,3207,53188
28-02-2014,21,16743,16948,10741,4023,48455,973,860,1075,2908,51363
28-02-2014,22,16208,16249,10416,3726,46599,900,775,966,2641,49240
28-02-2014,23,15724,15447,9900,3425,44496,837,709,883,2429,46925
01-03-2014,0,15307,15122,9473,3190,43092,804,662,834,2300,45392
01-03-2014,1,14926,14695,9288,3041,41950,782,639,808,2229,44179
01-03-2014,2,14699,14460,9139,2965,41263,775,631,798,2204,43467
01-03-2014,3,14638,14557,9118,2954,41267,780,631,796,2207,43474
01-03-2014,4,14696,14615,9220,2968,41499,794,649,819,2262,43761
01-03-2014,5,14853,14839,9509,3047,42248,831,693,895,2419,44667
01-03-2014,6,15201,15216,9374,3264,43055,855,728,945,2528,45583
01-03-2014,7,15536,15754,9605,3537,44432,929,806,1047,2782,47214
01-03-2014,8,16271,16771,9838,3871,46751,993,882,1144,3019,49770
01-03-2014,9,17050,17463,9936,4065,48514,1017,914,1191,3122,51636
01-03-2014,10,17330,17757,9942,4132,49161,1019,920,1206,3145,52306
01-03-2014,11,17253,18019,9893,4116,49281,1011,911,1210,3132,52413
01-03-2014,12,17016,17980,9843,4045,48884,1009,907,1193,3109,51993
01-03-2014,13,16821,17826,9829,3972,48448,998,895,1157,3050,51498
01-03-2014,14,16725,17657,9913,3897,48192,995,886,1134,3015,51207
01-03-2014,15,16593,17661,9998,3867,48119,1001,882,1132,3015,51134
01-03-2014,16,16820,18047,10387,3945,49199,1034,898,1164,3096,52295
01-03-2014,17,17257,18699,11074,4341,51371,1088,966,1247,3301,54672
01-03-2014,18,17760,19014,11023,4628,52425,1073,968,1258,3299,55724
01-03-2014,19,17508,18294,10580,4372,50754,1035,943,1203,3181,53935
01-03-2014,20,17107,17724,10199,4032,49062,982,893,1129,3004,52066
01-03-2014,21,16652,17036,10410,3793,47891,917,824,1025,2766,50657
01-03-2014,22,16140,16457,10254,3561,46412,863,754,936,2553,48965
01-03-2014,23,15679,15956,9831,3300,44766,806,687,857,2350,47116
02-03-2014,0,15189,15318,9447,3068,43022,770,645,805,2220,45242
02-03-2014,1,14975,14959,9178,2917,42029,746,624,778,2148,44177
02-03-2014,2,14766,14703,9099,2837,41405,737,615,765,2117,43522
02-03-2014,3,14646,14709,9084,2849,41288,736,615,766,2117,43405
02-03-2014,4,14649,14723,9150,2868,41390,746,634,781,2161,43551
02-03-2014,5,14727,14936,9324,2926,41913,778,663,832,2273,44186
02-03-2014,6,14870,15308,9127,3073,42378,793,682,864,2339,44717
02-03-2014,7,15117,15582,9242,3302,43243,858,752,955,2565,45808
02-03-2014,8,15706,16209,9570,3658,45143,933,825,1044,2802,47945
02-03-2014,9,16336,17081,9812,3981,47210,970,861,1097,2928,50138
02-03-2014,10,16693,17639,9995,4077,48404,983,870,1121,2974,51378
02-03-2014,11,16828,17924,10068,4114,48934,985,864,1122,2971,51905
02-03-2014,12,16861,17974,10002,4013,48850,978,859,1116,2953,51803
02-03-2014,13,17232,17848,9947,3975,49002,971,857,1100,2928,51930
02-03-2014,14,17092,18009,9934,3940,48975,973,851,1091,2915,51890
02-03-2014,15,16976,18031,10058,3925,48990,979,857,1100,2936,51926
02-03-2014,16,16939,18403,10287,3995,49624,1009,892,1144,3045,52669
02-03-2014,17,17062,19140,10738,4423,51363,1071,957,1245,3273,54636
02-03-2014,18,17506,19506,10775,4766,52553,1073,968,1274,3315,55868
02-03-2014,19,17518,19253,10553,4533,51857,1040,949,1230,3219,55076
02-03-2014,20,17355,18544,10141,4181,50221,985,900,1150,3035,53256
02-03-2014,21,17159,17838,10345,3898,49240,914,818,1027,2759,51999
02-03-2014,22,16622,17045,10222,3544,47433,836,731,905,2472,49905
02-03-2014,23,16049,16335,9863,3248,45495,779,665,826,2270,47765
03-03-2014,0,15325,15704,9531,3079,43639,746,628,784,2158,45797
03-03-2014,1,14979,15363,9333,3019,42694,720,609,767,2096,44790
03-03-2014,2,14793,15235,9270,3042,42340,713,604,763,2080,44420
03-03-2014,3,14835,15304,9329,3080,42548,730,614,776,2120,44668
03-03-2014,4,14987,15491,9737,3131,43346,773,661,850,2284,45630
03-03-2014,5,15520,16363,10653,3338,45874,898,788,1070,2756,48630
03-03-2014,6,17053,18361,10898,4004,50316,1024,915,1215,3154,53470
03-03-2014,7,18453,19815,11037,4653,53958,1137,1031,1345,3513,57471
03-03-2014,8,18894,20228,11126,4874,55122,1186,1100,1402,3688,58810
03-03-2014,9,18691,20245,11130,4900,54966,1192,1107,1397,3696,58662
03-03-2014,10,18488,20180,11291,5026,54985,1194,1093,1380,3667,58652
03-03-2014,11,18137,20062,11308,5057,54564,1179,1040,1350,3569,58133
03-03-2014,12,17953,19974,11234,4990,54151,1203,1047,1352,3602,57753
03-03-2014,13,17857,19790,11158,5047,53852,1194,1034,1334,3562,57414
03-03-2014,14,17665,19800,11115,4957,53537,1184,1020,1313,3517,57054
03-03-2014,15,17503,19521,11011,4755,52790,1159,1003,1281,3443,56233
03-03-2014,16,17614,19583,11068,4686,52951,1148,988,1269,3405,56356
03-03-2014,17,17904,20252,11373,4989,54518,1180,1050,1358,3588,58106
03-03-2014,18,18154,20693,11435,5211,55493,1161,1058,1386,3605,59098
03-03-2014,19,17928,20248,11276,4986,54438,1121,1026,1330,3477,57915
03-03-2014,20,17675,19587,10773,4628,52663,1059,961,1227,3247,55910
03-03-2014,21,17342,18849,10800,4270,51261,975,865,1070,2910,54171
03-03-2014,22,16661,17694,10543,3869,48767,876,767,936,2579,51346
03-03-2014,23,15795,16601,10061,3454,45911,815,695,862,2372,48283
04-03-2014,0,15084,15950,9684,3219,43937,783,657,828,2268,46205
04-03-2014,1,14810,15650,9401,3116,42977,757,640,812,2209,45186
04-03-2014,2,14567,15424,9306,3059,42356,760,628,804,2192,44548
04-03-2014,3,14623,15422,9357,3086,42488,756,637,813,2206,44694
04-03-2014,4,14811,15595,9711,3191,43308,809,676,877,2362,45670
04-03-2014,5,15252,16406,10573,3462,45693,929,791,1087,2807,48500
04-03-2014,6,16734,18407,10908,4152,50201,1045,907,1228,3180,53381
04-03-2014,7,18155,19705,11106,4741,53707,1150,1030,1350,3530,57237
04-03-2014,8,18595,19850,11216,4959,54620,1177,1079,1402,3658,58278
04-03-2014,9,18340,19817,11193,4913,54263,1153,1088,1397,3638,57901
04-03-2014,10,18060,19691,11187,4953,53891,1144,1064,1383,3591,57482
04-03-2014,11,17724,19412,11157,4915,53208,1128,1018,1355,3501,56709
04-03-2014,12,17451,19306,11053,4839,52649,1142,1030,1360,3532,56181
04-03-2014,13,17808,19316,10974,4849,52947,1130,1022,1342,3494,56441
04-03-2014,14,17767,19262,10909,4781,52719,1120,1009,1326,3455,56174
04-03-2014,15,17688,19253,10832,4681,52454,1101,986,1294,3381,55835
04-03-2014,16,17594,19230,10926,4671,52421,1100,971,1283,3354,55775
04-03-2014,17,17825,19951,11306,5003,54085,1153,1050,1352,3555,57640
04-03-2014,18,18148,20249,11411,5118,54926,1157,1073,1378,3608,58534
04-03-2014,19,17922,19982,11261,4898,54063,1113,1042,1332,3487,57550
04-03-2014,20,17576,19240,10719,4562,52097,1051,983,1234,3268,55365
04-03-2014,21,17250,18392,10673,4250,50565,964,887,1077,2928,53493
04-03-2014,22,16456,17375,10377,3847,48055,876,788,948,2612,50667
04-03-2014,23,15642,16475,9864,3475,45456,819,711,874,2404,47860
05-03-2014,0,15008,15781,9504,3225,43518,788,671,833,2292,45810
05-03-2014,1,14639,15361,9277,3104,42381,776,658,816,2250,44631
05-03-2014,2,14530,15434,9211,3066,42241,770,647,811,2228,44469
05-03-2014,3,14606,15413,9240,3102,42361,773,654,815,2242,44603
05-03-2014,4,14840,15724,9621,3207,43392,817,695,879,2391,45783
05-03-2014,5,15359,16509,10542,3498,45908,932,812,1082,2826,48734
05-03-2014,6,16569,18194,10756,4212,49731,1039,912,1230,3181,52912
05-03-2014,7,18014,19891,10973,4775,53653,1145,1021,1352,3518,57171
05-03-2014,8,18416,20254,11005,5002,54677,1163,1074,1401,3638,58315
05-03-2014,9,18636,20152,11060,5035,54883,1140,1072,1401,3613,58496
05-03-2014,10,18446,20376,10993,5122,54937,1114,1054,1389,3557,58494
05-03-2014,11,17806,20363,10981,5140,54290,1081,1015,1364,3460,57750
05-03-2014,12,17820,20083,10821,5051,53775,1097,1037,1373,3507,57282
05-03-2014,13,17850,19997,10745,5047,53639,1083,1037,1367,3487,57126
05-03-2014,14,17832,19894,10673,4929,53328,1079,1028,1356,3463,56791
05-03-2014,15,17733,20124,10639,4745,53241,1060,1012,1330,3402,56643
05-03-2014,16,17835,19912,10751,4709,53207,1052,1001,1312,3365,56572
05-03-2014,17,18114,20439,11264,5017,54834,1117,1067,1379,3563,58397
05-03-2014,18,18165,20680,11471,5132,55448,1135,1073,1396,3604,59052
05-03-2014,19,17901,20353,11302,4898,54454,1095,1037,1346,3478,57932
05-03-2014,20,17547,19638,10779,4570,52534,1039,973,1249,3261,55795
05-03-2014,21,17247,18786,10810,4228,51071,956,874,1090,2920,53991
05-03-2014,22,16567,17582,10551,3901,48601,867,771,957,2595,51196
05-03-2014,23,15605,16657,10014,3514,45790,807,698,881,2386,48176
06-03-2014,0,14869,15922,9651,3240,43682,778,662,839,2279,45961
06-03-2014,1,14529,15681,9430,3106,42746,778,644,822,2244,44990
06-03-2014,2,14311,15377,9335,3035,42058,758,638,820,2216,44274
06-03-2014,3,14343,15456,9350,3073,42222,778,647,825,2250,44472
06-03-2014,4,14481,15649,9701,3184,43015,802,689,890,2381,45396
06-03-2014,5,14891,16299,10554,3453,45197,913,811,1091,2815,48012
06-03-2014,6,16163,18329,10792,4138,49422,1028,931,1235,3194,52616
06-03-2014,7,17794,19684,11024,4746,53248,1146,1041,1370,3557,56805
06-03-2014,8,18301,19752,11127,4982,54162,1185,1100,1423,3708,57870
06-03-2014,9,18036,19553,11104,4977,53670,1177,1107,1425,3709,57379
06-03-2014,10,17920,19596,11129,5086,53731,1161,1086,1411,3658,57389
06-03-2014,11,17738,19232,11032,5052,53054,1130,1045,1377,3552,56606
06-03-2014,12,17725,19434,10894,4934,52987,1135,1066,1383,3584,56571
06-03-2014,13,17624,18977,10767,4947,52315,1113,1060,1370,3543,55858
06-03-2014,14,17640,18730,10741,4834,51945,1110,1051,1348,3509,55454
06-03-2014,15,17625,18879,10667,4671,51842,1097,1043,1324,3464,55306
06-03-2014,16,17339,18755,10794,4630,51518,1083,1015,1314,3412,54930
06-03-2014,17,17447,19425,11224,4938,53034,1136,1062,1381,3579,56613
06-03-2014,18,17641,19851,11411,5136,54039,1147,1080,1401,3628,57667
06-03-2014,19,17574,19419,11202,4934,53129,1115,1045,1345,3505,56634
06-03-2014,20,17208,18844,10638,4573,51263,1059,981,1249,3289,54552
06-03-2014,21,16729,18060,10650,4253,49692,973,883,1095,2951,52643
06-03-2014,22,16151,16819,10392,3866,47228,894,779,973,2646,49874
06-03-2014,23,15496,15834,9888,3509,44727,828,711,893,2432,47159
07-03-2014,0,14944,15184,9545,3248,42921,798,670,849,2317,45238
07-03-2014,1,14623,15062,9316,3124,42125,779,653,830,2262,44387
07-03-2014,2,14293,14870,9084,3087,41334,770,647,827,2244,43578
07-03-2014,3,14321,14823,9179,3101,41424,776,659,830,2265,43689
07-03-2014,4,14342,14899,9565,3181,41987,812,698,897,2407,44394
07-03-2014,5,14869,15829,10517,3456,44671,916,806,1093,2815,47486
07-03-2014,6,15988,17482,10845,4144,48459,1027,918,1225,3170,51629
07-03-2014,7,17450,18968,11066,4750,52234,1134,1031,1356,3521,55755
07-03-2014,8,17899,19708,11208,4964,53779,1166,1080,1394,3640,57419
07-03-2014,9,17950,19514,11178,5011,53653,1157,1076,1382,3615,57268
07-03-2014,10,17815,19315,11163,5073,53366,1143,1060,1358,3561,56927
07-03-2014,11,17636,19041,11180,5017,52874,1112,1010,1325,3447,56321
07-03-2014,12,17539,18526,11029,4859,51953,1122,1026,1331,3479,55432
07-03-2014,13,17447,18336,10853,4747,51383,1100,1008,1310,3418,54801
07-03-2014,14,17258,17819,10694,4591,50362,1082,987,1281,3350,53712
07-03-2014,15,17416,17765,10690,4506,50377,1056,968,1250,3274,53651
07-03-2014,16,17454,17749,10802,4588,50593,1047,953,1255,3255,53848
07-03-2014,17,17177,18442,11222,4944,51785,1107,1012,1319,3438,55223
07-03-2014,18,17364,18672,11328,5059,52423,1123,1048,1347,3518,55941
07-03-2014,19,17272,18151,11067,4721,51211,1079,1012,1286,3377,54588
07-03-2014,20,16883,17385,10574,4314,49156,1028,943,1193,3164,52320
07-03-2014,21,16351,16760,10646,4073,47830,948,856,1062,2866,50696
07-03-2014,22,15776,16004,10345,3769,45894,877,769,946,2592,48486
07-03-2014,23,15278,15291,9852,3447,43868,814,702,863,2379,46247
08-03-2014,0,15049,14824,9453,3162,42488,777,668,811,2256,44744
08-03-2014,1,14682,14562,9222,2986,41452,759,641,776,2176,43628
08-03-2014,2,14573,14448,9096,2894,41011,750,632,765,2147,43158
08-03-2014,3,14550,14492,9103,2873,41018,750,624,756,2130,43148
08-03-2014,4,14759,14557,9235,2902,41453,764,641,778,2183,43636
08-03-2014,5,14670,14857,9536,2992,42055,796,683,842,2321,44376
08-03-2014,6,14546,15072,9434,3180,42232,831,724,909,2464,44696
08-03-2014,7,15079,15679,9672,3493,43923,915,814,1019,2748,46671
08-03-2014,8,15695,16251,9942,3804,45692,972,872,1098,2942,48634
08-03-2014,9,16283,16642,9937,3981,46843,991,896,1130,3017,49860
08-03-2014,10,16482,16403,9836,4026,46747,987,893,1133,3013,49760
08-03-2014,11,16108,16175,9802,3952,46037,976,880,1112,2968,49005
08-03-2014,12,15916,15937,9677,3852,45382,957,868,1092,2917,48299
08-03-2014,13,15928,15659,9626,3787,45000,938,858,1054,2850,47850
08-03-2014,14,15840,15505,9656,3689,44690,925,835,1030,2790,47480
08-03-2014,15,15842,15558,9736,3652,44788,919,827,1030,2776,47564
08-03-2014,16,16300,15841,9995,3698,45834,928,833,1050,2811,48645
08-03-2014,17,16916,16742,10603,4063,48324,995,894,1133,3022,51346
08-03-2014,18,17175,17631,10868,4414,50088,1029,946,1209,3184,53272
08-03-2014,19,16962,17224,10498,4187,48871,997,925,1173,3095,51966
08-03-2014,20,16458,16475,10124,3886,46943,954,878,1107,2939,49882
08-03-2014,21,15915,15654,10236,3636,45441,907,815,1003,2725,48166
08-03-2014,22,15570,15312,10082,3380,44344,841,744,906,2491,46835
08-03-2014,23,15229,14792,9719,3157,42897,787,684,837,2308,45205
09-03-2014,0,14670,14373,9325,2994,41362,764,652,793,2209,43571
09-03-2014,1,14362,14057,9118,2890,40427,746,630,771,2147,42574
09-03-2014,2,14129,13824,9022,2839,39814,733,617,761,2111,41925
09-03-2014,3,14045,13963,8964,2825,39797,728,616,761,2105,41902
09-03-2014,4,13946,13959,8989,2839,39733,741,634,779,2154,41887
09-03-2014,5,13953,14317,9076,2887,40233,751,654,822,2227,42460
09-03-2014,6,13995,14156,8776,3033,39960,760,678,864,2302,42262
09-03-2014,7,14193,14579,9009,3250,41031,829,745,947,2521,43552
09-03-2014,8,14705,15238,9276,3598,42817,893,814,1018,2725,45542
09-03-2014,9,15229,15691,9445,3794,44159,914,838,1044,2796,46955
09-03-2014,10,15743,15901,9492,3873,45009,910,836,1039,2785,47794
09-03-2014,11,15702,15843,9515,3863,44923,903,824,1027,2754,47677
09-03-2014,12,15236,15691,9432,3797,44156,894,811,1010,2715,46871
09-03-2014,13,15221,15323,9398,3686,43628,885,806,988,2679,46307
09-03-2014,14,15146,15182,9385,3636,43349,879,797,980,2656,46005
09-03-2014,15,15197,15246,9347,3584,43374,879,795,990,2664,46038
09-03-2014,16,15365,15371,9469,3676,43881,899,809,1024,2732,46613
09-03-2014,17,15673,15979,10075,3991,45718,963,886,1124,2973,48691
09-03-2014,18,16172,17288,10459,4314,48233,1017,953,1223,3193,51426
09-03-2014,19,15970,17260,10210,4218,47658,990,947,1182,3119,50777
09-03-2014,20,16102,16575,9758,3903,46338,930,891,1099,2920,49258
09-03-2014,21,15757,15920,9953,3636,45266,860,806,973,2639,47905
09-03-2014,22,15333,15221,9743,3331,43628,788,720,856,2364,45992
09-03-2014,23,14763,14454,9277,3071,41565,736,652,778,2166,43731
10-03-2014,0,14209,14222,8944,2911,40286,707,617,744,2068,42354
10-03-2014,1,13741,13857,8728,2815,39141,706,601,727,2034,41175
10-03-2014,2,13745,13844,8656,2804,39049,709,596,725,2030,41079
10-03-2014,3,13845,13865,8683,2818,39211,714,604,738,2056,41267
10-03-2014,4,13952,14082,9058,2889,39981,758,651,798,2207,42188
10-03-2014,5,14515,15137,9954,3156,42762,856,759,958,2573,45335
10-03-2014,6,16038,16784,10286,3844,46952,959,872,1064,2895,49847
10-03-2014,7,17664,18235,10575,4471,50945,1079,981,1174,3234,54179
10-03-2014,8,18128,18743,10642,4684,52197,1109,1026,1218,3353,55550
10-03-2014,9,17914,18842,10584,4688,52028,1105,1018,1211,3334,55362
10-03-2014,10,17729,18715,10599,4753,51796,1093,999,1190,3282,55078
10-03-2014,11,17373,18665,10497,4715,51250,1072,961,1162,3195,54445
10-03-2014,12,16893,18350,10399,4599,50241,1085,980,1162,3227,53468
10-03-2014,13,16689,18174,10375,4561,49799,1063,980,1143,3186,52985
10-03-2014,14,16552,18116,10327,4495,49490,1054,962,1114,3130,52620
10-03-2014,15,16419,17994,10139,4346,48898,1044,951,1100,3095,51993
10-03-2014,16,16424,18052,10205,4347,49028,1036,925,1104,3065,52093
10-03-2014,17,16567,18509,10553,4625,50254,1090,984,1167,3241,53495
10-03-2014,18,16995,19234,10810,4782,51821,1095,1037,1236,3368,55189
10-03-2014,19,17160,18832,10707,4708,51407,1076,1009,1185,3270,54677
10-03-2014,20,16958,18320,10119,4344,49741,1009,952,1088,3049,52790
10-03-2014,21,16687,17442,10018,4005,48152,929,857,958,2744,50896
10-03-2014,22,16058,16449,9763,3630,45900,839,754,858,2451,48351
10-03-2014,23,15378,15487,9255,3297,43417,778,690,799,2267,45684
11-03-2014,0,14720,14860,8957,3045,41582,751,654,759,2164,43746
11-03-2014,1,14304,14675,8750,2982,40711,745,636,738,2119,42830
11-03-2014,2,14195,14596,8716,2932,40439,730,633,733,2096,42535
11-03-2014,3,14320,14832,8789,2939,40880,729,637,735,2101,42981
11-03-2014,4,14574,15110,9152,3049,41885,769,679,763,2211,44096
11-03-2014,5,15298,15961,9952,3359,44570,875,776,807,2458,47028
11-03-2014,6,16719,17947,10254,3995,48915,993,886,865,2744,51659
11-03-2014,7,18299,19416,10524,4572,52811,1092,989,959,3040,55851
11-03-2014,8,18388,19631,10606,4744,53369,1110,1033,1024,3167,56536
11-03-2014,9,17868,19333,10481,4751,52433,1104,1030,1050,3184,55617
11-03-2014,10,17554,19118,10456,4812,51940,1094,1012,1041,3147,55087
11-03-2014,11,17027,18582,10437,4770,50816,1070,979,1021,3070,53886
11-03-2014,12,16737,18007,10299,4652,49695,1086,1003,1004,3093,52788
11-03-2014,13,16628,17582,10194,4651,49055,1068,999,984,3051,52106
11-03-2014,14,16639,17541,10119,4523,48822,1060,986,973,3019,51841
11-03-2014,15,16552,17480,9981,4341,48354,1037,968,977,2982,51336
11-03-2014,16,16554,17418,10004,4287,48263,1029,947,1001,2977,51240
11-03-2014,17,16674,18133,10398,4527,49732,1081,1014,1083,3178,52910
11-03-2014,18,17109,19011,10861,4689,51670,1122,1062,1193,3377,55047
11-03-2014,19,17260,18861,10757,4655,51533,1088,1032,1164,3284,54817
11-03-2014,20,16929,18131,10197,4362,49619,1031,968,1087,3086,52705
11-03-2014,21,16682,17713,10177,4090,48662,944,868,959,2771,51433
11-03-2014,22,16081,16733,9825,3725,46364,859,768,853,2480,48844
11-03-2014,23,15276,15749,9340,3360,43725,793,690,786,2269,45994
12-03-2014,0,14553,15245,9018,3158,41974,769,652,750,2171,44145
12-03-2014,1,14271,15165,8838,3044,41318,754,636,738,2128,43446
12-03-2014,2,14207,14863,8750,2990,40810,734,625,733,2092,42902
12-03-2014,3,14283,14918,8821,3019,41041,739,633,739,2111,43152
12-03-2014,4,14514,15277,9224,3124,42139,779,679,805,2263,44402
12-03-2014,5,15065,15854,10031,3413,44363,875,785,1002,2662,47025
12-03-2014,6,16421,17522,10211,4033,48187,998,893,1140,3031,51218
12-03-2014,7,17953,19194,10468,4604,52219,1090,991,1255,3336,55555
12-03-2014,8,18087,19227,10514,4781,52609,1109,1037,1290,3436,56045
12-03-2014,9,17455,19236,10354,4767,51812,1100,1040,1275,3415,55227
12-03-2014,10,17101,18859,10351,4829,51140,1083,1021,1254,3358,54498
12-03-2014,11,16690,18269,10349,4700,50008,1061,984,1218,3263,53271
12-03-2014,12,16521,17859,10242,4536,49158,1078,1010,1226,3314,52472
12-03-2014,13,16230,17630,10114,4590,48564,1071,995,1221,3287,51851
12-03-2014,14,16053,17242,10009,4555,47859,1060,978,1213,3251,51110
12-03-2014,15,15932,17172,9946,4367,47417,1037,959,1183,3179,50596
12-03-2014,16,15968,16882,9966,4320,47136,1029,939,1166,3134,50270
12-03-2014,17,16162,17597,10414,4571,48744,1065,988,1225,3278,52022
12-03-2014,18,16585,18489,10814,4732,50620,1106,1040,1319,3465,54085
12-03-2014,19,16921,18401,10641,4705,50668,1073,1009,1273,3355,54023
12-03-2014,20,16725,17870,10027,4383,49005,1021,951,1171,3143,52148
12-03-2014,21,16404,17098,10027,4093,47622,936,850,1013,2799,50421
12-03-2014,22,15910,16239,9773,3720,45642,849,749,890,2488,48130
12-03-2014,23,15113,15304,9232,3358,43007,785,677,815,2277,45284
13-03-2014,0,14515,14660,8891,3147,41213,764,649,779,2192,43405
13-03-2014,1,14276,14393,8691,3033,40393,754,634,762,2150,42543
13-03-2014,2,14171,14391,8606,2982,40150,748,626,757,2131,42281
13-03-2014,3,14357,14555,8719,3016,40647,746,630,768,2144,42791
13-03-2014,4,14546,14777,9113,3133,41569,774,672,828,2274,43843
13-03-2014,5,14992,15559,9841,3420,43812,876,774,1001,2651,46463
13-03-2014,6,16402,17098,10099,4026,47625,992,885,1129,3006,50631
13-03-2014,7,18057,18763,10325,4578,51723,1087,989,1234,3310,55033
13-03-2014,8,18038,18927,10402,4800,52167,1109,1035,1260,3404,55571
13-03-2014,9,17693,18595,10349,4769,51406,1091,1026,1245,3362,54768
13-03-2014,10,17559,18278,10286,4820,50943,1083,1011,1227,3321,54264
13-03-2014,11,17246,17763,10208,4744,49961,1064,973,1191,3228,53189
13-03-2014,12,17156,17310,10113,4632,49211,1066,991,1203,3260,52471
13-03-2014,13,16904,17081,9970,4639,48594,1060,979,1202,3241,51835
13-03-2014,14,16744,17064,9913,4559,48280,1045,967,1187,3199,51479
13-03-2014,15,16534,17009,9819,4363,47725,1017,949,1157,3123,50848
13-03-2014,16,16264,16990,9733,4297,47284,999,926,1140,3065,50349
13-03-2014,17,16467,17344,10170,4583,48564,1041,970,1201,3212,51776
13-03-2014,18,16858,18195,10530,4757,50340,1090,1031,1305,3426,53766
13-03-2014,19,17092,18232,10535,4699,50558,1061,1000,1266,3327,53885
13-03-2014,20,16860,17689,10051,4370,48970,996,934,1163,3093,52063
13-03-2014,21,16303,16780,10022,4046,47151,912,840,1004,2756,49907
13-03-2014,22,15708,15756,9677,3689,44830,831,735,878,2444,47274
13-03-2014,23,14973,14630,9255,3305,42163,754,662,804,2220,44383
14-03-2014,0,14489,14269,8910,3083,40751,726,624,768,2118,42869
14-03-2014,1,14311,13804,8686,2941,39742,711,605,749,2065,41807
14-03-2014,2,14290,13809,8611,2879,39589,699,596,741,2036,41625
14-03-2014,3,14339,13946,8720,2909,39914,704,605,750,2059,41973
14-03-2014,4,14577,14200,9122,2990,40889,740,647,813,2200,43089
14-03-2014,5,14996,15135,9818,3310,43259,840,750,993,2583,45842
14-03-2014,6,16217,16932,10218,3906,47273,954,861,1133,2948,50221
14-03-2014,7,17676,18595,10472,4450,51193,1055,964,1255,3274,54467
14-03-2014,8,18065,18926,10554,4642,52187,1074,1012,1280,3366,55553
14-03-2014,9,17757,18559,10463,4710,51489,1064,1012,1258,3334,54823
14-03-2014,10,17312,18349,10464,4785,50910,1057,994,1238,3289,54199
14-03-2014,11,17280,17772,10461,4730,50243,1039,952,1204,3195,53438
14-03-2014,12,17025,17457,10333,4600,49415,1064,967,1205,3236,52651
14-03-2014,13,17472,17097,10265,4503,49337,1056,949,1193,3198,52535
14-03-2014,14,17433,16873,10182,4328,48816,1040,931,1171,3142,51958
14-03-2014,15,17388,16884,10158,4202,48632,1018,912,1153,3083,51715
14-03-2014,16,17264,17045,10204,4274,48787,1007,905,1152,3064,51851
14-03-2014,17,17238,17778,10566,4634,50216,1049,943,1199,3191,53407
14-03-2014,18,17429,18107,11011,4824,51371,1086,993,1271,3350,54721
14-03-2014,19,17343,17782,10832,4611,50568,1040,960,1233,3233,53801
14-03-2014,20,16651,16936,10332,4302,48221,981,898,1146,3025,51246
14-03-2014,21,16452,16343,10374,4049,47218,906,810,1015,2731,49949
14-03-2014,22,15975,15787,10108,3779,45649,828,728,896,2452,48101
14-03-2014,23,15312,14965,9593,3545,43415,763,660,820,2243,45658
15-03-2014,0,14753,14348,9192,3335,41628,735,621,772,2128,43756
15-03-2014,1,14549,14149,9016,3219,40933,720,601,742,2063,42996
15-03-2014,2,14441,14025,9007,3171,40644,737,597,730,2064,42708
15-03-2014,3,14490,14073,9043,3164,40770,742,598,728,2068,42838
15-03-2014,4,14506,14434,9199,3152,41291,762,615,746,2123,43414
15-03-2014,5,14569,14841,9395,3186,41991,786,639,809,2234,44225
15-03-2014,6,14827,15029,9304,3352,42512,818,696,887,2401,44913
15-03-2014,7,15402,15690,9604,3614,44310,899,783,1004,2686,46996
15-03-2014,8,15948,16392,9805,3943,46088,946,847,1091,2884,48972
15-03-2014,9,16333,16966,9988,4134,47421,976,876,1133,2985,50406
15-03-2014,10,16487,17108,9982,4206,47783,983,876,1134,2993,50776
15-03-2014,11,16199,16902,9933,4121,47155,983,867,1129,2979,50134
15-03-2014,12,16021,16641,9845,4027,46534,979,867,1117,2963,49497
15-03-2014,13,15908,16462,9832,3942,46144,976,862,1093,2931,49075
15-03-2014,14,15766,16251,9864,3878,45759,976,857,1071,2904,48663
15-03-2014,15,15675,16225,9998,3826,45724,972,863,1065,2900,48624
15-03-2014,16,16010,16569,10299,3939,46817,986,878,1075,2939,49756
15-03-2014,17,16356,17331,10762,4351,48800,1023,916,1120,3059,51859
15-03-2014,18,16847,18002,11128,4550,50527,1047,945,1165,3157,53684
15-03-2014,19,17065,17748,10806,4316,49935,1015,925,1118,3058,52993
15-03-2014,20,16670,17142,10359,4013,48184,965,863,1042,2870,51054
15-03-2014,21,16211,16461,10535,3748,46955,894,782,939,2615,49570
15-03-2014,22,15697,15759,10381,3497,45334,836,710,847,2393,47727
15-03-2014,23,15296,15307,9977,3251,43831,790,658,781,2229,46060
16-03-2014,0,14950,14832,9591,3040,42413,765,620,745,2130,44543
16-03-2014,1,14740,14782,9321,2956,41799,746,606,722,2074,43873
16-03-2014,2,14554,14736,9187,2863,41340,737,597,712,2046,43386
16-03-2014,3,14582,14648,9168,2888,41286,741,603,714,2058,43344
16-03-2014,4,14616,14689,9289,2921,41515,755,622,744,2121,43636
16-03-2014,5,14655,14943,9191,3022,41811,758,639,780,2177,43988
16-03-2014,6,14801,14971,9070,3148,41990,789,673,834,2296,44286
16-03-2014,7,14969,15177,9334,3412,42892,868,733,920,2521,45413
16-03-2014,8,15462,15814,9547,3666,44489,925,799,991,2715,47204
16-03-2014,9,15849,16378,9647,3876,45750,950,830,1028,2808,48558
16-03-2014,10,15967,16362,9776,3981,46086,950,833,1036,2819,48905
16-03-2014,11,16040,16375,9734,4000,46149,949,829,1026,2804,48953
16-03-2014,12,15948,16296,9677,3932,45853,942,822,1023,2787,48640
16-03-2014,13,15967,15942,9636,3774,45319,938,813,1007,2758,48077
16-03-2014,14,16049,15961,9622,3742,45374,935,804,1002,2741,48115
16-03-2014,15,16133,15930,9670,3761,45494,942,805,1011,2758,48252
16-03-2014,16,16254,16414,9887,3885,46440,958,810,1035,2803,49243
16-03-2014,17,16408,17173,10219,4310,48110,1001,863,1097,2961,51071
16-03-2014,18,16835,18001,10884,4579,50299,1051,940,1223,3214,53513
16-03-2014,19,17020,17837,10786,4442,50085,1024,932,1195,3151,53236
16-03-2014,20,16926,17164,10431,4204,48725,976,884,1118,2978,51703
16-03-2014,21,16483,16458,10660,3961,47562,914,803,994,2711,50273
16-03-2014,22,15535,15848,10628,3643,45654,846,723,876,2445,48099
16-03-2014,23,15169,15128,10305,3359,43961,797,657,804,2258,46219
17-03-2014,0,14788,14949,10030,3181,42948,773,622,770,2165,45113
17-03-2014,1,14610,14827,9885,3007,42329,758,605,751,2114,44443
17-03-2014,2,14627,14739,9891,3004,42261,753,600,742,2095,44356
17-03-2014,3,14599,14805,10045,3086,42535,767,615,753,2135,44670
17-03-2014,4,14702,15028,10454,3177,43361,807,656,820,2283,45644
17-03-2014,5,15199,15845,11177,3426,45647,880,732,1008,2620,48267
17-03-2014,6,16400,17235,11624,4017,49276,1006,854,1164,3024,52300
17-03-2014,7,18117,18781,11755,4647,53300,1108,984,1306,3398,56698
17-03-2014,8,18377,19150,11732,4857,54116,1150,1057,1376,3583,57699
17-03-2014,9,18227,19331,11537,4885,53980,1150,1080,1379,3609,57589
17-03-2014,10,17953,19155,11355,4933,53396,1140,1062,1377,3579,56975
17-03-2014,11,17477,19083,11221,4894,52675,1115,1018,1339,3472,56147
17-03-2014,12,17343,18991,11147,4798,52279,1136,1043,1342,3521,55800
17-03-2014,13,17407,19005,11087,4800,52299,1119,1035,1315,3469,55768
17-03-2014,14,17298,19007,10968,4660,51933,1108,1024,1294,3426,55359
17-03-2014,15,16986,18891,10742,4525,51144,1083,997,1257,3337,54481
17-03-2014,16,16982,18909,10859,4518,51268,1066,969,1209,3244,54512
17-03-2014,17,17005,19258,11097,4818,52178,1093,1007,1226,3326,55504
17-03-2014,18,17446,19671,11698,4899,53714,1142,1057,1308,3507,57221
17-03-2014,19,17882,19598,11700,4826,54006,1113,1028,1277,3418,57424
17-03-2014,20,17654,18853,11166,4514,52187,1070,961,1184,3215,55402
17-03-2014,21,17224,18030,11286,4214,50754,992,864,1031,2887,53641
17-03-2014,22,16552,16881,11075,3810,48318,913,769,924,2606,50924
17-03-2014,23,15840,15914,10664,3456,45874,857,702,849,2408,48282
18-03-2014,0,15221,15219,10366,3212,44018,826,660,820,2306,46324
18-03-2014,1,14958,14999,10132,3074,43163,809,650,813,2272,45435
18-03-2014,2,14843,14939,10093,2944,42819,808,644,799,2251,45070
18-03-2014,3,14909,15140,10193,2944,43186,803,657,809,2269,45455
18-03-2014,4,15129,15317,10647,3065,44158,828,704,860,2392,46550
18-03-2014,5,15584,16161,11354,3387,46486,858,790,1016,2664,49150
18-03-2014,6,16896,17726,11488,4020,50130,1007,903,1161,3071,53201
18-03-2014,7,18593,19119,11704,4653,54069,1114,1016,1278,3408,57477
18-03-2014,8,18869,19575,11635,4872,54951,1141,1059,1320,3520,58471
18-03-2014,9,18537,19401,11403,4899,54240,1143,1054,1315,3512,57752
18-03-2014,10,18126,19347,11328,4993,53794,1136,1029,1310,3475,57269
18-03-2014,11,17690,19147,11251,4953,53041,1113,995,1287,3395,56436
18-03-2014,12,17549,18786,11219,4829,52383,1117,1014,1300,3431,55814
18-03-2014,13,17452,18866,11151,4853,52322,1104,1006,1298,3408,55730
18-03-2014,14,17468,18853,11098,4746,52165,1089,995,1292,3376,55541
18-03-2014,15,17365,18889,11015,4633,51902,1072,985,1271,3328,55230
18-03-2014,16,17603,18744,11041,4584,51972,1049,966,1255,3270,55242
18-03-2014,17,17655,19172,11259,4854,52940,1086,1003,1300,3389,56329
18-03-2014,18,17667,19822,11799,4903,54191,1119,1057,1350,3526,57717
18-03-2014,19,18003,19871,11703,4796,54373,1086,1030,1297,3413,57786
18-03-2014,20,17866,19202,11071,4459,52598,1033,960,1196,3189,55787
18-03-2014,21,17471,18567,11076,4094,51208,970,867,1035,2872,54080
18-03-2014,22,16793,17521,10872,3679,48865,910,780,900,2590,51455
18-03-2014,23,16046,16471,10452,3341,46310,872,705,829,2406,48716
19-03-2014,0,15300,15731,10129,3114,44274,838,669,790,2297,46571
19-03-2014,1,15088,15518,9944,2995,43545,825,648,769,2242,45787
19-03-2014,2,15006,15480,9943,2970,43399,804,641,770,2215,45614
19-03-2014,3,15125,15608,10044,2956,43733,803,653,781,2237,45970
19-03-2014,4,15114,15711,10477,3051,44353,836,696,848,2380,46733
19-03-2014,5,15541,16565,11109,3324,46539,887,774,1021,2682,49221
19-03-2014,6,17163,18185,11382,3838,50568,1008,890,1176,3074,53642
19-03-2014,7,19010,19869,11581,4490,54950,1125,1014,1318,3457,58407
19-03-2014,8,19447,20521,11580,4754,56302,1160,1071,1366,3597,59899
19-03-2014,9,19040,20289,11511,4842,55682,1164,1085,1357,3606,59288
19-03-2014,10,18863,20134,11387,4975,55359,1152,1064,1336,3552,58911
19-03-2014,11,18650,19808,11296,5005,54759,1123,1024,1300,3447,58206
19-03-2014,12,18502,19768,11261,4964,54495,1147,1046,1304,3497,57992
19-03-2014,13,18251,19645,11107,4960,53963,1133,1028,1301,3462,57425
19-03-2014,14,18154,19667,11114,4890,53825,1129,1011,1283,3423,57248
19-03-2014,15,17982,19598,11081,4776,53437,1107,998,1249,3354,56791
19-03-2014,16,17789,19456,11123,4748,53116,1084,980,1237,3301,56417
19-03-2014,17,17810,19892,11355,4922,53979,1115,1028,1270,3413,57392
19-03-2014,18,17971,20397,12011,4964,55343,1158,1067,1323,3548,58891
19-03-2014,19,18169,20231,11919,4880,55199,1110,1045,1277,3432,58631
19-03-2014,20,17941,19609,11369,4583,53502,1068,986,1179,3233,56735
19-03-2014,21,17474,18811,11417,4264,51966,965,893,1018,2876,54842
19-03-2014,22,16785,17783,11292,3909,49769,895,791,893,2579,52348
19-03-2014,23,16051,16768,10856,3541,47216,838,717,824,2379,49595
20-03-2014,0,15329,16041,10543,3309,45222,816,677,786,2279,47501
20-03-2014,1,14972,15835,10339,3173,44319,805,651,763,2219,46538
20-03-2014,2,14907,15602,10354,3126,43989,801,642,756,2199,46188
20-03-2014,3,14841,15646,10543,3064,44094,812,656,760,2228,46322
20-03-2014,4,14959,15668,10958,3115,44700,840,699,823,2362,47062
20-03-2014,5,15475,16449,11538,3367,46829,904,778,984,2666,49495
20-03-2014,6,16623,17977,11705,3961,50266,1025,892,1143,3060,53326
20-03-2014,7,17990,19395,11801,4561,53747,1122,1014,1283,3419,57166
20-03-2014,8,18420,19666,11798,4793,54677,1143,1057,1331,3531,58208
20-03-2014,9,18287,19713,11560,4801,54361,1136,1059,1320,3515,57876
20-03-2014,10,18227,19660,11406,4917,54210,1132,1039,1298,3469,57679
20-03-2014,11,17845,19458,11299,4862,53464,1120,990,1265,3375,56839
20-03-2014,12,17664,19169,11208,4746,52787,1127,1004,1277,3408,56195
20-03-2014,13,17718,18954,11110,4725,52507,1114,995,1274,3383,55890
20-03-2014,14,17612,18566,11105,4594,51877,1103,984,1265,3352,55229
20-03-2014,15,17519,18406,11080,4419,51424,1083,972,1242,3297,54721
20-03-2014,16,17597,18245,11215,4348,51405,1087,954,1213,3254,54659
20-03-2014,17,17601,18499,11378,4582,52060,1121,982,1253,3356,55416
20-03-2014,18,17750,18976,11840,4694,53260,1158,1026,1320,3504,56764
20-03-2014,19,17882,18879,11739,4722,53222,1132,990,1276,3398,56620
20-03-2014,20,17606,18208,11189,4480,51483,1060,923,1182,3165,54648
20-03-2014,21,17138,17354,11113,4173,49778,980,825,1025,2830,52608
20-03-2014,22,16432,16388,10851,3835,47506,885,738,897,2520,50026
20-03-2014,23,15561,15376,10292,3474,44703,813,671,815,2299,47002
21-03-2014,0,15091,14587,9908,3236,42822,790,641,781,2212,45034
21-03-2014,1,14647,14337,9728,3099,41811,776,622,763,2161,43972
21-03-2014,2,14413,14029,9584,3047,41073,765,613,758,2136,43209
21-03-2014,3,14197,14166,9577,3046,40986,773,629,765,2167,43153
21-03-2014,4,14454,14260,9875,3125,41714,795,667,823,2285,43999
21-03-2014,5,14968,14764,10513,3343,43588,861,736,967,2564,46152
21-03-2014,6,16000,16296,10833,3824,46953,974,840,1099,2913,49866
21-03-2014,7,17647,18216,11145,4397,51405,1081,950,1199,3230,54635
21-03-2014,8,17861,18276,11280,4633,52050,1106,1010,1228,3344,55394
21-03-2014,9,17532,18186,11265,4715,51698,1113,1011,1218,3342,55040
21-03-2014,10,17277,18054,11208,4788,51327,1109,988,1200,3297,54624
21-03-2014,11,16995,18075,11006,4725,50801,1100,958,1174,3232,54033
21-03-2014,12,16689,17485,10878,4531,49583,1115,978,1185,3278,52861
21-03-2014,13,16405,17030,10683,4458,48576,1097,972,1176,3245,51821
21-03-2014,14,16397,16936,10642,4317,48292,1077,962,1159,3198,51490
21-03-2014,15,16279,16543,10544,4228,47594,1043,948,1139,3130,50724
21-03-2014,16,16198,16927,10514,4307,47946,1023,939,1141,3103,51049
21-03-2014,17,16292,17184,10712,4572,48760,1028,961,1162,3151,51911
21-03-2014,18,16661,17818,11257,4626,50362,1088,1009,1262,3359,53721
21-03-2014,19,17117,17470,11143,4534,50264,1053,987,1229,3269,53533
21-03-2014,20,16640,16484,10616,4183,47923,996,921,1136,3053,50976
21-03-2014,21,16147,15836,10631,3889,46503,927,837,1002,2766,49269
21-03-2014,22,15660,15011,10343,3576,44590,846,754,886,2486,47076
21-03-2014,23,15198,14384,9828,3322,42732,781,691,808,2280,45012
22-03-2014,0,14703,13706,9432,3079,40920,750,653,758,2161,43081
22-03-2014,1,14355,13624,9211,2905,40095,733,628,735,2096,42191
22-03-2014,2,14275,13434,9107,2850,39666,725,612,722,2059,41725
22-03-2014,3,14216,13464,9067,2797,39544,733,609,721,2063,41607
22-03-2014,4,14357,13576,9167,2793,39893,737,617,749,2103,41996
22-03-2014,5,14395,13636,9130,2847,40008,742,631,789,2162,42170
22-03-2014,6,14695,13866,9224,2964,40749,798,694,889,2381,43130
22-03-2014,7,15110,14686,9426,3283,42505,877,776,999,2652,45157
22-03-2014,8,15613,15350,9569,3600,44132,921,832,1074,2827,46959
22-03-2014,9,16162,15639,9529,3818,45148,940,855,1093,2888,48036
22-03-2014,10,16448,15610,9486,3915,45459,935,852,1090,2877,48336
22-03-2014,11,16228,15694,9386,3900,45208,925,839,1072,2836,48044
22-03-2014,12,16341,15408,9330,3812,44891,917,828,1054,2799,47690
22-03-2014,13,16344,15163,9242,3768,44517,905,821,1032,2758,47275
22-03-2014,14,16261,15019,9265,3688,44233,891,804,1021,2716,46949
22-03-2014,15,16252,15094,9401,3699,44446,889,800,1020,2709,47155
22-03-2014,16,16182,15505,9617,3767,45071,892,801,1027,2720,47791
22-03-2014,17,16371,16201,9915,4083,46570,913,830,1066,2809,49379
22-03-2014,18,16769,16857,10511,4171,48308,982,901,1165,3048,51356
22-03-2014,19,16992,16715,10278,4127,48112,964,891,1133,2988,51100
22-03-2014,20,16526,16446,9851,3834,46657,932,842,1051,2825,49482
22-03-2014,21,15975,15822,10018,3566,45381,873,774,940,2587,47968
22-03-2014,22,15459,15270,9872,3331,43932,823,700,839,2362,46294
22-03-2014,23,15070,14686,9464,3073,42293,762,642,769,2173,44466
23-03-2014,0,14602,13989,9110,2865,40566,733,612,729,2074,42640
23-03-2014,1,14434,13816,8845,2770,39865,711,593,710,2014,41879
23-03-2014,2,14398,13781,8767,2735,39681,703,587,701,1991,41672
23-03-2014,3,14486,13794,8769,2747,39796,704,589,707,2000,41796
23-03-2014,4,14536,13831,8825,2774,39966,719,604,732,2055,42021
23-03-2014,5,14615,13850,8739,2827,40031,709,606,752,2067,42098
23-03-2014,6,14562,13776,8697,2932,39967,752,655,815,2222,42189
23-03-2014,7,14860,14381,8907,3203,41351,832,729,907,2468,43819
23-03-2014,8,15298,14930,9103,3458,42789,890,793,980,2663,45452
23-03-2014,9,15809,15300,9314,3632,44055,912,819,1007,2738,46793
23-03-2014,10,15943,15691,9484,3758,44876,914,830,1011,2755,47631
23-03-2014,11,15908,15674,9535,3816,44933,912,827,1009,2748,47681
23-03-2014,12,15638,15459,9503,3773,44373,913,826,1010,2749,47122
23-03-2014,13,15400,15504,9426,3649,43979,902,827,1006,2735,46714
23-03-2014,14,15251,15340,9495,3537,43623,902,813,1005,2720,46343
23-03-2014,15,15091,15292,9536,3500,43419,908,812,1014,2734,46153
23-03-2014,16,15148,15546,9623,3619,43936,917,815,1041,2773,46709
23-03-2014,17,15408,16105,9767,3999,45279,944,848,1091,2883,48162
23-03-2014,18,15788,16935,10277,4170,47170,1013,936,1198,3147,50317
23-03-2014,19,16579,17399,10169,4228,48375,993,939,1176,3108,51483
23-03-2014,20,16618,16785,9768,3987,47158,949,884,1093,2926,50084
23-03-2014,21,16405,16144,9946,3700,46195,877,800,962,2639,48834
23-03-2014,22,15869,15573,9808,3408,44658,809,710,,,
23-03-2014,23,15292,14876,9372,3119,42659,758,650,772,2180,44839
24-03-2014,0,14785,14502,9036,2958,41281,730,624,735,2089,43370
24-03-2014,1,14499,14505,8763,2878,40645,713,610,719,2042,42687
24-03-2014,2,14376,14531,8744,2843,40494,711,596,715,2022,42516
24-03-2014,3,14513,14679,8780,2876,40848,721,604,726,2051,42899
24-03-2014,4,14794,15119,9107,2964,41984,757,638,791,2186,44170
24-03-2014,5,15268,15792,9759,3277,44096,851,729,971,2551,46647
24-03-2014,6,16686,17409,10283,3841,48219,982,868,1135,2985,51204
24-03-2014,7,18314,19089,10515,4454,52372,1101,993,1275,3369,55741
24-03-2014,8,18839,19378,10532,4680,53429,1137,1054,1333,3524,56953
24-03-2014,9,18060,18938,10368,4698,52064,1133,1064,1339,3536,55600
24-03-2014,10,17645,18754,10293,4749,51441,1125,1050,1328,3503,54944
24-03-2014,11,17268,18527,10225,4719,50739,1097,1021,1293,3411,54150
24-03-2014,12,17017,18298,10066,4521,49902,1108,1043,1302,3453,53355
24-03-2014,13,16487,18108,9926,4656,49177,1090,1037,1284,3411,52588
24-03-2014,14,16325,17635,9817,4572,48349,1081,1028,1273,3382,51731
24-03-2014,15,16122,17472,9678,4405,47677,1055,1009,1246,3310,50987
24-03-2014,16,15963,17286,9623,4347,47219,1036,986,1218,3240,50459
24-03-2014,17,16029,17598,9688,4620,47935,1047,1004,1241,3292,51227
24-03-2014,18,16380,18245,10338,4634,49597,1093,1041,1299,3433,53030
24-03-2014,19,16994,18680,10407,4698,50779,1065,1020,1266,3351,54130
24-03-2014,20,17039,18373,9908,4416,49736,1000,951,1168,3119,52855
24-03-2014,21,16802,17704,9909,4109,48524,928,852,1007,2787,51311
24-03-2014,22,16090,16652,9695,3719,46156,843,748,881,2472,48628
24-03-2014,23,15284,15805,9244,3356,43689,781,681,801,2263,45952
25-03-2014,0,14603,14931,8881,3140,41555,760,645,765,2170,43725
25-03-2014,1,14476,14715,8660,3036,40887,742,633,740,2115,43002
25-03-2014,2,14532,14666,8666,2991,40855,741,625,732,2098,42953
25-03-2014,3,14622,14873,8795,3002,41292,751,633,747,2131,43423
25-03-2014,4,14849,15125,9169,3092,42235,779,673,802,2254,44489
25-03-2014,5,15372,15427,9870,3362,44031,870,766,959,2595,46626
25-03-2014,6,16639,17611,10355,3896,48501,1002,901,1115,3018,51519
25-03-2014,7,18068,18905,10520,4523,52016,1111,1022,1245,3378,55394
25-03-2014,8,18194,19360,10466,4727,52747,1139,1072,1291,3502,56249
25-03-2014,9,17563,18968,10375,4717,51623,1143,1065,1292,3500,55123
25-03-2014,10,16896,18658,10304,4782,50640,1141,1047,1298,3486,54126
25-03-2014,11,16695,18237,10139,4737,49808,1112,1014,1282,3408,53216
25-03-2014,12,16572,18073,9993,4646,49284,1133,1045,1305,3483,52767
25-03-2014,13,16222,17942,9870,4652,48686,1125,1038,1293,3456,52142
25-03-2014,14,16132,18045,9748,4532,48457,1122,1030,1278,3430,51887
25-03-2014,15,15860,18112,9711,4395,48078,1103,1017,1244,3364,51442
25-03-2014,16,15837,17984,9751,4396,47968,1084,991,1209,3284,51252
25-03-2014,17,15833,18437,9926,4767,48963,1091,1018,1235,3344,52307
25-03-2014,18,16126,18863,10465,4754,50208,1114,1050,1315,3479,53687
25-03-2014,19,16892,18790,10526,4695,50903,1082,1029,1286,3397,54300
25-03-2014,20,16934,18425,10005,4377,49741,1022,957,1192,3171,52912
25-03-2014,21,16600,17600,10031,4108,48339,936,852,1030,2818,51157
25-03-2014,22,15791,16514,9816,3732,45853,856,745,905,2506,48359
25-03-2014,23,15029,15666,9329,3418,43442,791,680,830,2301,45743
26-03-2014,0,14527,15141,9015,3196,41879,764,643,788,2195,44074
26-03-2014,1,14404,14783,8793,3072,41052,752,630,769,2151,43203
26-03-2014,2,14360,14709,8814,3042,40925,745,623,765,2133,43058
26-03-2014,3,14471,14845,8980,3019,41315,749,629,773,2151,43466
26-03-2014,4,14539,15114,9358,3128,42139,774,654,838,2266,44405
26-03-2014,5,15032,15849,10016,3378,44275,862,747,1009,2618,46893
26-03-2014,6,16281,17489,10448,3922,48140,994,868,1168,3030,51170
26-03-2014,7,17883,19317,10513,4607,52320,1087,976,1305,3368,55688
26-03-2014,8,18344,19842,10488,4838,53512,1103,1021,1351,3475,56987
26-03-2014,9,18132,19676,10231,4878,52917,1098,1022,1345,3465,56382
26-03-2014,10,17818,19950,10244,4989,53001,1089,1004,1326,3419,56420
26-03-2014,11,17556,19793,10101,4952,52402,1066,973,1298,3337,55739
26-03-2014,12,17326,19621,9898,4869,51714,1083,1005,1307,3395,55109
26-03-2014,13,17140,19420,9764,4894,51218,1070,994,1288,3352,54570
26-03-2014,14,17153,19045,9729,4803,50730,1055,982,1264,3301,54031
26-03-2014,15,17070,18810,9615,4610,50105,1022,967,1228,3217,53322
26-03-2014,16,17173,18783,9684,4593,50233,1005,939,1196,3140,53373
26-03-2014,17,17126,19068,9852,4811,50857,1015,956,1219,3190,54047
26-03-2014,18,17072,19498,10489,4762,51821,1081,1019,1297,3397,55218
26-03-2014,19,17526,19928,10681,4804,52939,1069,1014,1279,3362,56301
26-03-2014,20,17340,19273,10124,4540,51277,1021,942,1179,3142,54419
26-03-2014,21,16874,18365,10158,4197,49594,934,840,1019,2793,52387
26-03-2014,22,16153,17235,9899,3814,47101,851,741,884,2476,49577
26-03-2014,23,15414,16252,9403,3451,44520,785,668,805,2258,46778
27-03-2014,0,14626,15374,9162,3184,42346,750,630,766,2146,44492
27-03-2014,1,14304,15131,8970,3051,41456,737,616,749,2102,43558
27-03-2014,2,14326,15127,8910,3005,41368,740,605,747,2092,43460
27-03-2014,3,14363,15375,8996,3032,41766,750,612,755,2117,43883
27-03-2014,4,14520,15392,9322,3106,42340,768,648,815,2231,44571
27-03-2014,5,15013,15932,10007,3411,44363,864,729,973,2566,46929
27-03-2014,6,16229,17545,10489,3990,48253,1008,857,1124,2989,51242
27-03-2014,7,17842,19319,10631,4594,52386,1092,967,1235,3294,55680
27-03-2014,8,18040,19526,10620,4840,53026,1114,1019,1268,3401,56427
27-03-2014,9,17712,18990,10499,4831,52032,1106,1017,1250,3373,55405
27-03-2014,10,17369,18951,10342,4922,51584,1089,999,1221,3309,54893
27-03-2014,11,17235,18830,10274,4873,51212,1062,956,1193,3211,54423
27-03-2014,12,16954,18457,10117,4822,50350,1087,983,1206,3276,53626
27-03-2014,13,16792,18341,9926,4832,49891,1070,972,1201,3243,53134
27-03-2014,14,16589,18154,9779,4725,49247,1061,956,1197,3214,52461
27-03-2014,15,16578,18175,9721,4571,49045,1027,941,1166,3134,52179
27-03-2014,16,16554,17931,9731,4559,48775,1012,915,1146,3073,51848
27-03-2014,17,16636,18417,9788,4826,49667,1003,930,1163,3096,52763
27-03-2014,18,16668,18774,10317,4803,50562,1069,1003,1271,3343,53905
27-03-2014,19,17111,18846,10460,4792,51209,1067,996,1275,3338,54547
27-03-2014,20,16764,18286,9959,4507,49516,1016,939,1175,3130,52646
27-03-2014,21,16283,17590,9991,4185,48049,925,831,1016,2772,50821
27-03-2014,22,15717,16313,9746,3788,45564,839,728,886,2453,48017
27-03-2014,23,14904,15291,9326,3391,42912,770,657,809,2236,45148
28-03-2014,0,14195,14697,8991,3177,41060,754,621,774,2149,43209
28-03-2014,1,13866,14556,8829,3078,40329,737,607,755,2099,42428
28-03-2014,2,13719,14414,8841,3016,39990,724,600,747,2071,42061
28-03-2014,3,13805,14671,9006,3017,40499,740,609,757,2106,42605
28-03-2014,4,14015,14802,9311,3114,41242,762,641,809,2212,43454
28-03-2014,5,14385,15470,10023,3371,43249,852,729,952,2533,45782
28-03-2014,6,15679,17173,10501,3923,47276,985,852,1101,2938,50214
28-03-2014,7,17024,18995,10697,4563,51279,1071,,1217,,
28-03-2014,8,17336,19149,10697,4851,52033,1083,1009,1242,3334,55367
28-03-2014,9,16877,18697,10574,4856,51004,1069,1004,1228,3301,54305
28-03-2014,10,16526,18001,10513,4885,49925,1054,978,1212,3244,53169
28-03-2014,11,16202,17563,10390,4822,48977,1032,953,1184,3169,52146
28-03-2014,12,15744,16922,10254,4631,47551,1055,961,1198,3214,50765
28-03-2014,13,15376,16358,10088,4489,46311,1043,948,1155,3146,49457
28-03-2014,14,15087,16006,9981,4272,45346,1033,930,1136,3099,48445
28-03-2014,15,14875,15812,9933,4121,44741,1000,903,1109,3012,47753
28-03-2014,16,14726,15529,9959,4132,44346,990,877,1105,2972,47318
28-03-2014,17,14619,16146,10039,4364,45168,994,891,1112,2997,48165
28-03-2014,18,14968,16481,10590,4416,46455,1048,954,1206,3208,49663
28-03-2014,19,15614,16857,10678,4429,47578,1041,964,1216,3221,50799
28-03-2014,20,15298,15990,10222,4106,45616,985,896,1128,3009,48625
28-03-2014,21,14904,15391,10252,3840,44387,904,810,993,2707,47094
28-03-2014,22,14636,14973,10002,3601,43212,838,717,884,2439,45651
28-03-2014,23,14198,14392,9507,3333,41430,780,650,813,2243,43673
29-03-2014,0,13856,14144,9158,3094,40252,754,614,767,2135,42387
29-03-2014,1,13573,13977,8905,2921,39376,734,596,746,2076,41452
29-03-2014,2,13458,13953,8736,2842,38989,735,587,735,2057,41046
29-03-2014,3,13607,14004,8813,2828,39252,733,594,735,2062,41314
29-03-2014,4,13701,14095,8871,2874,39541,734,605,752,2091,41632
29-03-2014,5,13735,14080,8903,2923,39641,750,624,796,2170,41811
29-03-2014,6,13889,14163,8987,3044,40083,806,696,899,2401,42484
29-03-2014,7,14407,14673,9175,3362,41617,878,787,990,2655,44272
29-03-2014,8,14974,15395,9376,3688,43433,924,846,1043,2813,46246
29-03-2014,9,15114,15648,9380,3840,43982,934,862,1055,2851,46833
29-03-2014,10,14976,15587,9250,3886,43699,929,846,1052,2827,46526
29-03-2014,11,14737,15203,9167,3794,42901,912,829,1038,2779,45680
29-03-2014,12,14336,14653,9122,3680,41791,909,818,1022,2749,44540
29-03-2014,13,13998,14246,9063,3563,40870,891,804,993,2688,43558
29-03-2014,14,13796,13943,9032,3483,40254,882,787,977,2646,42900
29-03-2014,15,13713,13803,9076,3468,40060,876,781,980,2637,42697
29-03-2014,16,13952,14158,9340,3535,40985,884,782,994,2660,43645
29-03-2014,17,14054,14468,9685,3891,42098,896,796,1018,2710,44808
29-03-2014,18,14327,15002,10124,4010,43463,959,877,1128,2964,46427
29-03-2014,19,15094,15481,10094,4018,44687,970,898,1150,3018,47705
29-03-2014,20,14770,14980,9615,3810,43175,920,847,1077,2844,46019
29-03-2014,21,14457,14513,9728,3563,42261,852,770,969,2591,44852
29-03-2014,22,14258,14214,9545,3314,41331,792,697,867,2356,43687
29-03-2014,23,13810,13693,9130,3067,39700,746,638,791,2175,41875
30-03-2014,0,13512,13418,8780,2863,38573,720,607,750,2077,40650
30-03-2014,1,13266,13224,8596,2715,37801,707,579,733,2019,39820
30-03-2014,2,,13953,,,,735,,,,
30-03-2014,3,13060,13125,8609,2682,37476,709,578,728,2015,39491
30-03-2014,4,13171,13399,8676,2666,37912,717,591,743,2051,39963
30-03-2014,5,13445,13531,8732,2724,38432,727,602,770,2099,40531
30-03-2014,6,13394,13590,8528,2839,38351,741,622,797,2160,40511
30-03-2014,7,13208,14011,8690,2995,38904,797,687,870,2354,41258
30-03-2014,8,14068,14231,8901,3319,40519,857,760,955,2572,43091
30-03-2014,9,14339,14863,9055,3571,41828,894,805,997,2696,44524
30-03-2014,10,14443,14977,9096,3645,42161,894,810,1007,2711,44872
30-03-2014,11,14491,14897,8987,3646,42021,880,803,999,2682,44703
30-03-2014,12,14215,14808,8934,3595,41552,880,789,990,2659,44211
30-03-2014,13,14052,14538,8877,3513,40980,872,774,974,2620,43600
30-03-2014,14,13853,14275,8843,3451,40422,859,762,955,2576,42998
30-03-2014,15,13715,14195,8896,3390,40196,853,758,947,2558,42754
30-03-2014,16,13684,14272,9043,3447,40446,855,765,963,2583,43029
30-03-2014,17,13890,14605,9143,3763,41401,859,781,987,2627,44028
30-03-2014,18,14067,15191,9431,3879,42568,877,808,1026,2711,45279
30-03-2014,19,14449,15680,9808,3821,43758,945,887,1140,2972,46730
30-03-2014,20,15117,16395,9688,3901,45101,941,890,1142,2973,48074
30-03-2014,21,15170,15778,9756,3721,44425,868,807,1020,2695,47120
30-03-2014,22,14758,14998,9693,3413,42862,792,718,880,2390,45252
30-03-2014,23,14086,14099,9343,3135,40663,737,644,788,2169,42832
31-03-2014,0,13552,13777,9048,2941,39318,702,597,741,2040,41358
31-03-2014,1,13266,13690,8881,2832,38669,681,577,719,1977,40646
31-03-2014,2,13150,13662,8817,2791,38420,680,571,712,1963,40383
31-03-2014,3,13062,13750,8924,2792,38528,696,580,723,1999,40527
31-03-2014,4,13385,14161,9336,2898,39780,731,625,786,2142,41922
31-03-2014,5,14008,14842,10109,3197,42156,831,727,993,2551,44707
31-03-2014,6,15124,16510,10467,3827,45928,950,846,1137,2933,48861
31-03-2014,7,16614,18361,10605,4407,49987,1068,971,1256,3295,53282
31-03-2014,8,17314,19018,10704,4683,51719,1111,1030,1304,3445,55164
31-03-2014,9,17199,18718,10594,4701,51212,1120,1048,1305,3473,54685
31-03-2014,10,16800,18481,10510,4768,50559,1116,1034,1303,3453,54012
31-03-2014,11,16348,18345,10484,4738,49915,1090,993,1280,3363,53278
31-03-2014,12,15937,18037,10272,4642,48888,1110,1010,1295,3415,52303
31-03-2014,13,15832,17740,10154,4632,48358,1101,1000,1282,3383,51741
31-03-2014,14,15504,17635,9964,4525,47628,1078,988,1269,3335,50963
31-03-2014,15,15437,17565,9857,4321,47180,1049,964,1234,3247,50427
31-03-2014,16,15219,17271,9841,4241,46572,1021,920,1201,3142,49714
31-03-2014,17,15051,17099,9808,4467,46425,1001,903,1202,3106,49531
31-03-2014,18,15081,17127,10008,4415,46631,1003,900,1203,3106,49737
31-03-2014,19,15347,17775,10397,4325,47844,1046,964,1270,3280,51124
31-03-2014,20,15970,18364,10206,4300,48840,1042,954,1230,3226,52066
31-03-2014,21,15968,17584,10185,4076,47813,965,862,1079,2906,50719
31-03-2014,22,15414,16472,10056,3706,45648,862,752,,,
31-03-2014,23,14679,15527,9602,3330,43138,811,665,866,2342,45480
01-04-2014,0,14152,14779,9273,3144,41348,775,619,831,2225,43573
01-04-2014,1,13826,14491,9085,3002,40404,748,609,815,2172,42576
01-04-2014,2,13748,14385,9010,2948,40091,751,602,814,2167,42258
01-04-2014,3,13764,14320,9017,2938,40039,765,613,820,2198,42237
01-04-2014,4,13966,14463,9420,3027,40876,799,653,877,2329,43205
01-04-2014,5,14387,15556,10199,3287,43429,900,757,1059,2716,46145
01-04-2014,6,15707,17345,10473,3915,47440,1015,866,1190,3071,50511
01-04-2014,7,17155,18815,10581,4456,51007,1100,972,1301,3373,54380
01-04-2014,8,17354,19232,10506,4733,51825,1123,1018,1335,3476,55301
01-04-2014,9,17260,19021,10403,,,1114,1014,1320,3448,
01-04-2014,10,16733,18886,10432,4896,50947,1109,1007,1298,3414,54361
01-04-2014,11,16234,18536,10424,4852,50046,1102,972,1270,3344,53390
01-04-2014,12,15995,18266,10393,4731,49385,1129,989,1280,3398,52783
01-04-2014,13,15724,17863,10295,4766,48648,1116,990,1264,3370,52018
01-04-2014,14,15534,17475,10208,4687,47904,1112,973,1247,3332,51236
01-04-2014,15,15520,17454,10053,4489,47516,1079,951,1216,3246,50762
01-04-2014,16,15456,17165,10121,4413,47155,1055,922,1190,3167,50322
01-04-2014,17,15374,17368,10135,4629,47506,1036,908,1188,3132,50638
01-04-2014,18,15227,17274,10283,4511,47295,1034,910,1193,3137,50432
01-04-2014,19,15418,17727,10633,4367,48145,1071,970,1276,3317,51462
01-04-2014,20,16092,18324,10461,4394,49271,1048,960,1253,3261,52532
01-04-2014,21,15881,17802,10272,4189,48144,959,868,1119,2946,51090
01-04-2014,22,15234,16603,10057,3800,45694,873,763,978,2614,48308
01-04-2014,23,14613,15571,9593,3418,43195,818,686,891,2395,45590
02-04-2014,0,14036,14892,9225,3192,41345,784,636,851,2271,43616
02-04-2014,1,13814,14779,8986,3037,40616,769,624,830,2223,42839
02-04-2014,2,13690,14738,8859,2968,40255,766,617,825,2208,42463
02-04-2014,3,13730,14818,9049,2967,40564,771,619,834,2224,42788
02-04-2014,4,13927,15103,9420,3060,41510,814,660,889,2363,43873
02-04-2014,5,14443,15938,10177,3323,43881,909,760,1065,2734,46615
02-04-2014,6,15721,17667,10472,3935,47795,1022,870,1199,3091,50886
02-04-2014,7,17284,19150,10570,4447,51451,1116,984,1321,3421,54872
02-04-2014,8,17567,19249,10666,4684,52166,1136,1041,1366,3543,55709
02-04-2014,9,17269,18648,10552,4719,51188,1134,1048,1375,3557,54745
02-04-2014,10,16984,18427,10469,4800,50680,1113,1034,1363,3510,54190
02-04-2014,11,16483,18000,10453,4792,49728,1097,993,1331,3421,53149
02-04-2014,12,16150,17420,10283,4748,48601,1126,1009,1331,3466,52067
02-04-2014,13,15820,17036,10134,4763,47753,1106,1005,1303,3414,51167
02-04-2014,14,15771,16810,10006,4715,47302,1088,978,1283,3349,50651
02-04-2014,15,15786,16840,9893,4549,47068,1050,953,1246,3249,50317
02-04-2014,16,15764,16837,9907,4521,47029,1029,918,1217,3164,50193
02-04-2014,17,15671,17202,9955,4764,47592,1012,905,1216,3133,50725
02-04-2014,18,15612,17223,10148,4620,47603,1005,896,1216,3117,50720
02-04-2014,19,15695,17479,10475,4429,48078,1046,955,1303,3304,51382
02-04-2014,20,16192,17983,10228,4415,48818,1036,955,1295,3286,52104
02-04-2014,21,16032,17266,10082,4156,47536,951,868,1137,2956,50492
02-04-2014,22,15521,16304,9921,3794,45540,857,762,993,2612,48152
02-04-2014,23,14810,15410,9487,3402,43109,814,679,908,2401,45510
03-04-2014,0,14283,14818,9077,3156,41334,781,636,874,2291,43625
03-04-2014,1,13898,14540,8859,3044,40341,767,621,853,2241,42582
03-04-2014,2,13813,14477,8742,3002,40034,762,614,847,2223,42257
03-04-2014,3,13878,14474,8825,2985,40162,771,622,853,2246,42408
03-04-2014,4,13959,14731,9095,3058,40843,804,660,912,2376,43219
03-04-2014,5,14378,15786,9819,3321,43304,889,759,1086,2734,46038
03-04-2014,6,15792,17087,10194,3946,47019,1026,876,1219,3121,50140
03-04-2014,7,17307,18765,10426,4542,51040,1129,984,1348,3461,54501
03-04-2014,8,17653,18831,10465,4743,51692,1165,1034,1398,3597,55289
03-04-2014,9,17227,18736,10414,4770,51147,1168,1037,1383,3588,54735
03-04-2014,10,16821,18347,10250,4822,50240,1152,1019,1372,3543,53783
03-04-2014,11,16287,17936,10225,4800,49248,1124,975,1336,3435,52683
03-04-2014,12,15890,17559,10109,4742,48300,1137,993,1351,3481,51781
03-04-2014,13,15645,17346,9985,4732,47708,1115,981,1330,3426,51134
03-04-2014,14,15671,17229,9921,4611,47432,1095,961,1312,3368,50800
03-04-2014,15,15378,17032,9850,4411,46671,1068,941,1262,3271,49942
03-04-2014,16,15247,16798,9816,4327,46188,1040,912,1229,3181,49369
03-04-2014,17,15242,17050,9808,4487,46587,1027,904,1219,3150,49737
03-04-2014,18,15010,16973,9880,4380,46243,1029,898,1217,3144,49387
03-04-2014,19,15272,17210,10231,4232,46945,1049,950,1273,3272,50217
03-04-2014,20,15821,17952,10195,4307,48275,1039,951,1245,3235,51510
03-04-2014,21,15956,17490,10094,4116,47656,973,852,1080,2905,50561
03-04-2014,22,15270,16236,9895,3751,45152,888,750,943,2581,47733
03-04-2014,23,14895,15377,9476,3362,43110,827,674,867,2368,45478
04-04-2014,0,14275,14644,9148,3117,41184,776,633,832,2241,43425
04-04-2014,1,13970,14669,9028,2989,40656,760,616,807,2183,42839
04-04-2014,2,14006,14741,8975,2932,40654,751,613,801,2165,42819
04-04-2014,3,14044,15100,9111,2992,41247,760,623,816,2199,43446
04-04-2014,4,14229,15476,9518,3075,42298,804,667,879,2350,44648
04-04-2014,5,14571,16154,10272,3370,44367,886,758,1044,2688,47055
04-04-2014,6,15946,17929,10680,3929,48484,1007,866,1174,3047,51531
04-04-2014,7,17544,19819,10910,4519,52792,1105,967,1299,3371,56163
04-04-2014,8,17829,19577,10899,4741,53046,1131,1014,1332,3477,56523
04-04-2014,9,17184,18813,10698,4764,51459,1131,1018,1317,3466,54925
04-04-2014,10,16693,18275,10667,4862,50497,1116,1012,1294,3422,53919
04-04-2014,11,16277,17761,10621,4834,49493,1079,973,1263,3315,52808
04-04-2014,12,15926,17324,10358,4673,48281,1092,977,1263,3332,51613
04-04-2014,13,15588,16810,10114,4539,47051,1077,973,1232,3282,50333
04-04-2014,14,15320,16507,9999,4362,46188,1057,957,1197,3211,49399
04-04-2014,15,15031,16168,9937,4228,45364,1019,935,1163,3117,48481
04-04-2014,16,14814,15794,9923,4226,44757,991,910,1146,3047,47804
04-04-2014,17,14728,16015,9914,4444,45101,970,899,1143,3012,48113
04-04-2014,18,14745,16107,10047,4431,45330,958,886,1142,2986,48316
04-04-2014,19,14971,16274,10294,4256,45795,1001,933,1206,3140,48935
04-04-2014,20,15300,16582,10295,4197,46374,1010,945,1210,3165,49539
04-04-2014,21,15237,15980,10223,4024,45464,952,864,1082,2898,48362
04-04-2014,22,14820,15190,10050,3746,43806,877,775,953,2605,46411
04-04-2014,23,14364,14371,9519,3404,41658,812,697,871,2380,44038
05-04-2014,0,14039,14222,9167,3150,40578,791,649,820,2260,42838
05-04-2014,1,13779,14102,8931,2977,39789,763,631,795,2189,41978
05-04-2014,2,13644,14024,8842,2871,39381,752,625,788,2165,41546
05-04-2014,3,13681,13992,8816,2820,39309,754,628,786,2168,41477
05-04-2014,4,13743,14242,8949,2855,39789,757,644,805,2206,41995
05-04-2014,5,13894,14550,9001,2951,40396,763,659,842,2264,42660
05-04-2014,6,14036,14770,9042,3122,40970,814,706,916,2436,43406
05-04-2014,7,14463,15188,9250,3413,42314,887,793,1016,2696,45010
05-04-2014,8,15187,15790,9453,3771,44201,938,859,1082,2879,47080
05-04-2014,9,15792,16559,9547,4027,45925,958,881,1098,2937,48862
05-04-2014,10,15956,16529,9446,4171,46102,946,866,1085,2897,48999
05-04-2014,11,15814,15956,9389,4173,45332,934,843,1067,2844,48176
05-04-2014,12,15664,15468,9246,4122,44500,912,833,1042,2787,47287
05-04-2014,13,15595,15356,9144,4028,44123,890,819,1019,2728,46851
05-04-2014,14,15487,15146,9215,3943,43791,873,798,997,2668,46459
05-04-2014,15,15472,15192,9319,3890,43873,868,784,988,2640,46513
05-04-2014,16,15531,15310,9471,3944,44256,873,779,991,2643,46899
05-04-2014,17,15734,15629,9659,4197,45219,873,784,1013,2670,47889
05-04-2014,18,15886,15996,9796,4181,45859,875,788,1021,2684,48543
05-04-2014,19,15735,16110,9896,3941,45682,916,850,1095,2861,48543
05-04-2014,20,15697,16020,9780,3877,45374,933,869,1119,2921,48295
05-04-2014,21,15393,15287,9714,3698,44092,873,794,1018,2685,46777
05-04-2014,22,14956,14546,9617,3431,42550,810,722,905,2437,44987
05-04-2014,23,14482,13967,9173,3170,40792,757,648,828,2233,43025
06-04-2014,0,14098,13532,8752,2978,39360,728,601,779,2108,41468
06-04-2014,1,13840,13221,8546,2817,38424,705,579,761,2045,40469
06-04-2014,2,13611,13046,8421,2721,37799,696,574,741,2011,39810
06-04-2014,3,13407,12906,8441,2706,37460,697,573,741,2011,39471
06-04-2014,4,13520,12876,8539,2713,37648,708,590,764,2062,39710
06-04-2014,5,13512,12926,8460,2769,37667,707,603,791,2101,39768
06-04-2014,6,13686,13064,8492,2882,38124,740,635,843,2218,40342
06-04-2014,7,13892,13342,8752,3098,39084,812,706,933,2451,41535
06-04-2014,8,14598,14315,9030,3464,41407,882,778,1012,2672,44079
06-04-2014,9,15196,15100,9199,3721,43216,925,818,1055,2798,46014
06-04-2014,10,15412,15429,9267,3841,43949,939,823,1059,2821,46770
06-04-2014,11,15231,15497,9189,3855,43772,937,809,1050,2796,46568
06-04-2014,12,14987,15335,9112,3782,43216,929,800,1033,2762,45978
06-04-2014,13,14854,15221,9058,3724,42857,916,799,1016,2731,45588
06-04-2014,14,14670,15023,9077,3707,42477,911,786,998,2695,45172
06-04-2014,15,14602,14687,9069,3699,42057,909,787,999,2695,44752
06-04-2014,16,14502,14706,9107,3807,42122,923,801,1015,2739,44861
06-04-2014,17,14480,14892,9132,4146,42650,931,810,1035,2776,45426
06-04-2014,18,14540,15430,9243,4193,43406,950,824,1054,2828,46234
06-04-2014,19,14768,15879,9426,4067,44140,980,886,1138,3004,47144
06-04-2014,20,15063,16148,9517,4036,44764,964,894,1157,3015,47779
06-04-2014,21,14972,15601,9606,3825,44004,895,806,1027,2728,46732
06-04-2014,22,14464,14668,9552,3524,42208,824,713,890,2427,44635
06-04-2014,23,13875,14027,9188,3199,40289,764,644,806,2214,42503
07-04-2014,0,13336,13693,8865,3012,38906,733,606,764,2103,41009
07-04-2014,1,12864,13420,8603,2905,37792,721,595,744,2060,39852
07-04-2014,2,12723,13347,8597,2866,37533,715,590,746,2051,39584
07-04-2014,3,12685,13411,8719,2887,37702,727,598,760,2085,39787
07-04-2014,4,12893,13504,9111,2902,38410,769,637,805,2211,40621
07-04-2014,5,13348,14211,9843,3193,40595,860,734,977,2571,43166
07-04-2014,6,14510,15937,10232,3852,44531,986,853,1132,2971,47502
07-04-2014,7,16057,17644,10550,4471,48722,1101,986,1269,3356,52078
07-04-2014,8,16389,18040,10593,4679,49701,1141,1052,1368,3561,53262
07-04-2014,9,16261,18406,10512,4726,49905,1134,1059,1362,3555,53460
07-04-2014,10,16160,18541,10549,4796,50046,1136,1052,1345,3533,53579
07-04-2014,11,15828,18520,10447,4789,49584,1107,1012,1315,3434,53018
07-04-2014,12,15280,18158,10281,4668,48387,1119,1017,1323,3459,51846
07-04-2014,13,15168,17915,10136,4693,47912,1116,1011,1310,3437,51349
07-04-2014,14,15261,17702,10109,4583,47655,1104,996,1290,3390,51045
07-04-2014,15,14915,17540,9954,4408,46817,1071,975,1256,3302,50119
07-04-2014,16,14739,17207,9907,4356,46209,1044,945,1224,3213,49422
07-04-2014,17,14619,17125,9863,4569,46176,1018,946,1218,3182,49358
07-04-2014,18,14555,17000,9900,4466,45921,1014,939,1225,3178,49099
07-04-2014,19,14738,17162,10085,4248,46233,1043,982,1267,3292,49525
07-04-2014,20,15028,17255,9969,4192,46444,1025,957,1224,3206,49650
07-04-2014,21,14997,16675,9866,4001,45539,944,858,1063,2865,48404
07-04-2014,22,14284,15556,9670,3618,43128,859,762,923,2544,45672
07-04-2014,23,13411,14369,9257,3245,40282,794,678,841,2313,42595
08-04-2014,0,12797,13857,8898,2982,38534,754,637,804,2195,40729
08-04-2014,1,12438,13571,8692,2871,37572,741,620,788,2149,39721
08-04-2014,2,12278,13460,8618,2852,37208,728,614,789,2131,39339
08-04-2014,3,12303,13495,8689,2910,37397,729,620,798,2147,39544
08-04-2014,4,12442,13517,9078,2950,37987,756,660,855,2271,40258
08-04-2014,5,12938,14236,9789,3187,40150,830,761,1024,2615,42765
08-04-2014,6,14291,15679,10202,3815,43987,960,881,1177,3018,47005
08-04-2014,7,15788,17292,10460,4463,48003,1057,1002,1313,3372,51375
08-04-2014,8,16239,18158,10471,4721,49589,1077,1049,1365,3491,53080
08-04-2014,9,16093,18182,10335,4767,49377,1068,1045,1356,3469,52846
08-04-2014,10,16148,18479,10215,4916,49758,1053,1033,1331,3417,53175
08-04-2014,11,15834,18319,10107,4911,49171,1036,1000,1302,3338,52509
08-04-2014,12,15670,18075,9945,4830,48520,1057,1026,1311,3394,51914
08-04-2014,13,15809,18041,9740,4810,48400,1045,1012,1296,3353,51753
08-04-2014,14,15650,17896,9648,4755,47949,1024,995,1272,3291,51240
08-04-2014,15,15483,17719,9471,4519,47192,987,968,1232,3187,50379
08-04-2014,16,15478,17623,9447,4414,46962,969,935,1185,3089,50051
08-04-2014,17,15423,17839,9474,4595,47331,952,920,1194,3066,50397
08-04-2014,18,15313,17830,9602,4480,47225,940,907,1224,3071,50296
08-04-2014,19,15335,17644,9803,4322,47104,973,946,1280,3199,50303
08-04-2014,20,15444,17730,9835,4266,47275,976,936,1235,3147,50422
08-04-2014,21,15334,16930,9747,4054,46065,903,841,1109,2853,48918
08-04-2014,22,14747,15834,9508,3689,43778,814,751,985,2550,46328
08-04-2014,23,13908,14860,9064,3362,41194,753,675,883,2311,43505
09-04-2014,0,13390,14281,8721,3155,39547,719,632,809,2160,41707
09-04-2014,1,13184,14178,8549,3032,38943,701,615,783,2099,41042
09-04-2014,2,13084,13992,8571,2972,38619,695,612,775,2082,40701
09-04-2014,3,13154,14028,8656,2967,38805,709,618,783,2110,40915
09-04-2014,4,13377,14017,9049,3069,39512,740,651,839,2230,41742
09-04-2014,5,13808,14518,9709,3273,41308,824,742,1013,2579,43887
09-04-2014,6,14984,16482,10157,3811,45434,957,875,1169,3001,48435
09-04-2014,7,16630,18220,10310,4477,49637,1066,995,1297,3358,52995
09-04-2014,8,17002,18960,10250,4753,50965,1097,1053,1348,3498,54463
09-04-2014,9,16909,19051,10139,4758,50857,1085,1060,1346,3491,54348
09-04-2014,10,16579,18934,9997,4807,50317,1068,1046,1330,3444,53761
09-04-2014,11,16474,18915,9994,4773,50156,1045,1011,1300,3356,53512
09-04-2014,12,16265,18885,9852,4707,49709,1061,1029,1313,3403,53112
09-04-2014,13,16054,18729,9769,4753,49305,1049,1022,1308,3379,52684
09-04-2014,14,16047,18585,9647,4678,48957,1040,1009,1284,3333,52290
09-04-2014,15,16079,18654,9582,4474,48789,1020,991,1245,3256,52045
09-04-2014,16,15992,18458,9576,4395,48421,994,953,1211,3158,51579
09-04-2014,17,15937,18382,9622,4605,48546,981,936,1210,3127,51673
09-04-2014,18,15819,18310,9740,4512,48381,972,929,1212,3113,51494
09-04-2014,19,15922,18254,9930,4336,48442,995,956,1262,3213,51655
09-04-2014,20,16151,18411,9929,4291,48782,1027,948,1246,3221,52003
09-04-2014,21,16081,17708,9844,4100,47733,951,851,1088,2890,50623
09-04-2014,22,15406,16572,9682,3759,45419,856,748,947,2551,47970
09-04-2014,23,14572,15398,9242,3362,42574,787,661,864,2312,44886
10-04-2014,0,13987,15047,8916,3097,41047,762,614,825,2201,43248
10-04-2014,1,13514,14840,8709,2997,40060,746,592,805,2143,42203
10-04-2014,2,13487,14730,8674,2954,39845,742,585,797,2124,41969
10-04-2014,3,13509,14702,8783,2950,39944,749,593,812,2154,42098
10-04-2014,4,13702,14926,9157,3061,40846,781,637,865,2283,43129
10-04-2014,5,14017,15648,9850,3300,42815,863,723,1033,2619,45434
10-04-2014,6,15259,17198,10245,3875,46577,996,846,1191,3033,49610
10-04-2014,7,16932,19072,10408,4454,50866,1086,954,1324,3364,54230
10-04-2014,8,17204,19296,10365,4686,51551,1104,1005,1374,3483,55034
10-04-2014,9,16999,19286,10260,4497,51042,1095,1002,1375,3472,54514
10-04-2014,10,17020,19179,10118,4802,51119,1086,984,1363,3433,54552
10-04-2014,11,16956,18817,10082,4778,50633,1065,938,1341,3344,53977
10-04-2014,12,16731,18592,10021,4712,50056,1076,952,1359,3387,53443
10-04-2014,13,16610,18336,9801,4713,49460,1065,944,1346,3355,52815
10-04-2014,14,16711,18234,9769,4624,49338,1055,927,1316,3298,52636
10-04-2014,15,16583,18069,9587,4441,48680,1022,906,1272,3200,51880
10-04-2014,16,16488,17764,9503,4376,48131,991,876,1231,3098,51229
10-04-2014,17,16244,17808,9509,4577,48138,976,865,1219,3060,51198
10-04-2014,18,16083,17879,9651,4446,48059,966,851,1202,3019,51078
10-04-2014,19,16055,18030,9910,4272,48267,993,891,1251,3135,51402
10-04-2014,20,16202,18194,10011,4209,48616,1018,920,1250,3188,51804
10-04-2014,21,16034,17669,9970,4071,47744,940,827,1105,2872,50616
10-04-2014,22,15308,16210,9766,3733,45017,848,722,966,2536,47553
10-04-2014,23,14598,15244,9250,3328,42420,785,643,880,2308,44728
11-04-2014,0,14067,14397,8981,3095,40540,756,601,838,2195,42735
11-04-2014,1,13746,13944,8792,2956,39438,734,582,814,2130,41568
11-04-2014,2,13554,13770,8714,2919,38957,721,574,808,2103,41060
11-04-2014,3,13584,13688,8745,2933,38950,727,581,819,2127,41077
11-04-2014,4,13761,13805,9033,3009,39608,760,621,876,2257,41865
11-04-2014,5,14067,14544,9767,3272,41650,833,706,1025,2564,44214
11-04-2014,6,15213,16281,10277,3842,45613,963,827,1171,2961,48574
11-04-2014,7,16856,18215,10487,4446,50004,1069,942,1284,3295,53299
11-04-2014,8,17221,18630,10573,4694,51118,1101,989,1318,3408,54526
11-04-2014,9,17082,18716,10528,4716,51042,1094,988,1300,3382,54424
11-04-2014,10,16776,18742,10494,4759,50771,1085,969,1282,3336,54107
11-04-2014,11,16292,18423,10467,4735,49917,1071,928,1249,3248,53165
11-04-2014,12,15927,18055,10398,4582,48962,1093,941,1249,3283,52245
11-04-2014,13,15625,17445,10395,4462,47927,1083,926,1232,3241,51168
11-04-2014,14,15153,16821,10387,4257,46618,1066,905,1203,3174,49792
11-04-2014,15,15215,16502,10335,4084,46136,1036,887,1170,3093,49229
11-04-2014,16,15070,16059,10340,4060,45529,1009,859,1153,3021,48550
11-04-2014,17,14613,16113,10285,4247,45258,994,854,1143,2991,48249
11-04-2014,18,14652,15932,10290,4181,45055,977,842,1139,2958,48013
11-04-2014,19,14877,15823,10284,3916,44900,987,871,1183,3041,47941
11-04-2014,20,14953,16017,10134,3843,44947,986,886,1202,3074,48021
11-04-2014,21,14843,15527,10042,3781,44193,912,807,1077,2796,46989
11-04-2014,22,14564,14877,9797,3505,42743,832,720,950,2502,45245
11-04-2014,23,14187,14313,9306,3235,41041,773,647,871,2291,43332
12-04-2014,0,13746,13692,8873,3003,39314,739,598,819,2156,41470
12-04-2014,1,13278,13698,8600,2868,38444,715,578,794,2087,40531
12-04-2014,2,13129,13650,8496,2803,38078,701,573,785,2059,40137
12-04-2014,3,13121,13624,8523,2779,38047,698,572,784,2054,40101
12-04-2014,4,13235,13699,8589,2794,38317,714,585,805,2104,40421
12-04-2014,5,13288,13646,8684,2870,38488,713,599,841,2153,40641
12-04-2014,6,13430,13697,8796,2985,38908,757,658,924,2339,41247
12-04-2014,7,13976,14146,9095,3284,40501,825,747,1030,2602,43103
12-04-2014,8,14695,14563,9375,3594,42227,887,811,1108,2806,45033
12-04-2014,9,15420,15242,9415,3772,43849,912,839,1132,2883,46732
12-04-2014,10,15831,15148,9374,3854,44207,915,839,1126,2880,47087
12-04-2014,11,15705,14844,9307,3810,43666,908,830,1116,2854,46520
12-04-2014,12,15699,14365,9183,3749,42996,897,,1104,,
12-04-2014,13,15535,14178,9041,3648,42402,879,807,1079,2765,45167
12-04-2014,14,15402,14071,8965,3558,41996,856,789,1059,2704,44700
12-04-2014,15,15297,14187,9013,3539,42036,841,777,1047,2665,44701
12-04-2014,16,15417,14554,9193,3604,42768,843,776,1044,2663,45431
12-04-2014,17,15313,15100,9369,3934,43716,843,772,1050,2665,46381
12-04-2014,18,15011,15271,9434,3987,43703,843,770,1055,2668,46371
12-04-2014,19,14995,15234,9433,3826,43488,856,807,1111,2774,46262
12-04-2014,20,14966,15596,9468,3747,43777,900,849,1145,2894,46671
12-04-2014,21,15146,15092,9474,3602,43314,850,775,1033,2658,45972
12-04-2014,22,14710,14513,9400,3341,41964,786,687,921,2394,44358
12-04-2014,23,14266,14129,8987,3076,40458,731,610,834,2175,42633
13-04-2014,0,13772,13604,8566,2859,38801,698,575,776,2049,40850
13-04-2014,1,13410,13212,8346,2779,37747,673,555,744,1972,39719
13-04-2014,2,13324,13171,8208,2732,37435,664,544,732,1940,39375
13-04-2014,3,13149,13060,8181,2741,37131,665,540,733,1938,39069
13-04-2014,4,13131,13009,8218,2761,37119,663,552,749,1964,39083
13-04-2014,5,13267,13047,8207,2814,37335,658,546,766,1970,39305
13-04-2014,6,13255,13144,8156,2895,37450,703,585,828,2116,39566
13-04-2014,7,13520,13644,8439,3139,38742,769,664,922,2355,41097
13-04-2014,8,13986,14213,8755,3465,40419,835,725,1004,2564,42983
13-04-2014,9,14319,14814,8982,3678,41793,868,755,1045,2668,44461
13-04-2014,10,14548,15053,9141,3745,42487,882,757,1049,2688,45175
13-04-2014,11,14458,15272,9120,3741,42591,888,759,1046,2693,45284
13-04-2014,12,14400,15250,9058,3746,42454,893,765,1042,2700,45154
13-04-2014,13,14300,14825,8994,3688,41807,890,768,1035,2693,44500
13-04-2014,14,14205,14618,8973,3574,41370,887,764,1035,2686,44056
13-04-2014,15,14021,14489,8993,3522,41025,884,764,1036,2684,43709
13-04-2014,16,14009,14625,9083,3624,41341,891,764,1053,2708,44049
13-04-2014,17,14064,14585,9141,3998,41788,899,771,1072,2742,44530
13-04-2014,18,14061,14778,9221,4031,42091,898,785,1084,2767,44858
13-04-2014,19,14327,15086,9274,3809,42496,914,813,1124,2851,45347
13-04-2014,20,14550,15574,9295,3762,43181,930,837,1141,2908,46089
13-04-2014,21,14828,15417,9426,3672,43343,868,763,1023,2654,45997
13-04-2014,22,14547,14755,9348,3434,42084,779,669,892,2340,44424
13-04-2014,23,14208,14387,8971,3137,40703,715,604,802,2121,42824
14-04-2014,0,13599,13602,8680,2984,38865,677,569,752,1998,40863
14-04-2014,1,13315,13519,8464,2883,38181,672,551,732,1955,40136
14-04-2014,2,13445,13548,8435,2860,38288,672,542,726,1940,40228
14-04-2014,3,13334,13444,8466,2870,38114,672,545,737,1954,40068
14-04-2014,4,13486,13722,8731,2954,38893,700,583,797,2080,40973
14-04-2014,5,13928,14135,9400,3181,40644,790,670,949,2409,43053
14-04-2014,6,14829,15790,9971,3569,44159,940,806,1114,2860,47019
14-04-2014,7,15708,17219,10319,4196,47442,1044,934,1264,3242,50684
14-04-2014,8,16169,17894,10431,4539,49033,1079,994,1327,3400,52433
14-04-2014,9,16292,17839,10356,4664,49151,1075,1000,1339,3414,52565
14-04-2014,10,16326,17732,10241,4756,49055,1071,988,1333,3392,52447
14-04-2014,11,16057,17578,10189,4812,48636,1047,947,1313,3307,51943
14-04-2014,12,15824,17140,10112,4711,47787,1060,969,1321,3350,51137
14-04-2014,13,15548,16746,9955,4707,46956,1052,968,1305,3325,50281
14-04-2014,14,15388,16578,9791,4610,46367,1039,944,1286,3269,49636
14-04-2014,15,15170,16373,9695,4383,45621,1010,928,1247,3185,48806
14-04-2014,16,14950,16000,9649,4257,44856,973,899,1210,3082,47938
14-04-2014,17,14900,16188,9597,4417,45102,949,880,1198,3027,48129
14-04-2014,18,14947,16305,9663,4345,45260,933,864,1189,2986,48246
14-04-2014,19,14997,16447,9788,4137,45369,940,888,1227,3055,48424
14-04-2014,20,15243,16590,9814,4054,45701,978,925,1249,3152,48853
14-04-2014,21,15457,16141,9779,4002,45379,908,836,1105,2849,48228
14-04-2014,22,14986,15047,9605,3694,43332,819,728,964,2511,45843
14-04-2014,23,14401,14220,9128,3348,41097,757,650,869,2276,43373
15-04-2014,0,13909,13647,8770,3106,39432,725,615,829,2169,41601
15-04-2014,1,13691,13393,8515,2990,38589,710,592,802,2104,40693
15-04-2014,2,13492,13367,8479,2926,38264,711,590,795,2096,40360
15-04-2014,3,13501,13446,8520,2932,38399,716,601,804,2121,40520
15-04-2014,4,13820,13538,8712,3000,39070,744,636,847,2227,41297
15-04-2014,5,14226,14260,9362,3196,41044,819,718,990,2527,43571
15-04-2014,6,14917,15892,9998,3549,44356,952,852,1149,2953,47309
15-04-2014,7,15946,17393,10248,4108,47695,1056,968,1286,3310,51005
15-04-2014,8,16257,17584,10406,4452,48699,1080,1017,1333,3430,52129
15-04-2014,9,16293,17438,10400,4572,48703,1068,1024,1333,3425,52128
15-04-2014,10,16300,17548,10320,4663,48831,1049,1000,1322,3371,52202
15-04-2014,11,16138,17509,10223,4551,48421,1024,957,1294,3275,51696
15-04-2014,12,15809,17213,10103,4427,47552,1046,964,1298,3308,50860
15-04-2014,13,15490,17168,9923,4448,47029,1038,956,1273,3267,50296
15-04-2014,14,15281,16868,9830,4331,46310,1025,938,1258,3221,49531
15-04-2014,15,15091,16350,9789,4123,45353,992,914,1217,3123,48476
15-04-2014,16,14855,16211,9773,4030,44869,965,880,1182,3027,47896
15-04-2014,17,14603,16307,9725,4187,44822,955,866,1170,2991,47813
15-04-2014,18,14680,16351,9760,4104,44895,943,853,1154,2950,47845
15-04-2014,19,14865,16589,9968,3981,45403,955,886,1182,3023,48426
15-04-2014,20,15026,16949,10060,3911,45946,987,918,1218,3123,49069
15-04-2014,21,15228,16722,10094,3861,45905,915,842,1079,2836,48741
15-04-2014,22,14888,15662,10010,3612,44172,807,741,944,2492,46664
15-04-2014,23,14436,14890,9615,3262,42203,753,654,862,2269,44472
16-04-2014,0,13945,14182,9212,3037,40376,724,617,807,2148,42524
16-04-2014,1,13688,14046,8992,2912,39638,702,597,787,2086,41724
16-04-2014,2,13553,13957,8956,2872,39338,703,591,782,2076,41414
16-04-2014,3,13566,14124,9064,2891,39645,706,599,791,2096,41741
16-04-2014,4,13619,14448,9218,2974,40259,731,624,841,2196,42455
16-04-2014,5,13941,15080,9890,3171,42082,814,700,976,2490,44572
16-04-2014,6,14458,16751,10224,3522,44955,950,832,1146,2928,47883
16-04-2014,7,15192,17965,10310,3987,47454,1065,956,1286,3307,50761
16-04-2014,8,15735,18465,10252,4227,48679,1087,1010,1334,3431,52110
16-04-2014,9,15932,17822,10184,4223,48161,1079,1003,1322,3404,51565
16-04-2014,10,15929,17836,10132,4207,48104,1065,978,1309,3352,51456
16-04-2014,11,15684,17451,10127,4060,47322,1039,930,1287,3256,50578
16-04-2014,12,15277,17182,10019,3953,46431,1053,960,1298,3311,49742
16-04-2014,13,14853,16740,9857,4274,45724,1039,958,1290,3287,49011
16-04-2014,14,14731,16585,9940,4141,45397,1017,938,1263,3218,48615
16-04-2014,15,14632,16195,9823,3949,44599,986,913,1212,3111,47710
16-04-2014,16,14546,15935,9744,3858,44083,959,883,1179,3021,47104
16-04-2014,17,14503,16166,9835,3994,44498,943,868,1169,2980,47478
16-04-2014,18,14515,16124,9994,4014,44647,933,856,1163,2952,47599
16-04-2014,19,14492,16228,10104,3818,44642,949,886,1198,3033,47675
16-04-2014,20,14510,16386,10158,3735,44789,991,925,1246,3162,47951
16-04-2014,21,14445,16173,10126,3738,44482,924,839,1113,2876,47358
16-04-2014,22,13997,15189,9939,3448,42573,836,737,963,2536,45109
16-04-2014,23,13649,14292,9472,3131,40544,773,657,877,2307,42851
17-04-2014,0,13274,13791,9082,2878,39025,739,617,835,2191,41216
17-04-2014,1,13003,13332,8864,2740,37939,724,599,813,2136,40075
17-04-2014,2,12874,13053,8795,2696,37418,717,590,806,2113,39531
17-04-2014,3,12726,13253,8860,2650,37489,722,602,812,2136,39625
17-04-2014,4,12773,13431,9008,2672,37884,744,635,860,2239,40123
17-04-2014,5,12815,14082,9615,2762,39274,825,715,993,2533,41807
17-04-2014,6,13018,15387,10175,2817,41397,946,842,1151,2939,44336
17-04-2014,7,13456,16729,10448,3070,43703,1039,956,1264,3259,46962
17-04-2014,8,13929,17206,10532,3335,45002,1066,1001,1307,3374,48376
17-04-2014,9,14572,17191,10473,3472,45708,1052,992,1296,3340,49048
17-04-2014,10,14858,17187,10411,3480,45936,1056,973,1279,3308,49244
17-04-2014,11,14959,16715,10321,3485,45480,1035,933,1250,3218,48698
17-04-2014,12,14928,16286,10126,3621,44961,1050,944,1260,3254,48215
17-04-2014,13,14982,16174,9960,3546,44662,1027,925,1251,3203,47865
17-04-2014,14,14883,15951,9848,3460,44142,1006,897,1232,3135,47277
17-04-2014,15,14756,15770,9735,3428,43689,975,871,1192,3038,46727
17-04-2014,16,14647,15903,9725,3502,43777,950,856,1155,2961,46738
17-04-2014,17,14509,16337,9716,3752,44314,936,847,1154,2937,47251
17-04-2014,18,14392,16113,9779,3807,44091,915,833,1149,2897,46988
17-04-2014,19,14207,15833,9837,3681,43558,915,845,1185,2945,46503
17-04-2014,20,14062,16015,9888,3573,43538,951,891,1238,3080,46618
17-04-2014,21,14160,15340,9889,3504,42893,869,817,1100,2786,45679
17-04-2014,22,13967,14578,9673,3280,41498,796,720,947,2463,43961
17-04-2014,23,13681,13973,9143,3058,39855,731,642,858,2231,42086
18-04-2014,0,13295,13266,8656,2854,38071,689,599,806,2094,40165
18-04-2014,1,13079,12949,8395,2695,37118,666,574,784,2024,39142
18-04-2014,2,12963,12716,8293,2602,36574,650,558,781,1989,38563
18-04-2014,3,13014,12590,8298,2605,36507,653,562,780,1995,38502
18-04-2014,4,13120,12672,8305,2674,36771,649,568,819,2036,38807
18-04-2014,5,13200,12756,8335,2742,37033,656,577,947,2180,39213
18-04-2014,6,13483,12950,8492,2815,37740,720,643,1106,2469,40209
18-04-2014,7,13850,13489,8674,3093,39106,792,729,1241,2762,41868
18-04-2014,8,14163,14552,8926,3404,41045,839,789,1280,2908,43953
18-04-2014,9,14314,15061,9122,3523,42020,854,806,1268,2928,44948
18-04-2014,10,14213,15105,9164,3636,42118,850,804,1253,2907,45025
18-04-2014,11,14035,15118,9193,3620,41966,841,781,1229,2851,44817
18-04-2014,12,13820,15079,9071,3536,41506,828,779,1232,2839,44345
18-04-2014,13,13501,14772,8964,3446,40683,814,775,1224,2813,43496
18-04-2014,14,13334,14562,9028,3405,40329,801,769,1195,2765,43094
18-04-2014,15,13181,14355,9029,3367,39932,801,769,1166,2736,42668
18-04-2014,16,13004,14192,9056,3424,39676,794,761,1149,2704,42380
18-04-2014,17,12945,14335,9056,3630,39966,786,758,1140,2684,42650
18-04-2014,18,13006,14326,9117,3603,40052,800,756,1129,2685,42737
18-04-2014,19,13023,14272,8984,3447,39726,809,770,1146,2725,42451
18-04-2014,20,13187,14395,9162,3370,40114,857,826,1191,2874,42988
18-04-2014,21,13525,14202,9420,3405,40552,825,770,1070,2665,43217
18-04-2014,22,13370,13696,9414,3196,39676,757,686,927,2370,42046
18-04-2014,23,13093,13263,9023,2927,38306,708,623,832,2163,40469
19-04-2014,0,12923,12742,8672,2722,37059,667,576,790,2033,39092
19-04-2014,1,12617,12572,8450,2635,36274,647,556,761,1964,38238
19-04-2014,2,12476,12510,8356,2598,35940,637,546,749,1932,37872
19-04-2014,3,12490,12584,8418,2591,36083,639,546,747,1932,38015
19-04-2014,4,12502,12771,8384,2626,36283,631,546,760,1937,38220
19-04-2014,5,12594,12650,8445,2686,36375,642,561,798,2001,38376
19-04-2014,6,12835,12853,8579,2765,37032,698,624,901,2223,39255
19-04-2014,7,13042,13375,8724,3024,38165,766,705,1023,2494,40659
19-04-2014,8,13453,14009,8889,3321,39672,826,767,1093,2686,42358
19-04-2014,9,13825,14447,8922,3499,40693,840,792,1117,2749,43442
19-04-2014,10,13880,14431,8875,3542,40728,833,789,1119,2741,43469
19-04-2014,11,13647,14015,8796,3489,39947,817,772,1110,2699,42646
19-04-2014,12,13454,13462,8683,3399,38998,806,767,1099,2672,41670
19-04-2014,13,13167,13241,8618,3299,38325,795,758,1080,2633,40958
19-04-2014,14,12845,12931,8685,3219,37680,786,750,1068,2604,40284
19-04-2014,15,12764,12582,8769,3170,37285,775,735,1056,2566,39851
19-04-2014,16,12767,12634,8895,3196,37492,771,734,1046,2551,40043
19-04-2014,17,12805,12669,8940,3382,37796,770,737,1043,2550,40346
19-04-2014,18,12907,12630,8968,3447,37952,770,736,1035,2541,40493
19-04-2014,19,12993,12642,8875,3310,37820,779,756,1049,2584,40404
19-04-2014,20,13078,13031,8922,3235,38266,827,814,1117,2758,41024
19-04-2014,21,13366,13396,9261,3270,39293,794,768,1020,2582,41875
19-04-2014,22,13208,12880,9198,3061,38347,728,684,891,2303,40650
19-04-2014,23,12813,12410,8814,2832,36869,670,614,782,2066,38935
20-04-2014,0,12429,12337,8457,2629,35852,632,576,712,1920,37772
20-04-2014,1,12329,12103,8251,2499,35182,617,550,686,1853,37035
20-04-2014,2,12255,12088,8173,2467,34983,616,540,674,1830,36813
20-04-2014,3,12340,12118,8182,2472,35112,614,537,667,1818,36930
20-04-2014,4,12353,12091,8060,2478,34982,599,536,670,1805,36787
20-04-2014,5,12447,11821,8029,2499,34796,606,541,691,1838,36634
20-04-2014,6,12440,11657,7999,2523,34619,656,586,766,2008,36627
20-04-2014,7,12482,11902,8205,2787,35376,720,653,841,2214,37590
20-04-2014,8,12711,12413,8333,3105,36562,775,708,896,2379,38941
20-04-2014,9,12979,12827,8452,3271,37529,797,727,899,2423,39952
20-04-2014,10,13054,12842,8465,3335,37696,791,715,863,2369,40065
20-04-2014,11,12785,12760,8435,3308,37288,777,697,824,2298,39586
20-04-2014,12,12441,12620,8255,3202,36518,766,684,794,2244,38762
20-04-2014,13,12237,12504,8167,3083,35991,754,670,771,2195,38186
20-04-2014,14,12094,12295,8093,3023,35505,747,658,765,2170,37675
20-04-2014,15,12078,12217,8062,2978,35335,746,654,770,2170,37505
20-04-2014,16,12044,12359,8091,3033,35527,746,657,781,2184,37711
20-04-2014,17,11982,12485,8212,3248,35927,757,662,801,2220,38147
20-04-2014,18,12010,12347,8322,3252,35931,775,667,809,2251,38182
20-04-2014,19,12129,12325,8397,3098,35949,789,684,839,2312,38261
20-04-2014,20,12394,12697,8643,3071,36805,828,746,921,2495,39300
20-04-2014,21,12706,12858,9000,3133,37697,796,710,873,2379,40076
20-04-2014,22,12585,12246,8925,2962,36718,712,644,779,2135,38853
20-04-2014,23,12278,11739,8540,2743,35300,660,586,708,1954,37254
21-04-2014,0,11950,11451,8205,2526,34132,632,545,663,1840,35972
21-04-2014,1,11715,11243,8041,2442,33441,614,527,641,1782,35223
21-04-2014,2,11628,11381,7968,2414,33391,618,519,635,1772,35163
21-04-2014,3,11667,11411,7984,2410,33472,620,522,642,1784,35256
21-04-2014,4,11813,11683,7913,2438,33847,637,516,646,1799,35646
21-04-2014,5,11912,11594,8002,2479,33987,731,525,653,1909,35896
21-04-2014,6,12128,11887,8115,2499,34629,863,576,708,2147,36776
21-04-2014,7,12546,12595,8284,2742,36167,968,656,799,2423,38590
21-04-2014,8,12971,13174,8427,3063,37635,1004,724,878,2606,40241
21-04-2014,9,13210,13860,8494,3316,38880,994,762,923,2679,41559
21-04-2014,10,13191,13847,8496,3455,38989,984,758,920,2662,41651
21-04-2014,11,13246,13601,8434,3503,38784,966,751,895,2612,41396
21-04-2014,12,12989,13301,8343,3445,38078,988,743,877,2608,40686
21-04-2014,13,12699,13240,8190,3369,37498,976,732,868,2576,40074
21-04-2014,14,12555,12936,8186,3340,37017,961,721,866,2548,39565
21-04-2014,15,12438,12645,8165,3282,36530,935,715,881,2531,39061
21-04-2014,16,12306,12743,8169,3300,36518,910,715,897,2522,39040
21-04-2014,17,12233,13039,8249,3551,37072,891,724,921,2536,39608
21-04-2014,18,12437,13227,8391,3590,37645,871,730,937,2538,40183
21-04-2014,19,12522,13340,8425,3491,37778,870,755,982,2607,40385
21-04-2014,20,12620,13450,8507,3388,37965,904,802,1045,2751,40716
21-04-2014,21,12878,13495,8858,3365,38596,843,738,940,2521,41117
21-04-2014,22,12692,12751,8832,3069,37344,751,641,824,2216,39560
21-04-2014,23,12230,12220,8440,2806,35696,688,577,736,2001,37697
22-04-2014,0,11783,11455,8111,2638,33987,657,502,692,1851,35838
22-04-2014,1,11563,11440,7814,2555,33372,642,485,673,1800,35172
22-04-2014,2,11454,11485,7817,2542,33298,633,480,669,1782,35080
22-04-2014,3,11457,11519,7895,2548,33419,649,486,681,1816,35235
22-04-2014,4,11687,11628,7979,2597,33891,657,505,735,1897,35788
22-04-2014,5,11868,12004,8807,2852,35531,752,588,900,2240,37771
22-04-2014,6,13023,13786,9389,3381,39579,875,723,1075,2673,42252
22-04-2014,7,14442,15607,9704,4005,43758,978,834,1199,3011,46769
22-04-2014,8,14818,16069,9798,4299,44984,1004,888,1244,3136,48120
22-04-2014,9,14540,15956,9648,4363,44507,999,894,1259,3152,47659
22-04-2014,10,14322,15931,9700,4453,44406,992,883,1270,3145,47551
22-04-2014,11,14234,15823,9621,4450,44128,975,849,1205,3029,47157
22-04-2014,12,14161,15516,9526,4400,43603,992,871,1214,3077,46680
22-04-2014,13,13927,15360,9410,4350,43047,977,866,1201,3044,46091
22-04-2014,14,13837,15151,9278,4213,42479,968,857,1188,3013,45492
22-04-2014,15,13740,15363,9140,4047,42290,939,836,1158,2933,45223
22-04-2014,16,13586,14983,9071,3977,41617,917,798,1126,2841,44458
22-04-2014,17,13413,14965,9001,4162,41541,893,787,1115,2795,44336
22-04-2014,18,13311,14785,9024,4097,41217,876,767,1103,2746,43963
22-04-2014,19,13263,14792,9010,3879,40944,869,774,1108,2751,43695
22-04-2014,20,13340,15140,9041,3744,41265,899,817,1167,2883,44148
22-04-2014,21,13659,15103,9250,3720,41732,853,747,1043,2643,44375
22-04-2014,22,13392,14015,9037,3416,39860,756,647,893,2296,42156
22-04-2014,23,12609,13055,8594,3026,37284,697,579,805,2081,39365
23-04-2014,0,11983,12636,8198,2784,35601,668,563,768,1999,37600
23-04-2014,1,11680,12487,8085,2664,34916,644,553,745,1942,36858
23-04-2014,2,11527,12422,8031,2651,34631,640,544,740,1924,36555
23-04-2014,3,11400,12487,8132,2673,34692,645,553,749,1947,36639
23-04-2014,4,11448,12767,8174,2761,35150,643,559,784,1986,37136
23-04-2014,5,11833,13155,8938,2971,36897,744,641,934,2319,39216
23-04-2014,6,12987,14788,9461,3436,40672,883,771,1099,2753,43425
23-04-2014,7,14327,16438,9741,4095,44601,997,870,1207,3074,47675
23-04-2014,8,14673,16880,9818,4379,45750,992,945,1235,3172,48922
23-04-2014,9,14723,16678,9730,4457,45588,986,933,1224,3143,48731
23-04-2014,10,14249,16413,9684,4562,44908,969,930,1207,3106,48014
23-04-2014,11,14140,16576,9668,4565,44949,936,892,1185,3013,47962
23-04-2014,12,13954,16424,9634,4461,44473,962,915,1202,3079,47552
23-04-2014,13,13867,16195,9527,4507,44096,949,907,1202,3058,47154
23-04-2014,14,13716,16055,9519,4435,43725,934,899,1182,3015,46740
23-04-2014,15,13653,16215,9455,4308,43631,940,872,1148,2960,46591
23-04-2014,16,13505,16102,9436,4272,43315,926,841,1116,2883,46198
23-04-2014,17,13265,16027,9386,4489,43167,889,833,1102,2824,45991
23-04-2014,18,13216,15866,9399,4373,42854,883,814,1087,2784,45638
23-04-2014,19,13221,15722,9473,4136,42552,872,817,1099,2788,45340
23-04-2014,20,13409,15808,9405,4000,42622,903,858,1155,2916,45538
23-04-2014,21,13814,15769,9603,3879,43065,855,799,1039,2693,45758
23-04-2014,22,13439,15012,9442,3568,41461,776,689,897,2362,43823
23-04-2014,23,12764,14187,8961,3199,39111,711,612,803,2126,41237
24-04-2014,0,12120,13584,8611,2928,37243,687,570,762,2019,39262
24-04-2014,1,11891,13145,8434,2821,36291,664,549,740,1953,38244
24-04-2014,2,11855,13158,8422,2768,36203,658,542,736,1936,38139
24-04-2014,3,11944,13356,8511,2762,36573,668,549,742,1959,38532
24-04-2014,4,12076,13498,8604,2845,37023,666,558,779,2003,39026
24-04-2014,5,12414,14061,9341,3102,38918,760,646,928,2334,41252
24-04-2014,6,13375,15697,9783,3657,42512,889,789,1100,2778,45290
24-04-2014,7,14838,17562,9985,4377,46762,979,900,1207,3086,49848
24-04-2014,8,15194,17677,9967,4653,47491,1006,951,1228,3185,50676
24-04-2014,9,15102,17351,9849,4692,46994,1004,944,1213,3161,50155
24-04-2014,10,15021,17237,9803,4709,46770,987,930,1198,3115,49885
24-04-2014,11,14751,17102,9722,4692,46267,979,894,1176,3049,49316
24-04-2014,12,14424,16570,9583,4585,45162,991,913,1192,3096,48258
24-04-2014,13,14260,16374,9467,4591,44692,982,913,1179,3074,47766
24-04-2014,14,14042,16287,9383,4504,44216,976,904,1156,3036,47252
24-04-2014,15,14105,16329,9177,4339,43950,952,885,1114,2951,46901
24-04-2014,16,13950,15898,9113,4278,43239,917,853,1108,2878,46117
24-04-2014,17,13702,15843,9046,4452,43043,900,841,1111,2852,45895
24-04-2014,18,13632,15560,9099,4334,42625,889,818,1098,2805,45430
24-04-2014,19,13652,15551,9131,4097,42431,885,823,1108,2816,45247
24-04-2014,20,13935,15718,9121,3924,42698,915,865,1167,2947,45645
24-04-2014,21,14131,15615,9397,3892,43035,878,808,1053,2739,45774
24-04-2014,22,13755,14658,9235,3586,41234,793,699,897,2389,43623
24-04-2014,23,13041,13850,8803,3217,38911,728,624,805,2157,41068
25-04-2014,0,12562,13430,8448,2947,37387,686,576,765,2027,39414
25-04-2014,1,12309,13338,8327,2803,36777,683,558,745,1986,38763
25-04-2014,2,12185,13289,8341,2760,36575,683,552,740,1975,38550
25-04-2014,3,12204,13397,8476,2760,36837,690,561,753,2004,38841
25-04-2014,4,12273,13527,8591,2809,37200,680,568,790,2038,39238
25-04-2014,5,12478,13952,9365,3037,38832,780,662,968,2410,41242
25-04-2014,6,13708,15594,9920,3530,42752,900,795,1136,2831,45583
25-04-2014,7,15069,17168,10103,4144,46484,985,898,1212,3095,49579
25-04-2014,8,15531,17434,10064,4393,47422,1013,947,1236,3196,50618
25-04-2014,9,15346,16987,10131,4540,47004,1004,944,1222,3170,50174
25-04-2014,10,14974,16628,10080,4535,46217,997,932,1203,3132,49349
25-04-2014,11,14779,16394,10024,4458,45655,972,901,1178,3051,48706
25-04-2014,12,14512,15919,9879,4299,44609,991,921,1195,3107,47716
25-04-2014,13,14355,15440,9708,4191,43694,981,917,1179,3077,46771
25-04-2014,14,14228,15040,9573,4014,42855,963,892,1155,3010,45865
25-04-2014,15,13964,14621,9404,3829,41818,937,871,1130,2938,44756
25-04-2014,16,13755,14356,9351,3796,41258,916,844,1114,2874,44132
25-04-2014,17,13709,14382,9265,3960,41316,887,832,1104,2823,44139
25-04-2014,18,13564,14138,9280,3914,40896,918,777,1087,2782,43678
25-04-2014,19,13499,14014,9209,3684,40406,915,771,1083,2769,43175
25-04-2014,20,13359,14031,9140,3488,40018,941,810,1140,2891,42909
25-04-2014,21,13439,14308,9419,3563,40729,916,767,1061,2744,43473
25-04-2014,22,13205,13573,9189,3323,39290,827,676,927,2430,41720
25-04-2014,23,12859,13110,8698,3027,37694,763,611,828,2202,39896
26-04-2014,0,12479,12608,8253,2801,36141,723,559,784,2066,38207
26-04-2014,1,12114,12294,8019,2681,35108,708,541,753,2002,37110
26-04-2014,2,11878,12224,7979,2623,34704,693,532,742,1967,36671
26-04-2014,3,11846,12252,8024,2597,34719,692,530,743,1965,36684
26-04-2014,4,11992,12419,7940,2601,34952,672,519,745,1936,36888
26-04-2014,5,11890,12395,8196,2610,35091,711,549,793,2053,37144
26-04-2014,6,12073,12596,8340,2698,35707,770,614,902,2286,37993
26-04-2014,7,12434,13168,8552,3037,37191,838,702,1007,2547,39738
26-04-2014,8,13011,13688,8740,3368,38807,885,759,1066,2710,41517
26-04-2014,9,13361,14133,8790,3563,39847,894,775,1080,2749,42596
26-04-2014,10,13454,14022,8806,3636,39918,892,765,1073,2730,42648
26-04-2014,11,13261,13767,8719,3576,39323,876,755,1061,2692,42015
26-04-2014,12,13048,13449,8617,3501,38615,868,,1054,,
26-04-2014,13,12826,13166,8535,3389,37916,859,738,1031,2628,40544
26-04-2014,14,12612,12942,8550,3318,37422,841,716,1012,2569,39991
26-04-2014,15,12402,12696,8598,3260,36956,834,705,1001,2540,39496
26-04-2014,16,12316,12722,8679,3297,37014,829,704,1002,2535,39549
26-04-2014,17,12355,12931,8762,3543,37591,822,697,1009,2528,40119
26-04-2014,18,12389,13031,8829,3553,37802,824,690,1003,2517,40319
26-04-2014,19,12364,12850,8785,3385,37384,826,697,1005,2528,39912
26-04-2014,20,12438,12836,8703,3263,37240,857,739,1071,2667,39907
26-04-2014,21,12610,13266,9068,3306,38250,838,714,1016,2568,40818
26-04-2014,22,12468,12937,8937,3100,37442,764,638,894,2296,39738
26-04-2014,23,12132,12464,8558,2837,35991,712,575,796,2083,38074
27-04-2014,0,11782,11869,8223,2643,34517,678,533,745,1956,36473
27-04-2014,1,11423,11716,8017,2511,33667,660,514,718,1892,35559
27-04-2014,2,11290,11808,7934,2453,33485,651,504,708,1863,35348
27-04-2014,3,11291,11805,7931,2470,33497,652,502,706,1860,35357
27-04-2014,4,11348,12026,7729,2466,33569,626,482,698,1806,35375
27-04-2014,5,11233,11687,7858,2457,33235,648,504,725,1877,35112
27-04-2014,6,11226,11600,7924,2554,33304,694,555,793,2042,35346
27-04-2014,7,11454,11875,8090,2807,34226,763,635,888,2286,36512
27-04-2014,8,11839,12460,8228,3138,35665,819,694,962,2475,38140
27-04-2014,9,12443,12943,8379,3377,37142,844,721,999,2564,39706
27-04-2014,10,12562,13154,8452,3457,37625,845,714,1002,2561,40186
27-04-2014,11,12440,13321,8401,3471,37633,835,700,998,2533,40166
27-04-2014,12,12261,13116,8349,3407,37133,829,699,994,2522,39655
27-04-2014,13,12129,12816,8235,3318,36498,823,690,981,2494,38992
27-04-2014,14,12034,12676,8271,3281,36262,814,683,969,2466,38728
27-04-2014,15,11857,12611,8262,3254,35984,813,682,969,2464,38448
27-04-2014,16,11820,12767,8327,3297,36211,821,682,980,2483,38694
27-04-2014,17,11911,12868,8370,3565,36714,830,685,1001,2516,39230
27-04-2014,18,12003,13191,8500,3586,37280,836,691,1016,2543,39823
27-04-2014,19,12207,13392,8499,3464,37562,839,709,1038,2586,40148
27-04-2014,20,12431,13531,8572,3391,37925,866,760,1100,2726,40651
27-04-2014,21,12669,13824,9019,3451,38963,841,718,1013,2572,41535
27-04-2014,22,12560,12864,8899,3216,37539,756,637,870,2263,39802
27-04-2014,23,12001,12019,8520,2929,35469,692,562,775,2029,37498
28-04-2014,0,11667,11890,8189,2733,34479,669,527,735,1931,36410
28-04-2014,1,11422,11764,8021,2649,33856,647,516,708,1871,35727
28-04-2014,2,11285,11802,7975,2610,33672,648,509,703,1860,35532
28-04-2014,3,11298,12036,8017,2651,34002,657,511,714,1882,35884
28-04-2014,4,11437,12231,8088,2721,34477,664,519,763,1946,36423
28-04-2014,5,11636,12823,8924,2928,36311,761,609,933,2303,38614
28-04-2014,6,12801,14409,9587,3452,40249,899,,1105,,
28-04-2014,7,14219,15747,9780,4003,43749,987,851,1221,3059,46808
28-04-2014,8,14429,16083,9950,4291,44753,1022,921,1245,3188,47941
28-04-2014,9,14273,15978,9908,4346,44505,1011,921,1235,3167,47672
28-04-2014,10,14159,15857,9801,4429,44246,979,906,1227,3112,47358
28-04-2014,11,13915,15772,9755,4395,43837,971,870,1209,3050,46887
28-04-2014,12,13827,15699,9606,4318,43450,986,894,1224,3104,46554
28-04-2014,13,13534,15397,9456,4345,42732,969,888,1214,3071,45803
28-04-2014,14,13701,15285,9473,4259,42718,966,876,1201,3043,45761
28-04-2014,15,13740,15200,9365,4110,42415,933,852,1157,2942,45357
28-04-2014,16,13609,15028,9322,4002,41961,911,823,1133,2867,44828
28-04-2014,17,13354,14889,9195,4154,41592,894,817,1124,2835,44427
28-04-2014,18,13271,14703,9308,4026,41308,873,797,1113,2783,44091
28-04-2014,19,13357,14689,9340,3841,41227,866,794,1116,2776,44003
28-04-2014,20,13319,14811,9165,3686,40981,887,829,1172,2888,43869
28-04-2014,21,13476,14723,9297,3708,41204,851,779,1073,2703,43907
28-04-2014,22,13223,13717,9078,3457,39475,748,674,920,2342,41817
28-04-2014,23,12543,12795,8602,3106,37046,689,601,825,2115,39161
29-04-2014,0,11999,12181,8244,2864,35288,657,564,785,2006,37294
29-04-2014,1,11607,12610,8012,2733,34962,636,552,765,1953,36915
29-04-2014,2,11450,13161,7924,2685,35220,630,544,759,1933,37153
29-04-2014,3,11508,11760,7876,2698,33842,632,552,761,1945,35787
29-04-2014,4,11679,12114,7901,2764,34458,624,552,792,1968,36426
29-04-2014,5,11889,12168,8727,2931,35715,736,644,954,2334,38049
29-04-2014,6,12859,13784,9338,3444,39425,870,771,1122,2763,42188
29-04-2014,7,14281,15586,9572,4021,43460,972,883,1223,3078,46538
29-04-2014,8,14650,16150,9702,4302,44804,1010,928,1248,3186,47990
29-04-2014,9,14477,16078,9709,4349,44613,1011,931,1236,3178,47791
29-04-2014,10,14321,16020,9702,4425,44468,1002,,1209,,
29-04-2014,11,14239,15997,9644,4397,44277,980,882,1208,3070,47347
29-04-2014,12,14277,15800,9551,4298,43926,994,907,1222,3123,47049
29-04-2014,13,14279,15583,9477,4348,43687,980,894,1212,3086,46773
29-04-2014,14,14259,15441,9443,4267,43410,973,881,1200,3054,46464
29-04-2014,15,14132,15339,9398,4107,42976,948,870,1168,2986,45962
29-04-2014,16,14097,15012,9285,3992,42386,915,828,1138,2881,45267
29-04-2014,17,14006,15196,9253,4170,42625,894,815,1129,2838,45463
29-04-2014,18,13806,15183,9374,4037,42400,865,799,1115,2779,45179
29-04-2014,19,13794,15065,9443,3850,42152,856,796,1121,2773,44925
29-04-2014,20,13852,15400,9339,3702,42293,867,832,1176,2875,45168
29-04-2014,21,14071,15434,9601,3707,42813,830,793,1081,2704,45517
29-04-2014,22,13863,14548,9414,3454,41279,741,689,935,2365,43644
29-04-2014,23,13258,13460,8925,3111,38754,675,610,841,2126,40880
30-04-2014,0,12679,12700,8593,2878,36850,648,566,798,2012,38862
30-04-2014,1,12322,12507,8411,2724,35964,639,547,776,1962,37926
30-04-2014,2,12153,12403,8316,2672,35544,647,542,766,1955,37499
30-04-2014,3,12083,12439,8332,2686,35540,650,541,773,1964,37504
30-04-2014,4,12312,12552,8391,2748,36003,645,547,801,1993,37996
30-04-2014,5,12601,12977,9264,2911,37753,750,638,953,2341,40094
30-04-2014,6,13897,14727,9810,3454,41888,879,766,1109,2754,44642
30-04-2014,7,15295,16722,10020,4017,46054,975,876,1203,3054,49108
30-04-2014,8,15653,17013,10081,4294,47041,999,919,1226,3144,50185
30-04-2014,9,15440,16842,10112,4334,46728,994,928,1212,3134,49862
30-04-2014,10,15312,16954,10112,4415,46793,986,916,1197,3099,49892
30-04-2014,11,14954,16667,10033,4402,46056,962,884,1178,3024,49080
30-04-2014,12,14671,16401,9854,4305,45231,977,892,1189,3058,48289
30-04-2014,13,14562,16059,9621,4291,44533,974,881,1171,3026,47559
30-04-2014,14,14413,15720,9447,4200,43780,956,859,1145,2960,46740
30-04-2014,15,14270,17067,9364,4076,44777,911,839,1118,2868,47645
30-04-2014,16,14162,15277,9362,3987,42788,886,819,1098,2803,45591
30-04-2014,17,14031,15455,9280,4142,42908,860,806,1085,2751,45659
30-04-2014,18,14001,14972,9227,4043,42243,847,781,1065,2693,44936
30-04-2014,19,13823,14630,9127,3883,41463,829,772,1050,2651,44114
30-04-2014,20,13718,14308,9016,3740,40782,836,799,1088,2723,43505
30-04-2014,21,14068,14271,9427,3699,41465,833,768,1030,2631,44096
30-04-2014,22,13918,13823,9412,3442,40595,759,677,0,1436,42031
30-04-2014,23,13494,13410,9039,3047,38990,706,608,824,2138,41128
01-05-2014,0,12927,12849,8627,2813,37216,669,564,773,2006,39222
01-05-2014,1,12599,12263,8441,2657,35960,646,545,743,1934,37894
01-05-2014,2,12460,12059,8349,2595,35463,640,530,733,1903,37366
01-05-2014,3,12474,12054,8294,2609,35431,631,531,724,1886,37317
01-05-2014,4,12684,12043,8175,2661,35563,606,522,716,1844,37407
01-05-2014,5,12636,11974,8337,2769,35716,637,544,754,1935,37651
01-05-2014,6,12875,12306,8447,3194,36822,702,607,830,2139,38961
01-05-2014,7,13360,12942,8542,3745,38589,775,693,927,2395,40984
01-05-2014,8,13717,13530,8728,3981,39956,829,758,992,2579,42535
01-05-2014,9,14046,14095,8862,4060,41063,857,788,1013,2658,43721
01-05-2014,10,14232,14325,8876,4116,41549,858,780,1009,2647,44196
01-05-2014,11,14146,14491,8865,4105,41607,856,773,1005,2634,44241
01-05-2014,12,13955,14312,8813,4008,41088,858,,1000,,
01-05-2014,13,13782,14013,8764,3942,40501,855,764,979,2598,43099
01-05-2014,14,13620,13679,8715,3865,39879,851,752,961,2564,42443
01-05-2014,15,13470,13548,8667,3780,39465,850,740,954,2544,42009
01-05-2014,16,13372,13619,8746,3756,39493,850,729,952,2531,42024
01-05-2014,17,13352,13573,8814,3950,39689,836,734,954,2524,42213
01-05-2014,18,13358,13669,8930,3882,39839,833,739,965,2537,42376
01-05-2014,19,13370,13878,8960,3705,39913,837,750,982,2569,42482
01-05-2014,20,13419,14025,8893,3543,39880,837,766,1041,2644,42524
01-05-2014,21,13690,14344,9358,3551,40943,815,730,973,2518,43461
01-05-2014,22,13733,13782,9398,3308,40221,745,648,854,2247,42468
01-05-2014,23,13375,13280,9048,2978,38681,688,589,764,2041,40722
02-05-2014,0,12825,12829,8725,2738,37117,651,543,721,1915,39032
02-05-2014,1,12615,12588,8496,2643,36342,631,528,698,1857,38199
02-05-2014,2,12547,12633,8453,2605,36238,634,522,692,1848,38086
02-05-2014,3,12603,12810,8465,2623,36501,629,521,702,1852,38353
02-05-2014,4,12841,12815,8486,2706,36848,623,507,727,1857,38705
02-05-2014,5,12983,13032,9112,2862,37989,694,540,862,2096,40085
02-05-2014,6,13919,14168,9580,3344,41011,801,615,1007,2423,43434
02-05-2014,7,15031,15277,9774,3912,43994,893,716,1123,2732,46726
02-05-2014,8,15340,15874,9818,4157,45189,931,789,1170,2890,48079
02-05-2014,9,15257,15913,9719,4213,45102,932,813,1171,2916,48018
02-05-2014,10,15146,15890,9695,4280,45011,929,806,1157,2892,47903
02-05-2014,11,15001,15885,9605,4266,44757,912,783,1129,2824,47581
02-05-2014,12,14692,15641,9518,4144,43995,921,789,1133,2843,46838
02-05-2014,13,14489,15269,9413,4037,43208,909,780,1115,2804,46012
02-05-2014,14,14282,14787,9418,3902,42389,900,761,1090,2751,45140
02-05-2014,15,14043,14598,9348,3796,41785,875,755,1067,2697,44482
02-05-2014,16,13444,14392,9356,3763,40955,862,745,1062,2669,43624
02-05-2014,17,13280,14660,9384,3919,41243,844,741,1055,2640,43883
02-05-2014,18,13418,14738,9424,3970,41550,836,733,1039,2608,44158
02-05-2014,19,13445,14666,9419,3713,41243,823,737,1036,2596,43839
02-05-2014,20,13354,14519,9308,3462,40643,840,765,1078,2683,43326
02-05-2014,21,13428,14828,9632,3525,41413,834,753,1015,2602,44015
02-05-2014,22,13387,14371,9522,3329,40609,766,670,893,2329,42938
02-05-2014,23,12944,13586,9026,3040,38596,714,602,815,2131,40727
03-05-2014,0,13022,13082,8712,2807,37623,674,565,760,1999,39622
03-05-2014,1,12611,12796,8621,2678,36706,652,549,735,1936,38642
03-05-2014,2,12413,12673,8521,2636,36243,647,536,725,1908,38151
03-05-2014,3,12412,12724,8394,2601,36131,637,532,726,1895,38026
03-05-2014,4,12460,12632,8265,2623,35980,616,516,721,1853,37833
03-05-2014,5,12467,12385,8577,2592,36021,647,539,764,1950,37971
03-05-2014,6,12652,12652,8625,2689,36618,695,594,847,2136,38754
03-05-2014,7,13062,13001,8816,2985,37864,765,660,939,2364,40228
03-05-2014,8,13506,13566,8975,3322,39369,819,724,1002,2545,41914
03-05-2014,9,14164,13926,8998,3516,40604,833,744,1016,2593,43197
03-05-2014,10,14265,13806,8963,3596,40630,827,738,1008,2573,43203
03-05-2014,11,14068,13583,9018,3544,40213,826,722,1000,2548,42761
03-05-2014,12,13950,13468,9005,3444,39867,830,717,992,2539,42406
03-05-2014,13,13786,13382,8962,3376,39506,824,712,982,2518,42024
03-05-2014,14,13554,13361,8968,3329,39212,808,697,967,2472,41684
03-05-2014,15,13372,13285,8982,3303,38942,806,693,955,2454,41396
03-05-2014,16,13245,13348,9121,3352,39066,810,689,954,2453,41519
03-05-2014,17,13302,13732,9297,3606,39937,813,688,962,2463,42400
03-05-2014,18,13376,13735,9363,3674,40148,809,685,966,2460,42608
03-05-2014,19,13538,13981,9190,3466,40175,801,699,974,2474,42649
03-05-2014,20,13398,14071,9051,3313,39833,809,737,1030,2576,42409
03-05-2014,21,13498,14125,9459,3306,40388,821,725,992,2538,42926
03-05-2014,22,13430,13697,9425,3168,39720,758,654,878,2290,42010
03-05-2014,23,13150,13240,9062,2900,38352,695,588,788,2071,40423
04-05-2014,0,12683,12632,8709,2722,36746,664,552,742,1958,38704
04-05-2014,1,12604,12200,8471,2586,35861,652,535,716,1903,37764
04-05-2014,2,12551,12065,8371,2513,35500,640,528,701,1869,37369
04-05-2014,3,12579,12072,8296,2631,35578,637,523,693,1853,37431
04-05-2014,4,12623,12115,8120,2508,35366,612,497,673,1782,37148
04-05-2014,5,12524,11846,8225,2480,35075,629,516,692,1837,36912
04-05-2014,6,12601,11983,8273,2587,35444,685,555,759,1999,37443
04-05-2014,7,12655,12480,8396,2832,36363,747,623,847,2217,38580
04-05-2014,8,12906,12999,8588,3166,37659,805,694,915,2414,40073
04-05-2014,9,13324,13434,8711,3389,38858,837,723,944,2504,41362
04-05-2014,10,13519,13773,8868,3465,39625,847,731,946,2524,42149
04-05-2014,11,13478,13783,8921,3468,39650,851,732,938,2521,42171
04-05-2014,12,13352,13953,8847,3398,39550,847,725,921,2493,42043
04-05-2014,13,13215,13808,8761,3348,39132,837,711,907,2455,41587
04-05-2014,14,13032,13592,8777,3326,38727,832,695,894,2421,41148
04-05-2014,15,12992,13500,8800,3278,38570,816,688,891,2395,40965
04-05-2014,16,12979,13570,8815,3332,38696,828,688,916,2432,41128
04-05-2014,17,13014,13812,8847,3622,39295,833,692,945,2470,41765
04-05-2014,18,13052,13961,9056,3652,39721,831,696,959,2486,42207
04-05-2014,19,13191,14229,9021,3546,39987,826,701,986,2513,42500
04-05-2014,20,13426,14505,8855,3433,40219,839,728,1030,2597,42816
04-05-2014,21,13688,14902,9313,3468,41371,835,727,972,2534,43905
04-05-2014,22,13718,14487,9381,3294,40880,767,659,844,2270,43150
04-05-2014,23,13173,13820,9001,3015,39009,706,587,756,2049,41058
05-05-2014,0,12611,13319,8666,2842,37438,660,543,709,1912,39350
05-05-2014,1,12416,13210,8466,2731,36823,648,519,687,1854,38677
05-05-2014,2,12379,13263,8384,2699,36725,629,512,680,1821,38546
05-05-2014,3,12426,13238,8350,2727,36741,648,510,691,1849,38590
05-05-2014,4,12553,13369,8485,2793,37200,651,497,720,1868,39068
05-05-2014,5,12827,13738,9400,2978,38943,764,528,905,2197,41140
05-05-2014,6,14142,15527,10002,3426,43097,914,595,1082,2591,45688
05-05-2014,7,15627,16781,10235,4071,46714,1021,684,1203,2908,49622
05-05-2014,8,15856,16873,10241,4304,47274,1071,757,1250,3078,50352
05-05-2014,9,15505,16668,10116,4398,46687,1081,799,1249,3129,49816
05-05-2014,10,15357,16775,10021,4561,46714,1074,807,1239,3120,49834
05-05-2014,11,15130,16826,9979,4541,46476,1054,781,1225,3060,49536
05-05-2014,12,14978,16634,9910,4456,45978,1074,784,1202,3060,49038
05-05-2014,13,14815,16364,9775,4486,45440,1070,781,1227,3078,48518
05-05-2014,14,14908,16158,9653,4404,45123,1059,767,1205,3031,48154
05-05-2014,15,14728,16070,9610,4244,44652,1028,759,1157,2944,47596
05-05-2014,16,14667,15750,9510,4206,44133,1002,757,1123,2882,47015
05-05-2014,17,14480,15844,9348,4464,44136,986,772,1116,2874,47010
05-05-2014,18,14355,15657,9402,4307,43721,967,774,1110,2851,46572
05-05-2014,19,14377,15643,9408,4058,43486,936,792,1119,2847,46333
05-05-2014,20,14364,15516,9164,3865,42909,947,806,1140,2893,45802
05-05-2014,21,14355,15314,9488,3797,42954,930,778,1056,2764,45718
05-05-2014,22,14069,14684,9450,3502,41705,838,681,912,2431,44136
05-05-2014,23,13340,13869,9011,3155,39375,774,606,827,2207,41582
06-05-2014,0,12739,13085,8640,2909,37373,737,562,786,2085,39458
06-05-2014,1,12443,12865,8464,2778,36550,721,548,772,2041,38591
06-05-2014,2,12178,12898,8417,2752,36245,710,545,765,2020,38265
06-05-2014,3,12167,13022,8335,2748,36272,705,546,767,2018,38290
06-05-2014,4,12266,13083,8420,2818,36587,713,548,792,2053,38640
06-05-2014,5,12448,13483,9145,3004,38080,824,650,962,2436,40516
06-05-2014,6,13570,15120,9601,3525,41816,945,785,1130,2860,44676
06-05-2014,7,15163,16847,9717,4144,45871,1048,900,1233,3181,49052
06-05-2014,8,15460,17052,9715,4426,46653,1070,958,1263,3291,49944
06-05-2014,9,15196,16858,9725,4485,46264,1067,967,1259,3293,49557
06-05-2014,10,15420,16950,9660,4568,46598,1046,948,1246,3240,49838
06-05-2014,11,15226,16803,9686,4605,46320,1027,914,1227,3168,49488
06-05-2014,12,15010,16572,9646,4533,45761,1050,935,1246,3231,48992
06-05-2014,13,14940,16263,9461,4516,45180,1034,928,1231,3193,48373
06-05-2014,14,14974,16273,9411,4450,45108,1023,909,1198,3130,48238
06-05-2014,15,14954,16515,9242,4290,45001,990,881,1161,3032,48033
06-05-2014,16,14888,16366,9232,4184,44670,964,848,1136,2948,47618
06-05-2014,17,14840,16580,9200,4427,45047,943,837,1128,2908,47955
06-05-2014,18,14746,16574,9288,4284,44892,928,827,1113,2868,47760
06-05-2014,19,14658,16160,9321,4026,44165,916,831,1113,2860,47025
06-05-2014,20,14607,16189,9053,3835,43684,904,845,1149,2898,46582
06-05-2014,21,14622,16393,9353,3802,44170,914,816,1091,2821,46991
06-05-2014,22,14145,15352,9303,3557,42357,832,731,945,2508,44865
06-05-2014,23,13395,14329,8861,3169,39754,765,653,849,2267,42021
07-05-2014,0,12787,13254,8547,2921,37509,741,606,801,2148,39657
07-05-2014,1,12444,12994,8353,2795,36586,724,590,779,2093,38679
07-05-2014,2,12228,12885,8324,2752,36189,722,582,771,2075,38264
07-05-2014,3,12196,12933,8323,2777,36229,717,586,774,2077,38306
07-05-2014,4,12199,12942,8478,2838,36457,701,591,783,2075,38532
07-05-2014,5,12473,13443,9306,2999,38221,813,682,940,2435,40656
07-05-2014,6,13875,15152,9758,3564,42349,934,810,1122,2866,45215
07-05-2014,7,15377,17270,9958,4254,46859,1022,929,1258,3209,50068
07-05-2014,8,15805,17322,9963,4517,47607,1047,979,1308,3334,50941
07-05-2014,9,15779,17627,9896,4609,47911,1042,992,1315,3349,51260
07-05-2014,10,15814,17716,9866,4695,48091,1036,980,1315,3331,51422
07-05-2014,11,15534,17613,9829,4677,47653,1013,959,1304,3276,50929
07-05-2014,12,15545,17419,9641,4580,47185,1030,994,1319,3343,50528
07-05-2014,13,15483,17290,9529,4543,46845,1020,993,1305,3318,50163
07-05-2014,14,15346,17046,9423,4469,46284,1015,985,1277,3277,49561
07-05-2014,15,15258,16998,9274,4307,45837,984,964,1226,3174,49011
07-05-2014,16,15161,16756,9136,4215,45268,955,927,1186,3068,48336
07-05-2014,17,14932,16682,9106,4597,45317,940,919,1171,3030,48347
07-05-2014,18,14788,16436,9225,4256,44705,926,903,1165,2994,47699
07-05-2014,19,14883,16314,9202,4007,44406,911,905,1175,2991,47397
07-05-2014,20,14790,16088,8923,3836,43637,912,898,1177,2987,46624
07-05-2014,21,14721,15925,9148,3761,43555,884,841,1070,2795,46350
07-05-2014,22,14305,14996,9153,3531,41985,796,732,917,2445,44430
07-05-2014,23,13542,13951,8677,3189,39359,731,650,831,2212,41571
08-05-2014,0,13089,13172,8293,2956,37510,703,609,789,2101,39611
08-05-2014,1,12799,12955,8139,2813,36706,681,593,768,2042,38748
08-05-2014,2,12658,12849,8063,2759,36329,658,579,764,2001,38330
08-05-2014,3,12684,12839,7907,2765,36195,660,579,770,2009,38204
08-05-2014,4,12792,12932,8021,2845,36590,659,578,794,2031,38621
08-05-2014,5,13028,13177,8808,3009,38022,772,680,956,2408,40430
08-05-2014,6,14192,14913,9454,3568,42127,919,822,1134,2875,45002
08-05-2014,7,15594,17037,9751,4175,46557,1022,942,1276,3240,49797
08-05-2014,8,15846,17355,9920,4513,47634,1057,992,1326,3375,51009
08-05-2014,9,15748,17420,9907,4564,47639,1053,989,1322,3364,51003
08-05-2014,10,15543,17510,9904,4635,47592,1049,973,1317,3339,50931
08-05-2014,11,15504,17170,9883,4624,47181,1031,933,1273,3237,50418
08-05-2014,12,15311,16963,9806,4553,46633,1045,,1294,,
08-05-2014,13,15304,16808,9746,4641,46499,1037,941,1274,3252,49751
08-05-2014,14,15340,16557,9786,4521,46204,1011,922,1256,3189,49393
08-05-2014,15,15165,16429,9641,4319,45554,980,893,1212,3085,48639
08-05-2014,16,15153,16206,9648,4283,45290,942,859,1168,2969,48259
08-05-2014,17,15146,16192,9699,4430,45467,924,854,1153,2931,48398
08-05-2014,18,15071,16153,9821,4331,45376,896,830,1150,2876,48252
08-05-2014,19,14968,16015,9760,4072,44815,893,832,1144,2869,47684
08-05-2014,20,14912,15826,9406,3863,44007,893,844,1164,2901,46908
08-05-2014,21,14710,15619,9467,3761,43557,890,821,1084,2795,46352
08-05-2014,22,14397,14802,9373,3555,42127,807,720,952,2479,44606
08-05-2014,23,13695,13776,8886,3196,39553,737,635,851,2223,41776
09-05-2014,0,13107,13023,8505,2932,37567,703,590,798,2091,39658
09-05-2014,1,12726,12688,8286,2796,36496,679,571,780,2030,38526
09-05-2014,2,12606,12560,8161,2750,36077,670,562,770,2002,38079
09-05-2014,3,12610,12549,8121,2748,36028,664,559,770,1993,38021
09-05-2014,4,12715,12664,8318,2817,36514,667,557,789,2013,38527
09-05-2014,5,12982,13032,9150,2964,38128,763,661,946,2370,40498
09-05-2014,6,14017,14833,9736,3496,42082,892,,1117,,
09-05-2014,7,15493,16610,9996,4120,46219,991,906,1240,3137,49356
09-05-2014,8,15909,17048,10166,4413,47536,1014,951,1273,3238,50774
09-05-2014,9,15735,17077,10191,4471,47474,1015,958,1266,3239,50713
09-05-2014,10,15548,17196,10046,4575,47365,1014,943,1256,3213,50578
09-05-2014,11,15265,17186,10058,4481,46990,996,906,1234,3136,50126
09-05-2014,12,15018,16860,9941,4374,46193,1015,927,1250,3192,49385
09-05-2014,13,14811,16426,9858,4244,45339,999,924,1253,3176,48515
09-05-2014,14,14578,15833,9793,4085,44289,993,915,1225,3133,47422
09-05-2014,15,14392,15528,9707,3939,43566,966,902,1186,3054,46620
09-05-2014,16,14277,15275,9662,3998,43212,937,880,1160,2977,46189
09-05-2014,17,14207,15489,9664,4230,43590,931,866,1143,2940,46530
09-05-2014,18,14075,14896,9710,4235,42916,922,851,1129,2902,45818
09-05-2014,19,13973,14615,9578,3915,42081,896,845,1112,2853,44934
09-05-2014,20,13755,14106,9293,,,886,834,1117,2837,
09-05-2014,21,13770,13970,9369,3584,40693,862,801,1055,2718,43411
09-05-2014,22,13633,13495,9197,3392,39717,775,712,926,2413,42130
09-05-2014,23,13280,12937,8654,3108,37979,711,643,836,2190,40169
10-05-2014,0,12829,12280,8169,2873,36151,677,599,784,2060,38211
10-05-2014,1,12452,12058,7944,2725,35179,656,579,754,1989,37168
10-05-2014,2,12290,11801,7810,2645,34546,645,564,740,1949,36495
10-05-2014,3,12262,11738,7687,2644,34331,633,554,736,1923,36254
10-05-2014,4,12212,11570,7567,2633,33982,614,550,719,1883,35865
10-05-2014,5,12059,11493,7795,2635,33982,644,616,776,2036,36018
10-05-2014,6,12083,11729,8007,2767,34586,699,713,872,2284,36870
10-05-2014,7,12608,12559,8304,3079,36550,775,802,982,2559,39109
10-05-2014,8,13073,13307,8574,3410,38364,832,858,1054,2744,41108
10-05-2014,9,13597,13961,8708,3615,39881,850,862,1084,2796,42677
10-05-2014,10,13679,14228,8808,3706,40421,843,852,1082,2777,43198
10-05-2014,11,13534,14209,8815,3656,40214,838,834,1088,2760,42974
10-05-2014,12,13230,14091,8732,3632,39685,834,827,1088,2749,42434
10-05-2014,13,12843,13897,8613,3575,38928,821,809,1065,2695,41623
10-05-2014,14,12790,13581,8568,3534,38473,816,792,1046,2654,41127
10-05-2014,15,12646,13406,8618,3486,38156,814,792,1033,2639,40795
10-05-2014,16,12627,13439,8698,3583,38347,809,792,1024,2625,40972
10-05-2014,17,12734,13595,8878,3835,39042,803,790,1024,2617,41659
10-05-2014,18,12781,13567,9007,3837,39192,791,774,1017,2582,41774
10-05-2014,19,12768,13528,8881,3577,38754,805,772,1007,2584,41338
10-05-2014,20,12578,13368,8666,3451,38063,811,771,1026,2608,40671
10-05-2014,21,12566,13318,8922,3405,38211,797,745,999,2541,40752
10-05-2014,22,12596,12861,8888,3271,37616,738,675,892,2305,39921
10-05-2014,23,12297,12373,8462,3081,36213,688,612,815,2115,38328
11-05-2014,0,11612,11954,7998,2922,34486,657,564,766,1987,36473
11-05-2014,1,10924,11472,7694,2716,32806,629,538,730,1897,34703
11-05-2014,2,10327,11317,7588,2600,31832,614,526,720,1860,33692
11-05-2014,3,10877,11291,7419,2565,32152,600,511,716,1827,33979
11-05-2014,4,10634,11175,7305,2556,31670,583,497,697,1777,33447
11-05-2014,5,10670,11066,7424,2516,31676,600,521,734,1855,33531
11-05-2014,6,10953,11285,7500,2623,32361,650,575,803,2028,34389
11-05-2014,7,10885,11731,7752,2884,33252,729,657,888,2274,35526
11-05-2014,8,11671,12339,8028,3212,35250,788,711,958,2457,37707
11-05-2014,9,12406,13163,8196,3431,37196,806,739,988,2533,39729
11-05-2014,10,12742,13571,8276,3563,38152,801,730,1002,2533,40685
11-05-2014,11,12883,13936,8218,3635,38672,791,720,1003,2514,41186
11-05-2014,12,12742,13877,8093,3648,38360,795,728,1001,2524,40884
11-05-2014,13,12660,13636,8025,3638,37959,795,732,998,2525,40484
11-05-2014,14,12693,13662,7952,3581,37888,790,721,987,2498,40386
11-05-2014,15,12634,13615,7955,3540,37744,784,721,981,2486,40230
11-05-2014,16,12794,13778,8066,3602,38240,788,729,984,2501,40741
11-05-2014,17,12972,13880,8158,3870,38880,787,739,992,2518,41398
11-05-2014,18,12849,14056,8316,3825,39046,802,728,1011,2541,41587
11-05-2014,19,12948,14147,8389,3670,39154,805,733,1032,2570,41724
11-05-2014,20,13052,14010,8287,3541,38890,818,742,1050,2610,41500
11-05-2014,21,13034,13947,8749,3509,39239,805,734,1019,2558,41797
11-05-2014,22,12871,13320,8812,3305,38308,728,650,904,2282,40590
11-05-2014,23,12361,12610,8270,2998,36239,666,578,806,2050,38289
12-05-2014,0,11778,11971,7836,2830,34415,627,535,752,1914,36329
12-05-2014,1,11534,11678,7594,2737,33543,613,518,728,1859,35402
12-05-2014,2,11389,11672,7554,2698,33313,606,512,721,1839,35152
12-05-2014,3,11406,11695,7517,2698,33316,594,513,713,1820,35136
12-05-2014,4,11548,11693,7608,2762,33611,602,521,751,1874,35485
12-05-2014,5,11770,12166,8414,2943,35293,721,628,942,2291,37584
12-05-2014,6,13073,13710,9097,3491,39371,834,775,1124,2733,42104
12-05-2014,7,14590,15386,9422,4143,43541,943,899,1264,3106,46647
12-05-2014,8,14979,16128,9576,4422,45105,991,963,1325,3279,48384
12-05-2014,9,14791,16274,9683,4485,45233,997,969,1318,3284,48517
12-05-2014,10,14618,16309,9615,4587,45129,973,952,1298,3223,48352
12-05-2014,11,14384,16189,9592,4621,44786,961,916,1281,3158,47944
12-05-2014,12,14463,15867,9546,4571,44447,979,934,1302,3215,47662
12-05-2014,13,14049,15797,9486,4585,43917,961,924,1291,3176,47093
12-05-2014,14,14187,15701,9464,4541,43893,935,917,1259,3111,47004
12-05-2014,15,14116,15924,9336,4319,43695,915,900,1218,3033,46728
12-05-2014,16,14099,15545,9283,4308,43235,899,862,1183,2944,46179
12-05-2014,17,13838,15375,9142,4513,42868,882,850,1175,2907,45775
12-05-2014,18,13676,15234,9117,4383,42410,863,835,1163,2861,45271
12-05-2014,19,13722,15054,9182,4109,42067,852,836,1156,2844,44911
12-05-2014,20,13709,14884,8836,3893,41322,848,828,1153,2829,44151
12-05-2014,21,13650,14564,9040,3758,41012,831,791,1066,2688,43700
12-05-2014,22,13409,13947,8938,3542,39836,758,691,924,2373,42209
12-05-2014,23,12742,12996,8454,3164,37356,701,618,829,2148,39504
13-05-2014,0,12183,12143,8090,2946,35362,669,575,789,2033,37395
13-05-2014,1,11906,11847,7848,2820,34421,650,555,767,1972,36393
13-05-2014,2,11765,11810,7699,2752,34026,643,546,761,1950,35976
13-05-2014,3,11701,11665,7676,2757,33799,635,537,765,1937,35736
13-05-2014,4,11735,11674,7755,2820,33984,642,544,781,1967,35951
13-05-2014,5,11923,12093,8547,2989,35552,736,652,955,2343,37895
13-05-2014,6,13166,13727,9017,3547,39457,876,792,1132,2800,42257
13-05-2014,7,14737,15763,9312,4196,44008,988,911,1261,3160,47168
13-05-2014,8,14980,16060,9440,4515,44995,1026,965,1300,3291,48286
13-05-2014,9,14840,16085,9434,4593,44952,1028,967,1298,3293,48245
13-05-2014,10,14584,15961,9471,4688,44704,1028,948,1281,3257,47961
13-05-2014,11,14475,15949,9492,4644,44560,1024,913,1251,3188,47748
13-05-2014,12,14416,15974,9372,4541,44303,1043,929,1265,3237,47540
13-05-2014,13,14181,15765,9307,4537,43790,1032,917,1252,3201,46991
13-05-2014,14,14279,15484,9276,4501,43540,1029,907,1229,3165,46705
13-05-2014,15,14381,15615,9171,4322,43489,1000,889,1194,3083,46572
13-05-2014,16,14228,15279,9115,4274,42896,980,861,1148,2989,45885
13-05-2014,17,14019,15008,9001,4491,42519,954,846,1139,2939,45458
13-05-2014,18,13968,14912,9105,4329,42314,928,833,1122,2883,45197
13-05-2014,19,13982,14653,9124,4114,41873,908,832,1122,2862,44735
13-05-2014,20,13987,14569,8744,3898,41198,886,818,1126,2830,44028
13-05-2014,21,14082,14579,8847,3819,41327,862,787,1066,2715,44042
13-05-2014,22,13853,13978,8680,3602,40113,770,692,920,2382,42495
13-05-2014,23,13027,13121,8219,3227,37594,703,612,826,2141,39735
14-05-2014,0,12510,12383,7810,3010,35713,682,568,780,2030,37743
14-05-2014,1,12246,12285,7567,2905,35003,657,548,758,1963,36966
14-05-2014,2,12096,12165,7514,2847,34622,646,536,749,1931,36553
14-05-2014,3,12070,11875,7547,2855,34347,629,535,748,1912,36259
14-05-2014,4,11930,11862,7626,2914,34332,637,543,776,1956,36288
14-05-2014,5,12292,12370,8520,3046,36228,740,653,953,2346,38574
14-05-2014,6,13557,14051,9205,3627,40440,883,788,1129,2800,43240
14-05-2014,7,15121,15970,9455,4288,44834,984,909,1245,3138,47972
14-05-2014,8,15371,16131,9620,4571,45693,1007,970,1283,3260,48953
14-05-2014,9,15112,16182,9608,4628,45530,994,974,1284,3252,48782
14-05-2014,10,14923,16203,9596,4700,45422,991,956,1274,3221,48643
14-05-2014,11,14656,16331,9611,4660,45258,976,913,1249,3138,48396
14-05-2014,12,14531,16213,9484,4572,44800,996,929,1265,3190,47990
14-05-2014,13,14455,16142,9369,4591,44557,976,918,1246,3140,47697
14-05-2014,14,14257,16041,9263,4536,44097,965,896,1231,3092,47189
14-05-2014,15,14044,15824,9174,4365,43407,932,875,1188,2995,46402
14-05-2014,16,13927,15669,9109,4315,43020,907,844,1147,2898,45918
14-05-2014,17,13481,15324,9077,4482,42364,887,831,1128,2846,45210
14-05-2014,18,13592,15439,9133,4350,42514,871,807,1114,2792,45306
14-05-2014,19,13581,15075,9084,4109,41849,857,802,1108,2767,44616
14-05-2014,20,13646,14742,8823,3881,41092,857,799,1114,2770,43862
14-05-2014,21,13754,14669,9025,3769,41217,846,796,1074,2716,43933
14-05-2014,22,13644,14292,9039,3641,40616,772,703,931,2406,43022
14-05-2014,23,13073,13471,8535,3297,38376,700,620,834,2154,40530
15-05-2014,0,12502,12651,8182,3052,36387,676,578,793,2047,38434
15-05-2014,1,12246,12636,8001,2895,35778,662,563,766,1991,37769
15-05-2014,2,12099,12537,7968,2826,35430,655,549,759,1963,37393
15-05-2014,3,12101,12472,7884,2832,35289,635,543,758,1936,37225
15-05-2014,4,12080,12373,8108,2891,35452,634,550,774,1958,37410
15-05-2014,5,12373,13020,8935,3034,37362,736,651,947,2334,39696
15-05-2014,6,13602,14684,9525,3581,41392,873,791,1121,2785,44177
15-05-2014,7,14892,16084,9772,4223,44971,968,903,1237,3108,48079
15-05-2014,8,14958,16110,9763,4487,45318,997,943,1262,3202,48520
15-05-2014,9,14819,16034,9850,4528,45231,990,941,1247,3178,48409
15-05-2014,10,14878,16369,9828,4599,45674,985,923,1227,3135,48809
15-05-2014,11,14291,16346,9806,4529,44972,969,887,1209,3065,48037
15-05-2014,12,14469,15993,9668,4461,44591,976,914,1226,3116,47707
15-05-2014,13,14305,15721,9500,4433,43959,979,899,1210,3088,47047
15-05-2014,14,14228,15554,9394,4308,43484,957,879,1185,3021,46505
15-05-2014,15,14179,14939,9265,4136,42519,919,865,1143,2927,45446
15-05-2014,16,14333,14561,9174,4063,42131,883,832,1107,2822,44953
15-05-2014,17,14253,14646,9074,4142,42115,862,822,1096,2780,44895
15-05-2014,18,14200,13889,9182,4075,41346,845,801,1085,2731,44077
15-05-2014,19,14153,14320,9144,3900,41517,836,794,1067,2697,44214
15-05-2014,20,14104,14325,8771,3723,40923,829,793,1079,2701,43624
15-05-2014,21,13940,14441,9037,3600,41018,836,783,1052,2671,43689
15-05-2014,22,13538,13701,9100,3493,39832,777,693,912,2382,42214
15-05-2014,23,12682,12594,8540,3115,36931,709,615,811,2135,39066
16-05-2014,0,11983,11820,8131,2857,34791,686,563,766,2015,36806
16-05-2014,1,11710,11505,7902,2682,33799,670,545,745,1960,35759
16-05-2014,2,11558,11394,7877,2628,33457,655,538,737,1930,35387
16-05-2014,3,11519,11434,7768,2625,33346,637,527,734,1898,35244
16-05-2014,4,11475,11376,7946,2596,33393,651,537,758,1946,35339
16-05-2014,5,11720,11789,8831,2590,34930,754,637,929,2320,37250
16-05-2014,6,12769,13330,9450,2761,38310,871,773,1098,2742,41052
16-05-2014,7,14199,15125,9818,3092,42234,963,876,1209,3048,45282
16-05-2014,8,14566,15630,9953,3432,43581,988,913,1244,3145,46726
16-05-2014,9,14565,15591,9906,3595,43657,982,910,1238,3130,46787
16-05-2014,10,14441,15510,9963,3666,43580,975,893,1235,3103,46683
16-05-2014,11,14222,15318,9798,3640,42978,969,868,1221,3058,46036
16-05-2014,12,14061,15103,9708,3574,42446,980,,1236,,
16-05-2014,13,13730,14745,9498,3487,41460,982,874,1229,3085,44545
16-05-2014,14,13667,14384,9426,3421,40898,969,853,1197,3019,43917
16-05-2014,15,13393,13969,9328,3362,40052,937,829,1165,2931,42983
16-05-2014,16,12990,13570,9181,3390,39131,908,801,1146,2855,41986
16-05-2014,17,12787,13498,9075,3552,38912,883,785,1134,2802,41714
16-05-2014,18,12704,13216,9132,3566,38618,863,773,1116,2752,41370
16-05-2014,19,12775,13092,9044,3377,38288,840,767,1107,2714,41002
16-05-2014,20,12796,12909,8691,3229,37625,823,752,1099,2674,40299
16-05-2014,21,12624,12650,8888,3214,37376,818,753,1042,2613,39989
16-05-2014,22,12539,12442,8979,3201,37161,766,679,920,2365,39526
16-05-2014,23,12059,11848,8482,2968,35357,695,604,830,2129,37486
17-05-2014,0,11479,11271,8097,2757,33604,666,556,779,2001,35605
17-05-2014,1,11127,10855,7803,2600,32385,642,533,751,1926,34311
17-05-2014,2,10765,10775,7681,2534,31755,621,515,739,1875,33630
17-05-2014,3,10541,10705,7486,2527,31259,598,496,732,1826,33085
17-05-2014,4,10513,10431,7504,2512,30960,597,486,715,1798,32758
17-05-2014,5,10463,10303,7709,2470,30945,630,531,773,1934,32879
17-05-2014,6,10791,10671,7834,2645,31941,680,598,869,2147,34088
17-05-2014,7,11518,11419,8066,2911,33914,744,685,969,2398,36312
17-05-2014,8,12273,12213,8270,3261,36017,802,745,1034,2581,38598
17-05-2014,9,12543,12658,8361,3464,37026,818,760,1052,2630,39656
17-05-2014,10,12190,12883,8330,3548,36951,812,754,1039,2605,39556
17-05-2014,11,11792,12601,8283,3514,36190,804,742,1028,2574,38764
17-05-2014,12,11475,12420,8201,3436,35532,800,,1014,,
17-05-2014,13,11320,12173,8156,3390,35039,789,740,999,2528,37567
17-05-2014,14,11045,12012,8080,3301,34438,778,721,983,2482,36920
17-05-2014,15,11026,11969,8144,3261,34400,768,702,978,2448,36848
17-05-2014,16,10988,11965,8213,3284,34450,772,697,972,2441,36891
17-05-2014,17,11109,12179,8207,3472,34967,765,691,980,2436,37403
17-05-2014,18,11256,12281,8242,3482,35261,758,682,984,2424,37685
17-05-2014,19,11287,12121,8176,3277,34861,746,675,989,2410,37271
17-05-2014,20,11262,11935,7960,3164,34321,742,676,1000,2418,36739
17-05-2014,21,11285,11883,8171,3085,34424,746,684,982,2412,36836
17-05-2014,22,11439,12113,8291,3086,34929,712,637,881,2230,37159
17-05-2014,23,11255,11268,7890,2906,33319,651,573,793,2017,35336
18-05-2014,0,10985,10885,7481,2692,32043,618,530,744,1892,33935
18-05-2014,1,10676,10614,7261,2552,31103,598,507,727,1832,32935
18-05-2014,2,10623,10521,7090,2463,30697,581,495,713,1789,32486
18-05-2014,3,10517,10421,6840,2427,30205,554,474,703,1731,31936
18-05-2014,4,10329,10177,6806,2391,29703,548,461,684,1693,31396
18-05-2014,5,10328,9931,6977,2334,29570,575,480,718,1773,31343
18-05-2014,6,10463,9925,7062,2474,29924,615,533,787,1935,31859
18-05-2014,7,10739,10345,7223,2752,31059,692,605,889,2186,33245
18-05-2014,8,11115,11331,7413,3080,32939,753,675,970,2398,35337
18-05-2014,9,11644,11883,7629,3298,34454,774,705,1017,2496,36950
18-05-2014,10,11926,12296,7765,3404,35391,774,710,1031,2515,37906
18-05-2014,11,12034,12439,7795,3432,35700,767,710,1029,2506,38206
18-05-2014,12,11831,12382,7699,3400,35312,764,700,1015,2479,37791
18-05-2014,13,11696,12265,7654,3397,35012,754,701,1003,2458,37470
18-05-2014,14,11533,12244,7607,3390,34774,748,697,989,2434,37208
18-05-2014,15,11516,12372,7706,3373,34967,750,697,985,2432,37399
18-05-2014,16,11516,12691,7781,3472,35460,758,700,991,2449,37909
18-05-2014,17,11488,12881,7726,3721,35816,765,703,1002,2470,38286
18-05-2014,18,11575,13063,7803,3701,36142,774,706,1023,2503,38645
18-05-2014,19,11719,13063,7779,3595,36156,771,719,1047,2537,38693
18-05-2014,20,11781,12944,7578,3502,35805,761,732,1067,2560,38365
18-05-2014,21,11727,12644,7848,3386,35605,754,728,1047,2529,38134
18-05-2014,22,11715,12154,7941,3209,35019,707,661,918,2286,37305
18-05-2014,23,11344,11262,7554,2972,33132,644,590,810,2044,35176
19-05-2014,0,10905,11091,7174,2777,31947,599,540,745,1884,33831
19-05-2014,1,10582,10801,6967,2672,31022,580,521,722,1823,32845
19-05-2014,2,10423,10738,6842,2629,30632,572,519,719,1810,32442
19-05-2014,3,10434,10830,6697,2630,30591,551,502,727,1780,32371
19-05-2014,4,10381,10720,6901,2655,30657,571,514,754,1839,32496
19-05-2014,5,10493,11277,7841,2834,32445,675,614,932,2221,34666
19-05-2014,6,11656,13092,8625,3391,36764,809,765,1093,2667,39431
19-05-2014,7,12930,15073,9005,3970,40978,921,868,1188,2977,43955
19-05-2014,8,13199,15381,9208,4262,42050,971,924,1237,3132,45182
19-05-2014,9,13182,15425,9239,4390,42236,974,946,1232,3152,45388
19-05-2014,10,13022,15656,9293,4528,42499,973,949,1216,3138,45637
19-05-2014,11,12850,15878,9235,4541,42504,967,924,1235,3126,45630
19-05-2014,12,12889,15809,9200,4459,42357,997,943,1221,3161,45518
19-05-2014,13,12952,15721,9111,4471,42255,994,938,1262,3194,45449
19-05-2014,14,12858,15623,8921,4411,41813,986,922,1246,3154,44967
19-05-2014,15,12686,15404,8818,4243,41151,953,905,1202,3060,44211
19-05-2014,16,12502,15015,8706,4133,40356,928,870,1162,2960,43316
19-05-2014,17,12518,15088,8576,4300,40482,888,850,1152,2890,43372
19-05-2014,18,12612,14914,8522,4193,40241,858,830,1142,2830,43071
19-05-2014,19,12471,14472,8414,3948,39305,842,815,1129,2786,42091
19-05-2014,20,12376,14098,8013,3733,38220,826,796,1111,2733,40953
19-05-2014,21,12320,13761,8043,3631,37755,803,791,1087,2681,40436
19-05-2014,22,12076,13242,8033,3519,36870,733,720,948,2401,39271
19-05-2014,23,11395,12078,7478,3156,34107,662,627,841,2130,36237
20-05-2014,0,10839,11434,7144,2896,32313,627,585,798,2010,34323
20-05-2014,1,10454,11085,6833,2764,31136,608,566,771,1945,33081
20-05-2014,2,10367,10944,6703,2698,30712,593,555,767,1915,32627
20-05-2014,3,10409,10903,6571,2710,30593,575,543,770,1888,32481
20-05-2014,4,10391,10753,6777,2740,30661,590,551,781,1922,32583
20-05-2014,5,10524,11231,7694,2869,32318,690,646,940,2276,34594
20-05-2014,6,11736,13028,8402,3420,36586,826,785,1116,2727,39313
20-05-2014,7,13025,14868,8762,4020,40675,933,903,1245,3081,43756
20-05-2014,8,13412,15205,8903,4290,41810,966,950,1291,3207,45017
20-05-2014,9,13234,15433,8994,4380,42041,973,965,1295,3233,45274
20-05-2014,10,13047,15252,9008,4485,41792,973,954,1288,3215,45007
20-05-2014,11,13035,15307,8998,4500,41840,964,932,1275,3171,45011
20-05-2014,12,13125,15214,8904,4402,41645,983,957,1294,3234,44879
20-05-2014,13,13142,15027,8748,4411,41328,972,953,1296,3221,44549
20-05-2014,14,13132,14858,8764,4349,41103,964,931,1289,3184,44287
20-05-2014,15,12782,14854,8676,4170,40482,937,912,1248,3097,43579
20-05-2014,16,12742,14629,8609,4054,40034,899,885,1212,2996,43030
20-05-2014,17,12557,14564,8426,4223,39770,873,874,1179,2926,42696
20-05-2014,18,12285,14243,8414,4096,39038,857,866,1152,2875,41913
20-05-2014,19,12265,13911,8347,3854,38377,843,868,1147,2858,41235
20-05-2014,20,12274,13852,7991,3675,37792,822,825,1131,2778,40570
20-05-2014,21,12175,13493,7948,3532,37148,796,782,1092,2670,39818
20-05-2014,22,12077,12884,7903,3468,36332,691,704,956,2351,38683
20-05-2014,23,11620,11898,7495,3133,34146,662,629,855,2146,36292
21-05-2014,0,10937,11264,7160,2878,32239,627,589,809,2025,34264
21-05-2014,1,10558,11204,7016,2731,31509,606,566,785,1957,33466
21-05-2014,2,10277,11058,6886,2687,30908,591,558,776,1925,32833
21-05-2014,3,10126,11147,6744,2696,30713,574,541,778,1893,32606
21-05-2014,4,10268,10873,6991,2700,30832,589,550,802,1941,32773
21-05-2014,5,10314,11400,7752,2847,32313,682,653,964,2299,34612
21-05-2014,6,11475,13123,8482,3392,36472,822,794,1140,2756,39228
21-05-2014,7,12713,14645,8902,4031,40291,936,919,1258,3113,43404
21-05-2014,8,13093,14852,8997,4370,41312,960,966,1299,3225,44537
21-05-2014,9,12997,14898,9020,4459,41374,975,972,1299,3246,44620
21-05-2014,10,12985,15370,8940,4635,41930,980,964,1284,3228,45158
21-05-2014,11,12865,15283,8980,4588,41716,972,933,1260,3165,44881
21-05-2014,12,12806,15281,8875,4484,41446,985,959,1274,3218,44664
21-05-2014,13,12620,14995,8777,4459,40851,977,942,1269,3188,44039
21-05-2014,14,12695,14843,8725,4433,40696,963,922,1248,3133,43829
21-05-2014,15,12774,14772,8697,4237,40480,942,902,1214,3058,43538
21-05-2014,16,12684,14465,8640,4183,39972,913,864,1179,2956,42928
21-05-2014,17,12510,14565,8535,4291,39901,885,848,1161,2894,42795
21-05-2014,18,12444,14073,8585,4149,39251,859,819,1144,2822,42073
21-05-2014,19,12442,13909,8523,3927,38801,830,806,1133,2769,41570
21-05-2014,20,12330,13407,8133,3731,37601,807,791,1130,2728,40329
21-05-2014,21,12139,12856,8131,3597,36723,788,787,1109,2684,39407
21-05-2014,22,12024,12325,8144,3502,35995,740,714,968,2422,38417
21-05-2014,23,11427,11516,7602,3149,33694,672,628,854,2154,35848
22-05-2014,0,10778,10787,7268,2910,31743,639,585,810,2034,33777
22-05-2014,1,10550,10250,7036,2768,30604,625,565,784,1974,32578
22-05-2014,2,10470,10186,6972,2719,30347,604,553,775,1932,32279
22-05-2014,3,10315,10074,6843,2702,29934,582,533,762,1877,31811
22-05-2014,4,10222,9771,7066,2758,29817,607,546,779,1932,31749
22-05-2014,5,10382,10540,7850,2917,31689,708,648,948,2304,33993
22-05-2014,6,11449,12645,8486,3471,36051,839,780,1125,2744,38795
22-05-2014,7,12994,14532,8829,4108,40463,940,895,1239,3074,43537
22-05-2014,8,13341,15360,9055,4386,42142,971,940,1276,3187,45329
22-05-2014,9,12983,15229,9041,4474,41727,975,951,1277,3203,44930
22-05-2014,10,12984,15356,9108,4593,42041,969,942,1272,3183,45224
22-05-2014,11,12880,15025,9019,4618,41542,961,914,1252,3127,44669
22-05-2014,12,12858,15118,8983,4507,41466,975,949,1264,3188,44654
22-05-2014,13,12879,15060,9001,4528,41468,955,951,1251,3157,44625
22-05-2014,14,12718,15186,9016,4432,41352,947,941,1238,3126,44478
22-05-2014,15,12811,15165,8925,4243,41144,923,924,1207,3054,44198
22-05-2014,16,12665,15099,8826,4153,40743,902,884,1174,2960,43703
22-05-2014,17,12446,14692,8650,4266,40054,872,874,1153,2899,42953
22-05-2014,18,12324,14538,8631,4153,39646,849,840,1138,2827,42473
22-05-2014,19,12346,14607,8506,3976,39435,831,820,1121,2772,42207
22-05-2014,20,12232,14459,8199,3798,38688,813,804,1103,2720,41408
22-05-2014,21,12081,13633,8234,3638,37586,796,800,1084,2680,40266
22-05-2014,22,11843,13037,8169,3522,36571,744,732,947,2423,38994
22-05-2014,23,11163,11994,7671,3184,34012,676,641,828,2145,36157
23-05-2014,0,10675,11240,7257,2917,32089,638,588,776,2002,34091
23-05-2014,1,10358,10829,7039,2790,31016,606,570,750,1926,32942
23-05-2014,2,10133,10587,6924,2729,30373,587,557,743,1887,32260
23-05-2014,3,10149,10760,6732,2727,30368,553,535,730,1818,32186
23-05-2014,4,10099,10530,6970,2771,30370,574,543,749,1866,32236
23-05-2014,5,10243,10868,7788,2877,31776,681,642,920,2243,34019
23-05-2014,6,11352,12842,8560,3458,36212,816,779,1089,2684,38896
23-05-2014,7,12790,14746,8931,4111,40578,925,893,1209,3027,43605
23-05-2014,8,13316,15337,9059,4369,42081,965,945,1253,3163,45244
23-05-2014,9,13173,15602,9120,4485,42380,971,954,1259,3184,45564
23-05-2014,10,13174,15690,9068,4532,42464,966,945,1241,3152,45616
23-05-2014,11,13047,15194,9062,4484,41787,959,920,1208,3087,44874
23-05-2014,12,13077,15187,8994,4396,41654,975,951,1210,3136,44790
23-05-2014,13,12844,14834,8871,4360,40909,963,947,1227,3137,44046
23-05-2014,14,12465,14478,8859,4163,39965,959,927,1205,3091,43056
23-05-2014,15,12460,14587,8776,3991,39814,929,901,1173,3003,42817
23-05-2014,16,12335,14229,8660,4006,39230,901,867,1156,2924,42154
23-05-2014,17,12288,14118,8476,4173,39055,873,849,1139,2861,41916
23-05-2014,18,12276,13904,8358,4116,38654,843,821,1120,2784,41438
23-05-2014,19,12196,13610,8331,3810,37947,812,806,1099,2717,40664
23-05-2014,20,11942,12898,7929,3594,36363,787,787,1069,2643,39006
23-05-2014,21,11764,12441,7915,3415,35535,769,782,1065,2616,38151
23-05-2014,22,11560,12291,7894,3316,35061,728,730,963,2421,37482
23-05-2014,23,11214,11494,7428,3048,33184,662,650,859,2171,35355
24-05-2014,0,10804,10696,7021,2796,31317,622,568,806,1996,33313
24-05-2014,1,10416,10583,6788,2640,30427,588,542,772,1902,32329
24-05-2014,2,10169,10288,6617,2560,29634,568,526,750,1844,31478
24-05-2014,3,10085,10101,6386,2522,29094,536,500,728,1764,30858
24-05-2014,4,9976,9752,6425,2487,28640,544,491,716,1751,30391
24-05-2014,5,9904,9676,6770,2464,28814,578,531,783,1892,30706
24-05-2014,6,10076,10036,6974,2633,29719,642,603,881,2126,31845
24-05-2014,7,10521,10867,7341,2946,31675,722,688,987,2397,34072
24-05-2014,8,11125,11877,7714,3298,34014,785,754,1059,2598,36612
24-05-2014,9,11765,12425,7878,3538,35606,809,781,1100,2690,38296
24-05-2014,10,12041,13040,7976,3615,36672,809,777,1099,2685,39357
24-05-2014,11,12109,13095,7990,3596,36790,803,767,1086,2656,39446
24-05-2014,12,11981,12913,7921,3557,36372,804,767,1070,2641,39013
24-05-2014,13,11874,12731,7879,3488,35972,787,758,1047,2592,38564
24-05-2014,14,11637,12508,7955,3421,35521,775,747,1030,2552,38073
24-05-2014,15,11428,12388,7988,3356,35160,763,736,1025,2524,37684
24-05-2014,16,11437,12326,8079,3368,35210,759,728,1034,2521,37731
24-05-2014,17,11504,12437,7965,3521,35427,756,718,1039,2513,37940
24-05-2014,18,11555,12185,7911,3511,35162,742,707,1033,2482,37644
24-05-2014,19,11562,12221,7790,3307,34880,723,700,1018,2441,37321
24-05-2014,20,11403,11865,7645,3183,34096,709,695,1013,2417,36513
24-05-2014,21,11242,11588,7745,3057,33632,701,697,1018,2416,36048
24-05-2014,22,11184,11407,7792,3058,33441,678,659,940,2277,35718
24-05-2014,23,11069,10905,7410,2886,32270,636,603,843,2082,34352
25-05-2014,0,10596,10433,7001,2697,30727,602,566,780,1948,32675
25-05-2014,1,10407,10006,6754,2544,29711,571,535,745,1851,31562
25-05-2014,2,10203,10094,6618,2461,29376,549,524,731,1804,31180
25-05-2014,3,10058,9805,6412,2425,28700,514,497,712,1723,30423
25-05-2014,4,9887,9355,6392,2371,28005,508,486,698,1692,29697
25-05-2014,5,9789,9447,6557,2343,28136,534,512,738,1784,29920
25-05-2014,6,9884,9809,6779,2482,28954,589,572,817,1978,30932
25-05-2014,7,10171,10487,7003,2755,30416,672,636,913,2221,32637
25-05-2014,8,10607,11278,7217,3082,32184,734,707,987,2428,34612
25-05-2014,9,11133,11998,7479,3321,33931,766,748,1006,2520,36451
25-05-2014,10,11504,12299,7643,3413,34859,767,756,1012,2535,37394
25-05-2014,11,11567,12328,7700,3452,35047,763,748,1007,2518,37565
25-05-2014,12,11572,12254,7655,3443,34924,767,748,1000,2515,37439
25-05-2014,13,11592,12138,7601,3425,34756,750,749,985,2484,37240
25-05-2014,14,11553,12020,7615,3373,34561,745,740,974,2459,37020
25-05-2014,15,11559,12077,7664,3342,34642,743,735,966,2444,37086
25-05-2014,16,11587,12182,7655,3370,34794,741,739,977,2457,37251
25-05-2014,17,11602,12420,7674,3608,35304,741,734,988,2463,37767
25-05-2014,18,11685,12384,7737,3618,35424,749,740,994,2483,37907
25-05-2014,19,11883,12725,7660,3504,35772,747,740,1002,2489,38261
25-05-2014,20,11959,12738,7448,3398,35543,734,729,1008,2471,38014
25-05-2014,21,11950,12430,7729,3328,35437,735,723,1001,2459,37896
25-05-2014,22,11834,12256,7869,3232,35191,696,675,899,2270,37461
25-05-2014,23,11333,11291,7442,2984,33050,638,600,786,2024,35074
26-05-2014,0,10817,10824,7087,2762,31490,596,547,728,1871,33361
26-05-2014,1,10530,10564,6827,2629,30550,570,530,699,1799,32349
26-05-2014,2,10409,10641,6722,2598,30370,556,522,692,1770,32140
26-05-2014,3,10421,10460,6600,2602,30083,530,501,679,1710,31793
26-05-2014,4,10396,10043,6890,2590,29919,556,513,704,1773,31692
26-05-2014,5,10569,10827,7724,2781,31901,664,611,881,2156,34057
26-05-2014,6,11712,12595,8440,3332,36079,805,744,1052,2601,38680
26-05-2014,7,12938,14314,8770,3997,40019,910,856,1169,2935,42954
26-05-2014,8,13334,15068,8996,4328,41726,949,913,1212,3074,44800
26-05-2014,9,13252,14965,9065,4425,41707,934,928,1244,3106,44813
26-05-2014,10,13366,15113,9051,4531,42061,935,925,1225,3085,45146
26-05-2014,11,13223,15364,9093,4561,42241,924,900,1200,3024,45265
26-05-2014,12,13291,15507,9030,4502,42330,947,927,1224,3098,45428
26-05-2014,13,13216,15433,8860,4514,42023,940,923,1253,3116,45139
26-05-2014,14,13153,15096,8774,4400,41423,931,909,1240,3080,44503
26-05-2014,15,12923,15097,8788,4226,41034,904,890,1195,2989,44023
26-05-2014,16,12831,14670,8671,4114,40286,875,851,1151,2877,43163
26-05-2014,17,12593,14514,8567,4253,39927,845,836,1131,2812,42739
26-05-2014,18,12430,14324,8604,4134,39492,824,808,1082,2714,42206
26-05-2014,19,12316,14187,8533,3911,38947,802,796,1068,2666,41613
26-05-2014,20,12302,13771,8143,3686,37902,772,769,1082,2623,40525
26-05-2014,21,12225,13298,8085,3551,37159,746,756,1068,2570,39729
26-05-2014,22,12075,13075,8024,3469,36643,711,692,942,2345,38988
26-05-2014,23,11601,11763,7603,3159,34126,654,610,831,2095,36221
27-05-2014,0,10893,10986,7244,2901,32024,596,564,773,1933,33957
27-05-2014,1,10559,10883,7026,2772,31240,597,544,744,1885,33125
27-05-2014,2,10381,10834,6903,2731,30849,581,533,729,1843,32692
27-05-2014,3,10353,10757,6806,2704,30620,561,513,712,1786,32406
27-05-2014,4,10231,10436,7019,2714,30400,582,521,735,1838,32238
27-05-2014,5,10459,11111,7872,2877,32319,684,614,898,2196,34515
27-05-2014,6,11414,12870,8587,3391,36262,818,747,1075,2640,38902
27-05-2014,7,12664,14508,8856,3996,40024,926,860,1199,2985,43009
27-05-2014,8,13086,15061,8950,4357,41454,971,915,1239,3125,44579
27-05-2014,9,13202,15452,9000,4473,42127,969,915,1249,3133,45260
27-05-2014,10,13136,15546,8981,4595,42258,969,903,1247,3119,45377
27-05-2014,11,12903,15504,9069,4625,42101,961,876,1208,3045,45146
27-05-2014,12,12913,15423,8943,4567,41846,984,903,1225,3112,44958
27-05-2014,13,12780,15290,8898,4569,41537,978,894,1228,3100,44637
27-05-2014,14,12642,15000,8900,4477,41019,965,876,1209,3050,44069
27-05-2014,15,12425,14765,8782,4291,40263,946,856,1181,2983,43246
27-05-2014,16,12462,14400,8800,4218,39880,901,819,1146,2866,42746
27-05-2014,17,12188,14540,8754,4381,39863,873,808,1129,2810,42673
27-05-2014,18,11900,14220,8905,4268,39293,849,786,1104,2739,42032
27-05-2014,19,12000,14085,8923,4026,39034,841,777,1089,2707,41741
27-05-2014,20,11940,14033,8546,3785,38304,827,759,1072,2658,40962
27-05-2014,21,11877,13947,8451,3615,37890,788,735,1043,2566,40456
27-05-2014,22,11733,13608,8460,3503,37304,734,663,930,2327,39631
27-05-2014,23,11329,12921,7998,3183,35431,670,589,830,2089,37520
28-05-2014,0,10819,12094,7675,2915,33503,641,539,780,1960,35463
28-05-2014,1,10434,11833,7488,2783,32538,625,524,757,1906,34444
28-05-2014,2,10420,11926,7391,2749,32486,609,516,742,1867,34353
28-05-2014,3,10381,11922,7273,2796,32372,585,499,726,1810,34182
28-05-2014,4,10293,11833,7550,2815,32491,604,506,745,1855,34346
28-05-2014,5,10528,12306,8420,2956,34210,711,607,910,2228,36438
28-05-2014,6,11548,13731,8907,3532,37718,846,737,1076,2659,40377
28-05-2014,7,12841,15344,9130,4202,41517,952,842,1188,2982,44499
28-05-2014,8,12892,15707,9323,4414,42336,987,890,1228,3105,45441
28-05-2014,9,12978,15803,9336,4493,42610,989,896,1233,3118,45728
28-05-2014,10,13035,15989,9233,4657,42914,991,886,1224,3101,46015
28-05-2014,11,12870,15808,9306,4683,42667,980,854,1206,3040,45707
28-05-2014,12,12741,15625,9256,4580,42202,980,879,1224,3083,45285
28-05-2014,13,12599,15634,9171,4573,41977,976,875,1218,3069,45046
28-05-2014,14,12600,15518,9137,4469,41724,987,859,1199,3045,44769
28-05-2014,15,12382,15537,8990,4302,41211,951,843,1158,2952,44163
28-05-2014,16,12115,15253,8978,4183,40529,911,818,1125,2854,43383
28-05-2014,17,11910,15061,8952,4269,40192,912,814,1112,2838,43030
28-05-2014,18,11708,14972,9071,4160,39911,886,793,1098,2777,42688
28-05-2014,19,11590,14639,9039,3948,39216,882,795,1094,2771,41987
28-05-2014,20,11599,14224,8707,3742,38272,852,772,1083,2707,40979
28-05-2014,21,11395,13735,8691,3571,37392,817,735,1026,2578,39970
28-05-2014,22,11281,13613,8549,3487,36930,756,668,905,2329,39259
28-05-2014,23,11167,13106,8068,3194,35535,693,593,816,2102,37637
29-05-2014,0,10833,12227,7634,2925,33619,656,553,770,1979,35598
29-05-2014,1,10454,12025,7356,2726,32561,634,537,744,1915,34476
29-05-2014,2,10258,11775,7215,2661,31909,621,527,736,1884,33793
29-05-2014,3,10215,11579,7078,2634,31506,598,511,727,1836,33342
29-05-2014,4,10112,11298,7127,2553,31090,619,521,748,1888,32978
29-05-2014,5,10129,11247,7488,2560,31424,729,625,917,2271,33695
29-05-2014,6,10370,11867,7677,2723,32637,863,752,1085,2700,35337
29-05-2014,7,10693,12549,7889,3022,34153,963,865,1203,3031,37184
29-05-2014,8,11150,12860,8117,3351,35478,1011,919,1245,3175,38653
29-05-2014,9,11570,13091,8262,3556,36479,1024,922,1245,3191,39670
29-05-2014,10,11853,13397,8462,3632,37344,1008,911,1234,3153,40497
29-05-2014,11,11981,13676,8469,3646,37772,1003,883,1219,3105,40877
29-05-2014,12,11873,13634,8497,3536,37540,1024,911,1220,3155,40695
29-05-2014,13,11631,13503,8378,3485,36997,1016,906,1225,3147,40144
29-05-2014,14,11540,13172,8447,3409,36568,997,886,1201,3084,39652
29-05-2014,15,11404,12936,8433,3371,36144,968,868,1164,3000,39144
29-05-2014,16,11358,12890,8491,3381,36120,942,834,1128,2904,39024
29-05-2014,17,11258,12982,8544,3603,36387,917,819,1117,2853,39240
29-05-2014,18,11330,13022,8648,3640,36640,897,805,1106,2808,39448
29-05-2014,19,11307,12836,8528,3453,36124,882,803,1101,2786,38910
29-05-2014,20,11283,12669,8231,3296,35479,844,790,1086,2720,38199
29-05-2014,21,11308,12548,8295,3184,35335,820,750,1038,2608,37943
29-05-2014,22,11203,12168,8266,3150,34787,769,684,917,2370,37157
29-05-2014,23,11018,11826,7891,2968,33703,702,609,823,2134,35837
30-05-2014,0,10537,11073,7524,2775,31909,667,562,778,2007,33916
30-05-2014,1,10220,10781,7365,2630,30996,642,542,752,1936,32932
30-05-2014,2,10077,10723,7253,2570,30623,628,530,743,1901,32524
30-05-2014,3,9997,10694,7119,2567,30377,608,512,734,1854,32231
30-05-2014,4,9935,10484,7308,2517,30244,621,517,755,1893,32137
30-05-2014,5,10065,10847,7995,2583,31490,730,614,919,2263,33753
30-05-2014,6,10875,11882,8518,2864,34139,855,745,1081,2681,36820
30-05-2014,7,11892,13186,8868,3317,37263,965,843,1187,2995,40258
30-05-2014,8,12408,13879,8999,3688,38974,1004,892,1227,3123,42097
30-05-2014,9,12641,14320,9063,3870,39894,1004,898,1223,3125,43019
30-05-2014,10,12780,14521,9048,3971,40320,1001,893,1214,3108,43428
30-05-2014,11,12825,14464,8992,3962,40243,986,860,1195,3041,43284
30-05-2014,12,12622,14339,8945,3912,39818,991,881,1187,3059,42877
30-05-2014,13,12472,14224,8834,3880,39410,975,878,1188,3041,42451
30-05-2014,14,12366,13861,8791,3784,38802,959,852,1161,2972,41774
30-05-2014,15,12074,13706,8718,3707,38205,927,833,1124,2884,41089
30-05-2014,16,11993,13618,8680,3708,37999,891,795,1095,2781,40780
30-05-2014,17,11794,13712,8589,3868,37963,861,781,1077,2719,40682
30-05-2014,18,11801,13611,8639,3804,37855,836,764,1059,2659,40514
30-05-2014,19,11732,13180,8606,3583,37101,805,760,1046,2611,39712
30-05-2014,20,11561,12603,8344,3389,35897,795,740,1032,2567,38464
30-05-2014,21,11349,12258,8410,3233,35250,776,722,1016,2514,37764
30-05-2014,22,11130,12144,8383,3211,34868,730,672,927,2329,37197
30-05-2014,23,10962,11860,7895,3062,33779,660,603,828,2091,35870
31-05-2014,0,10628,11171,7504,2826,32129,667,553,781,2001,34130
31-05-2014,1,10257,10721,7224,2653,30855,604,529,746,1879,32734
31-05-2014,2,10083,10564,7097,2604,30348,580,518,733,1831,32179
31-05-2014,3,10045,10402,6941,2590,29978,553,487,708,1748,31726
31-05-2014,4,9877,10038,6951,2517,29383,560,482,705,1747,31130
31-05-2014,5,9814,10101,7237,2470,29622,588,517,755,1860,31482
31-05-2014,6,10030,10459,7502,2621,30612,638,584,843,2065,32677
31-05-2014,7,10353,11144,7761,2911,32169,714,658,940,2312,34481
31-05-2014,8,10971,11984,7918,3167,34040,773,717,1003,2493,36533
31-05-2014,9,11503,12518,7994,3323,35338,799,742,1027,2568,37906
31-05-2014,10,11832,12834,8117,3422,36205,795,737,1029,2561,38766
31-05-2014,11,11909,12947,8090,3329,36275,793,728,1022,2543,38818
31-05-2014,12,11793,12879,8025,3236,35933,801,727,1011,2539,38472
31-05-2014,13,11641,12867,7963,3178,35649,789,716,993,2498,38147
31-05-2014,14,11480,12703,7972,3120,35275,781,704,971,2456,37731
31-05-2014,15,11382,12545,7999,3105,35031,776,691,960,2427,37458
31-05-2014,16,11383,12501,8088,3187,35159,771,687,952,2410,37569
31-05-2014,17,11394,12502,8112,3469,35477,765,682,951,2398,37875
31-05-2014,18,11393,12384,8086,3499,35362,761,687,948,2396,37758
31-05-2014,19,11368,12220,8040,3384,35012,734,684,939,2357,37369
31-05-2014,20,11332,11898,7797,3249,34276,726,669,926,2321,36597
31-05-2014,21,11160,11739,7959,3159,34017,712,663,934,2309,36326
31-05-2014,22,11038,11936,8064,3122,34160,703,642,871,2216,36376
31-05-2014,23,11047,11573,7711,2934,33265,650,582,780,2012,35277
01-06-2014,0,10652,10987,7352,2733,31724,622,537,722,1881,33605
01-06-2014,1,10418,10785,7112,2589,30904,602,523,694,1819,32723
01-06-2014,2,10209,10591,6935,2517,30252,577,515,679,1771,32023
01-06-2014,3,10172,10550,6773,2477,29972,550,481,656,1687,31659
01-06-2014,4,9977,10427,6750,2407,29561,548,466,642,1656,31217
01-06-2014,5,9964,10389,6877,2386,29616,571,496,673,1740,31356
01-06-2014,6,9968,10341,6997,2498,29804,610,548,743,1901,31705
01-06-2014,7,10178,10785,7170,2767,30900,660,612,832,2104,33004
01-06-2014,8,10582,11653,7396,3092,32723,729,670,916,2315,35038
01-06-2014,9,11114,12355,7685,3319,34473,770,703,964,2437,36910
01-06-2014,10,11336,12672,7843,3444,35295,772,704,970,2446,37741
01-06-2014,11,11324,12604,7863,3496,35287,762,697,965,2424,37711
01-06-2014,12,11235,12586,7835,3457,35113,757,690,956,2403,37516
01-06-2014,13,11193,12632,7726,3400,34951,746,686,946,2378,37329
01-06-2014,14,11178,12509,7747,3376,34810,738,679,937,2354,37164
01-06-2014,15,11111,12312,7784,3357,34564,729,676,933,2338,36902
01-06-2014,16,11036,12449,7800,3412,34697,722,675,938,2335,37032
01-06-2014,17,11077,12621,7821,3676,35195,736,679,956,2371,37566
01-06-2014,18,11162,12734,7936,3698,35530,747,684,975,2406,37936
01-06-2014,19,11181,12714,7934,3539,35368,743,691,987,2421,37789
01-06-2014,20,11307,12651,7801,3395,35154,730,688,976,2394,37548
01-06-2014,21,11308,12349,7974,3275,34906,708,668,936,2312,37218
01-06-2014,22,11051,12115,8101,3223,34490,688,619,843,2150,36640
01-06-2014,23,10917,11706,7769,3025,33417,632,564,739,1935,35352
02-06-2014,0,10417,11245,7454,2847,31963,594,521,700,1815,33778
02-06-2014,1,10210,10951,7309,2724,31194,567,504,681,1752,32946
02-06-2014,2,10033,10844,7157,2662,30696,543,493,674,1710,32406
02-06-2014,3,10026,10893,7071,2653,30643,528,475,670,1673,32316
02-06-2014,4,9973,10898,7284,2641,30796,551,484,698,1733,32529
02-06-2014,5,10240,11379,8080,2814,32513,655,579,860,2094,34607
02-06-2014,6,11322,13074,8599,3380,36375,795,703,1029,2527,38902
02-06-2014,7,12789,14858,8895,4038,40580,916,830,1168,2914,43494
02-06-2014,8,12750,15321,8992,4364,41427,968,893,1254,3115,44542
02-06-2014,9,12863,15377,9049,4469,41758,980,913,1262,3155,44913
02-06-2014,10,12722,15647,9067,4587,42023,981,907,1264,3152,45175
02-06-2014,11,12751,15542,9139,4615,42047,984,878,1214,3076,45123
02-06-2014,12,12806,15402,9040,4517,41765,998,,1225,,
02-06-2014,13,12723,15466,8960,4530,41679,986,908,1189,3083,44762
02-06-2014,14,12623,15390,8994,4452,41459,974,890,1185,3049,44508
02-06-2014,15,12474,15117,8896,4283,40770,944,871,1156,2971,43741
02-06-2014,16,12336,14683,8812,4198,40029,904,837,1131,2872,42901
02-06-2014,17,12154,14588,8718,4361,39821,890,822,1133,2845,42666
02-06-2014,18,12068,14425,8684,4217,39394,871,800,1118,2789,42183
02-06-2014,19,11915,14226,8626,3978,38745,851,797,1087,2735,41480
02-06-2014,20,11844,14030,8369,3763,38006,827,792,1078,2697,40703
02-06-2014,21,11745,13544,8428,3616,37333,788,755,1042,2585,39918
02-06-2014,22,11395,13169,8330,3493,36387,732,685,920,2337,38724
02-06-2014,23,10997,12274,7913,3239,34423,665,615,822,2102,36525
03-06-2014,0,10420,11487,7527,2983,32417,635,571,777,1983,34400
03-06-2014,1,10138,11204,7322,2839,31503,610,555,748,1913,33416
03-06-2014,2,9861,11207,7189,2761,31018,578,541,748,1867,32885
03-06-2014,3,9788,11061,7087,2752,30688,562,522,748,1832,32520
03-06-2014,4,9702,10989,7265,2744,30700,590,530,762,1882,32582
03-06-2014,5,9969,11339,8038,2905,32251,699,622,913,2234,34485
03-06-2014,6,11045,13150,8711,3440,36346,843,742,1068,2653,38999
03-06-2014,7,12371,15185,9061,4058,40675,948,856,1192,2996,43671
03-06-2014,8,12625,15687,9231,4384,41927,990,924,1204,3118,45045
03-06-2014,9,12479,15513,9328,4508,41828,995,942,1213,3150,44978
03-06-2014,10,12414,15650,9346,4624,42034,1001,935,1207,3143,45177
03-06-2014,11,12421,15843,9406,4637,42307,988,906,1193,3087,45394
03-06-2014,12,12526,15700,9320,4576,42122,1001,934,1204,3139,45261
03-06-2014,13,12227,15365,9217,4591,41400,979,921,1193,3093,44493
03-06-2014,14,12412,15480,9139,4501,41532,961,899,1204,3064,44596
03-06-2014,15,12192,15468,9062,4362,41084,922,876,1172,2970,44054
03-06-2014,16,12138,15376,8991,4248,40753,889,850,1136,2875,43628
03-06-2014,17,11940,15243,8845,4432,40460,865,831,1126,2822,43282
03-06-2014,18,11733,15166,8873,4298,40070,838,809,1116,2763,42833
03-06-2014,19,11675,14959,8798,4043,39475,824,790,1074,2688,42163
03-06-2014,20,11500,14572,8390,3882,38344,804,770,1071,2645,40989
03-06-2014,21,11397,13968,8323,3720,37408,771,756,1041,2568,39976
03-06-2014,22,11154,13227,8283,3548,36212,734,707,951,2392,38604
03-06-2014,23,10522,12314,7755,3258,33849,674,628,841,2143,35992
04-06-2014,0,10098,11434,7352,2990,31874,640,572,792,2004,33878
04-06-2014,1,9721,11269,7129,2852,30971,613,547,762,1922,32893
04-06-2014,2,9593,11197,7006,2775,30571,598,532,758,1888,32459
04-06-2014,3,9542,11264,6886,2771,30463,576,512,741,1829,32292
04-06-2014,4,9501,11055,7113,2764,30433,598,515,765,1878,32311
04-06-2014,5,9673,11593,7914,2924,32104,701,609,921,2231,34335
04-06-2014,6,10731,13207,8575,3478,35991,831,736,1066,2633,38624
04-06-2014,7,12005,15348,8954,4109,40416,939,858,1182,2979,43395
04-06-2014,8,12423,15940,9180,4390,41933,982,913,1238,3133,45066
04-06-2014,9,12486,15808,9271,4480,42045,991,922,1249,3162,45207
04-06-2014,10,12489,15859,9310,4599,42257,990,918,1248,3156,45413
04-06-2014,11,12390,15744,9285,4635,42054,981,900,1202,3083,45137
04-06-2014,12,12291,15510,9298,4569,41668,997,936,1213,3146,44814
04-06-2014,13,12285,15458,9284,4591,41618,992,930,1200,3122,44740
04-06-2014,14,12297,15491,9096,4489,41373,984,912,1186,3082,44455
04-06-2014,15,12300,15332,9002,4283,40917,953,896,1151,3000,43917
04-06-2014,16,12200,14904,8850,4215,40169,921,864,1115,2900,43069
04-06-2014,17,12100,14775,8711,4327,39913,892,850,1125,2867,42780
04-06-2014,18,11876,14650,8774,4245,39545,858,812,1112,2782,42327
04-06-2014,19,11952,14266,8673,4038,38929,840,792,1106,2738,41667
04-06-2014,20,11699,14085,8365,3806,37955,815,766,1092,2673,40628
04-06-2014,21,11617,13660,8346,3615,37238,781,745,1048,2574,39812
04-06-2014,22,11276,13093,8224,3501,36094,739,695,933,2367,38461
04-06-2014,23,10934,12297,7802,3247,34280,675,620,830,2125,36405
05-06-2014,0,10407,11774,7447,2976,32604,631,567,787,1985,34589
05-06-2014,1,9902,11335,7203,2818,31258,600,544,766,1910,33168
05-06-2014,2,9637,11208,7022,2740,30607,578,529,753,1860,32467
05-06-2014,3,9623,10968,6924,2690,30205,567,511,748,1826,32031
05-06-2014,4,9648,10862,7179,2637,30326,593,521,770,1884,32210
05-06-2014,5,9776,11281,7973,2690,31720,690,612,919,2221,33941
05-06-2014,6,10770,12864,8720,2920,35274,819,738,1068,2625,37899
05-06-2014,7,12106,14644,9074,3326,39150,930,859,1158,2947,42097
05-06-2014,8,12480,15117,9282,3642,40521,969,920,1209,3098,43619
05-06-2014,9,12479,15205,9338,3805,40827,975,936,1224,3135,43962
05-06-2014,10,12459,15458,9348,3947,41212,975,933,1211,3119,44331
05-06-2014,11,12460,15549,9362,3992,41363,965,907,1193,3065,44428
05-06-2014,12,12540,15529,9274,3928,41271,1000,940,1216,3156,44427
05-06-2014,13,12591,14882,9219,3915,40607,990,938,1204,3132,43739
05-06-2014,14,12497,14824,9143,3852,40316,985,919,1195,3099,43415
05-06-2014,15,12365,14596,9103,3767,39831,950,897,1200,3047,42878
05-06-2014,16,12259,14082,8970,3722,39033,921,863,1168,2952,41985
05-06-2014,17,12149,13961,8826,3928,38864,892,852,1132,2876,41740
05-06-2014,18,11969,13806,8825,3840,38440,864,824,1102,2790,41230
05-06-2014,19,11919,13183,8773,3597,37472,850,809,1078,2737,40209
05-06-2014,20,11795,12829,8411,3431,36466,825,786,1056,2667,39133
05-06-2014,21,11576,12225,8453,3271,35525,792,756,1017,2565,38090
05-06-2014,22,11365,12045,8370,3222,35002,748,704,954,2406,37408
05-06-2014,23,10965,11421,7894,3027,33307,693,632,862,2187,35494
06-06-2014,0,10350,10683,7506,2781,31320,656,586,806,2048,33368
06-06-2014,1,10049,10234,7321,2630,30234,625,559,775,1959,32193
06-06-2014,2,9806,10093,7186,2574,29659,603,540,765,1908,31567
06-06-2014,3,9839,10036,7116,2566,29557,578,516,748,1842,31399
06-06-2014,4,9723,9714,7303,2533,29273,599,536,771,1906,31179
06-06-2014,5,9831,9731,8056,2694,30312,699,635,926,2260,32572
06-06-2014,6,10809,10440,8684,3163,33096,819,755,1072,2646,35742
06-06-2014,7,12149,11149,9109,3704,36111,933,880,1165,2978,39089
06-06-2014,8,12523,11970,9229,4092,37814,981,956,1215,3152,40966
06-06-2014,9,12460,12111,9339,4245,38155,987,969,1220,3176,41331
06-06-2014,10,12546,12405,9314,4359,38624,984,974,1217,3175,41799
06-06-2014,11,12397,12511,9332,4386,38626,973,923,1211,3107,41733
06-06-2014,12,12372,12371,9391,4277,38411,998,944,1232,3174,41585
06-06-2014,13,12283,12345,9278,4175,38081,983,931,1217,3131,41212
06-06-2014,14,12278,12340,9128,4063,37809,971,911,1187,3069,40878
06-06-2014,15,12154,12272,9005,3941,37372,934,892,1184,3010,40382
06-06-2014,16,11989,12259,8943,3912,37103,903,859,1141,2903,40006
06-06-2014,17,11839,12309,8784,4051,36983,874,840,1117,2831,39814
06-06-2014,18,11766,12227,8684,3964,36641,844,803,1089,2736,39377
06-06-2014,19,11672,12114,8549,3703,36038,818,775,1062,2655,38693
06-06-2014,20,11539,12053,8220,3451,35263,795,748,1036,2579,37842
06-06-2014,21,11205,11798,8166,3299,34468,766,725,1003,2494,36962
06-06-2014,22,10955,11642,8116,3213,33926,736,692,945,2373,36299
06-06-2014,23,10786,11280,7728,2992,32786,680,623,848,2151,34937
07-06-2014,0,10493,10580,7328,2769,31170,641,569,796,2006,33176
07-06-2014,1,10095,10031,7079,2632,29837,607,545,763,1915,31752
07-06-2014,2,9796,9789,6848,2541,28974,578,524,748,1850,30824
07-06-2014,3,9747,9614,6785,2508,28654,555,503,725,1783,30437
07-06-2014,4,9677,9393,6878,2431,28379,556,492,718,1766,30145
07-06-2014,5,9798,9482,7133,2431,28844,595,536,779,1910,30754
07-06-2014,6,9896,9774,7364,2577,29611,644,598,863,2105,31716
07-06-2014,7,10136,10234,7611,2887,30868,714,672,962,2348,33216
07-06-2014,8,10643,11128,7775,3228,32774,777,735,1025,2537,35311
07-06-2014,9,11167,11653,7957,3436,34213,793,754,1048,2595,36808
07-06-2014,10,11497,11897,8002,3524,34920,797,750,1046,2593,37513
07-06-2014,11,11487,12077,8000,3499,35063,789,739,1044,2572,37635
07-06-2014,12,11349,12103,8020,3449,34921,793,,1028,,
07-06-2014,13,11224,12068,7939,3393,34624,778,729,1005,2512,37136
07-06-2014,14,11018,11845,7941,3310,34114,770,718,992,2480,36594
07-06-2014,15,10857,11464,7994,3266,33581,765,713,983,2461,36042
07-06-2014,16,10747,11464,8090,3274,33575,758,707,975,2440,36015
07-06-2014,17,10764,11621,8059,3426,33870,740,706,975,2421,36291
07-06-2014,18,10915,11979,8008,3435,34337,726,694,968,2388,36725
07-06-2014,19,10865,11677,7906,3276,33724,718,689,960,2367,36091
07-06-2014,20,10772,11501,7674,3144,33091,704,670,945,2319,35410
07-06-2014,21,10597,11217,7807,3030,32651,684,656,936,2276,34927
07-06-2014,22,10455,10925,7794,3003,32177,675,643,887,2205,34382
07-06-2014,23,10395,10718,7523,2895,31531,629,592,814,2035,33566
08-06-2014,0,10161,10008,7147,2691,30007,583,542,751,1876,31883
08-06-2014,1,9876,9799,6956,2540,29171,557,520,714,1791,30962
08-06-2014,2,9710,9686,6746,2453,28595,535,505,697,1737,30332
08-06-2014,3,9547,9506,6635,2408,28096,510,482,674,1666,29762
08-06-2014,4,9393,9141,6624,2314,27472,509,474,669,1652,29124
08-06-2014,5,9326,9210,6738,2291,27565,539,501,712,1752,29317
08-06-2014,6,9313,9531,6905,2386,28135,588,549,778,1915,30050
08-06-2014,7,9503,10103,7077,2654,29337,653,621,870,2144,31481
08-06-2014,8,9890,10600,7335,2977,30802,711,678,944,2333,33135
08-06-2014,9,10279,11317,7536,3210,32342,747,708,986,2441,34783
08-06-2014,10,10566,11656,7661,3272,33155,758,707,992,2457,35612
08-06-2014,11,10655,11783,7716,3311,33465,758,697,985,2440,35905
08-06-2014,12,10617,11837,7688,3265,33407,756,696,982,2434,35841
08-06-2014,13,10596,12111,7647,3227,33581,740,694,971,2405,35986
08-06-2014,14,10565,11975,7627,3169,33336,728,684,958,2370,35706
08-06-2014,15,10550,11911,7653,3148,33262,731,682,960,2373,35635
08-06-2014,16,10536,11949,7690,3183,33358,734,680,963,2377,35735
08-06-2014,17,10591,12160,7724,3400,33875,730,684,980,2394,36269
08-06-2014,18,10645,12083,7822,3427,33977,737,685,994,2416,36393
08-06-2014,19,10617,12307,7899,3264,34087,733,688,1002,2423,36510
08-06-2014,20,10656,12063,7686,3117,33522,715,678,995,2388,35910
08-06-2014,21,10505,11852,7844,3007,33208,687,662,981,2330,35538
08-06-2014,22,10332,11680,7896,3005,32913,677,639,913,2229,35142
08-06-2014,23,10278,11074,7672,2861,31885,600,573,806,1979,33864
09-06-2014,0,9921,10504,7349,2658,30432,560,525,750,1835,32267
09-06-2014,1,9633,10203,7135,2488,29459,542,504,725,1771,31230
09-06-2014,2,9466,9856,6975,2435,28732,530,486,713,1729,30461
09-06-2014,3,9372,9725,6844,2392,28333,515,466,691,1672,30005
09-06-2014,4,9242,9597,7060,2292,28191,541,487,726,1754,29945
09-06-2014,5,9253,10070,7902,2325,29550,638,580,893,2111,31661
09-06-2014,6,9525,12062,8555,2499,32641,766,713,1042,2521,35162
09-06-2014,7,9939,13774,8945,2811,35469,889,835,1150,2874,38343
09-06-2014,8,10391,14685,9018,3164,37258,941,897,1221,3059,40317
09-06-2014,9,10757,14788,9097,3406,38048,955,920,1220,3095,41143
09-06-2014,10,11100,15150,9149,3507,38906,953,924,1226,3103,42009
09-06-2014,11,11170,15299,9187,3505,39161,937,898,1215,3050,42211
09-06-2014,12,11166,15237,9181,3472,39056,963,929,1235,3127,42183
09-06-2014,13,11126,15079,9011,3413,38629,946,920,1213,3079,41708
09-06-2014,14,11038,14796,8902,3361,38097,940,896,1191,3027,41124
09-06-2014,15,11124,14855,8732,3319,38030,914,877,1156,2947,40977
09-06-2014,16,11104,14396,8531,3358,37389,886,843,1138,2867,40256
09-06-2014,17,11083,14223,8433,3555,37294,861,824,1130,2815,40109
09-06-2014,18,11059,14120,8477,3582,37238,839,799,1135,2773,40011
09-06-2014,19,11120,14088,8503,3441,37152,812,783,1121,2716,39868
09-06-2014,20,11165,13755,8167,3348,36435,779,755,1096,2630,39065
09-06-2014,21,11099,13242,8131,3246,35718,746,730,1051,2527,38245
09-06-2014,22,10916,12775,8106,3144,34941,707,687,967,2361,37302
09-06-2014,23,10699,11735,7647,2993,33074,661,615,863,2139,35213
10-06-2014,0,10204,11043,7249,2778,31274,622,563,799,1984,33258
10-06-2014,1,9914,10485,7059,2663,30121,593,543,773,1909,32030
10-06-2014,2,9722,10192,6864,2619,29397,568,521,759,1848,31245
10-06-2014,3,9669,10044,6821,2610,29144,548,501,732,1781,30925
10-06-2014,4,9594,9869,7135,2583,29181,571,519,761,1851,31032
10-06-2014,5,9778,10454,7956,2828,31016,666,607,920,2193,33209
10-06-2014,6,10887,12242,8615,3358,35102,787,732,1093,2612,37714
10-06-2014,7,12227,14183,8911,3981,39302,899,848,1180,2927,42229
10-06-2014,8,12684,14711,9073,4310,40778,943,903,1224,3070,43848
10-06-2014,9,12649,15021,9159,4469,41298,953,915,1220,3088,44386
10-06-2014,10,12605,15286,9116,4573,41580,951,908,1213,3072,44652
10-06-2014,11,12614,15464,8986,4593,41657,935,886,1194,3015,44672
10-06-2014,12,12520,15397,8883,4548,41348,955,907,1213,3075,44423
10-06-2014,13,12446,15234,8777,4569,41026,945,898,1200,3043,44069
10-06-2014,14,12578,15208,8663,4481,40930,937,886,1182,3005,43935
10-06-2014,15,12552,15015,8553,4343,40463,910,869,1174,2953,43416
10-06-2014,16,12365,14547,8554,4232,39698,880,838,1163,2881,42579
10-06-2014,17,12198,14511,8443,4350,39502,859,822,1151,2832,42334
10-06-2014,18,12061,14056,8468,4215,38800,832,797,1134,2763,41563
10-06-2014,19,12076,13848,8429,4020,38373,812,786,1124,2722,41095
10-06-2014,20,12022,13575,8142,3809,37548,797,761,1099,2657,40205
10-06-2014,21,11833,13184,8120,3644,36781,762,729,1063,2554,39335
10-06-2014,22,11599,12813,7958,3565,35935,717,690,988,2395,38330
10-06-2014,23,11073,12087,7610,3319,34089,664,616,879,2159,36248
11-06-2014,0,10549,11101,7235,3060,31945,623,571,820,2014,33959
11-06-2014,1,10204,10641,7051,2903,30799,591,549,781,1921,32720
11-06-2014,2,10028,10452,6900,2832,30212,559,530,769,1858,32070
11-06-2014,3,9764,10231,6808,2821,29624,539,513,744,1796,31420
11-06-2014,4,9599,10066,7051,2788,29504,558,530,776,1864,31368
11-06-2014,5,9899,10497,7765,2968,31129,658,621,934,2213,33342
11-06-2014,6,10915,12536,8426,3509,35386,779,748,1069,2596,37982
11-06-2014,7,12247,14368,8757,4175,39547,889,858,1163,2910,42457
11-06-2014,8,12580,14905,8944,4467,40896,926,917,1208,3051,43947
11-06-2014,9,12512,15092,8948,4563,41115,937,938,1218,3093,44208
11-06-2014,10,12556,15589,8900,4631,41676,924,918,1220,3062,44738
11-06-2014,11,12550,15337,8906,4664,41457,907,895,1205,3007,44464
11-06-2014,12,12737,15239,8855,4595,41426,930,923,1224,3077,44503
11-06-2014,13,12757,15410,8736,4621,41524,923,915,1219,3057,44581
11-06-2014,14,12812,15388,8672,4537,41409,915,899,1201,3015,44424
11-06-2014,15,12748,15376,8542,4363,41029,881,877,1207,2965,43994
11-06-2014,16,12684,15110,8505,4295,40594,852,845,1181,2878,43472
11-06-2014,17,12361,14925,8405,4443,40134,821,831,1155,2807,42941
11-06-2014,18,12079,14502,8342,4307,39230,794,807,1136,2737,41967
11-06-2014,19,11952,14015,8321,4070,38358,784,790,1127,2701,41059
11-06-2014,20,11971,13847,8107,3814,37739,797,766,1108,2671,40410
11-06-2014,21,11717,13219,8122,3611,36669,723,744,1074,2541,39210
11-06-2014,22,11492,12874,8001,3495,35862,687,702,996,2385,38247
11-06-2014,23,11158,12131,7587,3284,34160,638,627,886,2151,36311
12-06-2014,0,10546,11238,7219,3004,32007,594,573,825,1992,33999
12-06-2014,1,10216,11082,6975,2821,31094,561,552,796,1909,33003
12-06-2014,2,9991,10667,6825,2746,30229,548,533,779,1860,32089
12-06-2014,3,9933,10373,6814,2738,29858,533,519,764,1816,31674
12-06-2014,4,9831,10323,7026,2703,29883,554,533,791,1878,31761
12-06-2014,5,9968,10864,7707,2903,31442,648,621,939,2208,33650
12-06-2014,6,11027,12703,8393,3440,35563,775,747,1097,2619,38182
12-06-2014,7,12068,14308,8795,4093,39264,885,864,1231,2980,42244
12-06-2014,8,12326,14540,8938,4378,40182,926,923,1287,3136,43318
12-06-2014,9,12371,14682,8996,4457,40506,945,944,1297,3186,43692
12-06-2014,10,12648,15056,9033,4531,41268,961,937,1288,3186,44454
12-06-2014,11,12692,14860,9049,4553,41154,951,911,1274,3136,44290
12-06-2014,12,12650,14719,8991,4486,40846,988,,1292,,
12-06-2014,13,12594,14984,8857,4520,40955,983,921,1271,3175,44130
12-06-2014,14,12734,14809,8826,4434,40803,979,901,1250,3130,43933
12-06-2014,15,12760,14771,8712,4258,40501,943,881,1193,3017,43518
12-06-2014,16,12634,14391,8599,4238,39862,909,848,1153,2910,42772
12-06-2014,17,12371,14306,8510,4366,39553,892,830,1133,2855,42408
12-06-2014,18,12281,14023,8509,4244,39057,862,810,1113,2785,41842
12-06-2014,19,12152,13545,8512,3978,38187,848,788,1100,2736,40923
12-06-2014,20,12166,13487,8110,3817,37580,823,770,1080,2673,40253
12-06-2014,21,12101,13488,8139,3639,37367,786,751,1049,2586,39953
12-06-2014,22,11872,13086,8067,3531,36556,730,710,985,2425,38981
12-06-2014,23,11565,12610,7666,3373,35214,671,637,889,2197,37411
13-06-2014,0,10957,11735,7247,3059,32998,631,588,825,2044,35042
13-06-2014,1,10603,11333,7040,2893,31869,601,561,788,1950,33819
13-06-2014,2,10343,10996,6914,2819,31072,582,536,773,1891,32963
13-06-2014,3,10150,10780,6842,2794,30566,549,518,749,1816,32382
13-06-2014,4,10055,10684,7133,2768,30640,575,533,769,1877,32517
13-06-2014,5,10260,11178,7904,2949,32291,666,625,916,2207,34498
13-06-2014,6,11371,12829,8480,3458,36138,792,740,1063,2595,38733
13-06-2014,7,12721,14528,8724,4112,40085,903,852,1196,2951,43036
13-06-2014,8,13060,15233,8933,4396,41622,947,908,1257,3112,44734
13-06-2014,9,12990,15377,8926,4510,41803,960,920,1277,3157,44960
13-06-2014,10,13074,15605,8946,4633,42258,960,,1271,,
13-06-2014,11,12980,15502,8997,4615,42094,947,885,1253,3085,45179
13-06-2014,12,12854,15197,8879,4512,41442,964,912,1256,3132,44574
13-06-2014,13,12808,14845,8860,4449,40962,935,896,1228,3059,44021
13-06-2014,14,12658,14519,8802,4243,40222,920,862,1199,2981,43203
13-06-2014,15,12501,14368,8739,4058,39666,900,847,1165,2912,42578
13-06-2014,16,12314,13889,8622,3989,38814,880,820,1137,2837,41651
13-06-2014,17,12145,13878,8513,4120,38656,858,803,1118,2779,41435
13-06-2014,18,12061,13588,8493,4075,38217,830,777,1101,2708,40925
13-06-2014,19,11807,13272,8425,3885,37389,802,761,1085,2648,40037
13-06-2014,20,11694,12966,8057,3710,36427,773,732,1062,2567,38994
13-06-2014,21,11521,12537,8100,3581,35739,740,728,1023,2491,38230
13-06-2014,22,11334,12244,7982,3451,35011,705,697,961,2363,37374
13-06-2014,23,11253,11881,7573,3334,34041,659,631,871,2161,36202
14-06-2014,0,10945,11061,7175,3052,32233,620,567,805,1992,34225
14-06-2014,1,10645,10817,6959,2803,31224,587,538,771,1896,33120
14-06-2014,2,10409,10582,6795,2621,30407,563,516,744,1823,32230
14-06-2014,3,10187,10250,6664,2565,29666,539,496,723,1758,31424
14-06-2014,4,10029,10120,6722,2467,29338,539,489,713,1741,31079
14-06-2014,5,10068,10195,6949,2487,29699,574,521,769,1864,31563
14-06-2014,6,10252,10536,7136,2649,30573,631,578,852,2061,32634
14-06-2014,7,10591,11050,7407,2975,32023,703,653,952,2308,34331
14-06-2014,8,11110,11977,7659,3332,34078,767,720,1034,2521,36599
14-06-2014,9,11593,12658,7837,3544,35632,783,750,1078,2611,38243
14-06-2014,10,11878,12896,7831,3673,36278,789,756,1091,2636,38914
14-06-2014,11,11852,12927,7865,3675,36319,783,749,1090,2622,38941
14-06-2014,12,11699,12866,7846,3592,36003,790,745,1080,2615,38618
14-06-2014,13,11601,12765,7726,3503,35595,776,739,1060,2575,38170
14-06-2014,14,11376,12421,7773,3447,35017,760,731,1034,2525,37542
14-06-2014,15,11238,12236,7801,3416,34691,755,727,1019,2501,37192
14-06-2014,16,11261,12262,7926,3449,34898,748,710,1006,2464,37362
14-06-2014,17,11301,12261,7995,3644,35201,745,709,1003,2457,37658
14-06-2014,18,11305,12184,8054,3645,35188,740,698,996,2434,37622
14-06-2014,19,11237,12067,7992,3458,34754,739,683,988,2410,37164
14-06-2014,20,11163,11981,7774,3264,34182,724,674,977,2375,36557
14-06-2014,21,11089,11724,7877,3107,33797,685,656,964,2305,36102
14-06-2014,22,10974,11695,7893,3033,33595,679,629,919,2227,35822
14-06-2014,23,10961,11754,7659,2959,33333,625,583,828,2036,35369
15-06-2014,0,10619,11120,7282,2766,31787,594,537,771,1902,33689
15-06-2014,1,10411,10729,7021,2646,30807,573,512,741,1826,32633
15-06-2014,2,10214,10552,6816,2548,30130,545,489,720,1754,31884
15-06-2014,3,10034,10226,6766,2497,29523,519,468,694,1681,31204
15-06-2014,4,9861,9917,6804,2399,28981,523,461,686,1670,30651
15-06-2014,5,9786,9909,6944,2380,29019,546,487,723,1756,30775
15-06-2014,6,9900,10089,6967,2540,29496,592,539,787,1918,31414
15-06-2014,7,10166,10549,7132,2805,30652,654,599,870,2123,32775
15-06-2014,8,10431,11135,7338,3117,32021,712,667,954,2333,34354
15-06-2014,9,10899,11784,7454,3345,33482,741,707,1013,2461,35943
15-06-2014,10,11232,12414,7611,3456,34713,744,707,1030,2481,37194
15-06-2014,11,11414,12563,7667,3495,35139,740,693,1029,2462,37601
15-06-2014,12,11399,12500,7600,3478,34977,735,,1019,,
15-06-2014,13,11429,12313,7522,3466,34730,727,676,999,2402,37132
15-06-2014,14,11348,12086,7442,3405,34281,716,670,989,2375,36656
15-06-2014,15,11340,12057,7480,3396,34273,710,667,982,2359,36632
15-06-2014,16,11317,12024,7479,3453,34273,716,667,982,2365,36638
15-06-2014,17,11330,12338,7448,3707,34823,716,665,989,2370,37193
15-06-2014,18,11465,12266,7509,3741,34981,723,669,1001,2393,37374
15-06-2014,19,11567,12363,7573,3579,35082,722,671,1004,2397,37479
15-06-2014,20,11564,12197,7413,3436,34610,711,662,994,2367,36977
15-06-2014,21,11542,12072,7574,3269,34457,695,652,976,2323,36780
15-06-2014,22,11342,11888,7620,3222,34072,676,630,918,2224,36296
15-06-2014,23,11213,11294,7334,3036,32877,640,568,816,2024,34901
16-06-2014,0,10758,10932,6978,2851,31519,593,518,760,1871,33390
16-06-2014,1,10445,10598,6773,2747,30563,568,499,736,1803,32366
16-06-2014,2,10283,10505,6600,2694,30082,542,479,718,1739,31821
16-06-2014,3,10156,10415,6558,2690,29819,541,469,700,1710,31529
16-06-2014,4,10052,10300,6749,2677,29778,557,487,734,1778,31556
16-06-2014,5,10384,10955,7516,2845,31700,647,567,888,2102,33802
16-06-2014,6,11253,12770,8156,3424,35603,770,683,1047,2500,38103
16-06-2014,7,12692,14349,8504,4068,39613,878,800,1166,2844,42457
16-06-2014,8,13074,14816,8670,4375,40935,929,861,1216,3006,43941
16-06-2014,9,13140,15133,8735,4473,41481,938,876,1228,3042,44523
16-06-2014,10,13083,15390,8745,4582,41800,941,878,1230,3049,44849
16-06-2014,11,13071,15550,8844,4574,42039,926,847,1213,2986,45025
16-06-2014,12,13231,15640,8752,4505,42128,942,883,1234,3059,45187
16-06-2014,13,13189,15608,8670,4584,42051,936,886,1216,3038,45089
16-06-2014,14,13033,15588,8573,4517,41711,933,869,1196,2998,44709
16-06-2014,15,13027,15557,8418,4333,41335,904,862,1160,2926,44261
16-06-2014,16,12959,15128,8319,4252,40658,870,841,1124,2835,43493
16-06-2014,17,12666,14982,8238,4432,40318,854,829,1118,2801,43119
16-06-2014,18,12479,14597,8216,4308,39600,825,804,1111,2740,42340
16-06-2014,19,12320,14433,8222,4106,39081,804,774,1105,2683,41764
16-06-2014,20,12221,14021,7881,3849,37972,781,738,1098,2617,40589
16-06-2014,21,12197,13750,7868,3646,37461,751,702,1037,2490,39951
16-06-2014,22,11969,13301,7789,3516,36575,710,655,936,2301,38876
16-06-2014,23,11703,12759,7403,3302,35167,656,587,837,2080,37247
17-06-2014,0,11118,11940,7050,3037,33145,621,541,795,1957,35102
17-06-2014,1,10790,11672,6917,2876,32255,595,523,767,1885,34140
17-06-2014,2,10616,11444,6811,2798,31669,572,504,748,1824,33493
17-06-2014,3,10444,11123,6696,2778,31041,554,484,724,1762,32803
17-06-2014,4,10290,10952,6938,2767,30947,577,499,751,1827,32774
17-06-2014,5,10532,11516,7718,2955,32721,672,580,895,2147,34868
17-06-2014,6,11598,13215,8303,3475,36591,789,698,1054,2541,39132
17-06-2014,7,12802,14795,8593,4094,40284,907,810,1163,2880,43164
17-06-2014,8,13203,15270,8789,4429,41691,951,869,1204,3024,44715
17-06-2014,9,13124,15503,8862,4479,41968,962,887,1218,3067,45035
17-06-2014,10,13112,15739,8887,4601,42339,962,894,1222,3078,45417
17-06-2014,11,13069,15465,8874,4597,42005,949,867,1210,3026,45031
17-06-2014,12,12942,15526,8800,4540,41808,981,,1231,,
17-06-2014,13,12931,15539,8738,4589,41797,973,872,1217,3062,44859
17-06-2014,14,13070,15451,8642,4456,41619,960,855,1202,3017,44636
17-06-2014,15,13152,15220,8548,4352,41272,925,840,1177,2942,44214
17-06-2014,16,12927,14837,8471,4259,40494,900,815,1136,2851,43345
17-06-2014,17,12727,14986,8369,4378,40460,871,808,1116,2795,43255
17-06-2014,18,12714,14669,8448,4253,40084,843,788,1098,2729,42813
17-06-2014,19,12624,14403,8439,4071,39537,824,779,1099,2702,42239
17-06-2014,20,12384,14178,8129,3850,38541,802,757,1073,2632,41173
17-06-2014,21,12113,13661,8085,3676,37535,766,724,1025,2515,40050
17-06-2014,22,11771,13281,7993,3529,36574,727,671,950,2348,38922
17-06-2014,23,11525,12419,7566,3330,34840,675,607,850,2132,36972
18-06-2014,0,11015,11415,7152,3081,32663,642,558,800,2000,34663
18-06-2014,1,10735,11203,6906,2919,31763,612,538,772,1922,33685
18-06-2014,2,10594,11094,6723,2842,31253,590,523,754,1867,33120
18-06-2014,3,10501,10871,6598,2831,30801,573,512,734,1819,32620
18-06-2014,4,10224,10796,6724,2813,30557,597,519,761,1877,32434
18-06-2014,5,10411,11435,7471,2980,32297,689,605,905,2199,34496
18-06-2014,6,11380,13139,8004,3496,36019,812,726,1065,2603,38622
18-06-2014,7,12443,14522,8349,4132,39446,929,845,1187,2961,42407
18-06-2014,8,12964,14805,8468,4458,40695,979,,1230,,
18-06-2014,9,13382,15277,8447,4546,41652,992,923,1233,3148,44800
18-06-2014,10,13392,15485,8406,4672,41955,990,,1230,,
18-06-2014,11,12887,15352,8402,4719,41360,975,888,1212,3075,44435
18-06-2014,12,12841,15171,8307,4636,40955,997,909,1218,3124,44079
18-06-2014,13,12844,15305,8184,4669,41002,987,901,1198,3086,44088
18-06-2014,14,12889,15166,8100,4568,40723,975,891,1177,3043,43766
18-06-2014,15,12802,15121,7925,4379,40227,940,874,1144,2958,43185
18-06-2014,16,12717,14682,7844,4297,39540,908,838,1114,2860,42400
18-06-2014,17,12580,14574,7799,4383,39336,884,824,1107,2815,42151
18-06-2014,18,12771,14379,7869,4288,39307,858,798,1104,2760,42067
18-06-2014,19,12356,14123,7905,4075,38459,836,784,1089,2709,41168
18-06-2014,20,12265,13795,7558,3880,37498,812,763,1070,2645,40143
18-06-2014,21,12056,13387,7470,3710,36623,774,733,1034,2541,39164
18-06-2014,22,11823,13157,7350,3592,35922,735,686,966,2387,38309
18-06-2014,23,11480,12345,7000,3371,34196,687,613,864,2164,36360
19-06-2014,0,10738,11397,6636,3080,31851,651,562,813,2026,33877
19-06-2014,1,10384,11016,6371,2951,30722,622,540,779,1941,32663
19-06-2014,2,10190,10715,6185,2848,29938,597,522,759,1878,31816
19-06-2014,3,10114,10546,6108,2822,29590,578,501,740,1819,31409
19-06-2014,4,10003,10376,6345,2820,29544,603,518,770,1891,31435
19-06-2014,5,10154,10957,7081,2972,31164,696,601,903,2200,33364
19-06-2014,6,11131,12660,7691,3512,34994,813,717,1065,2595,37589
19-06-2014,7,12619,14218,7984,4167,38988,925,833,1186,2944,41932
19-06-2014,8,13069,14903,8112,4493,40577,965,892,1215,3072,43649
19-06-2014,9,12951,15088,8161,4612,40812,968,905,1211,3084,43896
19-06-2014,10,12958,15309,8121,4690,41078,968,896,1228,3092,44170
19-06-2014,11,12870,15530,8097,4720,41217,951,868,1223,3042,44259
19-06-2014,12,12862,14926,7939,4631,40358,975,890,1247,3112,43470
19-06-2014,13,12867,14783,7797,4705,40152,963,887,1236,3086,43238
19-06-2014,14,12826,14628,7704,4655,39813,964,881,1220,3065,42878
19-06-2014,15,12618,14171,7607,4466,38862,933,862,1188,2983,41845
19-06-2014,16,12524,13980,7551,4377,38432,900,831,1151,2882,41314
19-06-2014,17,12554,14131,7519,4446,38650,886,815,1136,2837,41487
19-06-2014,18,12400,13749,7599,4358,38106,876,790,1123,2789,40895
19-06-2014,19,12263,13362,7520,4143,37288,866,774,1113,2753,40041
19-06-2014,20,12113,12973,7223,3898,36207,847,750,1097,2694,38901
19-06-2014,21,11950,12537,7268,3681,35436,805,721,1049,2575,38011
19-06-2014,22,11672,12146,7274,3588,34680,762,680,971,2413,37093
19-06-2014,23,11425,11697,6876,3349,33347,693,605,865,2163,35510
20-06-2014,0,10919,10766,6479,3072,31236,639,560,806,2005,33241
20-06-2014,1,10463,10352,6223,2865,29903,595,538,774,1907,31810
20-06-2014,2,10273,10029,6048,2798,29148,578,522,755,1855,31003
20-06-2014,3,10234,9737,5948,2825,28744,571,500,737,1808,30552
20-06-2014,4,10170,9425,6027,2808,28430,598,514,762,1874,30304
20-06-2014,5,10432,9694,6270,2950,29346,692,599,899,2190,31536
20-06-2014,6,11327,10334,6431,3530,31622,808,721,1051,2580,34202
20-06-2014,7,12674,10930,6721,4194,34519,911,843,1162,2916,37435
20-06-2014,8,13327,11929,6876,4486,36618,951,908,1202,3061,39679
20-06-2014,9,13352,12644,6972,4544,37512,968,925,1217,3110,40622
20-06-2014,10,13198,12972,7022,4685,37877,965,917,1239,3121,40998
20-06-2014,11,13152,13008,6972,4651,37783,941,895,1219,3055,40838
20-06-2014,12,13057,12804,6818,4499,37178,961,916,1228,3105,40283
20-06-2014,13,12793,12195,6818,4409,36215,930,890,1198,3018,39233
20-06-2014,14,12701,11851,6798,4263,35613,922,873,1169,2964,38577
20-06-2014,15,12538,11808,6881,4114,35341,887,836,1139,2862,38203
20-06-2014,16,12303,11564,6972,4115,34954,865,811,1113,2789,37743
20-06-2014,17,12260,11480,6939,4262,34941,834,798,1095,2727,37668
20-06-2014,18,12188,11386,6896,4143,34613,812,785,1085,2682,37295
20-06-2014,19,12147,11488,6801,3846,34282,796,774,1066,2636,36918
20-06-2014,20,11899,11401,6650,3607,33557,777,744,1039,2560,36117
20-06-2014,21,11850,11167,6865,3428,33310,750,706,1004,2460,35770
20-06-2014,22,11627,11292,6970,3335,33224,716,677,939,2332,35556
20-06-2014,23,11428,11164,6751,3162,32505,655,620,853,2128,34633
21-06-2014,0,11110,10713,6401,2939,31163,613,579,801,1993,33156
21-06-2014,1,10800,10487,6233,2793,30313,565,550,769,1884,32197
21-06-2014,2,10495,10345,6056,2668,29564,538,524,748,1810,31374
21-06-2014,3,10337,10001,5938,2551,28827,529,501,720,1750,30577
21-06-2014,4,10220,9750,5963,2444,28377,548,501,720,1769,30146
21-06-2014,5,10153,9780,6025,2447,28405,583,539,784,1906,30311
21-06-2014,6,10326,9822,6057,2628,28833,638,603,876,2117,30950
21-06-2014,7,10755,10103,6202,2945,30005,712,683,970,2365,32370
21-06-2014,8,11312,10680,6398,3251,31641,763,745,1039,2547,34188
21-06-2014,9,11857,11401,6477,3447,33182,790,772,1069,2631,35813
21-06-2014,10,12205,11573,6603,3453,33834,787,772,1075,2634,36468
21-06-2014,11,12240,11579,6650,3382,33851,783,757,1072,2612,36463
21-06-2014,12,12085,11605,6628,3432,33750,782,,1057,,
21-06-2014,13,11902,11472,6619,3593,33586,769,742,1034,2545,36131
21-06-2014,14,11885,11426,6650,3503,33464,757,731,1013,2501,35965
21-06-2014,15,11802,11419,6681,3473,33375,745,721,999,2465,35840
21-06-2014,16,11657,11613,6758,3491,33519,742,714,993,2449,35968
21-06-2014,17,11841,11830,6800,3727,34198,738,705,992,2435,36633
21-06-2014,18,11846,11694,6883,3706,34129,730,699,986,2415,36544
21-06-2014,19,11885,11646,6870,3488,33889,713,696,973,2382,36271
21-06-2014,20,11744,11637,6779,3299,33459,709,688,960,2357,35816
21-06-2014,21,11568,11530,6957,3183,33238,690,666,947,2303,35541
21-06-2014,22,11431,11517,6975,3119,33042,662,649,902,2213,35255
21-06-2014,23,11320,11299,6809,3009,32437,636,600,817,2053,34490
22-06-2014,0,10887,10734,6502,2820,30943,611,551,761,1923,32866
22-06-2014,1,10659,10412,6308,2619,29998,581,524,729,1834,31832
22-06-2014,2,10347,10261,6134,2525,29267,556,503,689,1748,31015
22-06-2014,3,10252,10167,5998,2492,28909,532,478,693,1703,30612
22-06-2014,4,10068,9839,5962,2408,28277,534,471,687,1692,29969
22-06-2014,5,9986,9762,6094,2408,28250,554,499,716,1769,30019
22-06-2014,6,10088,9922,6169,2563,28742,595,549,773,1917,30659
22-06-2014,7,10340,10420,6328,2880,29968,658,616,843,2117,32085
22-06-2014,8,10711,10961,6496,3247,31415,712,679,926,2317,33732
22-06-2014,9,11210,11388,6635,3473,32706,746,721,971,2438,35144
22-06-2014,10,11517,11791,6767,3551,33626,755,727,990,2472,36098
22-06-2014,11,11704,11946,6871,3602,34123,753,718,998,2469,36592
22-06-2014,12,11686,11902,6827,3589,34004,756,714,992,2462,36466
22-06-2014,13,11671,11737,6832,3539,33779,750,711,982,2443,36222
22-06-2014,14,11546,11824,6852,3545,33767,747,701,961,2409,36176
22-06-2014,15,11404,11797,6932,3527,33660,745,698,957,2400,36060
22-06-2014,16,11516,12053,7070,3585,34224,750,695,957,2402,36626
22-06-2014,17,11573,12284,7124,3794,34775,750,687,968,2405,37180
22-06-2014,18,11628,12107,7190,3808,34733,744,680,974,2398,37131
22-06-2014,19,11734,12379,7242,3656,35011,723,670,970,2363,37374
22-06-2014,20,11758,12226,7069,3522,34575,703,666,954,2323,36898
22-06-2014,21,11714,11973,7221,3361,34269,677,657,936,2270,36539
22-06-2014,22,11602,11713,7324,3288,33927,650,638,884,2172,36099
22-06-2014,23,11407,11347,6994,3151,32899,623,585,781,1989,34888
23-06-2014,0,10973,10948,6624,2958,31503,582,537,739,1858,33361
23-06-2014,1,10694,10718,6424,2795,30631,553,516,713,1782,32413
23-06-2014,2,10542,10678,6273,2743,30236,531,497,699,1727,31963
23-06-2014,3,10359,10551,6241,2687,29838,512,471,686,1669,31507
23-06-2014,4,10226,10348,6418,2664,29656,512,464,709,1685,31341
23-06-2014,5,10542,11089,7221,2838,31690,538,494,824,1856,33546
23-06-2014,6,11400,12710,7907,3396,35413,580,550,942,2072,37485
23-06-2014,7,12742,14763,8277,4032,39814,639,606,1048,2293,42107
23-06-2014,8,13221,15567,8492,4325,41605,691,667,1103,2461,44066
23-06-2014,9,13384,15381,8508,4462,41735,722,704,1127,2553,44288
23-06-2014,10,13391,15363,8586,4556,41896,731,710,1124,2565,44461
23-06-2014,11,13210,15213,8587,4580,41590,731,705,1115,2551,44141
23-06-2014,12,13237,15124,8452,4538,41351,726,700,1115,2541,43892
23-06-2014,13,13162,15163,8366,4560,41251,720,684,1095,2499,43750
23-06-2014,14,13083,15042,8301,4501,40927,712,670,1075,2457,43384
23-06-2014,15,12804,14869,8088,4317,40078,699,661,1049,2409,42487
23-06-2014,16,12643,14681,8101,4230,39655,693,650,1033,2376,42031
23-06-2014,17,12565,14943,8008,4332,39848,676,636,1021,2333,42181
23-06-2014,18,12546,14562,8032,4129,39269,655,612,996,2263,41532
23-06-2014,19,12316,14285,8066,3838,38505,640,585,960,2185,40690
23-06-2014,20,12162,14099,7800,3633,37694,625,565,,,
23-06-2014,21,12071,13493,7840,3487,36891,613,561,907,2081,38972
23-06-2014,22,11877,12853,7829,3450,36009,621,578,876,2075,38084
23-06-2014,23,11621,12429,7438,3281,34769,611,565,816,1992,36761
24-06-2014,0,10972,11575,7037,3045,32629,586,537,764,1887,34516
24-06-2014,1,10661,11140,6883,2846,31530,560,515,730,1805,33335
24-06-2014,2,10500,10974,6785,2779,31038,532,488,707,1727,32765
24-06-2014,3,10385,10840,6721,2775,30721,509,457,673,1639,32360
24-06-2014,4,10321,10678,6996,2740,30735,510,446,668,1624,32359
24-06-2014,5,10531,11133,7796,2915,32375,528,460,708,1696,34071
24-06-2014,6,11413,12824,8409,3438,36084,560,479,766,1805,37889
24-06-2014,7,12524,14281,8799,4063,39667,600,518,832,1950,41617
24-06-2014,8,13010,15050,8980,4376,41416,646,566,917,2129,43545
24-06-2014,9,13008,15193,8922,4460,41583,672,606,975,2253,43836
24-06-2014,10,13039,15415,9043,4540,42037,689,626,989,2304,44341
24-06-2014,11,12966,15316,9073,4580,41935,691,627,986,2304,44239
24-06-2014,12,12905,15309,9073,4508,41795,693,621,977,2291,44086
24-06-2014,13,12762,15110,8978,4528,41378,683,624,966,2273,43651
24-06-2014,14,12816,14921,8857,4431,41025,677,618,952,2247,43272
24-06-2014,15,12686,14781,8736,4246,40449,676,612,944,2232,42681
24-06-2014,16,12661,14591,8651,4173,40076,680,621,936,2237,42313
24-06-2014,17,12512,14332,8607,4340,39791,687,634,942,2263,42054
24-06-2014,18,12355,14021,8638,4217,39231,691,638,955,2284,41515
24-06-2014,19,12255,13862,8624,4016,38757,692,648,956,2296,41053
24-06-2014,20,12190,13612,8364,3805,37971,690,651,952,2293,40264
24-06-2014,21,12043,13076,8396,3628,37143,664,637,931,2232,39375
24-06-2014,22,11835,12680,8361,3479,36355,648,607,875,2130,38485
24-06-2014,23,11530,12217,7974,3277,34998,613,550,792,1955,36953
25-06-2014,0,11070,11568,7517,3005,33160,573,509,741,1823,34983
25-06-2014,1,10784,11071,7332,2848,32035,547,490,716,1753,33788
25-06-2014,2,10643,10919,7180,2773,31515,528,476,701,1705,33220
25-06-2014,3,10591,10675,7188,2760,31214,518,463,687,1668,32882
25-06-2014,4,10471,10596,7407,2737,31211,542,471,716,1729,32940
25-06-2014,5,10619,11063,8157,2912,32751,628,551,866,2045,34796
25-06-2014,6,11507,12822,8695,3449,36473,744,664,1026,2434,38907
25-06-2014,7,12604,14456,8966,4076,40102,861,779,1164,2804,42906
25-06-2014,8,13093,14910,9088,4368,41459,919,845,1224,2988,44447
25-06-2014,9,12921,15218,9092,4448,41679,941,875,1234,3050,44729
25-06-2014,10,12989,15416,9213,4562,42180,941,881,1234,3056,45236
25-06-2014,11,12930,15293,9203,4573,41999,925,858,1219,3002,45001
25-06-2014,12,12863,15109,9176,4499,41647,946,876,1238,3060,44707
25-06-2014,13,12878,15016,9028,4567,41489,936,865,1228,3029,44518
25-06-2014,14,12815,15038,8985,4451,41289,926,851,1210,2987,44276
25-06-2014,15,12847,14899,8786,4266,40798,894,833,1169,2896,43694
25-06-2014,16,12638,14571,8721,4221,40151,868,796,1134,2798,42949
25-06-2014,17,12404,14641,8590,4349,39984,833,792,1121,2746,42730
25-06-2014,18,12362,14361,8708,4205,39636,808,768,1103,2679,42315
25-06-2014,19,12218,14187,8670,4004,39079,801,761,1092,2654,41733
25-06-2014,20,12159,13767,8381,3794,38101,790,742,1060,2592,40693
25-06-2014,21,11978,13453,8464,3614,37509,757,712,1027,2496,40005
25-06-2014,22,11805,13248,8364,3491,36908,721,677,960,2358,39266
25-06-2014,23,11499,12631,7968,3291,35389,669,610,859,2138,37527
26-06-2014,0,10872,11884,7611,3011,33378,627,560,808,1995,35373
26-06-2014,1,10494,11361,7397,2845,32097,602,541,775,1918,34015
26-06-2014,2,10356,11307,7245,2766,31674,579,525,763,1867,33541
26-06-2014,3,10213,11197,7106,2759,31275,564,503,736,1803,33078
26-06-2014,4,10109,11006,7319,2730,31164,587,508,761,1856,33020
26-06-2014,5,10286,11696,8073,2887,32942,674,590,902,2166,35108
26-06-2014,6,11259,13235,8622,3408,36524,778,697,1060,2535,39059
26-06-2014,7,12475,14581,8874,4011,39941,896,811,1189,2896,42837
26-06-2014,8,12916,15182,8935,4341,41374,939,872,1242,3053,44427
26-06-2014,9,13029,15156,9006,4437,41628,954,893,1257,3104,44732
26-06-2014,10,13046,15459,9104,4571,42180,960,887,1262,3109,45289
26-06-2014,11,13074,15465,9136,4571,42246,948,863,1252,3063,45309
26-06-2014,12,13015,15399,9038,4519,41971,964,889,1261,3114,45085
26-06-2014,13,13070,15180,8910,4528,41688,952,885,1249,3086,44774
26-06-2014,14,13136,15255,8864,4486,41741,947,872,1239,3058,44799
26-06-2014,15,12798,15094,8746,4342,40980,922,853,1200,2975,43955
26-06-2014,16,12748,14819,8722,4240,40529,890,830,1168,2888,43417
26-06-2014,17,12546,14763,8695,4371,40375,863,817,1150,2830,43205
26-06-2014,18,12487,14444,8739,4231,39901,850,799,1136,2785,42686
26-06-2014,19,12363,14214,8720,3999,39296,833,790,1123,2746,42042
26-06-2014,20,12243,13758,8458,3811,38270,814,768,1101,2683,40953
26-06-2014,21,12008,13241,8425,3620,37294,773,739,1058,2570,39864
26-06-2014,22,11751,12832,8423,3498,36504,733,692,986,2411,38915
26-06-2014,23,11576,12346,8034,3451,35407,680,623,890,2193,37600
27-06-2014,0,11118,11505,7645,3182,33450,644,575,827,2046,35496
27-06-2014,1,10729,11351,7405,3155,32640,621,549,791,1961,34601
27-06-2014,2,10545,11214,7283,2900,31942,598,534,777,1909,33851
27-06-2014,3,10395,10978,7226,2879,31478,586,515,757,1858,33336
27-06-2014,4,10318,10794,7463,2874,31449,608,525,786,1919,33368
27-06-2014,5,10493,11382,8191,2950,33016,691,606,922,2219,35235
27-06-2014,6,11314,12763,8760,3425,36262,797,718,1075,2590,38852
27-06-2014,7,12442,14295,8913,4045,39695,893,837,1200,2930,42625
27-06-2014,8,12922,14919,9046,4318,41205,936,899,1254,3089,44294
27-06-2014,9,12955,15075,9031,4402,41463,941,919,1261,3121,44584
27-06-2014,10,12965,15500,9021,4517,42003,950,913,1256,3119,45122
27-06-2014,11,12990,15441,9039,4471,41941,928,879,1241,3048,44989
27-06-2014,12,13153,15234,8968,4374,41729,957,,1248,,
27-06-2014,13,13063,14765,8936,4331,41095,945,883,1229,3057,44152
27-06-2014,14,12798,14276,8885,4153,40112,923,870,1203,2996,43108
27-06-2014,15,12444,13983,8912,4021,39360,897,845,1166,2908,42268
27-06-2014,16,12235,13719,8761,3978,38693,880,824,1142,2846,41539
27-06-2014,17,12062,13785,8693,4081,38621,850,809,1131,2790,41411
27-06-2014,18,11936,13453,8739,3987,38115,819,785,1113,2717,40832
27-06-2014,19,11824,13034,8639,3738,37235,791,766,1092,2649,39884
27-06-2014,20,11703,12726,8269,3513,36211,782,742,1066,2590,38801
27-06-2014,21,11469,12258,8274,3371,35372,741,719,1033,2493,37865
27-06-2014,22,11216,11972,8275,3304,34767,709,693,980,2382,37149
27-06-2014,23,11032,11677,7952,3122,33783,676,630,882,2188,35971
28-06-2014,0,10973,11135,7577,2864,32549,640,577,818,2035,34584
28-06-2014,1,10496,10619,7380,2723,31218,608,546,783,1937,33155
28-06-2014,2,10330,10487,7208,2635,30660,579,526,762,1867,32527
28-06-2014,3,10172,10231,7096,2586,30085,559,499,732,1790,31875
28-06-2014,4,9997,10011,7143,2550,29701,566,499,735,1800,31501
28-06-2014,5,10050,9948,7377,2550,29925,592,531,796,1919,31844
28-06-2014,6,10143,10411,7546,2698,30798,641,599,889,2129,32927
28-06-2014,7,10489,11193,7775,2970,32427,708,680,989,2377,34804
28-06-2014,8,10990,12037,8018,3288,34333,762,746,1060,2568,36901
28-06-2014,9,11351,12679,8072,3492,35594,796,783,1087,2666,38260
28-06-2014,10,11703,13017,8172,3612,36504,796,782,1087,2665,39169
28-06-2014,11,11736,13172,8146,3603,36657,789,764,1074,2627,39284
28-06-2014,12,11736,13239,8116,3572,36663,784,759,1059,2602,39265
28-06-2014,13,11566,13054,8017,3475,36112,767,743,1031,2541,38653
28-06-2014,14,11455,12888,8052,3390,35785,752,732,1010,2494,38279
28-06-2014,15,11316,12808,8055,3353,35532,743,718,1001,2462,37994
28-06-2014,16,11415,12838,8178,3362,35793,747,710,996,2453,38246
28-06-2014,17,11606,13162,8184,3580,36532,739,705,998,2442,38974
28-06-2014,18,11520,13191,8217,3575,36503,737,700,996,2433,38936
28-06-2014,19,11206,12831,8124,3388,35549,719,697,991,2407,37956
28-06-2014,20,11023,12325,7920,3227,34495,701,683,976,2360,36855
28-06-2014,21,10978,12086,8040,3100,34204,682,677,966,2325,36529
28-06-2014,22,10908,11953,8049,3057,33967,666,655,904,2225,36192
28-06-2014,23,10790,11506,7772,2940,33008,618,597,815,2030,35038
29-06-2014,0,10586,10861,7370,2712,31529,568,548,758,1874,33403
29-06-2014,1,10289,10701,7131,2557,30678,553,522,723,1798,32476
29-06-2014,2,10142,10529,6954,2477,30102,541,504,714,1759,31861
29-06-2014,3,10043,10213,6826,2434,29516,523,483,693,1699,31215
29-06-2014,4,9786,9995,6833,2327,28941,526,478,685,1689,30630
29-06-2014,5,9733,9973,6962,2315,28983,545,501,722,1768,30751
29-06-2014,6,9839,10216,7014,2432,29501,581,546,788,1915,31416
29-06-2014,7,10053,10664,7266,2660,30643,642,606,873,2121,32764
29-06-2014,8,10551,11269,7474,2990,32284,711,673,957,2341,34625
29-06-2014,9,10912,11927,7673,3227,33739,759,716,1019,2494,36233
29-06-2014,10,11188,12294,7824,3365,34671,785,,1040,,
29-06-2014,11,11301,12760,7858,3426,35345,791,730,1050,2571,37916
29-06-2014,12,11263,12794,7873,3433,35363,794,741,1055,2590,37953
29-06-2014,13,11264,12652,7834,3434,35184,790,737,1046,2573,37757
29-06-2014,14,11239,12569,7835,3402,35045,792,733,1021,2546,37591
29-06-2014,15,11127,12528,7932,3371,34958,795,740,1023,2558,37516
29-06-2014,16,11129,12735,8014,3406,35284,801,737,1027,2565,37849
29-06-2014,17,11131,12962,8119,3690,35902,796,736,1035,2567,38469
29-06-2014,18,11117,12959,8096,3667,35839,797,738,1039,2574,38413
29-06-2014,19,11051,12788,8053,3486,35378,781,740,1035,2556,37934
29-06-2014,20,11041,12718,7902,3361,35022,758,715,1024,2497,37519
29-06-2014,21,11046,12555,8023,3239,34863,734,683,997,2414,37277
29-06-2014,22,11034,12248,8036,3153,34471,704,642,920,2266,36737
29-06-2014,23,10875,11739,7668,3000,33282,648,587,824,2059,35341
30-06-2014,0,10593,11151,7305,2808,31857,610,546,770,1926,33783
30-06-2014,1,10287,10931,7100,2662,30980,581,526,741,1848,32828
30-06-2014,2,10167,10773,7018,2603,30561,565,511,734,1810,32371
30-06-2014,3,10132,10607,6957,2577,30273,543,496,726,1765,32038
30-06-2014,4,10023,10478,7139,2562,30202,560,502,752,1814,32016
30-06-2014,5,10302,10943,7882,2735,31862,631,590,905,2126,33988
30-06-2014,6,11262,12614,8460,3260,35596,760,710,1071,2541,38137
30-06-2014,7,12292,14082,8771,3851,38996,867,835,1220,2922,41918
30-06-2014,8,12826,14934,8986,4196,40942,932,908,1280,3120,44062
30-06-2014,9,12977,15239,9103,4331,41650,943,932,1289,3164,44814
30-06-2014,10,13075,15547,9085,4425,42132,951,941,1285,3177,45309
30-06-2014,11,13065,15532,9183,4454,42234,940,915,1273,3128,45362
30-06-2014,12,12902,15413,9132,4392,41839,955,,1285,,
30-06-2014,13,12744,15276,8996,4433,41449,946,925,1269,3140,44589
30-06-2014,14,12743,14933,8959,4329,40964,934,906,1242,3082,44046
30-06-2014,15,12404,14612,8816,4169,40001,912,879,1229,3020,43021
30-06-2014,16,12389,14474,8802,4075,39740,879,843,1202,2924,42664
30-06-2014,17,12326,14367,8749,4269,39711,857,828,1188,2873,42584
30-06-2014,18,12185,14264,8728,4188,39365,830,807,1172,2809,42174
30-06-2014,19,12049,14123,8592,3978,38742,806,794,1162,2762,41504
30-06-2014,20,11877,13708,8333,3761,37679,791,775,1158,2724,40403
30-06-2014,21,11680,13386,8281,3570,36917,757,750,1102,2609,39526
30-06-2014,22,11531,13166,8261,3489,36447,717,698,989,2404,38851
30-06-2014,23,11201,12408,7895,3275,34779,667,631,898,2196,36975
01-07-2014,0,10699,11282,7600,3028,32609,635,583,840,2058,34667
01-07-2014,1,10318,11124,7322,2846,31610,601,560,803,1964,33574
01-07-2014,2,10194,11022,7204,2752,31172,579,541,791,1911,33083
01-07-2014,3,10110,10756,7094,2735,30695,561,526,780,1867,32562
01-07-2014,4,10054,10631,7260,2724,30669,577,527,796,1900,32569
01-07-2014,5,10205,10959,7974,2893,32031,659,606,940,2205,34236
01-07-2014,6,10941,12329,8521,3358,35149,764,714,1102,2580,37729
01-07-2014,7,11825,14118,8840,3948,38731,883,843,1227,2953,41684
01-07-2014,8,12301,14669,9056,4241,40267,937,917,1290,3144,43411
01-07-2014,9,12500,15003,9135,4359,40997,957,950,1313,3220,44217
01-07-2014,10,12677,15188,9191,4486,41542,966,949,1310,3225,44767
01-07-2014,11,12660,15134,9219,4509,41522,972,916,1282,3170,44692
01-07-2014,12,12750,14974,9218,4412,41354,995,930,1287,3212,44566
01-07-2014,13,12436,14909,9160,4429,40934,989,921,1266,3176,44110
01-07-2014,14,12433,14748,9105,4360,40646,980,902,1239,3121,43767
01-07-2014,15,12221,14644,9003,4202,40070,958,888,1194,3040,43110
01-07-2014,16,12071,14178,8891,4106,39246,933,850,1152,2935,42181
01-07-2014,17,12058,14266,8884,4268,39476,910,835,1130,2875,42351
01-07-2014,18,12398,14191,8848,4197,39634,884,813,1137,2834,42468
01-07-2014,19,11951,13892,8792,3972,38607,860,785,1211,2856,41463
01-07-2014,20,11656,13555,8506,3777,37494,828,763,1232,2823,40317
01-07-2014,21,11579,13072,8529,3599,36779,793,735,1231,2759,39538
01-07-2014,22,11473,12819,8475,3455,36222,751,698,,,
01-07-2014,23,11145,12180,8045,3286,34656,693,624,1199,2516,37172
02-07-2014,0,10561,11439,7608,3025,32633,649,573,1270,2492,35125
02-07-2014,1,10304,11064,7387,2839,31594,620,548,1259,2427,34021
02-07-2014,2,10174,10891,7240,2752,31057,599,527,1260,2386,33443
02-07-2014,3,10014,10650,7096,2731,30491,575,508,1282,2365,32856
02-07-2014,4,9867,10441,7315,2718,30341,589,521,1225,2335,32676
02-07-2014,5,10041,10753,8025,2873,31692,670,599,1108,2377,34069
02-07-2014,6,10797,12202,8474,3361,34834,774,712,1078,2564,37398
02-07-2014,7,11812,13755,8821,3921,38309,887,833,1182,2902,41211
02-07-2014,8,12371,14575,8979,4258,40183,933,893,1239,3065,43248
02-07-2014,9,12501,14813,9022,4379,40715,945,911,1250,3106,43821
02-07-2014,10,12590,15030,9058,4493,41171,939,907,1249,3095,44266
02-07-2014,11,12562,14985,9086,4532,41165,927,876,1230,3033,44198
02-07-2014,12,12464,14907,9052,4469,40892,946,903,1248,3097,43989
02-07-2014,13,12435,14834,9032,4484,40785,941,892,1237,3070,43855
02-07-2014,14,12427,14684,9037,4399,40547,918,875,1226,3019,43566
02-07-2014,15,12190,14365,8943,4244,39742,899,860,1194,2953,42695
02-07-2014,16,12027,13993,8907,4185,39112,874,837,1160,2871,41983
02-07-2014,17,11854,13800,8819,4365,38838,857,833,1147,2837,41675
02-07-2014,18,11779,13584,8831,4202,38396,825,802,1132,2759,41155
02-07-2014,19,11664,13151,8896,3992,37703,807,782,1115,2704,40407
02-07-2014,20,11499,12762,8578,3792,36631,784,762,1094,2640,39271
02-07-2014,21,11376,12336,8521,3629,35862,761,734,1057,2552,38414
02-07-2014,22,11175,11692,8448,3486,34801,729,686,980,2395,37196
02-07-2014,23,10880,11101,8004,3246,33231,675,611,883,2169,35400
03-07-2014,0,10382,10692,7657,2997,31728,630,561,828,2019,33747
03-07-2014,1,10032,10469,7385,2849,30735,603,542,793,1938,32673
03-07-2014,2,9877,10487,7270,2786,30420,581,527,784,1892,32312
03-07-2014,3,9764,10333,7160,2752,30009,555,502,768,1825,31834
03-07-2014,4,9722,10230,7324,2762,30038,569,513,797,1879,31917
03-07-2014,5,9954,10858,8013,2915,31740,641,596,926,2163,33903
03-07-2014,6,10829,12198,8544,3429,35000,744,710,1079,2533,37533
03-07-2014,7,11681,13517,8848,4016,38062,846,833,1201,2880,40942
03-07-2014,8,12032,14174,9087,4365,39658,889,894,1255,3038,42696
03-07-2014,9,12198,14453,9103,4470,40224,910,917,1269,3096,43320
03-07-2014,10,12462,14585,9087,4639,40773,905,912,1264,3081,43854
03-07-2014,11,12484,14781,9124,4674,41063,891,879,1254,3024,44087
03-07-2014,12,12360,14711,9004,4583,40658,912,,1264,,
03-07-2014,13,12265,14639,8834,4614,40352,901,894,1251,3046,43398
03-07-2014,14,12227,14392,8776,4507,39902,893,882,1236,3011,42913
03-07-2014,15,12201,14440,8701,4320,39662,867,861,1203,2931,42593
03-07-2014,16,12160,14091,8620,4258,39129,840,830,1171,2841,41970
03-07-2014,17,11992,14086,8571,4412,39061,816,813,1150,2779,41840
03-07-2014,18,11844,13831,8635,4272,38582,791,794,1133,2718,41300
03-07-2014,19,11798,13649,8650,4018,38115,781,781,1124,2686,40801
03-07-2014,20,11668,13102,8310,3812,36892,755,758,1103,2616,39508
03-07-2014,21,11406,12753,8329,3607,36095,728,733,1073,2534,38629
03-07-2014,22,11281,12194,8236,3475,35186,699,679,991,2369,37555
03-07-2014,23,11044,11832,7835,3234,33945,645,611,893,2149,36094
04-07-2014,0,10645,11043,7581,3015,32284,607,555,824,1986,34270
04-07-2014,1,10143,10672,7382,2881,31078,587,538,791,1916,32994
04-07-2014,2,10053,10623,7278,2783,30737,570,522,779,1871,32608
04-07-2014,3,9998,10316,7172,2789,30275,556,507,770,1833,32108
04-07-2014,4,9820,10277,7383,2763,30243,568,512,786,1866,32109
04-07-2014,5,9986,10697,8007,2887,31577,648,596,917,2161,33738
04-07-2014,6,10685,12212,8585,3354,34836,762,708,1071,2541,37377
04-07-2014,7,11493,13630,8826,3937,37886,871,830,1206,2907,40793
04-07-2014,8,12100,14414,9065,4258,39837,919,890,1266,3075,42912
04-07-2014,9,12251,14675,9129,4369,40424,938,905,1282,3125,43549
04-07-2014,10,12492,15024,9128,4485,41129,939,909,1284,3132,44261
04-07-2014,11,12447,14864,9057,4467,40835,924,882,1261,3067,43902
04-07-2014,12,12314,14831,8969,4322,40436,937,904,1281,3122,43558
04-07-2014,13,12128,14362,8838,4242,39570,922,899,1267,3088,42658
04-07-2014,14,12077,13905,8832,4113,38927,902,883,1244,3029,41956
04-07-2014,15,11909,13575,8680,3948,38112,875,860,1203,2938,41050
04-07-2014,16,11736,13311,8675,3899,37621,843,827,1168,2838,40459
04-07-2014,17,11833,13414,8562,3975,37784,818,808,1143,2769,40553
04-07-2014,18,11648,12984,8511,3902,37045,792,788,1124,2704,39749
04-07-2014,19,11389,12582,8461,3689,36121,767,766,1103,2636,38757
04-07-2014,20,11089,12160,8216,3438,34903,750,737,1073,2560,37463
04-07-2014,21,10978,11687,8196,3301,34162,730,716,1044,2490,36652
04-07-2014,22,10798,10992,8127,3234,33151,711,696,990,2397,35548
04-07-2014,23,10580,10521,7758,3093,31952,676,628,896,2200,34152
05-07-2014,0,10399,10139,7402,2856,30796,627,571,823,2021,32817
05-07-2014,1,10082,9981,7206,2658,29927,597,547,783,1927,31854
05-07-2014,2,9893,9883,6975,2592,29343,575,524,764,1863,31206
05-07-2014,3,9712,9668,6832,2542,28754,554,500,736,1790,30544
05-07-2014,4,9446,9359,6852,2465,28122,558,494,734,1786,29908
05-07-2014,5,9439,9344,7078,2448,28309,582,524,788,1894,30203
05-07-2014,6,9658,9770,7241,2628,29297,616,587,882,2085,31382
05-07-2014,7,10103,10354,7438,2929,30824,683,669,986,2338,33162
05-07-2014,8,10393,11198,7675,3290,32556,740,740,1061,2541,35097
05-07-2014,9,10914,11684,7905,3518,34021,767,779,1093,2639,36660
05-07-2014,10,11207,12082,7974,3619,34882,769,782,1089,2640,37522
05-07-2014,11,11219,11977,7976,3625,34797,761,766,1079,2606,37403
05-07-2014,12,11108,11866,7924,3578,34476,760,761,1070,2591,37067
05-07-2014,13,10958,11829,7924,3454,34165,749,756,1048,2553,36718
05-07-2014,14,10873,11765,7874,3376,33888,740,744,1031,2515,36403
05-07-2014,15,10678,11651,7911,3330,33570,738,745,1021,2504,36074
05-07-2014,16,10643,11727,7988,3416,33774,737,739,1018,2494,36268
05-07-2014,17,10760,11747,7942,3631,34080,726,726,1019,2471,36551
05-07-2014,18,10744,11653,7931,3623,33951,720,717,1015,2452,36403
05-07-2014,19,10721,11390,7811,3446,33368,704,711,1003,2418,35786
05-07-2014,20,10629,11124,7667,3297,32717,683,697,984,2364,35081
05-07-2014,21,10445,10963,7774,3177,32359,668,685,972,2325,34684
05-07-2014,22,10315,10739,7830,3113,31997,657,668,936,2261,34258
05-07-2014,23,10103,10385,7583,2954,31025,629,618,850,2097,33122
06-07-2014,0,9800,10103,7224,2771,29898,608,579,787,1974,31872
06-07-2014,1,9529,9750,7026,2568,28873,570,549,748,1867,30740
06-07-2014,2,9386,9339,6859,2473,28057,547,532,728,1807,29864
06-07-2014,3,9123,9131,6740,2427,27421,518,500,699,1717,29138
06-07-2014,4,8897,8870,6714,2353,26834,521,490,687,1698,28532
06-07-2014,5,8746,8798,6770,2315,26629,546,518,728,1792,28421
06-07-2014,6,8954,9181,6906,2423,27464,578,562,800,1940,29404
06-07-2014,7,9461,9677,7064,2708,28910,641,627,893,2161,31071
06-07-2014,8,9729,10424,7290,3037,30480,707,700,969,2376,32856
06-07-2014,9,10504,11185,7461,3291,32441,739,739,1013,2491,34932
06-07-2014,10,10843,11496,7628,3424,33391,747,748,1017,2512,35903
06-07-2014,11,10902,11445,7746,3482,33575,738,742,1010,2490,36065
06-07-2014,12,10960,11568,7690,3467,33685,732,736,1001,2469,36154
06-07-2014,13,10868,11745,7660,3423,33696,737,734,999,2470,36166
06-07-2014,14,10785,11550,7735,3391,33461,733,732,999,2464,35925
06-07-2014,15,10758,11399,7751,3345,33253,729,731,994,2454,35707
06-07-2014,16,10787,11602,7805,3367,33561,730,746,999,2475,36036
06-07-2014,17,10579,11768,7731,3605,33683,725,739,1010,2474,36157
06-07-2014,18,10659,12019,7738,3622,34038,719,741,1018,2478,36516
06-07-2014,19,10676,11862,7779,3462,33779,713,738,1018,2469,36248
06-07-2014,20,10719,11696,7670,3345,33430,704,728,1012,2444,35874
06-07-2014,21,10627,11395,7780,3217,33019,695,714,1005,2414,35433
06-07-2014,22,10318,11062,7804,3188,32372,678,694,945,2317,34689
06-07-2014,23,9937,10513,7539,3026,31015,629,627,841,2097,33112
07-07-2014,0,9891,10046,7205,2809,29951,592,550,777,1919,31870
07-07-2014,1,9584,9592,7022,2671,28869,570,529,750,1849,30718
07-07-2014,2,9490,9483,6868,2608,28449,553,513,738,1804,30253
07-07-2014,3,9419,9411,6806,2628,28264,533,492,722,1747,30011
07-07-2014,4,9312,9281,7027,2619,28239,554,504,747,1805,30044
07-07-2014,5,9493,9501,7693,2813,29500,631,586,896,2113,31613
07-07-2014,6,10390,10933,8256,3296,32875,747,720,1067,2534,35409
07-07-2014,7,11181,12583,8606,3889,36259,862,851,1209,2922,39181
07-07-2014,8,11758,13543,8758,4207,38266,926,919,1286,3131,41397
07-07-2014,9,12163,14120,8797,4365,39445,949,953,1311,3213,42658
07-07-2014,10,12220,14432,8921,4507,40080,949,960,1312,3221,43301
07-07-2014,11,12250,14482,8971,4530,40233,944,935,1304,3183,43416
07-07-2014,12,12163,14333,8980,4453,39929,960,,1330,,
07-07-2014,13,12109,14431,8953,4445,39938,946,938,1316,3200,43138
07-07-2014,14,12058,14460,8858,4342,39718,931,924,1304,3159,42877
07-07-2014,15,11886,14493,8779,4176,39334,902,907,1267,3076,42410
07-07-2014,16,11782,14050,8648,4059,38539,883,879,1229,2991,41530
07-07-2014,17,11671,13760,8427,4188,38046,858,856,1209,2923,40969
07-07-2014,18,11583,13424,8350,4086,37443,830,829,1188,2847,40290
07-07-2014,19,11520,13015,8303,3853,36691,798,812,1165,2775,39466
07-07-2014,20,11345,12713,8020,3654,35732,769,778,1137,2684,38416
07-07-2014,21,11051,12033,8001,3497,34582,739,752,1109,2600,37182
07-07-2014,22,10834,11705,7906,3372,33817,707,721,1041,2469,36286
07-07-2014,23,10453,11243,7523,3186,32405,656,640,927,2223,34628
08-07-2014,0,10116,10602,7149,2917,30784,618,600,861,2079,32863
08-07-2014,1,9783,10455,6899,2784,29921,598,575,824,1997,31918
08-07-2014,2,9710,10272,6814,2710,29506,572,557,804,1933,31439
08-07-2014,3,9539,10042,6746,2668,28995,554,538,805,1897,30892
08-07-2014,4,9390,9969,6967,2664,28990,573,546,820,1939,30929
08-07-2014,5,9546,10163,7534,2790,30033,643,625,950,2218,32251
08-07-2014,6,10119,11068,8143,3240,32570,748,750,1114,2612,35182
08-07-2014,7,10972,12555,8518,3772,35817,861,877,1261,2999,38816
08-07-2014,8,11512,13572,8727,4136,37947,918,943,1315,3176,41123
08-07-2014,9,11914,14236,8874,4287,39311,927,968,1325,3220,42531
08-07-2014,10,12073,14299,8894,4459,39725,929,973,1324,3226,42951
08-07-2014,11,11998,14217,8971,4503,39689,916,942,1314,3172,42861
08-07-2014,12,12130,14260,8913,4435,39738,934,964,1331,3229,42967
08-07-2014,13,12046,14163,8810,4441,39460,927,959,1323,3209,42669
08-07-2014,14,12027,13940,8722,4374,39063,913,937,1306,3156,42219
08-07-2014,15,11761,13666,8605,4224,38256,892,918,1272,3082,41338
08-07-2014,16,11675,13393,8525,4133,37726,864,886,1229,2979,40705
08-07-2014,17,11525,13289,8410,4258,37482,840,866,1202,2908,40390
08-07-2014,18,11408,12779,8360,4136,36683,807,839,1181,2827,39510
08-07-2014,19,11237,12601,8335,3899,36072,791,825,1164,2780,38852
08-07-2014,20,11109,12659,8118,3671,35557,769,795,1137,2701,38258
08-07-2014,21,10938,12180,8132,3591,34841,739,775,1113,2627,37468
08-07-2014,22,10736,11677,8054,3470,33937,703,746,1049,2498,36435
08-07-2014,23,10565,11635,7732,3273,33205,652,671,947,2270,35475
09-07-2014,0,10019,11200,7309,2972,31500,609,604,867,2080,33580
09-07-2014,1,9555,10726,7056,2781,30118,582,581,824,1987,32105
09-07-2014,2,9266,10397,6877,2711,29251,559,563,809,1931,31182
09-07-2014,3,9106,10193,6758,2688,28745,541,545,790,1876,30621
09-07-2014,4,8984,10012,6858,2697,28551,554,542,805,1901,30452
09-07-2014,5,9232,10150,7454,2835,29671,630,623,936,2189,31860
09-07-2014,6,9851,11111,7970,3308,32240,738,741,1098,2577,34817
09-07-2014,7,10859,12438,8340,3857,35494,840,869,1236,2945,38439
09-07-2014,8,11443,13405,8546,4232,37626,899,935,1300,3134,40760
09-07-2014,9,11784,14009,8710,4410,38913,916,954,1317,3187,42100
09-07-2014,10,11972,13959,8744,4565,39240,917,952,1315,3184,42424
09-07-2014,11,11883,13656,8756,4576,38871,905,925,1305,3135,42006
09-07-2014,12,11818,13525,8720,4518,38581,924,955,1317,3196,41777
09-07-2014,13,11717,13383,8645,4544,38289,921,948,1304,3173,41462
09-07-2014,14,11697,13372,8657,4467,38193,910,935,1292,3137,41330
09-07-2014,15,11566,13400,8551,4316,37833,893,911,1257,3061,40894
09-07-2014,16,11373,13147,8450,4204,37174,865,880,1215,2960,40134
09-07-2014,17,11333,13199,8282,4271,37085,837,859,1190,2886,39971
09-07-2014,18,11219,12862,8333,4161,36575,813,824,1168,2805,39380
09-07-2014,19,11114,12823,8240,3911,36088,786,808,1152,2746,38834
09-07-2014,20,10948,12602,7972,3692,35214,763,777,1127,2667,37881
09-07-2014,21,10803,12191,8001,3558,34553,747,755,1110,2612,37165
09-07-2014,22,10731,11858,7935,3493,34017,715,736,1050,2501,36518
09-07-2014,23,10476,11526,7541,3362,32905,666,653,945,2264,35169
10-07-2014,0,10164,10777,7172,3088,31201,624,596,,,
10-07-2014,1,9772,10311,6899,2858,29840,588,567,833,1988,31828
10-07-2014,2,9528,10052,6754,2748,29082,565,549,809,1923,31005
10-07-2014,3,9410,9790,6643,2737,28580,540,524,794,1858,30438
10-07-2014,4,9228,9565,6790,2725,28308,553,535,808,1896,30204
10-07-2014,5,9305,9873,7392,2882,29452,627,617,937,2181,31633
10-07-2014,6,10012,10848,7860,3347,32067,733,736,1097,2566,34633
10-07-2014,7,10949,12218,8194,3897,35258,834,867,1225,2926,38184
10-07-2014,8,11447,13147,8444,4275,37313,886,935,1282,3103,40416
10-07-2014,9,11764,13545,8542,4358,38209,905,953,1304,3162,41371
10-07-2014,10,11991,13759,8568,4528,38846,904,948,1304,3156,42002
10-07-2014,11,11961,13669,8588,4499,38717,891,916,1296,3103,41820
10-07-2014,12,11879,13705,8523,4452,38559,913,945,1315,3173,41732
10-07-2014,13,11737,13533,8460,4466,38196,903,937,1303,3143,41339
10-07-2014,14,11684,13480,8421,4392,37977,889,919,1281,3089,41066
10-07-2014,15,11570,13392,8297,4245,37504,866,900,1245,3011,40515
10-07-2014,16,11333,13111,8254,4130,36828,840,865,1196,2901,39729
10-07-2014,17,11276,13034,8213,4190,36713,823,840,1179,2842,39555
10-07-2014,18,10976,12862,8203,4068,36109,789,811,1160,2760,38869
10-07-2014,19,10909,12676,8239,3868,35692,766,792,1140,2698,38390
10-07-2014,20,10877,12270,7962,3700,34809,736,764,1115,2615,37424
10-07-2014,21,10696,11728,7986,3515,33925,710,748,1088,2546,36471
10-07-2014,22,10562,11366,7928,3437,33293,691,716,1018,2425,35718
10-07-2014,23,10358,10812,7554,3236,31960,640,641,905,2186,34146
11-07-2014,0,10026,10312,7227,3002,30567,599,583,840,2022,32589
11-07-2014,1,9554,9960,6996,2823,29333,579,561,804,1944,31277
11-07-2014,2,9303,9672,6769,2726,28470,557,539,791,1887,30357
11-07-2014,3,9188,9417,6701,2710,28016,531,519,774,1824,29840
11-07-2014,4,9073,9284,6872,2704,27933,550,526,788,1864,29797
11-07-2014,5,9332,9507,7486,2841,29166,632,611,916,2159,31325
11-07-2014,6,10033,10740,8034,3271,32078,731,722,1057,2510,34588
11-07-2014,7,10752,11890,8318,3832,34792,828,837,1177,2842,37634
11-07-2014,8,11218,12714,8453,4140,36525,881,893,1231,3005,39530
11-07-2014,9,11502,12959,8585,4283,37329,889,910,1248,3047,40376
11-07-2014,10,11649,13097,8620,4425,37791,889,902,1254,3045,40836
11-07-2014,11,11678,13064,8634,4385,37761,879,877,1248,3004,40765
11-07-2014,12,11744,13141,8630,4253,37768,894,903,1255,3052,40820
11-07-2014,13,11658,13157,8566,4156,37537,883,891,1239,3013,40550
11-07-2014,14,11470,12922,8476,4022,36890,870,871,1208,2949,39839
11-07-2014,15,11286,12607,8382,3889,36164,845,847,1172,2864,39028
11-07-2014,16,11147,12384,8299,3820,35650,820,826,1145,2791,38441
11-07-2014,17,11031,12587,8155,3881,35654,794,805,1124,2723,38377
11-07-2014,18,10955,12363,8127,3796,35241,762,777,1106,2645,37886
11-07-2014,19,10888,11895,8074,3595,34452,741,755,1090,2586,37038
11-07-2014,20,10698,11554,7794,3408,33454,719,728,1069,2516,35970
11-07-2014,21,10521,11229,7853,3272,32875,695,709,1036,2440,35315
11-07-2014,22,10350,11056,7826,3208,32440,671,685,960,2316,34756
11-07-2014,23,10196,10765,7509,3086,31556,625,616,873,2114,33670
12-07-2014,0,9980,9979,7138,2853,29950,599,561,816,1976,31926
12-07-2014,1,9601,9744,6928,2687,28960,570,535,780,1885,30845
12-07-2014,2,9338,9554,6746,2587,28225,546,517,763,1826,30051
12-07-2014,3,9221,9403,6634,2548,27806,521,493,756,1770,29576
12-07-2014,4,9042,9133,6652,2477,27304,526,481,742,1749,29053
12-07-2014,5,8898,9136,6849,2432,27315,554,516,787,1857,29172
12-07-2014,6,9047,9500,7012,2554,28113,592,571,860,2023,30136
12-07-2014,7,9391,10130,7286,2830,29637,653,641,953,2247,31884
12-07-2014,8,9911,10790,7520,3148,31369,709,705,1037,2451,33820
12-07-2014,9,10377,11343,7639,3355,32714,740,739,1086,2565,35279
12-07-2014,10,10698,11684,7699,3457,33538,737,744,1102,2583,36121
12-07-2014,11,10677,11740,7754,3461,33632,734,736,1100,2570,36202
12-07-2014,12,10580,11432,7718,3402,33132,731,733,1094,2558,35690
12-07-2014,13,10460,11342,7701,3332,32835,723,728,1072,2523,35358
12-07-2014,14,10406,11168,7698,3277,32549,713,726,1046,2485,35034
12-07-2014,15,10277,11159,7725,3242,32403,703,725,1036,2464,34867
12-07-2014,16,10386,11238,7800,3279,32703,700,713,1033,2446,35149
12-07-2014,17,10574,11305,7717,3438,33034,695,714,1025,2434,35468
12-07-2014,18,10741,11391,7628,3444,33204,692,704,1014,2410,35614
12-07-2014,19,10604,11406,7612,3292,32914,679,701,1005,2385,35299
12-07-2014,20,10333,11091,7440,3159,32023,667,687,1007,2361,34384
12-07-2014,21,10133,10914,7623,3104,31774,656,681,1004,2341,34115
12-07-2014,22,10036,10767,7761,3068,31632,651,668,945,2264,33896
12-07-2014,23,9968,10348,7478,2929,30723,612,618,860,2090,32813
13-07-2014,0,9614,9935,7124,2704,29377,570,560,792,1922,31299
13-07-2014,1,9322,9802,6933,2531,28588,542,539,755,1836,30424
13-07-2014,2,9145,9721,6794,2450,28110,524,524,736,1784,29894
13-07-2014,3,8981,9558,6581,2403,27523,498,500,720,1718,29241
13-07-2014,4,8775,9370,6529,2362,27036,496,490,703,1689,28725
13-07-2014,5,8699,9298,6655,2330,26982,515,517,742,1774,28756
13-07-2014,6,8711,9435,6765,2432,27343,559,556,798,1913,29256
13-07-2014,7,8893,9822,6975,2626,28316,626,616,879,2121,30437
13-07-2014,8,9402,10635,7195,2883,30115,693,675,964,2332,32447
13-07-2014,9,9884,11895,7412,3135,32326,724,714,1025,2463,34789
13-07-2014,10,9963,11317,7621,3279,32180,729,727,1051,2507,34687
13-07-2014,11,9990,11439,7721,3324,32474,723,728,1052,2503,34977
13-07-2014,12,10080,11382,7752,3325,32539,724,724,1048,2496,35035
13-07-2014,13,10087,11815,7752,3307,32961,724,722,1046,2492,35453
13-07-2014,14,10101,11652,7756,3274,32783,724,720,1036,2480,35263
13-07-2014,15,10156,11579,7757,3246,32738,719,715,1030,2464,35202
13-07-2014,16,10238,11567,7801,3285,32891,724,717,1030,2471,35362
13-07-2014,17,10295,11752,7690,3533,33270,725,725,1028,2478,35748
13-07-2014,18,10434,11844,7689,3615,33582,734,723,1029,2486,36068
13-07-2014,19,10447,11778,7709,3447,33381,730,724,1031,2485,35866
13-07-2014,20,10479,11645,7659,3325,33108,718,715,1025,2458,35566
13-07-2014,21,10277,11191,7877,3190,32535,702,704,1020,2426,34961
13-07-2014,22,10235,11203,7922,3083,32443,677,669,967,2313,34756
13-07-2014,23,10080,10651,7613,2911,31255,630,605,876,2111,33366
14-07-2014,0,9668,10027,7195,2686,29576,590,553,794,1937,31513
14-07-2014,1,9308,9670,6958,2524,28460,564,525,757,1846,30306
14-07-2014,2,9079,9653,6861,2506,28099,554,510,735,1799,29898
14-07-2014,3,8997,9505,6775,2495,27772,528,492,720,1740,29512
14-07-2014,4,8885,9327,6952,2516,27680,538,498,739,1775,29455
14-07-2014,5,9017,9389,7550,2602,28558,611,580,876,2067,30625
14-07-2014,6,9785,10224,8021,3015,31045,713,691,1030,2434,33479
14-07-2014,7,10549,11486,8427,3484,33946,825,810,1163,2798,36744
14-07-2014,8,11191,12393,8654,3859,36097,886,879,1232,2997,39094
14-07-2014,9,11530,12868,8775,4083,37256,898,911,1258,3067,40323
14-07-2014,10,11750,12917,8887,4217,37771,899,911,1268,3078,40849
14-07-2014,11,11729,13169,8858,4251,38007,873,883,1260,3016,41023
14-07-2014,12,11740,13183,8800,4178,37901,892,909,1270,3071,40972
14-07-2014,13,11647,13100,8687,4170,37604,890,904,1262,3056,40660
14-07-2014,14,11538,12885,8641,4087,37151,883,890,1237,3010,40161
14-07-2014,15,11377,12747,8504,3930,36558,867,878,1213,2958,39516
14-07-2014,16,11211,12712,8416,3870,36209,832,851,1188,2871,39080
14-07-2014,17,11223,13043,8266,3971,36503,812,835,1175,2822,39325
14-07-2014,18,11113,12907,8270,3946,36236,792,806,1157,2755,38991
14-07-2014,19,11061,12581,8247,3739,35628,769,783,1137,2689,38317
14-07-2014,20,10927,12174,7887,3500,34488,744,762,1118,2624,37112
14-07-2014,21,10751,11806,8027,3342,33926,719,749,1102,2570,36496
14-07-2014,22,10666,11646,7983,3257,33552,696,706,1009,2411,35963
14-07-2014,23,10484,11085,7595,3011,32175,645,622,901,2168,34343
15-07-2014,0,10005,10228,7254,2792,30279,601,572,852,2025,32304
15-07-2014,1,9586,10017,7021,2650,29274,572,552,841,1965,31239
15-07-2014,2,9234,9773,6894,2562,28463,555,541,829,1925,30388
15-07-2014,3,9036,9558,6772,2526,27892,532,523,787,1842,29734
15-07-2014,4,8972,9286,6918,2521,27697,548,522,798,1868,29565
15-07-2014,5,9131,9285,7522,2590,28528,625,596,922,2143,30671
15-07-2014,6,9666,10077,8061,2946,30750,715,704,1079,2498,33248
15-07-2014,7,10408,11187,8445,3384,33424,823,824,1207,2854,36278
15-07-2014,8,10844,11980,8687,3742,35253,880,886,1276,3042,38295
15-07-2014,9,11231,12462,8755,3919,36367,902,904,1296,3102,39469
15-07-2014,10,11419,12755,8821,4050,37045,906,910,1297,3113,40158
15-07-2014,11,11502,13004,8867,4061,37434,903,895,1291,3089,40523
15-07-2014,12,11512,12743,8767,4010,37032,925,923,1307,3155,40187
15-07-2014,13,11462,12680,8718,4025,36885,918,920,1296,3134,40019
15-07-2014,14,11453,12359,8695,3969,36476,905,903,1280,3088,39564
15-07-2014,15,11419,12425,8566,3831,36241,878,887,1248,3013,39254
15-07-2014,16,11366,12391,8476,3739,35972,855,853,1211,2919,38891
15-07-2014,17,11306,12343,8287,3860,35796,831,827,1178,2836,38632
15-07-2014,18,11163,11956,8223,3785,35127,805,805,1123,2733,37860
15-07-2014,19,10902,11976,8253,3574,34705,780,787,1123,2690,37395
15-07-2014,20,10726,11634,7957,3338,33655,756,760,1111,2627,36282
15-07-2014,21,10562,11319,7970,3172,33023,729,747,1100,2576,35599
15-07-2014,22,10487,11080,7889,3110,32566,702,704,1020,2426,34992
15-07-2014,23,10231,10593,7511,2909,31244,643,623,910,2176,33420
16-07-2014,0,9811,9975,7156,2671,29613,608,570,847,2025,31638
16-07-2014,1,9458,9668,6947,2512,28585,581,553,815,1949,30534
16-07-2014,2,9268,9479,6849,2434,28030,568,540,799,1907,29937
16-07-2014,3,9201,9359,6712,2420,27692,546,520,789,1855,29547
16-07-2014,4,9138,9114,6861,2400,27513,563,521,803,1887,29400
16-07-2014,5,9208,9297,7427,2483,28415,630,597,926,2153,30568
16-07-2014,6,9691,10124,7944,2850,30609,729,716,1079,2524,33133
16-07-2014,7,10388,11280,8336,3341,33345,830,835,1210,2875,36220
16-07-2014,8,10824,11754,8520,3689,34787,886,894,1271,3051,37838
16-07-2014,9,11117,12250,8670,3861,35898,904,909,1291,3104,39002
16-07-2014,10,11473,12639,8717,3958,36787,908,,1294,,
16-07-2014,11,11520,12677,8722,3969,36888,900,889,1286,3075,39963
16-07-2014,12,11623,12756,8700,3884,36963,924,917,1300,3141,40104
16-07-2014,13,11572,12654,8648,3889,36763,916,914,1287,3117,39880
16-07-2014,14,11415,12590,8585,3839,36429,906,905,1274,3085,39514
16-07-2014,15,11387,12444,8497,3735,36063,885,886,,,
16-07-2014,16,11304,12516,8393,3667,35880,854,851,,,
16-07-2014,17,11204,12457,8296,3776,35733,823,832,1191,2846,38579
16-07-2014,18,11071,12133,8242,3694,35140,791,804,1170,2765,37905
16-07-2014,19,10961,11941,8117,3513,34532,772,787,1147,2706,37238
16-07-2014,20,10841,11584,7926,3308,33659,752,765,1125,2642,36301
16-07-2014,21,10686,11288,7942,3181,33097,732,749,1110,2591,35688
16-07-2014,22,10598,11168,7937,3105,32808,708,710,1026,2444,35252
16-07-2014,23,10365,10843,7556,2921,31685,651,629,913,2193,33878
17-07-2014,0,9955,10157,7172,2710,29994,634,580,854,2068,32062
17-07-2014,1,9705,9839,7004,2561,29109,591,555,820,1966,31075
17-07-2014,2,9497,9474,6847,2482,28300,574,541,806,1921,30221
17-07-2014,3,9468,9350,6740,2437,27995,549,524,795,1868,29863
17-07-2014,4,9340,9111,6838,2424,27713,563,525,806,1894,29607
17-07-2014,5,9388,9267,7402,2502,28559,634,604,929,2167,30726
17-07-2014,6,9906,10120,7849,2870,30745,730,716,1079,2525,33270
17-07-2014,7,10499,11223,8177,3320,33219,830,833,1212,2875,36094
17-07-2014,8,10955,11974,8400,3661,34990,886,897,1258,3041,38031
17-07-2014,9,11418,12359,8548,3837,36162,905,922,1274,3101,39263
17-07-2014,10,11538,12717,8599,3939,36793,907,921,1277,3105,39898
17-07-2014,11,11677,12868,8640,3937,37122,899,901,1266,3066,40188
17-07-2014,12,11706,12923,8579,3903,37111,920,922,1290,3132,40243
17-07-2014,13,11667,12912,8516,3903,36998,913,922,1293,3128,40126
17-07-2014,14,11474,12674,8553,3842,36543,908,909,1278,3095,39638
17-07-2014,15,11469,12571,8503,3720,36263,880,882,1250,3012,39275
17-07-2014,16,11442,12546,8428,3704,36120,848,854,1214,2916,39036
17-07-2014,17,11312,12638,8258,3780,35988,820,835,1194,2849,38837
17-07-2014,18,11259,12267,8262,3735,35523,785,806,1169,2760,38283
17-07-2014,19,11104,11888,8257,3549,34798,762,784,1151,2697,37495
17-07-2014,20,10988,11672,8008,3355,34023,738,759,1126,2623,36646
17-07-2014,21,10750,11348,8035,3214,33347,720,751,1113,2584,35931
17-07-2014,22,10668,11290,8023,3146,33127,701,713,1034,2448,35575
17-07-2014,23,10556,10590,7638,2950,31734,648,638,921,2207,33941
18-07-2014,0,10031,10025,7198,2721,29975,620,585,860,2065,32040
18-07-2014,1,9676,9712,7027,2572,28987,600,558,827,1985,30972
18-07-2014,2,9564,9665,6903,2484,28616,579,548,811,1938,30554
18-07-2014,3,9537,9445,6776,2463,28221,552,532,796,1880,30101
18-07-2014,4,9462,9224,6880,2468,28034,562,530,808,1900,29934
18-07-2014,5,9448,9347,7470,2538,28803,627,605,928,2160,30963
18-07-2014,6,9875,10200,7973,2888,30936,723,723,1069,2515,33451
18-07-2014,7,10640,11263,8351,3337,33591,813,844,1195,2852,36443
18-07-2014,8,11017,12094,8576,3657,35344,861,905,1221,2987,38331
18-07-2014,9,11406,12661,8626,3844,36537,875,930,1273,3078,39615
18-07-2014,10,11892,12936,8789,3942,37559,870,929,1274,3073,40632
18-07-2014,11,11922,12999,8817,3933,37671,865,907,1262,3034,40705
18-07-2014,12,11842,12949,8788,3857,37436,875,926,1274,3075,40511
18-07-2014,13,11754,12863,8662,3810,37089,871,916,1259,3046,40135
18-07-2014,14,11628,12753,8632,3676,36689,856,896,1233,2985,39674
18-07-2014,15,11294,12570,8504,3585,35953,836,876,1204,2916,38869
18-07-2014,16,11079,12165,8435,3557,35236,809,847,1173,2829,38065
18-07-2014,17,10960,12234,8307,3634,35135,794,827,1153,2774,37909
18-07-2014,18,10950,11835,8265,3587,34637,773,795,1139,2707,37344
18-07-2014,19,10874,11522,8224,3374,33994,751,780,1115,2646,36640
18-07-2014,20,10734,11122,7936,3186,32978,729,753,1085,2567,35545
18-07-2014,21,10494,10868,7981,3073,32416,712,745,1067,2524,34940
18-07-2014,22,10371,10774,8024,3051,32220,693,715,1007,2415,34635
18-07-2014,23,10256,10471,7576,2919,31222,642,636,907,2185,33407
19-07-2014,0,9859,9929,7179,2692,29659,608,586,852,2046,31705
19-07-2014,1,9578,9493,6950,2535,28556,583,559,814,1956,30512
19-07-2014,2,9357,9309,6805,2466,27937,566,547,793,1906,29843
19-07-2014,3,9241,9135,6675,2432,27483,539,523,778,1840,29323
19-07-2014,4,9106,8781,6679,2388,26954,530,511,761,1802,28756
19-07-2014,5,8993,8751,6944,2330,27018,555,544,805,1904,28922
19-07-2014,6,9163,8969,7140,2477,27749,601,606,893,2100,29849
19-07-2014,7,9452,9564,7420,2749,29185,670,689,993,2352,31537
19-07-2014,8,9893,10284,7735,3040,30952,729,755,1072,2556,33508
19-07-2014,9,10362,10962,7894,3251,32469,759,781,1105,2645,35114
19-07-2014,10,10624,11144,7940,3348,33056,760,779,1109,2648,35704
19-07-2014,11,10596,11237,8002,3332,33167,752,769,1102,2623,35790
19-07-2014,12,10509,11131,7840,3277,32757,753,762,1091,2606,35363
19-07-2014,13,10355,11056,7841,3255,32507,746,755,1069,2570,35077
19-07-2014,14,10175,10950,7902,3219,32246,736,740,1048,2524,34770
19-07-2014,15,10153,10779,7892,3219,32043,727,734,1039,2500,34543
19-07-2014,16,10217,10885,7894,3259,32255,726,727,1035,2488,34743
19-07-2014,17,10353,10949,7875,3359,32536,720,721,1039,2480,35016
19-07-2014,18,10419,11000,7852,3379,32650,715,707,1032,2454,35104
19-07-2014,19,10370,10861,7760,3249,32240,694,700,1019,2413,34653
19-07-2014,20,10159,10602,7592,3116,31469,670,678,1004,2352,33821
19-07-2014,21,10084,10308,7751,3028,31171,663,677,1000,2340,33511
19-07-2014,22,9951,10420,7840,3022,31233,657,658,942,2257,33490
19-07-2014,23,9808,10022,7513,2860,30203,605,600,852,2057,32260
20-07-2014,0,9515,9758,7134,2643,29050,608,553,793,1954,31004
20-07-2014,1,9177,9421,6933,2522,28053,543,528,760,1831,29884
20-07-2014,2,9005,9083,6819,2493,27400,524,514,740,1778,29178
20-07-2014,3,8904,8940,6651,2451,26946,499,493,727,1719,28665
20-07-2014,4,8768,8635,6624,2370,26397,492,479,710,1681,28078
20-07-2014,5,8633,8546,6746,2341,26266,515,506,746,1767,28033
20-07-2014,6,8647,8752,6881,2446,26726,551,557,807,1915,28641
20-07-2014,7,8918,9275,7077,2655,27925,621,629,884,2134,30059
20-07-2014,8,9162,9823,7327,2942,29254,679,699,928,2306,31560
20-07-2014,9,9906,10358,7520,3152,30936,712,738,976,2426,33362
20-07-2014,10,10153,10764,7734,3214,31865,717,744,985,2446,34311
20-07-2014,11,10248,10856,7794,3283,32181,716,741,983,2440,34621
20-07-2014,12,10255,11002,7739,3267,32263,719,736,977,2432,34695
20-07-2014,13,10134,10877,7681,3260,31952,719,724,968,2411,34363
20-07-2014,14,9902,10851,7631,3239,31623,716,716,953,2385,34008
20-07-2014,15,9923,10763,7664,3217,31567,708,711,961,2380,33947
20-07-2014,16,9949,10854,7731,3242,31776,709,713,966,2388,34164
20-07-2014,17,10106,11172,7669,3442,32389,709,717,971,2397,34786
20-07-2014,18,10177,11006,7565,3486,32234,708,714,975,2397,34631
20-07-2014,19,10172,11622,7585,3321,32700,700,707,978,2385,35085
20-07-2014,20,10100,10706,7514,3196,31516,683,708,971,2362,33878
20-07-2014,21,10053,10646,7727,3089,31515,671,702,1011,2384,33899
20-07-2014,22,10042,10565,7828,3067,31502,654,658,939,2251,33753
20-07-2014,23,9881,10143,7475,2823,30322,593,578,835,2006,32328
21-07-2014,0,9403,9475,7170,2627,28675,556,539,782,1877,30552
21-07-2014,1,9127,9143,6988,2477,27735,539,525,759,1823,29558
21-07-2014,2,8943,9062,6878,2411,27294,524,515,746,1785,29079
21-07-2014,3,8882,9019,6740,2409,27050,505,499,739,1743,28793
21-07-2014,4,8702,8858,6864,2398,26822,518,503,754,1775,28597
21-07-2014,5,8799,8971,7498,2474,27742,588,594,886,2068,29810
21-07-2014,6,9532,9882,8087,2839,30340,694,711,1035,2440,32780
21-07-2014,7,10332,10960,8406,3330,33028,808,831,1162,2801,35829
21-07-2014,8,10881,11827,8691,3712,35111,877,,1219,,
21-07-2014,9,11345,12402,8836,3926,36509,902,920,1265,3087,39596
21-07-2014,10,11427,12641,8911,4049,37028,901,926,1270,3097,40125
21-07-2014,11,11499,12730,8874,4068,37171,891,907,1269,3067,40238
21-07-2014,12,11367,12718,8859,4023,36967,905,930,1285,3120,40087
21-07-2014,13,11195,12709,8765,4029,36698,894,928,1266,3088,39786
21-07-2014,14,11234,12599,8682,3952,36467,882,910,1257,3049,39516
21-07-2014,15,11149,12586,8597,3835,36167,859,884,1228,2971,39138
21-07-2014,16,10989,12430,8504,3754,35677,835,852,1196,2883,38560
21-07-2014,17,10937,12373,8330,3867,35507,809,838,1177,2824,38331
21-07-2014,18,10923,12191,8279,3818,35211,783,812,1150,2745,37956
21-07-2014,19,10912,11983,8241,3613,34749,766,793,1131,2690,37439
21-07-2014,20,10789,11712,7975,3422,33898,743,770,1119,2632,36530
21-07-2014,21,10590,11243,8069,3287,33189,728,759,1097,2584,35773
21-07-2014,22,10558,11059,8078,3253,32948,685,702,999,2386,35334
21-07-2014,23,10275,10506,7713,3003,31497,627,622,898,2147,33644
22-07-2014,0,9897,9797,7345,2794,29833,587,569,840,1996,31829
22-07-2014,1,9329,9444,7098,2631,28502,568,548,814,1930,30432
22-07-2014,2,9142,9253,6923,2542,27860,552,533,802,1887,29747
22-07-2014,3,9048,9244,6758,2520,27570,532,515,788,1835,29405
22-07-2014,4,9043,8998,6862,2534,27437,540,513,792,1845,29282
22-07-2014,5,9041,9201,7415,2594,28251,611,592,907,2110,30361
22-07-2014,6,9535,9870,7824,2951,30180,714,705,1060,2479,32659
22-07-2014,7,10269,11186,8175,3431,33061,824,830,1201,2855,35916
22-07-2014,8,10877,12050,8497,3772,35196,878,901,1265,3044,38240
22-07-2014,9,11284,12542,8683,3960,36469,899,922,1280,3101,39570
22-07-2014,10,11544,12766,8736,4065,37111,900,923,1281,3104,40215
22-07-2014,11,11493,12958,8739,4090,37280,878,899,1275,3052,40332
22-07-2014,12,11460,12861,8695,4050,37066,892,921,1293,3106,40172
22-07-2014,13,11476,12810,8586,4044,36916,878,914,1289,3081,39997
22-07-2014,14,11296,12428,8520,3976,36220,870,904,1276,3050,39270
22-07-2014,15,11230,12376,8429,3852,35887,845,891,1237,2973,38860
22-07-2014,16,11102,12494,8367,3769,35732,813,866,1200,2879,38611
22-07-2014,17,11118,12365,8312,3870,35665,805,845,1182,2832,38497
22-07-2014,18,10960,12047,8207,3803,35017,785,819,1160,2764,37781
22-07-2014,19,10861,11899,8159,3620,34539,772,804,1139,2715,37254
22-07-2014,20,10707,11615,7968,3475,33765,755,778,1113,2646,36411
22-07-2014,21,10528,11420,8032,3323,33303,742,763,1095,2600,35903
22-07-2014,22,10540,11305,8065,3276,33186,706,712,992,2410,35596
22-07-2014,23,10321,10708,7595,3068,31692,642,633,888,2163,33855
23-07-2014,0,9790,10061,7253,2803,29907,599,575,834,2008,31915
23-07-2014,1,9337,9829,7052,2659,28877,589,551,814,1954,30831
23-07-2014,2,9121,9523,6973,2573,28190,571,543,799,1913,30103
23-07-2014,3,9114,9431,6826,2549,27920,552,523,791,1866,29786
23-07-2014,4,9100,9233,6930,2527,27790,554,518,787,1859,29649
23-07-2014,5,9134,9288,7490,2597,28509,622,597,904,2123,30632
23-07-2014,6,9565,10023,7927,2929,30444,721,713,1056,2490,32934
23-07-2014,7,10230,11049,8374,3392,33045,828,842,1176,2846,35891
23-07-2014,8,10824,12278,8606,3764,35472,892,912,1253,3057,38529
23-07-2014,9,11164,12587,8804,3929,36484,904,934,1265,3103,39587
23-07-2014,10,11416,12987,8892,4062,37357,904,938,1267,3109,40466
23-07-2014,11,11450,12930,8925,4066,37371,895,912,1230,3037,40408
23-07-2014,12,11398,12817,8907,4020,37142,906,938,1280,3124,40266
23-07-2014,13,11388,12699,8847,4034,36968,913,929,1274,3116,40084
23-07-2014,14,11415,12447,8834,3923,36619,903,913,1262,3078,39697
23-07-2014,15,11278,12385,8667,3788,36118,882,894,1228,3004,39122
23-07-2014,16,11180,12220,8580,3724,35704,856,864,1190,2910,38614
23-07-2014,17,11053,12338,8441,3816,35648,829,847,1170,2846,38494
23-07-2014,18,10916,12284,8372,3804,35376,810,817,1154,2781,38157
23-07-2014,19,10895,12182,8312,3615,35004,786,796,1134,2716,37720
23-07-2014,20,10793,11776,8012,3409,33990,767,775,1113,2655,36645
23-07-2014,21,10647,11495,8149,3291,33582,749,768,1103,2620,36202
23-07-2014,22,10572,11402,8120,3270,33364,706,717,1005,2428,35792
23-07-2014,23,10277,10822,7630,3057,31786,638,629,893,2160,33946
24-07-2014,0,9674,9914,7277,2806,29671,603,573,809,1985,31656
24-07-2014,1,9474,9812,7097,2661,29044,588,547,809,1944,30988
24-07-2014,2,9194,9807,6982,2601,28584,572,542,798,1912,30496
24-07-2014,3,9074,9595,6837,2559,28065,552,521,791,1864,29929
24-07-2014,4,8985,9251,6900,2569,27705,556,519,795,1870,29575
24-07-2014,5,8992,9217,7449,2611,28269,627,594,908,2129,30398
24-07-2014,6,9486,9944,8006,2961,30397,727,679,1059,2465,32862
24-07-2014,7,10276,11401,8442,3412,33531,839,830,1195,2864,36395
24-07-2014,8,10785,12283,8751,3751,35570,897,915,1272,3084,38654
24-07-2014,9,11105,12820,8897,3952,36774,915,938,1298,3151,39925
24-07-2014,10,11441,13031,8992,4077,37541,921,932,1292,3145,40686
24-07-2014,11,11367,12946,9019,4066,37398,911,909,1280,3100,40498
24-07-2014,12,11212,12832,8948,4032,37024,922,933,1297,3152,40176
24-07-2014,13,11309,12746,8892,4028,36975,914,933,1291,3138,40113
24-07-2014,14,11324,12595,8769,3948,36636,907,920,1281,3108,39744
24-07-2014,15,11288,12532,8679,3828,36327,887,894,1259,3040,39367
24-07-2014,16,11179,12569,8585,3767,36100,857,864,1224,2945,39045
24-07-2014,17,11062,12476,8469,3833,35840,839,846,1208,2893,38733
24-07-2014,18,10891,12175,8391,3806,35263,813,814,1188,2815,38078
24-07-2014,19,10783,11965,8284,3618,34650,794,795,1169,2758,37408
24-07-2014,20,10532,11534,8039,3422,33527,766,769,1147,2682,36209
24-07-2014,21,10431,11199,8115,3301,33046,737,769,1143,2649,35695
24-07-2014,22,10353,10998,8167,3292,32810,691,720,1044,2455,35265
24-07-2014,23,10141,10551,7701,3062,31455,627,643,931,2201,33656
25-07-2014,0,9775,9976,7302,2812,29865,598,587,865,2050,31915
25-07-2014,1,9411,9675,7126,2656,28868,583,563,832,1978,30846
25-07-2014,2,9212,9473,7038,2617,28340,574,548,816,1938,30278
25-07-2014,3,9155,9383,6859,2594,27991,556,533,812,1901,29892
25-07-2014,4,9032,9176,6936,2577,27721,562,529,819,1910,29631
25-07-2014,5,9021,9098,7485,2623,28227,631,607,935,2173,30400
25-07-2014,6,9652,9892,8089,2948,30581,729,724,1085,2538,33119
25-07-2014,7,10461,11103,8509,3387,33460,836,849,1227,2912,36372
25-07-2014,8,11061,12204,8803,3751,35819,897,930,1300,3127,38946
25-07-2014,9,11345,12717,8883,3948,36893,905,954,1325,3184,40077
25-07-2014,10,11555,13018,8922,4079,37574,926,951,1327,3204,40778
25-07-2014,11,11583,12914,8878,4093,37468,903,926,1321,3150,40618
25-07-2014,12,11431,12619,8849,4047,36946,916,942,1326,3184,40130
25-07-2014,13,11389,12576,8708,3981,36654,903,931,1314,3148,39802
25-07-2014,14,11312,12462,8592,3885,36251,890,912,1288,3090,39341
25-07-2014,15,11146,12403,8503,3773,35825,866,891,1256,3013,38838
25-07-2014,16,11263,12199,8425,3743,35630,841,859,1233,2933,38563
25-07-2014,17,11150,12195,8216,3812,35373,815,838,1208,2861,38234
25-07-2014,18,11058,12065,8102,3734,34959,783,807,1178,2768,37727
25-07-2014,19,10986,11727,7991,3551,34255,761,781,1148,2690,36945
25-07-2014,20,10758,11577,7758,3375,33468,738,754,1120,2612,36080
25-07-2014,21,10512,11234,7863,3273,32882,731,757,1113,2601,35483
25-07-2014,22,10453,11258,7910,3232,32853,698,717,1021,2436,35289
25-07-2014,23,10164,10649,7460,3031,31304,645,646,918,2209,33513
26-07-2014,0,9829,10384,7077,2836,30126,603,599,851,2053,32179
26-07-2014,1,9502,9817,6874,2673,28866,579,565,817,1961,30827
26-07-2014,2,9283,9742,6824,2586,28435,562,550,808,1920,30355
26-07-2014,3,9054,9493,6629,2522,27698,539,530,794,1863,29561
26-07-2014,4,9035,9153,6613,2511,27312,532,514,778,1824,29136
26-07-2014,5,8831,9016,6794,2430,27071,557,549,828,1934,29005
26-07-2014,6,9140,9240,7024,2581,27985,604,609,913,2126,30111
26-07-2014,7,9431,9758,7338,2836,29363,674,694,1021,2389,31752
26-07-2014,8,9973,10643,7641,3135,31392,734,756,1103,2593,33985
26-07-2014,9,10519,11447,7811,3369,33146,767,787,1141,2695,35841
26-07-2014,10,10671,11640,7835,3496,33642,771,788,1142,2701,36343
26-07-2014,11,10694,11518,7884,3527,33623,765,781,1134,2680,36303
26-07-2014,12,10650,11769,7859,3471,33749,761,779,1128,2668,36417
26-07-2014,13,10563,11484,7797,3453,33297,745,768,1104,2617,35914
26-07-2014,14,10436,11249,7802,3388,32875,731,764,1091,2586,35461
26-07-2014,15,10360,11183,7838,3332,32713,727,750,1082,2559,35272
26-07-2014,16,10425,11046,7826,3350,32647,731,741,1082,2554,35201
26-07-2014,17,10566,11382,7741,3504,33193,723,742,1082,2547,35740
26-07-2014,18,10505,11235,7713,3517,32970,714,728,1073,2515,35485
26-07-2014,19,10492,11121,7601,3357,32571,707,723,1051,2481,35052
26-07-2014,20,10402,11009,7523,3237,32171,690,709,1032,2431,34602
26-07-2014,21,10399,10914,7738,3117,32168,696,717,1040,2453,34621
26-07-2014,22,10452,10940,7801,3104,32297,672,683,964,2319,34616
26-07-2014,23,10304,10394,7420,2925,31043,616,625,871,2112,33155
27-07-2014,0,9597,9836,7076,2731,29240,583,574,821,1978,31218
27-07-2014,1,9275,9648,6832,2573,28328,561,548,794,1903,30231
27-07-2014,2,9028,9463,6758,2485,27734,544,535,778,1857,29591
27-07-2014,3,8934,9512,6558,2443,27447,516,515,770,1801,29248
27-07-2014,4,8870,9206,6368,2432,26876,506,493,747,1746,28622
27-07-2014,5,8841,8894,6497,2367,26599,528,520,779,1827,28426
27-07-2014,6,8926,9140,6681,2445,27192,571,574,847,1992,29184
27-07-2014,7,9101,9598,6839,2694,28232,639,646,940,2225,30457
27-07-2014,8,9523,10226,7094,3015,29858,701,707,1024,2432,32290
27-07-2014,9,9835,10876,7307,3248,31266,732,743,1066,2541,33807
27-07-2014,10,10103,11214,7512,3374,32203,741,749,1074,2564,34767
27-07-2014,11,10161,11319,7615,3425,32520,733,751,1068,2552,35072
27-07-2014,12,10278,11411,7543,3408,32640,730,744,1055,2529,35169
27-07-2014,13,10419,11145,7429,3355,32348,726,734,1050,2510,34858
27-07-2014,14,10292,10892,7432,3349,31965,723,731,1045,2499,34464
27-07-2014,15,10176,10716,7417,3320,31629,723,731,1045,2499,34128
27-07-2014,16,10267,10838,7460,3340,31905,724,731,1049,2504,34409
27-07-2014,17,10234,10996,7412,3542,32184,726,733,1067,2526,34710
27-07-2014,18,10369,10843,7400,3570,32182,724,729,1073,2526,34708
27-07-2014,19,10321,11199,7397,3422,32339,716,731,1068,2515,34854
27-07-2014,20,10271,11141,7297,3310,32019,705,726,1074,2505,34524
27-07-2014,21,10397,10971,7615,3213,32196,716,736,1087,2539,34735
27-07-2014,22,10379,11090,7623,3167,32259,683,684,988,2355,34614
27-07-2014,23,10080,10526,7218,2937,30761,613,610,874,2097,32858
28-07-2014,0,9801,10136,6841,2708,29486,576,558,826,1960,31446
28-07-2014,1,9327,9849,6674,2580,28430,556,539,798,1893,30323
28-07-2014,2,9142,9591,6634,2502,27869,536,529,785,1850,29719
28-07-2014,3,9116,9469,6501,2487,27573,523,517,784,1824,29397
28-07-2014,4,9130,9271,6591,2530,27522,522,511,788,1821,29343
28-07-2014,5,9184,9045,7270,2625,28124,603,584,914,2101,30225
28-07-2014,6,9732,10542,7853,3010,31137,718,709,1074,2501,33638
28-07-2014,7,10550,11490,8304,3522,33866,838,840,1230,2908,36774
28-07-2014,8,11207,12453,8607,3906,36173,905,924,1311,3140,39313
28-07-2014,9,11526,13157,8760,4077,37520,931,957,1340,3228,40748
28-07-2014,10,11748,13510,8859,4256,38373,941,970,1346,3257,41630
28-07-2014,11,11724,13580,8940,4301,38545,931,948,1340,3219,41764
28-07-2014,12,11737,13483,8877,4260,38357,948,967,1362,3277,41634
28-07-2014,13,11585,13535,8812,4279,38211,936,962,1361,3259,41470
28-07-2014,14,11473,13166,8653,4207,37499,924,943,1350,3217,40716
28-07-2014,15,11418,12936,8420,4012,36786,892,918,1315,3125,39911
28-07-2014,16,11253,12775,8224,3925,36177,864,883,1271,3018,39195
28-07-2014,17,11119,12704,8088,4031,35942,849,869,1241,2959,38901
28-07-2014,18,11012,12433,8011,3979,35435,819,848,1220,2887,38322
28-07-2014,19,10982,12210,7935,3773,34900,800,826,1201,2827,37727
28-07-2014,20,10882,11872,7721,3572,34047,785,800,1182,2767,36814
28-07-2014,21,10726,11606,7862,3476,33670,781,790,1162,2733,36403
28-07-2014,22,10675,11311,7819,3408,33213,724,721,1041,2486,35699
28-07-2014,23,10301,10664,7297,3123,31385,656,648,930,2234,33619
29-07-2014,0,9828,10071,6900,2869,29668,621,606,879,2106,31774
29-07-2014,1,9394,9722,6769,2716,28601,602,580,847,2029,30630
29-07-2014,2,9246,9636,6698,2628,28208,586,569,835,1990,30198
29-07-2014,3,9208,9548,6575,2604,27935,572,560,836,1968,29903
29-07-2014,4,9149,9291,6664,2612,27716,568,551,836,1955,29671
29-07-2014,5,9209,9231,7314,2698,28452,650,628,960,2238,30690
29-07-2014,6,9836,10048,7922,3065,30871,751,746,1115,2612,33483
29-07-2014,7,10771,11701,8402,3595,34469,860,868,1253,2981,37450
29-07-2014,8,11192,12377,8661,3939,36169,923,937,1320,3180,39349
29-07-2014,9,11523,12960,8775,4116,37374,939,964,1354,3257,40631
29-07-2014,10,11724,13450,8842,4241,38257,938,962,1377,3277,41534
29-07-2014,11,11675,13350,8855,4252,38132,932,947,1362,3241,41373
29-07-2014,12,11674,13340,8740,4210,37964,954,974,1392,3320,41284
29-07-2014,13,11505,13055,8622,4223,37405,937,973,1381,3291,40696
29-07-2014,14,11543,13297,8555,4141,37536,917,951,1363,3231,40767
29-07-2014,15,11481,12868,8393,4005,36747,896,928,1328,3152,39899
29-07-2014,16,11356,12524,8317,3948,36145,872,901,1286,3059,39204
29-07-2014,17,11159,12734,8126,4030,36049,851,882,1258,2991,39040
29-07-2014,18,11061,12237,8087,3985,35370,823,857,1235,2915,38285
29-07-2014,19,10964,12300,8002,3787,35053,802,827,1211,2840,37893
29-07-2014,20,10963,11824,7796,3551,34134,785,792,1198,2775,36909
29-07-2014,21,10799,11258,7944,3431,33432,778,776,1170,2724,36156
29-07-2014,22,10717,10891,7861,3391,32860,724,710,1042,2476,35336
29-07-2014,23,10385,10328,7384,3104,31201,656,630,937,2223,33424
30-07-2014,0,9968,10054,7012,2830,29864,627,593,891,2111,31975
30-07-2014,1,9519,9868,6835,2700,28922,606,571,858,2035,30957
30-07-2014,2,9349,9664,6783,2617,28413,586,557,837,1980,30393
30-07-2014,3,9293,9505,6646,2618,28062,575,552,840,1967,30029
30-07-2014,4,9195,9297,6743,2625,27860,577,545,846,1968,29828
30-07-2014,5,9283,9359,7336,2690,28668,651,625,965,2241,30909
30-07-2014,6,9860,10152,7934,3085,31031,753,743,1110,2606,33637
30-07-2014,7,10588,11530,8325,3617,34060,862,871,1218,2951,37011
30-07-2014,8,11243,12427,8545,3976,36191,924,944,1289,3157,39348
30-07-2014,9,11441,12949,8736,4148,37274,933,976,1342,3251,40525
30-07-2014,10,11598,13418,8825,4289,38130,945,974,1337,3256,41386
30-07-2014,11,11759,13595,8855,4313,38522,939,955,1322,3216,41738
30-07-2014,12,11748,13542,8841,4265,38396,956,974,1309,3239,41635
30-07-2014,13,11697,13256,8725,4238,37916,953,970,1334,3257,41173
30-07-2014,14,11673,13011,8621,4160,37465,943,960,1341,3244,40709
30-07-2014,15,11561,12836,8551,4016,36964,913,940,1309,3162,40126
30-07-2014,16,11427,12613,8412,3952,36404,889,903,1264,3056,39460
30-07-2014,17,11281,12578,8269,4047,36175,864,883,1243,2990,39165
30-07-2014,18,11109,12365,8217,3978,35669,839,852,1215,2906,38575
30-07-2014,19,11009,12215,8106,3768,35098,821,831,1198,2850,37948
30-07-2014,20,10915,11990,7853,3557,34315,801,811,1183,2795,37110
30-07-2014,21,10778,11792,7959,3430,33959,797,813,1172,2782,36741
30-07-2014,22,10717,11505,7832,3359,33413,735,743,1050,2528,35941
30-07-2014,23,10337,10782,7329,3071,31519,667,658,938,2263,33782
31-07-2014,0,9827,10256,6986,2830,29899,630,607,883,2120,32019
31-07-2014,1,9494,10009,6784,2696,28983,607,584,856,2047,31030
31-07-2014,2,9206,9758,6759,2613,28336,588,574,842,2004,30340
31-07-2014,3,9169,9769,6633,2605,28176,578,561,846,1985,30161
31-07-2014,4,9172,9643,6637,2622,28074,574,556,857,1987,30061
31-07-2014,5,9269,9660,7292,2677,28898,649,628,963,2240,31138
31-07-2014,6,9690,10388,7951,3042,31071,751,746,1121,2618,33689
31-07-2014,7,10295,11532,8353,3544,33724,856,876,1259,2991,36715
31-07-2014,8,10930,12224,8574,3930,35658,900,943,1336,3179,38837
31-07-2014,9,11254,12551,8721,4130,36656,940,970,1361,3271,39927
31-07-2014,10,11518,12870,8831,4283,37502,941,960,1375,3276,40778
31-07-2014,11,11512,12903,8880,4292,37587,934,941,1354,3229,40816
31-07-2014,12,11434,12689,8733,4270,37126,929,969,1388,3286,40412
31-07-2014,13,11368,12652,8599,4248,36867,895,952,1378,3225,40092
31-07-2014,14,11437,12681,8441,4137,36696,899,928,1359,3186,39882
31-07-2014,15,11477,12398,8355,4016,36246,908,909,1325,3142,39388
31-07-2014,16,11354,12095,8268,3932,35649,881,877,1277,3035,38684
31-07-2014,17,11257,12268,8068,4081,35674,859,854,1255,2968,38642
31-07-2014,18,11194,12177,8028,4028,35427,828,821,1224,2873,38300
31-07-2014,19,11157,11919,8085,3802,34963,804,801,1203,2808,37771
31-07-2014,20,10922,11690,7853,3586,34051,783,785,1192,2760,36811
31-07-2014,21,10754,11492,7916,3481,33643,774,777,1158,2709,36352
31-07-2014,22,10760,11257,7856,3430,33303,715,703,1035,2453,35756
31-07-2014,23,10390,10379,7525,3131,31425,646,633,933,2212,33637
01-08-2014,0,10061,10007,7022,2866,29956,616,582,895,2093,32049
01-08-2014,1,9633,9690,6829,2714,28866,595,562,864,2021,30887
01-08-2014,2,9430,9546,6786,2640,28402,584,549,846,1979,30381
01-08-2014,3,9349,9388,6724,2628,28089,573,542,851,1966,30055
01-08-2014,4,9308,9193,6801,2662,27964,570,536,861,1967,29931
01-08-2014,5,9327,9281,7556,2717,28881,643,605,968,2216,31097
01-08-2014,6,9943,10081,8193,3083,31300,743,718,1115,2576,33876
01-08-2014,7,10692,11564,8598,3578,34432,850,845,1262,2957,37389
01-08-2014,8,11129,12565,8833,3954,36481,914,910,1337,3161,39642
01-08-2014,9,11406,12768,8933,4091,37198,930,928,1356,3214,40412
01-08-2014,10,11449,12891,8711,4266,37317,931,932,1353,3216,40533
01-08-2014,11,11592,12969,8718,4297,37576,920,911,1333,3164,40740
01-08-2014,12,11593,12851,8686,4232,37362,940,925,1343,3208,40570
01-08-2014,13,11534,12842,8552,4116,37044,925,919,1326,3170,40214
01-08-2014,14,11469,12599,8521,3997,36586,910,897,1306,3113,39699
01-08-2014,15,11235,12358,8443,3828,35864,880,876,1270,3026,38890
01-08-2014,16,11076,12209,8368,3803,35456,852,848,1236,2936,38392
01-08-2014,17,11061,12252,8195,3906,35414,825,825,1199,2849,38263
01-08-2014,18,11059,12310,8069,3897,35335,797,798,1174,2769,38104
01-08-2014,19,11003,11972,8038,3647,34660,775,779,1155,2709,37369
01-08-2014,20,10827,11688,7851,3421,33787,753,758,1152,2663,36450
01-08-2014,21,10649,11374,8023,3350,33396,755,760,1126,2641,36037
01-08-2014,22,10574,11009,7988,3299,32870,705,699,1020,2424,35294
01-08-2014,23,10236,10365,7522,3064,31187,651,632,926,2209,33396
02-08-2014,0,9815,9825,7138,2816,29594,614,577,872,2063,31657
02-08-2014,1,9528,9642,6925,2656,28751,597,555,841,1993,30744
02-08-2014,2,9324,9471,6821,2581,28197,575,540,825,1940,30137
02-08-2014,3,9236,9387,6741,2536,27900,560,532,825,1917,29817
02-08-2014,4,9104,9204,6630,2530,27468,543,508,810,1861,29329
02-08-2014,5,8935,8875,6810,2474,27094,565,534,838,1937,29031
02-08-2014,6,9026,9150,7050,2588,27814,604,594,907,2105,29919
02-08-2014,7,9571,9899,7345,2855,29670,682,679,1014,2375,32045
02-08-2014,8,10033,10614,7624,3209,31480,739,746,1102,2587,34067
02-08-2014,9,10422,11228,7816,3460,32926,770,774,1146,2690,35616
02-08-2014,10,10710,11467,7888,3590,33655,777,775,1149,2701,36356
02-08-2014,11,10893,11546,7890,3594,33923,780,775,1142,2697,36620
02-08-2014,12,10828,11525,7892,3502,33747,782,769,1136,2687,36434
02-08-2014,13,10727,11392,7886,3443,33448,771,769,1116,2656,36104
02-08-2014,14,10562,11234,7867,3441,33104,762,760,1101,2623,35727
02-08-2014,15,10452,11210,7849,3439,32950,755,748,1097,2600,35550
02-08-2014,16,10475,11242,7865,3449,33031,749,745,1091,2585,35616
02-08-2014,17,10503,11233,7797,3620,33153,739,744,1090,2573,35726
02-08-2014,18,10586,11177,7759,3632,33154,727,729,1082,2538,35692
02-08-2014,19,10555,11014,7681,3402,32652,716,720,1066,2502,35154
02-08-2014,20,10389,10895,7574,3258,32116,714,718,1055,2487,34603
02-08-2014,21,10162,10691,7841,3208,31902,712,736,1053,2501,34403
02-08-2014,22,10243,10428,7870,3125,31666,667,681,970,2318,33984
02-08-2014,23,9997,10076,7461,2944,30478,605,612,875,2092,32570
03-08-2014,0,9519,9782,7036,2744,29081,580,571,825,1976,31057
03-08-2014,1,9261,9574,6780,2578,28193,556,546,797,1899,30092
03-08-2014,2,9112,9447,6656,2507,27722,544,533,779,1856,29578
03-08-2014,3,9037,9235,6557,2498,27327,532,528,771,1831,29158
03-08-2014,4,8998,9174,6437,2481,27090,517,508,751,1776,28866
03-08-2014,5,8800,8935,6486,2451,26672,528,539,777,1844,28516
03-08-2014,6,8743,9101,6615,2536,26995,581,596,851,2028,29023
03-08-2014,7,8975,9702,6819,2744,28240,643,666,949,2258,30498
03-08-2014,8,9352,10200,7060,3044,29656,709,732,1037,2478,32134
03-08-2014,9,9925,10655,7275,3308,31163,750,776,1084,2610,33773
03-08-2014,10,10307,10918,7485,3458,32168,759,789,1092,2640,34808
03-08-2014,11,10454,11206,7591,3524,32775,760,777,1087,2624,35399
03-08-2014,12,10484,11345,7565,3538,32932,761,777,1076,2614,35546
03-08-2014,13,10570,11445,7569,3479,33063,754,776,1063,2593,35656
03-08-2014,14,10567,11456,7593,3451,33067,753,766,1053,2572,35639
03-08-2014,15,10515,11550,7643,3445,33153,756,771,1055,2582,35735
03-08-2014,16,10486,11478,7701,3506,33171,757,766,1062,2585,35756
03-08-2014,17,10493,11694,7623,3735,33545,757,769,1072,2598,36143
03-08-2014,18,10565,11743,7593,3767,33668,758,763,1083,2604,36272
03-08-2014,19,10373,11626,7626,3591,33216,750,759,1073,2582,35798
03-08-2014,20,10412,11361,7572,3436,32781,738,759,1077,2574,35355
03-08-2014,21,10333,11537,7868,3367,33105,751,769,1081,2601,35706
03-08-2014,22,10463,11165,7834,3284,32746,699,695,970,2364,35110
03-08-2014,23,9955,10368,7400,3005,30728,629,626,861,2116,32844
04-08-2014,0,9448,9871,7092,2793,29204,578,580,805,1963,31167
04-08-2014,1,9231,9708,6924,2663,28526,561,564,775,1900,30426
04-08-2014,2,9038,9424,6854,2626,27942,550,552,761,1863,29805
04-08-2014,3,8973,9238,6809,2621,27641,540,555,766,1861,29502
04-08-2014,4,9016,9268,6882,2668,27834,540,542,777,1859,29693
04-08-2014,5,9093,9529,7567,2808,28997,628,615,913,2156,31153
04-08-2014,6,9910,10987,8243,3221,32361,747,735,1073,2555,34916
04-08-2014,7,10919,12766,8666,3791,36142,871,875,1234,2980,39122
04-08-2014,8,11371,13968,8970,4169,38478,945,955,1327,3227,41705
04-08-2014,9,11531,13990,9082,4340,38943,963,987,1351,3301,42244
04-08-2014,10,11897,14765,9085,4530,40277,975,993,1369,3337,43614
04-08-2014,11,11996,14719,9307,4584,40606,970,976,1371,3317,43923
04-08-2014,12,11949,14864,9197,4493,40503,995,995,1388,3378,43881
04-08-2014,13,11859,14371,9045,4504,39779,985,988,1369,3342,43121
04-08-2014,14,11837,14266,8898,4145,39146,973,977,1343,3293,42439
04-08-2014,15,11740,14113,8768,4193,38814,949,954,1315,3218,42032
04-08-2014,16,11510,13606,8636,4092,37844,917,909,1267,3093,40937
04-08-2014,17,11491,13435,8514,4236,37676,888,886,1244,3018,40694
04-08-2014,18,11355,12930,8455,4158,36898,860,856,1221,2937,39835
04-08-2014,19,11397,12729,8386,3915,36427,827,843,1193,2863,39290
04-08-2014,20,11193,12554,8079,3693,35519,805,828,1190,2823,38342
04-08-2014,21,11081,12570,8290,3570,35511,804,832,1161,2797,38308
04-08-2014,22,10894,12050,8126,3266,34336,732,749,1017,2498,36834
04-08-2014,23,10361,11120,7633,3195,32309,658,665,909,2232,34541
05-08-2014,0,9645,10510,7271,2968,30394,619,608,852,2079,32473
05-08-2014,1,9395,10297,7054,2825,29571,598,582,831,2011,31582
05-08-2014,2,9237,10157,6951,2740,29085,579,576,821,1976,31061
05-08-2014,3,9246,10020,6855,2718,28839,566,575,825,1966,30805
05-08-2014,4,9176,9986,6950,2774,28886,576,565,830,1971,30857
05-08-2014,5,9186,10160,7632,2892,29870,657,644,947,2248,32118
05-08-2014,6,9949,11235,8276,3309,32769,767,759,1099,2625,35394
05-08-2014,7,10875,12914,8723,3895,36407,879,881,1235,2995,39402
05-08-2014,8,11461,14182,9012,4231,38886,943,951,1269,3163,42049
05-08-2014,9,11585,14511,9166,4381,39643,960,978,1293,3231,42874
05-08-2014,10,11792,14548,9139,4552,40031,970,988,1345,3303,43334
05-08-2014,11,11832,14590,9169,4579,40170,956,963,1331,3250,43420
05-08-2014,12,11863,14483,9081,4537,39964,983,982,1320,3285,43249
05-08-2014,13,11848,14618,9013,4550,40029,971,980,1334,3285,43314
05-08-2014,14,11766,14431,8807,4470,39474,964,964,1344,3272,42746
05-08-2014,15,11755,14143,8684,4275,38857,938,946,1322,3206,42063
05-08-2014,16,11627,13734,8636,4201,38198,910,908,1281,3099,41297
05-08-2014,17,11422,13647,8477,4342,37888,885,883,1246,3014,40902
05-08-2014,18,11385,14045,8437,4169,38036,859,851,1211,2921,40957
05-08-2014,19,11272,13483,8407,3929,37091,829,841,1190,2860,39951
05-08-2014,20,11065,12425,8155,3698,35343,807,828,1191,2826,38169
05-08-2014,21,11043,12610,8373,3620,35646,803,823,1164,2790,38436
05-08-2014,22,11016,12058,8205,3507,34786,725,734,1030,2489,37275
05-08-2014,23,10469,11024,7586,3172,32251,656,650,931,2237,34488
06-08-2014,0,10077,10405,7191,2887,30560,621,603,883,2107,32667
06-08-2014,1,9723,10211,7032,2747,29713,599,586,850,2035,31748
06-08-2014,2,9455,10030,6990,2691,29166,587,574,837,1998,31164
06-08-2014,3,9367,10018,6922,2684,28991,578,573,838,1989,30980
06-08-2014,4,9462,9907,6937,2729,29035,576,565,851,1992,31027
06-08-2014,5,9542,10090,7510,2821,29963,659,640,960,2259,32222
06-08-2014,6,10180,11176,8196,3254,32806,773,752,1114,2639,35445
06-08-2014,7,11157,12832,8642,3826,36457,878,879,1251,3008,39465
06-08-2014,8,11768,13898,8859,4194,38719,947,951,1324,3222,41941
06-08-2014,9,11943,14429,8969,4366,39707,967,976,1348,3291,42998
06-08-2014,10,12039,14789,9016,4505,40349,978,986,1337,3301,43650
06-08-2014,11,12074,14797,9041,4541,40453,970,974,1300,3244,43697
06-08-2014,12,12064,14716,9026,4456,40262,989,996,1319,3304,43566
06-08-2014,13,12060,14526,8930,4484,40000,978,998,1307,3283,43283
06-08-2014,14,11966,14527,8859,4396,39748,971,979,1334,3284,43032
06-08-2014,15,11828,14262,8771,4167,39028,947,955,1318,3220,42248
06-08-2014,16,11752,13916,8634,4094,38396,916,920,1257,3093,41489
06-08-2014,17,11597,13796,8477,4221,38091,888,888,1189,2965,41056
06-08-2014,18,11443,13721,8467,4118,37749,858,858,1157,2873,40622
06-08-2014,19,11359,13192,8411,3906,36868,834,841,1187,2862,39730
06-08-2014,20,11164,12812,8186,3709,35871,819,833,1198,2850,38721
06-08-2014,21,11134,12639,8299,3650,35722,821,819,1168,2808,38530
06-08-2014,22,11081,12227,8176,3516,35000,748,730,1030,2508,37508
06-08-2014,23,10492,11276,7582,3155,32505,675,650,927,2252,34757
07-08-2014,0,10040,10528,7230,2900,30698,634,605,879,2118,32816
07-08-2014,1,9570,10313,7069,2768,29720,608,589,851,2048,31768
07-08-2014,2,9241,10074,7043,2681,29039,602,576,836,2014,31053
07-08-2014,3,9263,10010,6946,2667,28886,591,575,837,2003,30889
07-08-2014,4,9354,10062,6967,2724,29107,585,563,854,2002,31109
07-08-2014,5,9359,10211,7687,2846,30103,664,634,960,2258,32361
07-08-2014,6,10173,11272,8270,3264,32979,773,753,1117,2643,35622
07-08-2014,7,11011,12609,8672,3850,36142,883,876,1263,3022,39164
07-08-2014,8,11880,13519,8926,4218,38543,941,947,1340,3228,41771
07-08-2014,9,11988,13854,9086,4369,39297,967,965,1358,3290,42587
07-08-2014,10,11989,14314,9107,4521,39931,982,968,1375,3325,43256
07-08-2014,11,11972,14277,9199,4546,39994,970,951,1344,3265,43259
07-08-2014,12,11953,14204,9064,4540,39761,997,975,1331,3303,43064
07-08-2014,13,12053,14104,8947,4493,39597,979,978,1321,3278,42875
07-08-2014,14,11991,14029,8927,4455,39402,967,965,1366,3298,42700
07-08-2014,15,11891,13990,8818,4259,38958,936,950,1342,3228,42186
07-08-2014,16,11847,13569,8789,4177,38382,904,912,1291,3107,41489
07-08-2014,17,11769,13534,8628,4296,38227,878,885,1268,3031,41258
07-08-2014,18,11691,13141,8579,4189,37600,850,858,1231,2939,40539
07-08-2014,19,11564,12810,8554,3976,36904,824,846,1212,2882,39786
07-08-2014,20,11418,12541,8288,3766,36013,817,849,1226,2892,38905
07-08-2014,21,11307,12627,8474,3693,36101,815,823,1174,2812,38913
07-08-2014,22,11404,12185,8296,3518,35403,734,731,1038,2503,37906
07-08-2014,23,10811,11129,7817,3192,32949,649,658,940,2247,35196
08-08-2014,0,10005,10658,7444,2950,31057,600,614,892,2106,33163
08-08-2014,1,9776,10290,7243,2833,30142,577,589,860,2026,32168
08-08-2014,2,9546,10124,7188,2765,29623,572,576,846,1994,31617
08-08-2014,3,9541,10139,7162,2754,29596,565,575,850,1990,31586
08-08-2014,4,9471,10106,7178,2824,29579,577,568,866,2011,31590
08-08-2014,5,9508,10101,7815,2933,30357,657,637,971,2265,32622
08-08-2014,6,10117,11297,8489,3276,33179,767,751,1124,2642,35821
08-08-2014,7,11144,13037,8922,3850,36953,870,872,1264,3006,39959
08-08-2014,8,11685,13949,9138,4198,38970,936,948,1342,3226,42196
08-08-2014,9,11844,14259,9257,4326,39686,955,967,1364,3286,42972
08-08-2014,10,12046,14530,9294,4476,40346,959,963,1375,3297,43643
08-08-2014,11,12101,14818,9240,4500,40659,951,932,1367,3250,43909
08-08-2014,12,12120,14747,9143,4381,40391,966,953,1357,3276,43667
08-08-2014,13,11995,14632,9109,4279,40015,952,948,1349,3249,43264
08-08-2014,14,11882,14330,9011,4079,39302,936,935,1324,3195,42497
08-08-2014,15,11695,13467,8879,3945,37986,908,909,1282,3099,41085
08-08-2014,16,11483,13238,8769,3901,37391,881,877,1278,3036,40427
08-08-2014,17,11229,12963,8594,4020,36806,851,850,1248,2949,39755
08-08-2014,18,11146,12541,8476,3943,36106,820,817,1227,2864,38970
08-08-2014,19,11085,12183,8376,3708,35352,797,797,1214,2808,38160
08-08-2014,20,10898,11799,8142,3468,34307,787,795,1215,2797,37104
08-08-2014,21,10821,11804,8340,3404,34369,786,790,1139,2715,37084
08-08-2014,22,10743,11556,8215,3307,33821,714,709,1015,2438,36259
08-08-2014,23,10359,10729,7672,3038,31798,655,641,927,2223,34021
09-08-2014,0,10013,10224,7297,2778,30312,624,599,885,2108,32420
09-08-2014,1,9640,9870,7113,2662,29285,603,574,862,2039,31324
09-08-2014,2,9405,9781,7040,2612,28838,591,563,847,2001,30839
09-08-2014,3,9278,9704,6932,2591,28505,579,557,841,1977,30482
09-08-2014,4,9229,9642,6722,2633,28226,559,539,832,1930,30156
09-08-2014,5,9229,9460,6917,2577,28183,582,561,858,2001,30184
09-08-2014,6,9272,9621,7101,2675,28669,629,613,929,2171,30840
09-08-2014,7,9540,9947,7372,2958,29817,693,688,1040,2421,32238
09-08-2014,8,10100,10646,7638,3309,31693,756,750,1129,2635,34328
09-08-2014,9,10643,11445,7811,3586,33485,783,781,1167,2731,36216
09-08-2014,10,10907,11755,7874,3753,34289,789,788,1168,2745,37034
09-08-2014,11,10969,11853,7879,3749,34450,782,781,1160,2723,37173
09-08-2014,12,10861,11724,7857,3773,34215,782,779,1153,2714,36929
09-08-2014,13,10812,11572,7827,3821,34032,776,767,1131,2674,36706
09-08-2014,14,10675,11628,7857,3771,33931,764,759,1109,2632,36563
09-08-2014,15,10753,11700,7927,3638,34018,758,751,1094,2603,36621
09-08-2014,16,10767,11841,7905,3626,34139,746,746,1091,2583,36722
09-08-2014,17,10775,11892,7849,3731,34247,739,734,1086,2559,36806
09-08-2014,18,10818,11701,7831,3691,34041,729,722,1077,2528,36569
09-08-2014,19,10832,11416,7787,3463,33498,716,720,1064,2500,35998
09-08-2014,20,10694,11127,7640,3233,32694,717,725,1084,2526,35220
09-08-2014,21,10623,11129,7965,3178,32895,726,725,1072,2523,35418
09-08-2014,22,10470,10941,7852,3071,32334,664,659,968,2291,34625
09-08-2014,23,10060,10419,7431,2840,30750,605,603,885,2093,32843
10-08-2014,0,9825,10240,7057,2625,29747,558,559,836,1953,31700
10-08-2014,1,9680,10064,6848,2497,29089,536,538,809,1883,30972
10-08-2014,2,9441,9840,6773,2423,28477,536,524,792,1852,30329
10-08-2014,3,9279,9762,6679,2385,28105,537,518,785,1840,29945
10-08-2014,4,9116,9571,6497,2365,27549,514,488,769,1771,29320
10-08-2014,5,8980,9333,6576,2331,27220,528,510,785,1823,29043
10-08-2014,6,8919,9564,6696,2394,27573,569,559,847,1975,29548
10-08-2014,7,9059,10112,6923,2642,28736,642,630,945,2217,30953
10-08-2014,8,9644,10608,7201,2986,30439,701,705,1036,2442,32881
10-08-2014,9,10096,11209,7447,3286,32038,738,747,1084,2569,34607
10-08-2014,10,10429,11394,7594,3444,32861,744,755,1094,2593,35454
10-08-2014,11,10520,11665,7722,3493,33400,743,750,1093,2586,35986
10-08-2014,12,10485,11754,7695,3490,33424,746,747,1092,2585,36009
10-08-2014,13,10527,11685,7606,3485,33303,741,742,1086,2569,35872
10-08-2014,14,10565,11659,7549,3466,33239,740,737,1077,2554,35793
10-08-2014,15,10528,11744,7629,3434,33335,739,735,1079,2553,35888
10-08-2014,16,10521,11759,7667,3534,33481,739,741,1083,2563,36044
10-08-2014,17,10562,11862,7669,3763,33856,726,745,1090,2561,36417
10-08-2014,18,10540,11908,7708,3794,33950,718,738,1094,2550,36500
10-08-2014,19,10563,11779,7780,3633,33755,713,741,1092,2546,36301
10-08-2014,20,10603,11636,7695,3488,33422,729,760,1129,2618,36040
10-08-2014,21,10675,11737,8059,3508,33979,737,748,1097,2582,36561
10-08-2014,22,10496,11213,7905,3316,32930,672,671,971,2314,35244
10-08-2014,23,10121,10721,7423,3036,31301,610,603,870,2083,33384
11-08-2014,0,9670,10432,7023,2883,30008,574,554,819,1947,31955
11-08-2014,1,9246,10297,6951,2808,29302,558,537,790,1885,31187
11-08-2014,2,9301,10349,6901,2765,29316,561,531,775,1867,31183
11-08-2014,3,9310,10471,6952,2760,29493,562,532,773,1867,31360
11-08-2014,4,9359,10503,7025,2809,29696,562,535,795,1892,31588
11-08-2014,5,9525,10768,7717,2960,30970,646,605,916,2167,33137
11-08-2014,6,10232,11927,8462,3407,34028,764,718,1079,2561,36589
11-08-2014,7,11513,13575,8782,4038,37908,896,849,1231,2976,40884
11-08-2014,8,11933,14448,9016,4343,39740,950,929,1315,3194,42934
11-08-2014,9,12059,14728,9113,4476,40376,976,968,1346,3290,43666
11-08-2014,10,12207,15075,9235,4668,41185,989,975,1355,3319,44504
11-08-2014,11,12130,15058,9301,4692,41181,986,945,1346,3277,44458
11-08-2014,12,12203,14972,9222,4703,41100,1008,967,1362,3337,44437
11-08-2014,13,12305,15094,9120,4687,41206,993,973,1363,3329,44535
11-08-2014,14,12250,14907,9005,4603,40765,984,954,1374,3312,44077
11-08-2014,15,12029,14970,8882,4479,40360,950,927,1338,3215,43575
11-08-2014,16,11996,14586,8796,4384,39762,917,905,1299,3121,42883
11-08-2014,17,11887,14473,8696,4535,39591,891,895,1243,3029,42620
11-08-2014,18,11866,14086,8633,4384,38969,865,871,1237,2973,41942
11-08-2014,19,11708,13946,8635,4121,38410,853,859,1247,2959,41369
11-08-2014,20,11648,13713,8377,3843,37581,853,853,1264,2970,40551
11-08-2014,21,11655,13646,8422,3780,37503,814,792,1154,2760,40263
11-08-2014,22,11525,12639,8078,3515,35757,731,698,1010,2439,38196
11-08-2014,23,10764,11823,7542,3193,33322,666,629,922,2217,35539
12-08-2014,0,10321,10721,7169,2906,31117,626,589,876,2091,33208
12-08-2014,1,9882,10406,6956,2807,30051,617,565,851,2033,32084
12-08-2014,2,9729,10275,6950,2769,29723,606,557,830,1993,31716
12-08-2014,3,9685,10355,6976,2774,29790,616,560,833,2009,31799
12-08-2014,4,9783,10366,7101,2825,30075,608,559,855,2022,32097
12-08-2014,5,10164,10429,7776,2981,31350,670,621,963,2254,33604
12-08-2014,6,10846,11747,8514,3390,34497,780,736,1108,2624,37121
12-08-2014,7,11659,13399,8894,4003,37955,890,865,1240,2995,40950
12-08-2014,8,11932,14415,9147,4330,39824,949,941,1308,3198,43022
12-08-2014,9,11984,14414,9214,4466,40078,969,955,1332,3256,43334
12-08-2014,10,12133,14590,9094,4626,40443,972,954,1334,3260,43703
12-08-2014,11,12170,14729,9274,4508,40681,951,923,1321,3195,43876
12-08-2014,12,12058,14653,9177,4354,40242,977,946,1347,3270,43512
12-08-2014,13,12052,14509,9067,4642,40270,961,942,1342,3245,43515
12-08-2014,14,12150,14640,8937,4510,40237,951,917,1319,3187,43424
12-08-2014,15,12097,14550,8765,4308,39720,915,902,1280,3097,42817
12-08-2014,16,12060,14034,8667,4232,38993,891,879,1242,3012,42005
12-08-2014,17,11799,14065,8501,4429,38794,861,858,1213,2932,41726
12-08-2014,18,11749,13835,8468,4252,38304,828,830,1190,2848,41152
12-08-2014,19,11692,13590,8423,3976,37681,812,820,1176,2808,40489
12-08-2014,20,11627,13227,8228,3772,36854,810,825,1206,2841,39695
12-08-2014,21,11609,13283,8325,3747,36964,793,783,1143,2719,39683
12-08-2014,22,11393,12364,8074,3488,35319,709,679,994,2382,37701
12-08-2014,23,10819,11413,7552,3111,32895,641,606,891,2138,35033
13-08-2014,0,10181,10684,7220,2884,30969,607,570,852,2029,32998
13-08-2014,1,9823,10535,7078,2791,30227,584,550,824,1958,32185
13-08-2014,2,9611,10325,7053,2727,29716,567,539,807,1913,31629
13-08-2014,3,9627,10372,7011,2718,29728,563,539,814,1916,31644
13-08-2014,4,9699,10346,7017,2751,29813,565,532,834,1931,31744
13-08-2014,5,10015,10447,7819,2874,31155,648,600,932,2180,33335
13-08-2014,6,10606,11902,8467,3373,34348,757,720,1087,2564,36912
13-08-2014,7,11752,13732,8833,3979,38296,861,841,1219,2921,41217
13-08-2014,8,12160,14415,9014,4299,39888,910,914,1278,3102,42990
13-08-2014,9,12316,14453,9149,4422,40340,932,932,1289,3153,43493
13-08-2014,10,12418,14569,9198,4531,40716,933,930,1297,3160,43876
13-08-2014,11,12374,14670,9133,4582,40759,925,906,1290,3121,43880
13-08-2014,12,12344,14617,9154,4495,40610,954,932,1314,3200,43810
13-08-2014,13,12239,14626,8965,4555,40385,938,922,1312,3172,43557
13-08-2014,14,12329,14777,8927,4415,40448,928,906,1300,3134,43582
13-08-2014,15,12190,14562,8971,4298,40021,902,889,1278,3069,43090
13-08-2014,16,12173,14189,8845,4169,39376,872,855,1250,2977,42353
13-08-2014,17,12111,14193,8706,4386,39396,856,835,1225,2916,42312
13-08-2014,18,11926,13816,8787,4231,38760,835,816,1196,2847,41607
13-08-2014,19,11974,13606,8675,3985,38240,810,805,1178,2793,41033
13-08-2014,20,11907,13318,8383,3742,37350,812,809,1211,2832,40182
13-08-2014,21,11928,13332,8431,3706,37397,790,772,1138,2700,40097
13-08-2014,22,11729,12487,8346,3486,36048,707,678,987,2372,38420
13-08-2014,23,10967,11755,7786,3091,33599,643,603,897,2143,35742
14-08-2014,0,10299,10931,7488,2811,31529,608,559,851,2018,33547
14-08-2014,1,9960,10728,7337,2725,30750,590,542,822,1954,32704
14-08-2014,2,9738,10724,7345,2692,30499,588,536,813,1937,32436
14-08-2014,3,9764,10639,7400,2695,30498,584,541,823,1948,32446
14-08-2014,4,9772,10709,7321,2766,30568,581,543,857,1981,32549
14-08-2014,5,9960,10921,8038,2905,31824,659,613,962,2234,34058
14-08-2014,6,10738,11964,8520,3388,34610,770,729,1100,2599,37209
14-08-2014,7,11787,13579,8646,3954,37966,881,862,1241,2984,40950
14-08-2014,8,12353,14607,8756,4267,39983,928,927,1316,3171,43154
14-08-2014,9,12508,14713,8894,4360,40475,948,943,1328,3219,43694
14-08-2014,10,12704,14982,9037,4488,41211,947,935,1339,3221,44432
14-08-2014,11,12704,15065,9023,4505,41297,946,908,1327,3181,44478
14-08-2014,12,12596,14937,8954,4513,41000,971,935,1328,3234,44234
14-08-2014,13,12508,14895,8906,4511,40820,957,930,1286,3173,43993
14-08-2014,14,12375,14811,8919,4444,40549,947,922,1246,3115,43664
14-08-2014,15,12337,14726,8806,4265,40134,927,898,1205,3030,43164
14-08-2014,16,12270,14359,8772,4179,39580,898,873,1170,2941,42521
14-08-2014,17,12172,14334,8721,4279,39506,869,858,1141,2868,42374
14-08-2014,18,12121,14163,8787,4144,39215,843,834,1120,2797,42012
14-08-2014,19,12000,13891,8753,3913,38557,835,821,1107,2763,41320
14-08-2014,20,11896,13768,8477,3661,37802,840,822,1136,2798,40600
14-08-2014,21,11883,13682,8466,3644,37675,789,776,1074,2639,40314
14-08-2014,22,11704,12788,8302,3420,36214,703,684,960,2347,38561
14-08-2014,23,11085,11758,7860,3049,33752,640,608,870,2118,35870
15-08-2014,0,10435,10971,7524,2808,31738,613,565,824,2002,33740
15-08-2014,1,10104,10660,7362,2683,30809,590,550,796,1936,32745
15-08-2014,2,9955,10602,7356,2615,30528,585,539,779,1903,32431
15-08-2014,3,9884,10676,7408,2623,30591,581,540,774,1895,32486
15-08-2014,4,9881,10672,7444,2688,30685,577,542,774,1893,32578
15-08-2014,5,9937,10869,8081,2859,31746,656,610,787,2053,33799
15-08-2014,6,10660,12088,8683,3296,34727,767,721,865,2353,37080
15-08-2014,7,11805,13932,8724,3881,38342,868,841,963,2672,41014
15-08-2014,8,12439,14615,9034,4192,40280,919,905,1041,2865,43145
15-08-2014,9,12514,14998,9076,4298,40886,934,927,1077,2938,43824
15-08-2014,10,12600,15028,9142,4433,41203,933,924,1079,2936,44139
15-08-2014,11,12455,14998,9226,4412,41091,923,900,1072,2895,43986
15-08-2014,12,12338,14655,9130,4300,40423,946,922,1062,2930,43353
15-08-2014,13,12217,14389,9005,4178,39789,935,911,1056,2902,42691
15-08-2014,14,12069,14045,8909,4025,39048,914,892,1047,2853,41901
15-08-2014,15,12011,13756,8813,3894,38474,888,866,1038,2792,41266
15-08-2014,16,11889,13335,8686,3889,37799,860,840,1030,2730,40529
15-08-2014,17,11810,13364,8590,4058,37822,832,820,1024,2676,40498
15-08-2014,18,11808,13034,8602,3949,37393,809,796,1017,2622,40015
15-08-2014,19,11738,12805,8519,3654,36716,793,778,1008,2579,39295
15-08-2014,20,11662,12488,8331,3421,35902,795,795,1053,2643,38545
15-08-2014,21,11617,12320,8498,3411,35846,776,760,1012,2548,38394
15-08-2014,22,11429,11742,8232,3229,34632,700,678,910,2288,36920
15-08-2014,23,10940,11029,7816,2946,32731,641,608,830,2079,34810
16-08-2014,0,10447,10557,7496,2715,31215,605,563,786,1954,33169
16-08-2014,1,10035,10184,7277,2611,30107,592,545,761,1898,32005
16-08-2014,2,9867,9980,7169,2527,29543,578,533,751,1862,31405
16-08-2014,3,9797,9857,7165,2511,29330,573,529,749,1851,31181
16-08-2014,4,9722,9729,7047,2508,29006,551,506,748,1805,30811
16-08-2014,5,9672,9609,7193,2558,29032,566,524,769,1859,30891
16-08-2014,6,9801,9861,7436,2541,29639,615,586,842,2043,31682
16-08-2014,7,10371,10481,7701,2886,31439,688,668,940,2296,33735
16-08-2014,8,10705,11231,7955,3204,33095,749,741,1020,2510,35605
16-08-2014,9,11222,11866,8131,3424,34643,777,774,1062,2613,37256
16-08-2014,10,11509,12293,8192,3588,35582,786,777,1073,2636,38218
16-08-2014,11,11578,12325,8094,3627,35624,791,764,1076,2631,38255
16-08-2014,12,11438,12294,7970,3597,35299,795,759,1062,2616,37915
16-08-2014,13,11317,11968,7981,3548,34814,787,747,1045,2579,37393
16-08-2014,14,11180,11805,7951,3495,34431,776,738,1034,2548,36979
16-08-2014,15,11145,11843,7963,3478,34429,763,729,1030,2522,36951
16-08-2014,16,11167,11893,8025,3507,34592,759,726,1023,2508,37100
16-08-2014,17,11256,12041,8051,3685,35033,748,723,1027,2498,37531
16-08-2014,18,11351,12060,8112,3614,35137,703,711,1025,2439,37576
16-08-2014,19,11340,11952,8061,3426,34779,659,712,1020,2391,37170
16-08-2014,20,11220,11751,7999,3306,34276,676,739,1062,2477,36753
16-08-2014,21,11254,11702,8216,3285,34457,672,710,995,2377,36834
16-08-2014,22,11015,11396,8097,3080,33588,611,635,895,2141,35729
16-08-2014,23,10661,10923,7646,2871,32101,716,577,812,2105,34206
17-08-2014,0,10280,10582,7254,2690,30806,716,548,766,2030,32836
17-08-2014,1,10112,10369,7055,2584,30120,688,529,742,1959,32079
17-08-2014,2,9938,10215,6928,2579,29660,670,517,729,1916,31576
17-08-2014,3,9879,10270,6941,2534,29624,676,511,725,1912,31536
17-08-2014,4,9830,10120,6752,2539,29241,676,498,727,1901,31142
17-08-2014,5,9817,9912,6820,2535,29084,717,506,734,1957,31041
17-08-2014,6,9755,9956,6989,2575,29275,711,553,796,2060,31335
17-08-2014,7,9915,10413,7183,2845,30356,813,622,890,2325,32681
17-08-2014,8,10370,10989,7418,3169,31946,691,693,968,2352,34298
17-08-2014,9,10871,11655,7573,3402,33501,725,731,1010,2466,35967
17-08-2014,10,11351,12270,7790,3562,34973,738,739,1020,2497,37470
17-08-2014,11,11412,12634,7876,3690,35612,745,736,1021,2502,38114
17-08-2014,12,11391,12750,7787,3691,35619,741,732,1019,2492,38111
17-08-2014,13,11250,12496,7807,3668,35221,729,725,1020,2474,37695
17-08-2014,14,11258,12669,7872,3630,35429,719,717,1011,2447,37876
17-08-2014,15,11271,12777,7848,3579,35475,717,709,1012,2438,37913
17-08-2014,16,11189,12702,7871,3656,35418,723,707,1017,2447,37865
17-08-2014,17,11282,12964,7843,3979,36068,729,706,1029,2464,38532
17-08-2014,18,11301,12832,8010,3994,36137,733,707,1038,2478,38615
17-08-2014,19,11375,12648,8019,3778,35820,737,715,1057,2509,38329
17-08-2014,20,11447,12645,8031,3609,35732,754,748,1101,2603,38335
17-08-2014,21,11598,12624,8235,3508,35965,723,706,1018,2447,38412
17-08-2014,22,11437,11937,8046,3262,34682,649,626,890,2165,36847
17-08-2014,23,10830,11368,7555,3030,32783,586,562,799,1947,34730
18-08-2014,0,10230,10864,7252,2831,31177,547,523,747,1817,32994
18-08-2014,1,9984,10513,7135,2749,30381,538,507,719,1764,32145
18-08-2014,2,9819,10332,7129,2680,29960,533,498,709,1740,31700
18-08-2014,3,9794,10273,7165,2695,29927,535,503,712,1750,31677
18-08-2014,4,9900,10291,7304,2763,30258,543,511,747,1801,32059
18-08-2014,5,10235,10597,8047,2949,31828,626,574,863,2063,33891
18-08-2014,6,11068,12084,8798,3450,35400,747,696,1011,2454,37854
18-08-2014,7,12513,13889,9152,4037,39591,866,810,1152,2828,42419
18-08-2014,8,12806,14334,9327,4350,40817,921,875,1222,3018,43835
18-08-2014,9,12772,14231,9394,4523,40920,936,900,1238,3074,43994
18-08-2014,10,12763,14739,9386,4612,41500,939,904,1243,3086,44586
18-08-2014,11,12671,14837,9395,4575,41478,928,885,1231,3044,44522
18-08-2014,12,12580,14796,9319,4485,41180,949,911,1260,3120,44300
18-08-2014,13,12642,14795,9222,4522,41181,942,910,1267,3119,44300
18-08-2014,14,12603,14709,9089,4475,40876,938,891,1266,3095,43971
18-08-2014,15,12500,14810,9002,4308,40620,909,882,1242,3033,43653
18-08-2014,16,12351,14417,8879,4280,39927,888,850,1205,2943,42870
18-08-2014,17,12267,14398,8690,4487,39842,872,848,1189,2909,42751
18-08-2014,18,12129,14059,8734,4364,39286,845,829,1177,2851,42137
18-08-2014,19,12161,13866,8736,4154,38917,830,830,1178,2838,41755
18-08-2014,20,12190,13610,8530,3955,38285,838,829,1193,2860,41145
18-08-2014,21,12265,13336,8377,3895,37873,789,764,1074,2627,40500
18-08-2014,22,11849,12197,8007,3559,35612,696,673,930,2299,37911
18-08-2014,23,11039,11116,7561,3273,32989,627,598,842,2067,35056
19-08-2014,0,10479,10551,7266,3033,31329,604,549,801,1954,33283
19-08-2014,1,10204,10310,7040,2904,30458,586,537,776,1899,32357
19-08-2014,2,9989,10129,7003,2864,29985,567,527,758,1852,31837
19-08-2014,3,10029,10123,7013,2861,30026,557,523,766,1846,31872
19-08-2014,4,10120,10205,7161,2947,30433,560,533,792,1885,32318
19-08-2014,5,10344,10562,7839,3121,31866,631,600,891,2122,33988
19-08-2014,6,11208,11730,8463,3534,34935,739,717,1041,2497,37432
19-08-2014,7,12450,13250,8864,4126,38690,857,841,1175,2873,41563
19-08-2014,8,12786,13998,9053,4395,40232,916,895,1234,3045,43277
19-08-2014,9,12601,14222,9137,4483,40443,927,912,1248,3087,43530
19-08-2014,10,12630,14625,9170,4601,41026,926,914,1249,3089,44115
19-08-2014,11,12637,14727,9206,4624,41194,910,885,1233,3028,44222
19-08-2014,12,12576,14636,9144,4521,40877,926,914,1252,3092,43969
19-08-2014,13,12415,14685,9062,4523,40685,913,905,1246,3064,43749
19-08-2014,14,12359,14682,8870,4487,40398,897,890,1245,3032,43430
19-08-2014,15,12311,14650,8781,4322,40064,864,877,1219,2960,43024
19-08-2014,16,12419,14088,8709,4285,39501,832,848,1187,2867,42368
19-08-2014,17,12255,14151,8601,4365,39372,809,845,1164,2818,42190
19-08-2014,18,12214,14015,8682,4231,39142,781,821,1150,2752,41894
19-08-2014,19,12119,13725,8670,3932,38446,765,817,1146,2728,41174
19-08-2014,20,12141,13670,8511,3755,38077,786,839,1195,2820,40897
19-08-2014,21,12409,13707,8534,3707,38357,750,775,1089,2614,40971
19-08-2014,22,11766,12689,8155,3457,36067,673,673,936,2282,38349
19-08-2014,23,11024,11764,7652,3130,33570,612,602,841,2055,35625
20-08-2014,0,10618,11112,7341,2937,32008,589,560,799,1948,33956
20-08-2014,1,10180,10775,7118,2849,30922,573,542,773,1888,32810
20-08-2014,2,10047,10615,7091,2766,30519,564,538,758,1860,32379
20-08-2014,3,10000,10602,7196,2787,30585,541,539,761,1841,32426
20-08-2014,4,10115,10584,7319,2867,30885,542,550,794,1886,32771
20-08-2014,5,10505,10928,8069,3068,32570,567,617,902,2086,34656
20-08-2014,6,11212,12092,8730,3539,35573,632,729,1057,2418,37991
20-08-2014,7,12650,13758,9055,4103,39566,719,846,1190,2755,42321
20-08-2014,8,12863,14451,9221,4352,40887,771,900,1247,2918,43805
20-08-2014,9,12860,14698,9292,4453,41303,795,926,1257,2978,44281
20-08-2014,10,12693,14831,9336,4603,41463,804,928,1256,2988,44451
20-08-2014,11,12641,14691,9264,4585,41181,801,904,1240,2945,44126
20-08-2014,12,12558,14695,9204,4513,40970,808,915,1255,2978,43948
20-08-2014,13,12464,14413,9169,4544,40590,805,907,1254,2966,43556
20-08-2014,14,12394,14396,9085,4434,40309,795,893,1237,2925,43234
20-08-2014,15,12334,14372,8935,4293,39934,787,875,1204,2866,42800
20-08-2014,16,12250,13970,8908,4246,39374,774,844,1183,2801,42175
20-08-2014,17,12226,14022,8858,4412,39518,766,832,1174,2772,42290
20-08-2014,18,12221,13557,8998,4273,39049,752,817,1164,2733,41782
20-08-2014,19,12040,13490,9029,4006,38565,759,807,1169,2735,41300
20-08-2014,20,12103,13402,8808,3794,38107,790,829,1209,2828,40935
20-08-2014,21,12291,13298,8691,3769,38049,741,768,1092,2601,40650
20-08-2014,22,11912,12375,8321,3442,36050,668,671,943,2282,38332
20-08-2014,23,11038,11252,7819,3080,33189,614,603,847,2064,35253
21-08-2014,0,10461,10850,7419,2895,31625,586,558,772,1916,33541
21-08-2014,1,10162,10642,7229,2753,30786,564,540,772,1876,32662
21-08-2014,2,10127,10556,7236,2704,30623,556,535,751,1842,32465
21-08-2014,3,10058,10589,7331,2713,30691,559,543,791,1893,32584
21-08-2014,4,10097,10798,7448,2757,31100,568,550,820,1938,33038
21-08-2014,5,10351,11022,7985,2930,32288,627,610,927,2164,34452
21-08-2014,6,11247,12297,8688,3412,35644,757,717,1085,2559,38203
21-08-2014,7,12518,14050,9089,3994,39651,870,835,1217,2922,42573
21-08-2014,8,13036,14850,9262,4284,41432,918,892,1287,3097,44529
21-08-2014,9,12911,14707,9289,4405,41312,931,905,1305,3141,44453
21-08-2014,10,12879,14963,9270,4494,41606,938,912,1311,3161,44767
21-08-2014,11,12746,14946,9289,4498,41479,927,883,1302,3112,44591
21-08-2014,12,12741,14934,9161,4467,41303,942,916,1321,3179,44482
21-08-2014,13,12623,14864,9113,4490,41090,940,909,1317,3166,44256
21-08-2014,14,12605,14789,9058,4466,40918,920,896,1299,3115,44033
21-08-2014,15,12474,14518,8999,4279,40270,901,875,1276,3052,43322
21-08-2014,16,12438,14231,8879,4195,39743,872,847,1237,2956,42699
21-08-2014,17,12187,14316,8715,4322,39540,852,847,1219,2918,42458
21-08-2014,18,12320,14129,8736,4231,39416,829,834,1203,2866,42282
21-08-2014,19,12284,14022,8798,3952,39056,827,823,1208,2858,41914
21-08-2014,20,12243,14051,8710,3794,38798,845,839,1235,2919,41717
21-08-2014,21,12332,14006,8702,3803,38843,803,773,1114,2690,41533
21-08-2014,22,11914,12720,8258,3497,36389,705,684,972,2361,38750
21-08-2014,23,11208,11489,7825,3171,33693,640,608,882,2130,35823
22-08-2014,0,10681,10926,7484,2921,32012,603,572,820,1995,34007
22-08-2014,1,10312,10663,7326,2789,31090,582,553,783,1918,33008
22-08-2014,2,10163,10577,7298,2752,30790,564,545,767,1876,32666
22-08-2014,3,10116,10544,7392,2756,30808,572,550,767,1889,32697
22-08-2014,4,10221,10725,7514,2834,31294,578,561,805,1944,33238
22-08-2014,5,10479,11144,8165,2999,32787,671,629,917,2217,35004
22-08-2014,6,11246,12403,8834,3449,35932,773,734,1064,2571,38503
22-08-2014,7,12687,14261,9200,4049,40197,882,844,1201,2927,43124
22-08-2014,8,13181,15055,9187,4281,41704,929,901,1217,3047,44751
22-08-2014,9,13139,14884,9233,4430,41686,939,913,1263,3115,44801
22-08-2014,10,12972,14943,9340,4551,41806,943,910,1264,3117,44923
22-08-2014,11,12734,14856,9322,4548,41460,932,882,1254,3068,44528
22-08-2014,12,12587,14501,9272,4402,40762,962,905,1269,3136,43898
22-08-2014,13,12457,14106,9159,4304,40026,953,901,1251,3105,43131
22-08-2014,14,12325,13793,9111,4163,39392,934,882,1223,3039,42431
22-08-2014,15,12244,13512,8946,4041,38743,900,862,1190,2952,41695
22-08-2014,16,12184,13256,8877,3994,38311,867,837,1173,2877,41188
22-08-2014,17,12175,13376,8817,4189,38557,840,820,1157,2817,41374
22-08-2014,18,12093,13256,8804,4114,38267,820,806,1141,2767,41034
22-08-2014,19,12077,13023,8802,3785,37687,809,811,1147,2767,40454
22-08-2014,20,12001,12940,8705,3577,37223,835,836,1188,2859,40082
22-08-2014,21,12060,12734,8743,3508,37045,784,772,1075,2631,39676
22-08-2014,22,11647,11996,8394,3257,35294,701,681,944,2326,37620
22-08-2014,23,11124,11201,7862,2996,33183,643,616,858,2117,35300
23-08-2014,0,10713,10794,7504,2761,31772,614,579,807,2000,33772
23-08-2014,1,10344,10618,7339,2624,30925,593,560,777,1930,32855
23-08-2014,2,10191,10415,7292,2573,30471,578,549,760,1887,32358
23-08-2014,3,10109,10345,7245,2555,30254,579,546,757,1882,32136
23-08-2014,4,10075,10412,7234,2581,30302,573,539,768,1880,32182
23-08-2014,5,10091,10369,7299,2583,30342,583,552,786,1921,32263
23-08-2014,6,10196,10321,7498,2651,30666,631,607,865,2103,32769
23-08-2014,7,10531,10767,7854,2914,32066,702,693,971,2366,34432
23-08-2014,8,11137,11610,8127,3245,34119,756,754,1055,2565,36684
23-08-2014,9,11676,12400,8268,3495,35839,777,781,1089,2647,38486
23-08-2014,10,12003,12839,8283,3624,36749,783,777,1096,2656,39405
23-08-2014,11,11901,12751,8370,3621,36643,788,768,1090,2646,39289
23-08-2014,12,11795,12550,8316,3535,36196,785,764,1088,2637,38833
23-08-2014,13,11645,12563,8262,3477,35947,778,756,1069,2603,38550
23-08-2014,14,11468,12214,8222,3442,35346,775,741,1050,2566,37912
23-08-2014,15,11354,12140,8368,3411,35273,776,732,1044,2552,37825
23-08-2014,16,11412,12386,8517,3413,35728,771,734,1048,2553,38281
23-08-2014,17,11588,12357,8545,3674,36164,756,727,1049,2532,38696
23-08-2014,18,11662,12400,8584,3596,36242,762,724,1040,2526,38768
23-08-2014,19,11769,12200,8540,3376,35885,761,741,1049,2551,38436
23-08-2014,20,11449,12237,8571,3251,35508,780,769,1092,2641,38149
23-08-2014,21,11500,11976,8619,3225,35320,735,715,1010,2460,37780
23-08-2014,22,11245,11417,8391,3012,34065,701,646,906,2253,36318
23-08-2014,23,10879,10883,7947,2812,32521,625,588,825,2038,34559
24-08-2014,0,10281,10544,7546,2619,30990,597,553,779,1929,32919
24-08-2014,1,10055,10338,7325,2496,30214,576,538,754,1868,32082
24-08-2014,2,10015,10197,7215,2442,29869,562,531,738,1831,31700
24-08-2014,3,9943,10162,7280,2419,29804,554,525,734,1813,31617
24-08-2014,4,9988,10175,7217,2453,29833,543,516,739,1798,31631
24-08-2014,5,9950,10117,7117,2479,29663,539,518,745,1802,31465
24-08-2014,6,9959,10170,7246,2538,29913,582,565,806,1953,31866
24-08-2014,7,10187,10630,7456,2805,31078,655,636,907,2198,33276
24-08-2014,8,10658,11342,7780,3132,32912,722,704,996,2422,35334
24-08-2014,9,11166,11891,7915,3415,34387,755,739,1039,2533,36920
24-08-2014,10,11428,12419,8143,3555,35545,770,742,1038,2550,38095
24-08-2014,11,11444,12468,8162,3624,35698,772,734,1040,2546,38244
24-08-2014,12,11413,12628,8150,3721,35912,761,732,1046,2539,38451
24-08-2014,13,11383,12473,8099,3666,35621,755,728,1049,2532,38153
24-08-2014,14,11386,12416,8140,3675,35617,761,723,1043,2527,38144
24-08-2014,15,11425,12379,8134,3681,35619,755,721,1045,2521,38140
24-08-2014,16,11443,12514,8115,3720,35792,753,734,1050,2537,38329
24-08-2014,17,11631,12811,8207,3918,36567,747,744,1067,2558,39125
24-08-2014,18,11496,12865,8358,3880,36599,759,754,1080,2593,39192
24-08-2014,19,11512,12757,8353,3638,36260,775,782,1111,2668,38928
24-08-2014,20,11653,12790,8433,3515,36391,806,805,1123,2734,39125
24-08-2014,21,11887,12744,8624,3458,36713,758,734,1002,2494,39207
24-08-2014,22,11662,11965,8339,3181,35147,694,639,873,2206,37353
24-08-2014,23,11043,11390,7872,2892,33197,627,579,793,1999,35196
25-08-2014,0,10456,11232,7577,2715,31980,594,538,747,1879,33859
25-08-2014,1,10209,11011,7430,2602,31252,564,518,728,1810,33062
25-08-2014,2,10097,10974,7378,2608,31057,556,512,718,1786,32843
25-08-2014,3,10109,11040,7385,2619,31153,567,520,723,1810,32963
25-08-2014,4,10269,11207,7663,2650,31789,578,536,769,1883,33672
25-08-2014,5,10567,11582,8291,2886,33326,661,606,901,2168,35494
25-08-2014,6,11531,13213,8969,3418,37131,784,728,1053,2565,39696
25-08-2014,7,12817,14961,9335,3981,41094,910,846,1186,2942,44036
25-08-2014,8,13090,15440,9429,4309,42268,964,923,1252,3139,45407
25-08-2014,9,13007,15377,9395,4405,42184,970,949,1266,3185,45369
25-08-2014,10,13044,15638,9456,4563,42701,979,953,1256,3188,45889
25-08-2014,11,12865,15689,9490,4572,42616,973,912,1234,3119,45735
25-08-2014,12,12719,15371,9398,4439,41927,1000,938,1252,3190,45117
25-08-2014,13,12706,15308,9281,4494,41789,992,928,1229,3149,44938
25-08-2014,14,12648,15101,9189,4407,41345,985,906,1212,3103,44448
25-08-2014,15,12579,15209,9097,4174,41059,965,885,1189,3039,44098
25-08-2014,16,12539,14903,9078,4116,40636,940,845,1158,2943,43579
25-08-2014,17,12358,15046,9042,4333,40779,924,823,1143,2890,43669
25-08-2014,18,12138,14806,9080,4200,40224,901,811,1129,2841,43065
25-08-2014,19,12132,14888,9062,3912,39994,893,817,1153,2863,42857
25-08-2014,20,12210,14938,8904,3767,39819,900,849,1201,2950,42769
25-08-2014,21,12387,14523,8729,3739,39378,818,763,1063,2644,42022
25-08-2014,22,11866,13073,8401,3395,36735,710,661,921,2292,39027
25-08-2014,23,11213,12071,7870,3048,34202,648,592,833,2073,36275
26-08-2014,0,10709,11265,7500,2818,32292,611,549,786,1946,34238
26-08-2014,1,10405,10913,7364,2706,31388,587,533,759,1879,33267
26-08-2014,2,10258,10830,7278,2658,31024,568,523,751,1842,32866
26-08-2014,3,10236,10794,7288,2680,30998,573,527,757,1857,32855
26-08-2014,4,10244,10845,7486,2737,31312,603,546,801,1950,33262
26-08-2014,5,10479,11318,8078,2976,32851,670,612,917,2199,35050
26-08-2014,6,11389,13094,8666,3491,36640,795,728,1073,2596,39236
26-08-2014,7,12853,14646,8987,4085,40571,912,852,1206,2970,43541
26-08-2014,8,13129,15538,9158,4383,42208,960,,1260,,
26-08-2014,9,13094,15443,9219,4455,42211,975,923,1273,3171,45382
26-08-2014,10,13037,15409,9244,4444,42134,978,919,1270,3167,45301
26-08-2014,11,12787,15366,9244,4427,41824,962,892,1255,3109,44933
26-08-2014,12,12687,15544,9130,4417,41778,985,910,1270,3165,44943
26-08-2014,13,12621,15242,9021,4439,41323,985,906,1253,3144,44467
26-08-2014,14,12654,15181,9008,4375,41218,976,892,1241,3109,44327
26-08-2014,15,12443,14958,8890,4268,40559,950,870,1213,3033,43592
26-08-2014,16,12338,14799,8847,4217,40201,917,843,1181,2941,43142
26-08-2014,17,12159,14648,8823,4359,39989,900,835,1170,2905,42894
26-08-2014,18,12070,14198,8962,4238,39468,877,823,1155,2855,42323
26-08-2014,19,12244,14169,9015,4028,39456,871,829,1183,2883,42339
26-08-2014,20,12354,14340,8909,3895,39498,885,858,1225,2968,42466
26-08-2014,21,12523,13937,8628,3854,38942,817,775,1093,2685,41627
26-08-2014,22,11979,12334,8243,3491,36047,722,678,943,2343,38390
26-08-2014,23,11201,11156,7672,3092,33121,652,603,847,2102,35223
27-08-2014,0,10723,10679,7366,2824,31592,620,565,802,1987,33579
27-08-2014,1,10269,10455,7190,2692,30606,602,548,775,1925,32531
27-08-2014,2,10119,10322,7108,2644,30193,592,538,765,1895,32088
27-08-2014,3,10125,10318,7179,2654,30276,596,545,765,1906,32182
27-08-2014,4,10266,10580,7447,2712,31005,618,562,808,1988,32993
27-08-2014,5,10461,11015,8029,2975,32480,684,619,922,2225,34705
27-08-2014,6,11294,12567,8663,3489,36013,802,724,1069,2595,38608
27-08-2014,7,12732,14490,9094,4086,40402,916,854,1204,2974,43376
27-08-2014,8,13076,15237,9243,4412,41968,972,925,1267,3164,45132
27-08-2014,9,13068,15308,9283,4518,42177,989,951,1286,3226,45403
27-08-2014,10,12899,15341,9288,4618,42146,986,949,1277,3212,45358
27-08-2014,11,12733,15294,9287,4595,41909,974,917,1259,3150,45059
27-08-2014,12,12670,15001,9235,4493,41399,988,936,1271,3195,44594
27-08-2014,13,12847,14898,9141,4481,41367,977,924,1256,3157,44524
27-08-2014,14,12846,14799,8998,4297,40940,962,907,1237,3106,44046
27-08-2014,15,12678,14501,8880,4112,40171,925,883,1211,3019,43190
27-08-2014,16,12500,14339,8784,4169,39792,898,856,1179,2933,42725
27-08-2014,17,12328,14143,8671,4350,39492,880,853,1172,2905,42397
27-08-2014,18,12374,14224,8833,4207,39638,853,851,1166,2870,42508
27-08-2014,19,12453,14180,8952,3981,39566,853,864,1193,2910,42476
27-08-2014,20,12424,13841,8812,3880,38957,877,869,1217,2963,41920
27-08-2014,21,12525,13674,8572,3838,38609,812,786,1077,2675,41284
27-08-2014,22,12063,12576,8158,3494,36291,721,676,930,2327,38618
27-08-2014,23,11243,11680,7644,3102,33669,663,600,838,2101,35770
28-08-2014,0,10583,11133,7308,2840,31864,617,564,793,1974,33838
28-08-2014,1,10295,10931,7158,2701,31085,593,546,764,1903,32988
28-08-2014,2,10161,10777,7181,2645,30764,581,536,751,1868,32632
28-08-2014,3,10128,10785,7247,2649,30809,586,546,760,1892,32701
28-08-2014,4,10271,10948,7486,2718,31423,600,564,805,1969,33392
28-08-2014,5,10579,11463,8166,2959,33167,686,631,929,2246,35413
28-08-2014,6,11394,12953,8756,3477,36580,798,747,1088,2633,39213
28-08-2014,7,12559,14826,9064,4068,40517,918,871,1225,3014,43531
28-08-2014,8,12916,15618,9279,4387,42200,970,932,1287,3189,45389
28-08-2014,9,12880,15437,9294,4477,42088,975,952,1290,3217,45305
28-08-2014,10,12767,15327,9301,4618,42013,972,942,1274,3188,45201
28-08-2014,11,12648,15440,9291,4597,41976,955,913,1251,3119,45095
28-08-2014,12,12511,15138,9210,4498,41357,975,934,1272,3181,44538
28-08-2014,13,12560,15062,9000,4501,41123,966,924,1262,3152,44275
28-08-2014,14,12541,14953,8935,4399,40828,959,899,1241,3099,43927
28-08-2014,15,12533,15023,8840,4238,40634,931,877,1203,3011,43645
28-08-2014,16,12448,14690,8793,4187,40118,899,850,1163,2912,43030
28-08-2014,17,12236,14788,8692,4329,40045,874,847,1161,2882,42927
28-08-2014,18,12145,14601,8767,4214,39727,847,841,1167,2855,42582
28-08-2014,19,12149,14448,8811,3985,39393,843,858,1189,2890,42283
28-08-2014,20,12226,14655,8764,3912,39557,878,867,1221,2966,42523
28-08-2014,21,12338,14186,8632,4000,39156,802,785,1084,2671,41827
28-08-2014,22,11834,12944,8287,3465,36530,720,685,941,2346,38876
28-08-2014,23,11002,12015,7784,3098,33899,669,616,856,2141,36040
29-08-2014,0,10499,11484,7431,2861,32275,630,568,807,2005,34280
29-08-2014,1,10215,11124,7244,2741,31324,611,548,777,1936,33260
29-08-2014,2,10093,11048,7197,2683,31021,600,542,766,1908,32929
29-08-2014,3,10125,10909,7327,2681,31042,605,543,773,1921,32963
29-08-2014,4,10205,11039,7584,2735,31563,622,561,814,1997,33560
29-08-2014,5,10437,11424,8211,2954,33026,687,621,928,2236,35262
29-08-2014,6,11311,12847,8943,3497,36598,804,730,1081,2615,39213
29-08-2014,7,12839,14612,9380,4048,40879,913,862,1206,2981,43860
29-08-2014,8,13251,15182,9492,4271,42196,959,917,1261,3137,45333
29-08-2014,9,12850,15154,9517,4414,41935,971,941,1264,3176,45111
29-08-2014,10,12915,15189,9460,4539,42103,969,932,1262,3163,45266
29-08-2014,11,12927,15176,9344,4540,41987,958,899,1245,3102,45089
29-08-2014,12,12723,14933,9239,4438,41333,980,919,1259,3158,44491
29-08-2014,13,12600,14642,9164,4332,40738,963,905,1241,3109,43847
29-08-2014,14,12482,14262,9049,4159,39952,945,881,1216,3042,42994
29-08-2014,15,12292,13815,8950,4043,39100,909,863,1183,2955,42055
29-08-2014,16,12135,13497,8912,4050,38594,882,839,1171,2892,41486
29-08-2014,17,12068,13700,8848,4197,38813,866,824,1155,2845,41658
29-08-2014,18,12148,13608,8902,4125,38783,852,817,1149,2818,41601
29-08-2014,19,11994,13297,8979,3856,38126,847,835,1178,2860,40986
29-08-2014,20,12011,13197,8992,3701,37901,872,845,1214,2931,40832
29-08-2014,21,11834,12791,8860,3561,37046,798,767,1087,2652,39698
29-08-2014,22,11468,11926,8489,3271,35154,715,679,961,2355,37509
29-08-2014,23,10929,11441,7939,3007,33316,648,607,872,2127,35443
30-08-2014,0,10488,10777,7524,2770,31559,622,563,817,2002,33561
30-08-2014,1,10223,10698,7376,2614,30911,606,544,788,1938,32849
30-08-2014,2,10016,10505,7321,2536,30378,593,532,774,1899,32277
30-08-2014,3,9982,10438,7366,2511,30297,593,528,774,1895,32192
30-08-2014,4,9925,10514,7417,2514,30370,588,529,788,1905,32275
30-08-2014,5,9885,10471,7428,2568,30352,591,537,810,1938,32290
30-08-2014,6,10044,10619,7640,2653,30956,636,584,882,2102,33058
30-08-2014,7,10434,11274,7953,2946,32607,704,660,983,2347,34954
30-08-2014,8,10996,11962,8118,3296,34372,766,730,1057,2553,36925
30-08-2014,9,11534,12725,8188,3548,35995,789,757,1086,2632,38627
30-08-2014,10,11963,12932,8230,3681,36806,792,,1097,,
30-08-2014,11,11963,12810,8213,3722,36708,792,752,1097,2641,39349
30-08-2014,12,11868,12698,8173,3689,36428,795,747,1091,2633,39061
30-08-2014,13,11738,12666,8156,3628,36188,785,743,1075,2603,38791
30-08-2014,14,11617,12407,8191,3553,35768,777,731,1065,2573,38341
30-08-2014,15,11604,12311,8289,3478,35682,772,730,1064,2566,38248
30-08-2014,16,11626,12452,8451,3536,36065,768,726,1062,2556,38621
30-08-2014,17,11736,12570,8520,3789,36615,761,730,1063,2554,39169
30-08-2014,18,11795,12586,8531,3754,36666,754,729,1070,2553,39219
30-08-2014,19,11765,12365,8566,3509,36205,763,762,1121,2646,38851
30-08-2014,20,11703,12671,8644,3457,36475,784,785,1130,2699,39174
30-08-2014,21,11543,12245,8626,3372,35786,730,718,1028,2476,38262
30-08-2014,22,11006,11709,8408,3152,34275,669,643,916,2228,36503
30-08-2014,23,10674,11251,7988,2898,32811,619,584,823,2026,34837
31-08-2014,0,10461,10926,7575,2685,31647,585,545,771,1901,33548
31-08-2014,1,10195,10707,7371,2544,30817,566,529,747,1842,32659
31-08-2014,2,10019,10541,7293,2484,30337,556,514,731,1801,32138
31-08-2014,3,9996,10463,7279,2458,30196,556,513,727,1796,31992
31-08-2014,4,9982,10424,7305,2456,30167,550,509,738,1797,31964
31-08-2014,5,9972,10389,7207,2491,30059,544,512,757,1813,31872
31-08-2014,6,10011,10279,7358,2557,30205,584,554,810,1948,32153
31-08-2014,7,10138,10550,7581,2795,31064,656,621,908,2185,33249
31-08-2014,8,10562,11273,7763,3124,32722,717,688,997,2402,35124
31-08-2014,9,11142,11882,7932,3378,34334,749,721,1037,2507,36841
31-08-2014,10,11409,12120,8021,3522,35072,752,724,1045,2521,37593
31-08-2014,11,11493,12316,8079,3575,35463,747,720,1044,2511,37974
31-08-2014,12,11446,12246,8058,3596,35346,749,719,1041,2509,37855
31-08-2014,13,11394,12295,8036,3573,35298,748,718,1036,2502,37800
31-08-2014,14,11291,12231,8052,3500,35074,750,715,1027,2492,37566
31-08-2014,15,11230,12285,8111,3502,35128,755,712,1029,2496,37624
31-08-2014,16,11224,12373,8224,3594,35415,760,714,1031,2505,37920
31-08-2014,17,11326,12595,8249,3859,36029,768,719,1037,2524,38553
31-08-2014,18,11338,12697,8425,3881,36341,778,734,1058,2570,38911
31-08-2014,19,11416,12974,8561,3710,36661,805,780,1121,2706,39367
31-08-2014,20,11703,13085,8599,3627,37014,823,811,1168,2802,39816
31-08-2014,21,11778,12572,8592,3489,36431,749,723,1035,2507,38938
31-08-2014,22,11310,11928,8324,3155,34717,669,629,892,2190,36907
31-08-2014,23,10745,11206,7899,2857,32707,603,561,783,1947,34654
01-09-2014,0,10241,10782,7569,2682,31274,569,516,732,1817,33091
01-09-2014,1,10032,10527,7429,2590,30578,549,500,713,1762,32340
01-09-2014,2,9996,10652,7349,2546,30543,547,497,711,1755,32298
01-09-2014,3,10003,10771,7468,2551,30793,550,505,717,1772,32565
01-09-2014,4,10096,10974,7781,2613,31464,572,532,771,1875,33339
01-09-2014,5,10455,11460,8442,2907,33264,649,602,922,2173,35437
01-09-2014,6,11312,12921,9105,3458,36796,786,,1102,,
01-09-2014,7,12542,15027,9481,4044,41094,907,848,1228,2983,44077
01-09-2014,8,13113,15467,9620,4293,42493,956,877,1266,3099,45592
01-09-2014,9,13023,15482,9634,4384,42523,956,880,1246,3082,45605
01-09-2014,10,13135,15518,9617,4493,42763,950,882,1243,3075,45838
01-09-2014,11,12875,15579,9578,4389,42421,937,860,1245,3042,45463
01-09-2014,12,12736,15469,9448,4025,41678,955,889,1276,3120,44798
01-09-2014,13,12792,15446,9313,3791,41342,942,887,1277,3106,44448
01-09-2014,14,12798,15084,9235,3761,40878,942,869,1265,3076,43954
01-09-2014,15,12744,14738,9068,4203,40753,900,853,1242,2995,43748
01-09-2014,16,12709,14608,8981,4161,40459,868,824,1213,2905,43364
01-09-2014,17,12608,14941,8967,4369,40885,848,815,1199,2862,43747
01-09-2014,18,12472,14584,9060,4245,40361,830,800,1189,2819,43180
01-09-2014,19,12462,14629,9207,4040,40338,847,823,1235,2905,43243
01-09-2014,20,12714,14748,9133,3984,40579,869,844,1256,2969,43548
01-09-2014,21,12704,14181,8952,3873,39710,781,749,1094,2624,42334
01-09-2014,22,11946,13199,8624,3488,37257,690,642,942,2274,39531
01-09-2014,23,11231,12193,8122,3122,34668,623,579,868,2070,36738
02-09-2014,0,10746,11383,7764,2866,32759,599,542,826,1967,34726
02-09-2014,1,10352,11196,7544,2744,31836,582,525,807,1914,33750
02-09-2014,2,10207,11039,7499,2710,31455,579,519,801,1899,33354
02-09-2014,3,10202,11081,7580,2708,31571,583,524,807,1914,33485
02-09-2014,4,10326,11162,7871,2762,32121,607,550,859,2016,34137
02-09-2014,5,10601,11712,8483,3008,33804,692,629,1015,2336,36140
02-09-2014,6,11489,13154,9127,3545,37315,822,762,1178,2762,40077
02-09-2014,7,12678,14826,9491,4107,41102,945,874,1289,3108,44210
02-09-2014,8,12967,15258,9661,4383,42269,979,934,1337,3250,45519
02-09-2014,9,12874,15336,9665,4462,42337,978,941,1335,3254,45591
02-09-2014,10,12895,15327,9642,4295,42159,974,927,1325,3226,45385
02-09-2014,11,12848,15377,9599,4306,42130,955,895,1303,3153,45283
02-09-2014,12,12723,15234,9407,4421,41785,978,921,1321,3220,45005
02-09-2014,13,12668,15156,9296,4458,41578,971,916,1311,3198,44776
02-09-2014,14,12772,15036,9219,4360,41387,960,901,1291,3152,44539
02-09-2014,15,12618,14989,9058,4205,40870,930,881,1259,3070,43940
02-09-2014,16,12505,14641,9059,4144,40349,905,847,1227,2979,43328
02-09-2014,17,12238,14556,9002,4338,40134,893,843,1228,2964,43098
02-09-2014,18,12037,14345,9134,4219,39735,875,828,1216,2919,42654
02-09-2014,19,12287,14324,9328,4010,39949,900,864,1261,3025,42974
02-09-2014,20,12494,14515,9189,3954,40152,900,878,1274,3052,43204
02-09-2014,21,12487,13979,8927,3843,39236,812,778,1110,2700,41936
02-09-2014,22,11913,12725,8579,3498,36715,721,675,955,2351,39066
02-09-2014,23,11235,11783,8015,3126,34159,659,598,862,2119,36278
03-09-2014,0,10414,11271,7613,2884,32182,645,562,839,2046,34228
03-09-2014,1,10070,11126,7425,2741,31362,616,546,829,1991,33353
03-09-2014,2,9957,10866,7415,2704,30942,602,536,821,1959,32901
03-09-2014,3,9919,10900,7489,2722,31030,596,540,820,1956,32986
03-09-2014,4,10128,10949,7837,2772,31686,615,566,862,2043,33729
03-09-2014,5,10446,11623,8440,3030,33539,695,644,1019,2358,35897
03-09-2014,6,11418,12954,9067,3533,36972,818,772,1179,2769,39741
03-09-2014,7,12680,14671,9376,4069,40796,917,881,1297,3095,43891
03-09-2014,8,13048,15244,9525,4346,42163,951,934,1333,3218,45381
03-09-2014,9,12867,15383,9487,4433,42170,938,940,1322,3200,45370
03-09-2014,10,12942,15638,9385,4552,42517,937,923,1310,3170,45687
03-09-2014,11,12884,15467,9432,4568,42351,930,893,1298,3121,45472
03-09-2014,12,12710,15208,9270,4414,41602,948,920,1323,3191,44793
03-09-2014,13,12537,15233,9127,4401,41298,941,916,1318,3175,44473
03-09-2014,14,12696,15044,9088,4424,41252,924,905,1301,3130,44382
03-09-2014,15,12714,14920,9021,4267,40922,904,889,1248,3041,43963
03-09-2014,16,12646,14662,8943,4218,40469,880,856,1234,2970,43439
03-09-2014,17,12389,14735,8906,4375,40405,863,844,1224,2931,43336
03-09-2014,18,12191,14361,9020,4263,39835,849,833,1217,2899,42734
03-09-2014,19,12225,14130,9229,4034,39618,877,873,1278,3028,42646
03-09-2014,20,12344,14370,9091,3981,39786,902,892,1292,3086,42872
03-09-2014,21,12351,13778,8789,3864,38782,809,785,1132,2726,41508
03-09-2014,22,11647,12656,8438,3506,36247,707,683,972,2362,38609
03-09-2014,23,11007,11575,7881,3127,33590,658,604,875,2137,35727
04-09-2014,0,10673,11027,7505,2905,32110,627,568,835,2030,34140
04-09-2014,1,10302,10995,7367,2781,31445,597,553,816,1966,33411
04-09-2014,2,10113,10963,7347,2731,31154,588,549,804,1941,33095
04-09-2014,3,10134,11065,7393,2730,31322,604,553,813,1970,33292
04-09-2014,4,10251,11244,7646,2811,31952,630,578,864,2072,34024
04-09-2014,5,10669,11664,8260,3045,33638,710,659,1019,2388,36026
04-09-2014,6,11512,12913,8918,3565,36908,843,781,1174,2798,39706
04-09-2014,7,12648,14633,9283,4130,40694,947,888,1273,3108,43802
04-09-2014,8,12940,15513,9466,4373,42292,980,939,1284,3203,45495
04-09-2014,9,12808,15224,9419,4418,41869,982,946,1266,3194,45063
04-09-2014,10,12764,15553,9385,4526,42228,971,931,1259,3161,45389
04-09-2014,11,12613,15278,9390,4948,42229,959,900,1279,3138,45367
04-09-2014,12,12620,15149,9232,5139,42140,974,921,1298,3193,45333
04-09-2014,13,12569,15093,9093,4488,41243,958,921,1289,3168,44411
04-09-2014,14,12624,14932,8991,4375,40922,960,914,1280,3154,44076
04-09-2014,15,12723,14853,8832,4235,40643,932,901,1256,3089,43732
04-09-2014,16,12613,14568,8760,4176,40117,910,867,1224,3001,43118
04-09-2014,17,12371,14530,8678,4325,39904,892,859,1220,2971,42875
04-09-2014,18,12202,14287,8767,4202,39458,869,845,1214,2928,42386
04-09-2014,19,12218,14425,8996,3996,39635,896,882,1274,3052,42687
04-09-2014,20,12351,14552,8912,3964,39779,913,896,1291,3100,42879
04-09-2014,21,12433,13712,8645,3801,38591,816,794,1135,2745,41336
04-09-2014,22,11874,12571,8282,3413,36140,715,689,992,2396,38536
04-09-2014,23,11201,11869,7744,3067,33881,652,622,898,2172,36053
05-09-2014,0,10593,11207,7387,2845,32032,618,584,839,2041,34073
05-09-2014,1,10292,11032,7243,2726,31293,615,565,814,1994,33287
05-09-2014,2,10049,10901,7251,2672,30873,596,555,802,1953,32826
05-09-2014,3,10166,10891,7336,2679,31072,601,560,805,1966,33038
05-09-2014,4,10263,11121,7671,2729,31784,630,586,854,2070,33854
05-09-2014,5,10604,11679,8307,2947,33537,708,664,999,2371,35908
05-09-2014,6,11416,13096,8988,3184,36684,831,788,1153,2772,39456
05-09-2014,7,12765,15098,9287,3358,40508,922,896,1261,3079,43587
05-09-2014,8,13252,15518,9465,3634,41869,962,952,1307,3221,45090
05-09-2014,9,13070,15594,9397,3709,41770,950,959,1296,3205,44975
05-09-2014,10,12831,15334,9311,3772,41248,953,948,1288,3189,44437
05-09-2014,11,12885,15464,9347,3736,41432,943,917,1272,3132,44564
05-09-2014,12,12781,14969,9320,3629,40699,951,938,1287,3176,43875
05-09-2014,13,12648,14577,9203,3510,39938,940,929,1273,3142,43080
05-09-2014,14,12563,14298,9073,3357,39291,934,901,1254,3089,42380
05-09-2014,15,12431,13845,8994,3221,38491,898,887,1231,3016,41507
05-09-2014,16,12252,13912,8916,3197,38277,883,862,1212,2957,41234
05-09-2014,17,12243,14123,8840,3356,38562,861,844,1199,2904,41466
05-09-2014,18,12137,13871,8848,3302,38158,843,830,1187,2860,41018
05-09-2014,19,12041,13650,8954,3058,37703,859,869,1234,2962,40665
05-09-2014,20,12176,13592,8868,3007,37643,868,874,1237,2979,40622
05-09-2014,21,11939,13016,8656,2840,36451,784,783,1101,2668,39119
05-09-2014,22,11443,12264,8299,2707,34713,697,693,963,2353,37066
05-09-2014,23,11095,11365,7766,2983,33209,638,628,876,2142,35351
06-09-2014,0,10692,10919,7396,2736,31743,611,589,829,2029,33772
06-09-2014,1,10290,10599,7218,2595,30702,589,569,805,1963,32665
06-09-2014,2,10108,10420,7165,2537,30230,581,556,793,1930,32160
06-09-2014,3,10081,10363,7197,2507,30148,579,554,791,1924,32072
06-09-2014,4,10034,10358,7283,2510,30185,591,562,811,1964,32149
06-09-2014,5,10123,10487,7341,2581,30532,587,569,850,2006,32538
06-09-2014,6,10221,10513,7537,2700,30971,635,622,920,2177,33148
06-09-2014,7,10459,11057,7870,2934,32320,712,705,1030,2447,34767
06-09-2014,8,11076,11942,8086,3274,34378,760,772,1101,2633,37011
06-09-2014,9,11715,12592,8225,3541,36073,795,797,1125,2717,38790
06-09-2014,10,12021,12918,8296,3654,36889,792,797,1122,2711,39600
06-09-2014,11,11955,12981,8309,3633,36878,788,780,1117,2685,39563
06-09-2014,12,11770,12833,8231,3559,36393,792,779,1114,2685,39078
06-09-2014,13,11606,12575,8153,3481,35815,784,770,1097,2651,38466
06-09-2014,14,11483,12304,8159,3446,35392,778,760,1088,2626,38018
06-09-2014,15,11429,12221,8225,3443,35318,770,754,1083,2607,37925
06-09-2014,16,11471,12258,8301,3450,35480,770,758,1083,2611,38091
06-09-2014,17,11563,12350,8358,3657,35928,765,752,1087,2604,38532
06-09-2014,18,11629,12301,8447,3683,36060,768,758,1090,2616,38676
06-09-2014,19,11681,12179,8630,3462,35952,803,801,1147,2751,38703
06-09-2014,20,11710,12383,8597,3433,36123,815,810,1158,2783,38906
06-09-2014,21,11492,11925,8508,3264,35189,748,730,1037,2515,37704
06-09-2014,22,11081,11431,8264,3039,33815,675,653,921,2249,36064
06-09-2014,23,10687,10901,7778,2814,32180,625,604,840,2069,34249
07-09-2014,0,10382,10541,7406,2600,30929,593,563,787,1943,32872
07-09-2014,1,10042,10333,7222,2500,30097,576,545,766,1887,31984
07-09-2014,2,9839,10111,7176,2424,29550,569,539,758,1866,31416
07-09-2014,3,9763,10064,7171,2411,29409,567,539,755,1861,31270
07-09-2014,4,9766,10062,7239,2426,29493,570,539,773,1882,31375
07-09-2014,5,9727,10287,7187,2477,29678,560,538,794,1892,31570
07-09-2014,6,9710,9956,7263,2562,29491,596,575,842,2013,31504
07-09-2014,7,9730,10261,7511,2786,30288,665,650,945,2260,32548
07-09-2014,8,10276,10908,7756,3121,32061,732,721,1039,2492,34553
07-09-2014,9,10807,11737,7931,3357,33832,762,753,1076,2591,36423
07-09-2014,10,11190,12187,8030,3518,34925,767,757,1080,2604,37529
07-09-2014,11,11313,12302,8025,3569,35209,763,751,1073,2587,37796
07-09-2014,12,11320,12319,7953,3556,35148,763,750,1073,2586,37734
07-09-2014,13,11255,12320,7888,3527,34990,759,746,1071,2576,37566
07-09-2014,14,11302,12227,7871,3500,34900,758,743,1066,2567,37467
07-09-2014,15,11306,12294,7821,3462,34883,752,741,1077,2570,37453
07-09-2014,16,11310,12373,7874,3548,35105,757,744,1094,2595,37700
07-09-2014,17,11375,12553,7942,3891,35761,764,746,1094,2604,38365
07-09-2014,18,11436,12636,8093,3904,36069,774,756,1112,2642,38711
07-09-2014,19,11630,12760,8362,3725,36477,823,816,1210,2849,39326
07-09-2014,20,11833,13044,8366,3697,36940,824,824,1209,2857,39797
07-09-2014,21,11715,12298,8316,3489,35818,743,729,1051,2523,38341
07-09-2014,22,11203,11481,8130,3205,34019,656,637,898,2191,36210
07-09-2014,23,10636,10891,7668,2940,32135,598,576,811,1985,34120
08-09-2014,0,10281,10708,7334,2723,31046,559,538,768,1865,32911
08-09-2014,1,10053,10297,7198,2601,30149,534,529,754,1817,31966
08-09-2014,2,9766,10438,7166,2551,29921,536,519,749,1804,31725
08-09-2014,3,9959,10529,7245,2552,30285,548,519,756,1823,32108
08-09-2014,4,10056,10625,7552,2633,30866,576,546,812,1934,32800
08-09-2014,5,10337,11240,8206,2938,32721,666,631,994,2291,35012
08-09-2014,6,11384,12852,8827,3522,36585,802,755,1150,2707,39292
08-09-2014,7,12618,14830,9156,4082,40686,909,862,1260,3031,43717
08-09-2014,8,13099,15319,9264,4363,42045,947,921,1308,3176,45221
08-09-2014,9,12871,15410,9296,4465,42042,955,941,1317,3213,45255
08-09-2014,10,12957,15609,9317,4594,42477,957,930,1307,3194,45671
08-09-2014,11,12821,15544,9318,4587,42270,944,905,1295,3144,45414
08-09-2014,12,12711,15359,9300,4480,41850,962,928,1322,3212,45062
08-09-2014,13,12827,15375,9188,4466,41856,954,924,1318,3196,45052
08-09-2014,14,12806,15214,9071,4454,41545,940,910,1308,3158,44703
08-09-2014,15,12847,15185,8940,4303,41275,922,894,1289,3105,44380
08-09-2014,16,12716,14700,8875,4209,40500,891,865,1255,3011,43511
08-09-2014,17,12670,14644,8771,4396,40481,872,848,1245,2965,43446
08-09-2014,18,12560,14474,8850,4305,40189,866,840,1243,2949,43138
08-09-2014,19,12694,14432,9160,4113,40399,898,896,1325,3119,43518
08-09-2014,20,12855,14600,8939,4103,40497,870,872,1285,3027,43524
08-09-2014,21,12690,14074,8614,3804,39182,781,770,1112,2663,41845
08-09-2014,22,11996,12863,8235,3447,36541,686,671,960,2317,38858
08-09-2014,23,11199,11628,7714,3097,33638,619,604,881,2104,35742
09-09-2014,0,10568,10872,7341,2868,31649,578,571,846,1995,33644
09-09-2014,1,10355,10704,7146,2760,30965,558,551,827,1936,32901
09-09-2014,2,10108,10717,7114,2735,30674,552,544,818,1914,32588
09-09-2014,3,10164,10744,7197,2748,30853,563,548,825,1936,32789
09-09-2014,4,10240,10790,7506,2828,31364,595,570,877,2042,33406
09-09-2014,5,10564,11285,8223,3056,33128,675,656,1041,2372,35500
09-09-2014,6,11571,12788,8851,3600,36810,811,786,1198,2795,39605
09-09-2014,7,12813,14340,9162,4151,40466,915,896,1323,3134,43600
09-09-2014,8,13253,14842,9341,4392,41828,949,,1368,,
09-09-2014,9,13138,14899,9335,4491,41863,955,961,1358,3274,45137
09-09-2014,10,13116,15133,9334,4550,42133,957,,1346,,
09-09-2014,11,13053,15057,9262,4562,41934,955,916,1320,3191,45125
09-09-2014,12,12975,15025,9186,4604,41790,970,939,1340,3249,45039
09-09-2014,13,12990,14875,9145,4582,41592,966,933,1338,3237,44829
09-09-2014,14,12860,14577,9062,4524,41023,968,911,1330,3209,44232
09-09-2014,15,12797,14613,9007,4308,40725,945,902,1307,3154,43879
09-09-2014,16,12845,14485,9035,4211,40576,926,873,1273,3072,43648
09-09-2014,17,12632,14654,8948,4492,40726,909,863,1267,3039,43765
09-09-2014,18,12570,14224,9074,4441,40309,895,856,1259,3010,43319
09-09-2014,19,12635,14186,9284,4269,40374,923,914,1338,3175,43549
09-09-2014,20,12792,14572,8959,4195,40518,888,877,1283,3048,43566
09-09-2014,21,12568,14046,8658,3923,39195,790,775,1120,2685,41880
09-09-2014,22,11939,13015,8255,3560,36769,699,677,971,2347,39116
09-09-2014,23,11269,11960,7786,3174,34189,635,602,877,2114,36303
10-09-2014,0,10560,11179,7421,2937,32097,605,571,842,2018,34115
10-09-2014,1,10212,10773,7194,2833,31012,585,556,819,1960,32972
10-09-2014,2,10069,10601,7162,2754,30586,584,550,806,1940,32526
10-09-2014,3,10102,10617,7170,2751,30640,594,550,811,1955,32595
10-09-2014,4,10247,10686,7447,2791,31171,623,579,859,2061,33232
10-09-2014,5,10559,11346,8094,3051,33050,722,664,1039,2425,35475
10-09-2014,6,11508,13059,8601,3621,36789,841,781,1193,2815,39604
10-09-2014,7,12795,14775,8899,4157,40626,943,892,1303,3138,43764
10-09-2014,8,13015,15282,8985,4393,41675,986,944,1340,3270,44945
10-09-2014,9,12874,15286,9032,4413,41605,987,948,1338,3273,44878
10-09-2014,10,12951,15396,9059,4487,41893,980,930,1328,3238,45131
10-09-2014,11,12784,15374,9041,4403,41602,966,902,1303,3171,44773
10-09-2014,12,12750,15078,8990,4353,41171,987,,1318,,
10-09-2014,13,12547,14718,8901,4370,40536,971,924,1309,3204,43740
10-09-2014,14,12683,14779,8814,4325,40601,961,909,1303,3173,43774
10-09-2014,15,12522,14731,8739,4189,40181,935,894,1273,3102,43283
10-09-2014,16,12460,14701,8723,4076,39960,901,869,1239,3009,42969
10-09-2014,17,12202,14579,8668,4316,39765,882,856,1232,2970,42735
10-09-2014,18,12053,14218,8772,4293,39336,878,848,1239,2965,42301
10-09-2014,19,12212,14206,9039,4049,39506,919,911,1328,3158,42664
10-09-2014,20,12685,14509,8793,4059,40046,897,872,1276,3045,43091
10-09-2014,21,12490,13902,8482,3814,38688,803,781,1111,2695,41383
10-09-2014,22,11787,12812,8150,3466,36215,709,690,966,2365,38580
10-09-2014,23,11070,11784,7614,3079,33547,650,625,878,2153,35700
11-09-2014,0,10561,11104,7271,2840,31776,617,579,841,2037,33813
11-09-2014,1,10309,10736,7203,2728,30976,600,556,821,1977,32953
11-09-2014,2,10059,10675,7177,2671,30582,592,552,808,1952,32534
11-09-2014,3,10042,10677,7221,2691,30631,598,556,815,1969,32600
11-09-2014,4,10273,10804,7520,2765,31362,626,582,867,2075,33437
11-09-2014,5,10650,11541,8170,3073,33434,715,677,1046,2438,35872
11-09-2014,6,11596,12938,8762,3631,36927,833,795,1197,2825,39752
11-09-2014,7,12786,14647,9020,4167,40620,930,894,1311,3135,43755
11-09-2014,8,13191,15253,9084,4418,41946,969,949,1340,3258,45204
11-09-2014,9,13188,15441,9125,4485,42239,975,953,1343,3271,45510
11-09-2014,10,13205,15530,9101,4577,42413,972,948,1333,3253,45666
11-09-2014,11,13155,15460,9090,4520,42225,952,903,1308,3163,45388
11-09-2014,12,12801,15353,9117,4508,41779,975,930,1330,3235,45014
11-09-2014,13,12811,15144,9073,4498,41526,965,921,1324,3210,44736
11-09-2014,14,12659,14910,8983,4385,40937,965,910,1318,3193,44130
11-09-2014,15,12665,15031,8844,4263,40803,932,886,1293,3111,43914
11-09-2014,16,12768,14850,8801,4184,40603,904,856,1263,3023,43626
11-09-2014,17,12617,14970,8698,4230,40515,882,843,1253,2978,43493
11-09-2014,18,12492,14474,8842,4188,39996,880,837,1268,2985,42981
11-09-2014,19,12351,14659,9243,4113,40366,930,904,1347,3181,43547
11-09-2014,20,12776,14858,9023,4147,40804,900,876,1302,3078,43882
11-09-2014,21,12584,14071,8705,3923,39283,811,782,1141,2734,42017
11-09-2014,22,11959,13048,8354,3546,36907,715,687,1019,2421,39328
11-09-2014,23,11293,11990,7806,3180,34269,647,619,914,2180,36449
12-09-2014,0,10844,11376,7538,2953,32711,623,586,857,2066,34777
12-09-2014,1,10486,11046,7395,2823,31750,605,575,829,2009,33759
12-09-2014,2,10372,10860,7347,2767,31346,594,560,811,1965,33311
12-09-2014,3,10286,10914,7443,2786,31429,599,561,816,1976,33405
12-09-2014,4,10472,11016,7737,2847,32072,628,580,861,2069,34141
12-09-2014,5,10765,11662,8550,3093,34070,725,679,1030,2434,36504
12-09-2014,6,11640,12954,9223,3640,37457,840,792,1173,2805,40262
12-09-2014,7,12927,14567,9579,4203,41276,940,903,1278,3121,44397
12-09-2014,8,13404,15199,9737,4438,42778,978,961,1330,3269,46047
12-09-2014,9,13184,15286,9692,4501,42663,979,970,1282,3231,45894
12-09-2014,10,13104,15232,9652,4613,42601,975,954,1321,3250,45851
12-09-2014,11,13228,15175,9631,4387,42421,959,920,1301,3180,45601
12-09-2014,12,12891,14890,9517,4352,41650,982,945,1324,3251,44901
12-09-2014,13,12717,14538,9367,4251,40873,965,938,1317,3220,44093
12-09-2014,14,12791,14242,9222,3925,40180,953,919,1303,3175,43355
12-09-2014,15,12628,14213,9109,3777,39727,924,892,1266,3082,42809
12-09-2014,16,12394,13959,9062,3777,39192,896,862,1238,2996,42188
12-09-2014,17,12182,14057,9012,4052,39303,868,851,1213,2932,42235
12-09-2014,18,12211,13856,9103,4045,39215,859,846,1214,2919,42134
12-09-2014,19,12203,13788,9393,3841,39225,899,892,1289,3080,42305
12-09-2014,20,12423,13858,9064,3832,39177,870,853,1244,2967,42144
12-09-2014,21,12169,12935,8733,3562,37399,784,764,1109,2657,40056
12-09-2014,22,11734,12193,8460,3315,35702,697,684,975,2356,38058
12-09-2014,23,11326,11427,7954,3055,33762,644,626,895,2165,35927
13-09-2014,0,10809,10918,7558,2831,32116,607,594,837,2038,34154
13-09-2014,1,10335,10639,7356,2684,31014,587,565,806,1958,32972
13-09-2014,2,10306,10410,7371,2589,30676,583,554,794,1931,32607
13-09-2014,3,10221,10335,7388,2555,30499,584,555,792,1931,32430
13-09-2014,4,10200,10312,7492,2583,30587,592,554,805,1951,32538
13-09-2014,5,10321,10449,7618,2639,31027,604,577,851,2032,33059
13-09-2014,6,10442,10524,7708,2789,31463,646,624,922,2192,33655
13-09-2014,7,10726,10918,7978,3013,32635,726,702,1033,2461,35096
13-09-2014,8,11378,11812,8179,3343,34712,784,761,1107,2652,37364
13-09-2014,9,11876,12415,8211,3552,36054,807,785,1139,2731,38785
13-09-2014,10,12001,12939,8227,3657,36824,805,784,1143,2732,39556
13-09-2014,11,11955,12948,8171,3663,36737,800,776,1137,2713,39450
13-09-2014,12,11746,12744,8119,3603,36212,799,775,1138,2712,38924
13-09-2014,13,11666,12594,8027,3553,35840,795,769,1121,2685,38525
13-09-2014,14,11477,12391,8095,3498,35461,789,763,1106,2658,38119
13-09-2014,15,11431,12286,8109,3450,35276,781,751,1101,2633,37909
13-09-2014,16,11446,12350,8209,3525,35530,783,752,1101,2636,38166
13-09-2014,17,11584,12537,8288,3750,36159,777,744,1105,2626,38785
13-09-2014,18,11739,12515,8419,3768,36441,782,756,1108,2646,39087
13-09-2014,19,11834,12610,8714,3556,36714,835,821,1168,2824,39538
13-09-2014,20,12035,12735,8512,3545,36827,814,800,1155,2769,39596
13-09-2014,21,11757,12201,8418,3365,35741,745,724,1031,2500,38241
13-09-2014,22,11355,11676,8143,3125,34299,678,651,918,2247,36546
13-09-2014,23,10957,11010,7683,2866,32516,621,594,842,2057,34573
14-09-2014,0,10615,10631,7377,2643,31266,592,553,804,1949,33215
14-09-2014,1,10294,10417,7249,2493,30453,577,534,779,1890,32343
14-09-2014,2,10179,10373,7213,2441,30206,562,521,766,1849,32055
14-09-2014,3,10110,10272,7222,2425,30029,561,519,762,1842,31871
14-09-2014,4,10127,10264,7306,2405,30102,565,523,775,1863,31965
14-09-2014,5,10152,10334,7304,2444,30234,570,533,801,1904,32138
14-09-2014,6,10269,10358,7291,2573,30491,597,562,842,2001,32492
14-09-2014,7,10441,10510,7454,2782,31187,673,640,947,2260,33447
14-09-2014,8,10933,11354,7671,3113,33071,740,708,1037,2485,35556
14-09-2014,9,11478,12140,7788,3390,34796,766,744,1072,2582,37378
14-09-2014,10,11610,12276,7916,3517,35319,774,739,1075,2588,37907
14-09-2014,11,11537,12372,7998,3608,35515,762,733,1073,2568,38083
14-09-2014,12,11449,12412,7953,3618,35432,761,733,1067,2561,37993
14-09-2014,13,11370,12323,7871,3571,35135,755,730,1059,2544,37679
14-09-2014,14,11253,12177,7904,3552,34886,749,721,1050,2520,37406
14-09-2014,15,11209,12198,7948,3528,34883,750,717,1049,2516,37399
14-09-2014,16,11210,12262,8016,3621,35109,756,720,1062,2538,37647
14-09-2014,17,11219,12456,8121,3900,35696,769,724,1078,2571,38267
14-09-2014,18,11358,12741,8332,3883,36314,789,742,1110,2641,38955
14-09-2014,19,11702,13222,8772,3761,37457,871,821,1216,2908,40365
14-09-2014,20,12211,13307,8588,3736,37842,844,807,1179,2830,40672
14-09-2014,21,12041,12681,8501,3482,36705,760,720,1031,2511,39216
14-09-2014,22,11632,12006,8321,3172,35131,680,627,896,2203,37334
14-09-2014,23,11020,11382,8000,2908,33310,627,568,810,2005,35315
15-09-2014,0,10462,11270,7642,2773,32147,603,533,771,1907,34054
15-09-2014,1,10173,11049,7470,2656,31348,576,521,754,1851,33199
15-09-2014,2,10127,10946,7382,2612,31067,574,516,749,1839,32906
15-09-2014,3,10209,10949,7579,2625,31362,586,522,757,1865,33227
15-09-2014,4,10409,10987,7977,2712,32085,621,554,818,1993,34078
15-09-2014,5,10913,11670,8702,2989,34274,722,651,1007,2380,36654
15-09-2014,6,11952,13235,9182,3641,38010,848,763,1153,2764,40774
15-09-2014,7,13248,14788,9454,4195,41685,952,868,1258,3078,44763
15-09-2014,8,13404,15453,9539,4419,42815,987,924,1296,3207,46022
15-09-2014,9,13176,15265,9449,4525,42415,990,936,1291,3217,45632
15-09-2014,10,13139,15408,9384,4630,42561,981,918,1268,3167,45728
15-09-2014,11,13181,15615,9405,4629,42830,961,883,1252,3096,45926
15-09-2014,12,12853,15168,9339,4528,41888,996,906,1283,3185,45073
15-09-2014,13,12861,15106,9216,4564,41747,983,896,1276,3155,44902
15-09-2014,14,12698,14798,9205,4465,41166,969,886,1263,3118,44284
15-09-2014,15,12653,14763,9071,4244,40731,940,878,1232,3050,43781
15-09-2014,16,12679,14511,9005,4087,40282,914,848,1199,2961,43243
15-09-2014,17,12444,14556,8906,4415,40321,902,840,1200,2942,43263
15-09-2014,18,12416,14452,9059,4287,40214,913,843,1205,2961,43175
15-09-2014,19,12618,14695,9587,4151,41051,965,925,1307,3197,44248
15-09-2014,20,13071,14540,9204,4136,40951,916,878,1248,3042,43993
15-09-2014,21,12757,13946,8943,3882,39528,823,778,1078,2679,42207
15-09-2014,22,12164,12753,8672,3487,37076,728,677,932,2337,39413
15-09-2014,23,11329,11850,8138,3071,34388,665,610,858,2133,36521
16-09-2014,0,10839,11329,7830,2818,32816,640,575,824,2039,34855
16-09-2014,1,10511,11180,7636,2716,32043,623,561,805,1989,34032
16-09-2014,2,10458,11194,7578,2663,31893,624,552,800,1976,33869
16-09-2014,3,10417,11089,7680,2653,31839,635,554,808,1997,33836
16-09-2014,4,10399,11303,8028,2721,32451,661,585,863,2109,34560
16-09-2014,5,10889,11933,8807,3007,34636,754,678,1037,2469,37105
16-09-2014,6,11917,13543,9185,3640,38285,876,799,1183,2858,41143
16-09-2014,7,13173,15327,9421,4177,42098,965,904,1287,3156,45254
16-09-2014,8,13376,15448,9473,4383,42680,991,955,1318,3264,45944
16-09-2014,9,13206,15296,9398,4377,42277,985,956,1307,3248,45525
16-09-2014,10,13341,15203,9336,4346,42226,977,937,1295,3209,45435
16-09-2014,11,13035,15039,9309,4552,41935,953,904,1271,3128,45063
16-09-2014,12,13078,14855,9142,4483,41558,981,927,1291,3199,44757
16-09-2014,13,13082,14762,9097,4525,41466,973,922,1286,3181,44647
16-09-2014,14,13013,14655,9100,4420,41188,967,914,1277,3158,44346
16-09-2014,15,12718,14706,9004,4262,40690,934,888,1248,3070,43760
16-09-2014,16,12762,14450,9021,4224,40457,905,858,1212,2975,43432
16-09-2014,17,12592,14504,8975,4406,40477,894,848,1207,2949,43426
16-09-2014,18,12489,14251,9187,4257,40184,906,852,1221,2979,43163
16-09-2014,19,12729,14523,9632,4116,41000,969,926,1328,3223,44223
16-09-2014,20,13083,14559,9220,4132,40994,919,877,1259,3055,44049
16-09-2014,21,12805,13875,8917,3863,39460,824,775,1080,2679,42139
16-09-2014,22,12196,12759,8599,3502,37056,729,674,933,2336,39392
16-09-2014,23,11474,12086,8029,3151,34740,659,612,852,2123,36863
17-09-2014,0,10862,11640,7701,2899,33102,638,573,822,2033,35135
17-09-2014,1,10575,11206,7576,2756,32113,626,557,805,1988,34101
17-09-2014,2,10392,11315,7515,2695,31917,628,550,799,1977,33894
17-09-2014,3,10432,11367,7580,2692,32071,632,559,807,1998,34069
17-09-2014,4,10561,11432,7943,2745,32681,664,588,861,2113,34794
17-09-2014,5,11027,12158,8668,3024,34877,759,685,1044,2488,37365
17-09-2014,6,12045,13576,9157,3641,38419,875,803,1190,2868,41287
17-09-2014,7,13242,15308,9428,4170,42148,965,905,1288,3158,45306
17-09-2014,8,13670,15662,9515,4383,43230,993,950,1311,3254,46484
17-09-2014,9,13487,15702,9498,4436,43123,988,952,1299,3239,46362
17-09-2014,10,13294,15642,9466,4539,42941,984,,1288,,
17-09-2014,11,13255,15505,9400,4551,42711,968,905,1271,3144,45855
17-09-2014,12,13268,15255,9296,4476,42295,992,932,1298,3222,45517
17-09-2014,13,13275,15119,9162,4499,42055,978,923,1300,3201,45256
17-09-2014,14,12938,14902,9090,4402,41332,972,909,1287,3168,44500
17-09-2014,15,12946,14815,8958,4243,40962,947,891,1257,3095,44057
17-09-2014,16,12912,14651,8886,4172,40621,916,856,1219,2991,43612
17-09-2014,17,12918,14602,8849,4377,40746,904,840,1208,2952,43698
17-09-2014,18,12893,14557,9135,4229,40814,913,850,1224,2987,43801
17-09-2014,19,12817,14987,9575,4107,41486,964,927,1323,3214,44700
17-09-2014,20,13092,14939,9121,4119,41271,919,872,1250,3041,44312
17-09-2014,21,12773,14152,8854,3848,39627,825,765,1074,2664,42291
17-09-2014,22,12289,12800,8565,3488,37142,730,672,930,2332,39474
17-09-2014,23,11628,11913,8016,3114,34671,672,602,854,2128,36799
18-09-2014,0,10999,11354,7707,2838,32898,643,566,820,2029,34927
18-09-2014,1,10740,11226,7531,2725,32222,623,551,805,1979,34201
18-09-2014,2,10731,11232,7533,2662,32158,619,543,797,1959,34117
18-09-2014,3,10727,11300,7638,2653,32318,608,550,805,1963,34281
18-09-2014,4,10839,11432,7969,2727,32967,657,572,855,2084,35051
18-09-2014,5,11146,12224,8747,3026,35143,753,674,1033,2460,37603
18-09-2014,6,12199,13825,9205,3639,38868,874,788,1179,2841,41709
18-09-2014,7,13545,15315,9468,4207,42535,972,894,1277,3143,45678
18-09-2014,8,13792,15706,9613,4405,43516,1000,941,1307,3248,46764
18-09-2014,9,13589,15734,9597,4459,43379,997,941,1304,3242,46621
18-09-2014,10,13579,15809,9558,4570,43516,991,930,1296,3217,46733
18-09-2014,11,13213,15591,9510,4545,42859,979,893,1267,3139,45998
18-09-2014,12,13218,15356,9392,4458,42424,997,913,1288,3198,45622
18-09-2014,13,13133,15094,9194,4475,41896,980,914,1292,3186,45082
18-09-2014,14,13261,15142,9104,4385,41892,974,897,1279,3150,45042
18-09-2014,15,13228,14972,8999,4253,41452,947,883,1252,3082,44534
18-09-2014,16,13107,14893,8982,4195,41177,919,857,1216,2992,44169
18-09-2014,17,13007,14916,9012,4366,41301,906,840,1211,2957,44258
18-09-2014,18,12900,14697,9240,4243,41080,914,847,1227,2988,44068
18-09-2014,19,13045,15086,9649,4115,41895,959,918,1320,3197,45092
18-09-2014,20,13443,14903,9170,4088,41604,910,868,,,
18-09-2014,21,13173,14048,8873,3812,39906,814,759,1073,2646,42552
18-09-2014,22,12624,13051,8537,3435,37647,720,658,930,2308,39955
18-09-2014,23,11879,12098,8048,3053,35078,647,594,848,2089,37167
19-09-2014,0,11291,11692,7735,2804,33522,624,558,811,1993,35515
19-09-2014,1,11065,11313,7620,2688,32686,604,542,790,1936,34622
19-09-2014,2,10912,11304,7622,2646,32484,605,534,785,1924,34408
19-09-2014,3,10956,11377,7705,2653,32691,617,543,793,1953,34644
19-09-2014,4,11061,11482,8052,2727,33322,649,569,846,2064,35386
19-09-2014,5,11397,12243,8977,2989,35606,755,666,1026,2447,38053
19-09-2014,6,12413,13857,9434,3583,39287,863,777,1166,2806,42093
19-09-2014,7,13761,15223,9708,4127,42819,959,880,1259,3098,45917
19-09-2014,8,14084,15927,9821,4214,44046,986,926,1284,3196,47242
19-09-2014,9,13978,15842,9725,4006,43551,986,929,1271,3186,46737
19-09-2014,10,13935,15983,9655,4329,43902,975,920,1264,3159,47061
19-09-2014,11,13715,15892,9570,4454,43631,966,886,1241,3093,46724
19-09-2014,12,13361,15535,9447,4358,42701,983,909,1258,3150,45851
19-09-2014,13,13102,15027,9270,4229,41628,967,895,1249,3111,44739
19-09-2014,14,13070,14782,9151,4050,41053,949,872,1222,3043,44096
19-09-2014,15,12849,14172,9043,3897,39961,925,859,1196,2980,42941
19-09-2014,16,12485,14185,8986,3886,39542,899,827,1175,2901,42443
19-09-2014,17,12477,14021,8992,4061,39551,868,812,1159,2839,42390
19-09-2014,18,12575,13812,9324,3974,39685,875,822,1173,2870,42555
19-09-2014,19,12876,14216,9531,3848,40471,921,897,1241,3059,43530
19-09-2014,20,12817,14027,9071,3803,39718,873,836,1170,2879,42597
19-09-2014,21,12459,13329,8839,3525,38152,792,742,1033,2567,40719
19-09-2014,22,12067,12414,8548,3251,36280,708,660,913,2281,38561
19-09-2014,23,11593,11627,8056,2972,34248,651,595,834,2080,36328
20-09-2014,0,11263,11073,7696,2737,32769,620,555,792,1967,34736
20-09-2014,1,10924,10919,7509,2605,31957,610,538,768,1916,33873
20-09-2014,2,10642,10769,7464,2521,31396,598,530,759,1887,33283
20-09-2014,3,10559,10697,7463,2480,31199,603,531,756,1890,33089
20-09-2014,4,10529,10805,7562,2473,31369,614,540,758,1912,33281
20-09-2014,5,10585,10890,7793,2533,31801,630,566,815,2011,33812
20-09-2014,6,10744,11159,7681,2732,32316,660,609,874,2143,34459
20-09-2014,7,11134,11696,8026,2969,33825,742,697,990,2429,36254
20-09-2014,8,11914,12350,8324,3296,35884,805,,1074,,
20-09-2014,9,12462,13000,8437,3497,37396,818,777,1098,2693,40089
20-09-2014,10,12898,13302,8405,3593,38198,813,772,1098,2683,40881
20-09-2014,11,12861,13328,8367,3591,38147,808,759,1091,2658,40805
20-09-2014,12,12492,13170,8267,3547,37476,803,758,1081,2642,40118
20-09-2014,13,12405,12917,8250,3494,37066,802,750,1059,2611,39677
20-09-2014,14,12349,12761,8333,3446,36889,788,733,1040,2561,39450
20-09-2014,15,12247,12602,8345,3388,36582,783,730,1029,2542,39124
20-09-2014,16,12136,12611,8437,3431,36615,778,725,1028,2531,39146
20-09-2014,17,12258,12868,8597,3671,37394,781,726,1035,2542,39936
20-09-2014,18,12464,12795,8937,3700,37896,814,757,1075,2646,40542
20-09-2014,19,12645,13184,9062,3630,38521,857,825,1149,2831,41352
20-09-2014,20,12606,13017,8627,3567,37817,818,782,1099,2699,40516
20-09-2014,21,12170,12429,8486,3343,36428,746,699,980,2425,38853
20-09-2014,22,11668,11747,8323,3122,34860,672,623,879,2174,37034
20-09-2014,23,11129,11184,7855,2853,33021,625,570,807,2002,35023
21-09-2014,0,10778,10708,7605,2632,31723,591,537,765,1893,33616
21-09-2014,1,10536,10642,7487,2488,31153,580,525,748,1853,33006
21-09-2014,2,10468,10568,7281,2419,30736,568,517,735,1820,32556
21-09-2014,3,10415,10499,7167,2418,30499,570,516,732,1818,32317
21-09-2014,4,10344,10496,7255,2439,30534,581,520,749,1850,32384
21-09-2014,5,10424,10490,7305,2522,30741,596,542,785,1923,32664
21-09-2014,6,10357,10516,7227,2690,30790,612,565,822,1999,32789
21-09-2014,7,10475,10722,7464,2827,31488,689,641,924,2254,33742
21-09-2014,8,11090,11575,7727,3117,33509,750,712,1017,2479,35988
21-09-2014,9,11904,12335,7923,3347,35509,775,743,1057,2575,38084
21-09-2014,10,12049,12826,8054,3466,36395,776,739,1057,2572,38967
21-09-2014,11,12000,13135,8099,3548,36782,767,728,1059,2554,39336
21-09-2014,12,12009,13175,7963,3591,36738,766,724,1053,2543,39281
21-09-2014,13,11934,12908,7973,3577,36392,763,723,1046,2532,38924
21-09-2014,14,11829,12811,7983,3511,36134,758,714,1040,2512,38646
21-09-2014,15,11974,12761,8007,3451,36193,756,710,1041,2507,38700
21-09-2014,16,12045,12987,8119,3545,36696,768,715,1057,2540,39236
21-09-2014,17,12086,13185,8202,3842,37315,787,729,1080,2596,39911
21-09-2014,18,12137,13456,8503,3839,37935,832,780,1153,2765,40700
21-09-2014,19,12754,14024,8709,3744,39231,867,835,1226,2928,42159
21-09-2014,20,12901,13550,8435,3754,38640,822,793,1156,2771,41411
21-09-2014,21,12649,12849,8385,3458,37341,742,700,1013,2455,39796
21-09-2014,22,12341,12160,8195,3239,35935,668,613,875,2156,38091
21-09-2014,23,11783,11690,7774,2918,34165,615,558,801,1974,36139
22-09-2014,0,11345,11532,7437,2784,33098,582,533,768,1883,34981
22-09-2014,1,11111,11456,7279,2732,32578,568,522,757,1847,34425
22-09-2014,2,11010,11246,7254,2729,32239,564,515,750,1829,34068
22-09-2014,3,11057,11268,7324,2788,32437,575,524,761,1860,34297
22-09-2014,4,11228,11453,7690,2842,33213,611,553,824,1988,35201
22-09-2014,5,11717,12188,8620,3049,35574,727,665,1039,2431,38005
22-09-2014,6,12996,13816,9174,3588,39574,845,795,1204,2844,42418
22-09-2014,7,14477,15283,9496,4141,43397,951,905,1330,3186,46583
22-09-2014,8,14788,16141,9608,4354,44891,1001,,1400,,
22-09-2014,9,14599,16275,9676,4434,44984,1009,979,1405,3393,48377
22-09-2014,10,14082,16401,9656,4632,44771,1011,966,1418,3395,48166
22-09-2014,11,13733,16374,9594,4698,44399,1007,929,1377,3313,47712
22-09-2014,12,13465,16263,9489,4618,43835,1034,954,1382,3370,47205
22-09-2014,13,13317,16276,9420,4652,43665,1028,952,1385,3365,47030
22-09-2014,14,12920,15877,9397,4509,42703,1024,941,1364,3329,46032
22-09-2014,15,13252,15903,9269,3631,42055,996,924,1323,3243,45298
22-09-2014,16,13513,15664,9356,4269,42802,971,896,1300,3167,45969
22-09-2014,17,13492,15851,9395,4561,43299,965,895,1301,3161,46460
22-09-2014,18,13592,15953,9641,4419,43605,990,915,1338,3243,46848
22-09-2014,19,14120,16437,9753,4259,44569,980,937,1371,3288,47857
22-09-2014,20,14264,16235,9216,4112,43827,913,872,1277,3062,46889
22-09-2014,21,13916,15446,8982,3865,42209,821,773,1110,2704,44913
22-09-2014,22,13290,14166,8738,3493,39687,713,684,964,2361,42048
22-09-2014,23,12524,13439,8322,3078,37363,665,625,883,2173,39536
23-09-2014,0,11945,12885,8026,2869,35725,634,568,846,2048,37773
23-09-2014,1,11751,12632,7866,2775,35024,616,543,824,1983,37007
23-09-2014,2,11648,12543,7819,2736,34746,614,538,814,1966,36712
23-09-2014,3,11757,12628,7865,2730,34980,621,543,816,1980,36960
23-09-2014,4,11762,12859,8212,2823,35656,653,564,864,2081,37737
23-09-2014,5,12263,13399,9145,3106,37913,772,676,1063,2511,40424
23-09-2014,6,13640,15423,9619,3769,42451,905,799,1222,2926,45377
23-09-2014,7,15073,17172,9909,4313,46467,1021,912,1338,3271,49738
23-09-2014,8,15346,17516,9972,4513,47347,1053,972,1384,3409,50756
23-09-2014,9,14906,17146,9960,4540,46552,1044,988,1377,3409,49961
23-09-2014,10,14674,17116,9860,4612,46262,1031,972,1364,3367,49629
23-09-2014,11,14764,16806,9793,4577,45940,1016,934,1334,3284,49224
23-09-2014,12,14699,16465,9658,4478,45300,1045,952,1344,3341,48641
23-09-2014,13,14453,16288,9557,4474,44772,1038,942,1326,3306,48078
23-09-2014,14,14515,15881,9431,4390,44217,1032,923,1301,3256,47473
23-09-2014,15,14497,15772,9377,4218,43864,1003,903,1260,3166,47030
23-09-2014,16,14141,15768,9529,4210,43648,983,874,1225,3082,46730
23-09-2014,17,14252,16241,9592,4488,44573,987,880,1234,3101,47674
23-09-2014,18,14280,16424,10007,4396,45107,1014,906,1294,3214,48321
23-09-2014,19,14698,16855,10183,4358,46094,1022,938,1355,3315,49409
23-09-2014,20,14586,16431,9678,4179,44874,958,877,1269,3104,47978
23-09-2014,21,14265,15456,9412,3876,43009,856,774,1110,2740,45749
23-09-2014,22,13516,14365,9142,3492,40515,756,676,966,2398,42913
23-09-2014,23,12709,13287,8650,3096,37742,701,611,886,2198,39940
24-09-2014,0,12099,12758,8292,2856,36005,681,571,858,2110,38115
24-09-2014,1,11754,12496,8128,2756,35134,661,555,844,2060,37194
24-09-2014,2,11564,12376,8084,2735,34759,661,550,836,2047,36806
24-09-2014,3,11536,12356,8069,2757,34718,662,561,835,2058,36776
24-09-2014,4,11738,12429,8420,2848,35435,683,587,890,2160,37595
24-09-2014,5,12118,12970,9311,3088,37487,811,691,1091,2593,40080
24-09-2014,6,13211,14971,9584,3759,41525,917,806,1235,2958,44483
24-09-2014,7,14577,16285,9752,4354,44968,1009,919,1339,3267,48235
24-09-2014,8,15351,16794,9819,4561,46525,1052,980,1375,3407,49932
24-09-2014,9,15451,16719,9795,4590,46555,1058,976,1359,3393,49948
24-09-2014,10,15479,16902,9672,4703,46756,1052,954,1339,3345,50101
24-09-2014,11,15194,16862,9594,4703,46353,1041,919,1313,3273,49626
24-09-2014,12,14343,16616,9482,4615,45056,1061,935,1324,3320,48376
24-09-2014,13,14122,16600,9388,4631,44741,1051,929,1311,3291,48032
24-09-2014,14,14516,16649,9291,4566,45022,1035,912,1294,3241,48263
24-09-2014,15,14221,16599,9247,4396,44463,995,897,1262,3154,47617
24-09-2014,16,14396,16417,9251,4327,44391,961,871,1232,3064,47455
24-09-2014,17,14149,16694,9382,4587,44812,959,884,1240,3083,47895
24-09-2014,18,14242,16506,9881,4500,45129,1000,925,1317,3242,48371
24-09-2014,19,14427,16780,10010,4456,45673,999,942,1367,3308,48981
24-09-2014,20,14504,16048,9433,4191,44176,949,876,1269,3094,47270
24-09-2014,21,14164,14989,9225,3843,42221,855,774,1104,2733,44954
24-09-2014,22,13513,13804,8974,3486,39777,765,674,962,2401,42178
24-09-2014,23,12399,12814,8468,3107,36788,699,608,879,2186,38974
25-09-2014,0,11856,12363,8107,2866,35192,667,566,844,2077,37269
25-09-2014,1,11754,12100,7959,2782,34595,648,550,824,2022,36617
25-09-2014,2,11754,11992,7889,2715,34350,639,542,816,1997,36347
25-09-2014,3,11668,12072,7957,2701,34398,641,553,825,2019,36417
25-09-2014,4,11770,12163,8310,2808,35051,667,593,884,2144,37195
25-09-2014,5,12168,12757,9216,3061,37202,773,707,1081,2561,39763
25-09-2014,6,13399,14644,9586,3741,41370,884,825,1234,2943,44313
25-09-2014,7,14819,15908,9751,4343,44821,999,933,1343,3275,48096
25-09-2014,8,15145,16086,9849,4565,45645,1039,987,1392,3418,49063
25-09-2014,9,15115,16098,9842,4630,45685,1032,990,1377,3399,49084
25-09-2014,10,14918,16566,9863,4722,46069,1031,977,1353,3361,49430
25-09-2014,11,14677,16400,9862,4734,45673,1016,939,1321,3276,48949
25-09-2014,12,14323,16140,9763,4629,44855,1030,962,1343,3335,48190
25-09-2014,13,13971,15769,9696,4619,44055,1022,958,1340,3320,47375
25-09-2014,14,13990,15734,9598,4533,43855,1008,941,1329,3278,47133
25-09-2014,15,13980,15588,9501,4394,43463,978,918,1301,3197,46660
25-09-2014,16,13895,15311,9478,4290,42974,946,883,1274,3103,46077
25-09-2014,17,14150,15769,9514,4454,43887,943,900,1288,3131,47018
25-09-2014,18,14263,15993,9800,4439,44495,985,926,1348,3259,47754
25-09-2014,19,14678,16379,9890,4378,45325,996,955,1373,3324,48649
25-09-2014,20,14732,15846,9399,4190,44167,937,896,1283,3116,47283
25-09-2014,21,14080,15098,9195,3837,42210,853,792,1116,2761,44971
25-09-2014,22,13436,14022,8965,3483,39906,766,692,977,2435,42341
25-09-2014,23,12588,13195,8468,3143,37394,697,623,897,2217,39611
26-09-2014,0,12032,12373,8163,2933,35501,682,579,861,2122,37623
26-09-2014,1,11815,12224,7972,2779,34790,661,563,843,2067,36857
26-09-2014,2,11783,12186,7918,2728,34615,655,554,839,2048,36663
26-09-2014,3,11768,12256,7978,2731,34733,647,563,845,2055,36788
26-09-2014,4,11479,12191,8290,2755,34715,682,595,898,2175,36890
26-09-2014,5,11766,13082,9137,3026,37011,798,703,1096,2597,39608
26-09-2014,6,12910,14656,9505,3675,40746,912,818,1251,2981,43727
26-09-2014,7,14043,15893,9673,4258,43867,1010,934,1374,3318,47185
26-09-2014,8,14357,16058,9757,4475,44647,1047,988,1424,3459,48106
26-09-2014,9,14477,16147,9725,4547,44896,1038,990,1420,3448,48344
26-09-2014,10,14255,16244,9704,4577,44780,1027,979,1400,3406,48186
26-09-2014,11,14087,15809,9620,4556,44072,1015,942,1361,3318,47390
26-09-2014,12,14005,15541,9377,4467,43390,1032,948,1364,3344,46734
26-09-2014,13,13704,15253,9152,4401,42510,1013,935,1332,3280,45790
26-09-2014,14,13714,15094,9190,4288,42286,994,912,1290,3196,45482
26-09-2014,15,13484,15040,9168,4140,41832,962,878,1247,3087,44919
26-09-2014,16,13362,14879,9191,4139,41571,935,846,1225,3006,44577
26-09-2014,17,13384,15065,9294,4310,42053,926,848,1224,2998,45051
26-09-2014,18,13698,14924,9673,4178,42473,958,889,1287,3134,45607
26-09-2014,19,13969,15195,9480,4071,42715,960,923,1337,3220,45935
26-09-2014,20,13776,14644,9002,3863,41285,908,859,1242,3009,44294
26-09-2014,21,13153,13720,8774,3588,39235,827,775,1098,2700,41935
26-09-2014,22,12791,12949,8534,3327,37601,742,691,978,2411,40012
26-09-2014,23,12276,12371,8010,3077,35734,688,615,897,2200,37934
27-09-2014,0,11886,11926,7533,2866,34211,644,584,846,2074,36285
27-09-2014,1,11618,11395,7321,2703,33037,636,560,818,2014,35051
27-09-2014,2,11426,11327,7265,2593,32611,618,554,803,1975,34586
27-09-2014,3,11369,11420,7287,2575,32651,617,554,801,1972,34623
27-09-2014,4,11363,11462,7439,2555,32819,624,562,820,2006,34825
27-09-2014,5,11357,11617,7744,2623,33341,657,600,885,2142,35483
27-09-2014,6,11697,11852,7633,2813,33995,677,632,946,2255,36250
27-09-2014,7,12133,12193,7862,3016,35204,754,709,1047,2510,37714
27-09-2014,8,12609,12730,8155,3391,36885,801,771,1125,2697,39582
27-09-2014,9,13069,13245,8204,3614,38132,833,791,1137,2761,40893
27-09-2014,10,13361,13494,8251,3731,38837,826,788,1123,2737,41574
27-09-2014,11,13151,13448,8227,3674,38500,824,776,1107,2707,41207
27-09-2014,12,13037,13272,8214,3611,38134,827,772,1097,2696,40830
27-09-2014,13,12814,13154,8081,3557,37606,811,763,1076,2650,40256
27-09-2014,14,12744,12945,8182,3489,37360,802,748,1059,2609,39969
27-09-2014,15,12605,12904,8323,3479,37311,797,742,1052,2591,39902
27-09-2014,16,12653,12958,8487,3491,37589,799,738,1060,2597,40186
27-09-2014,17,12823,12855,8648,3753,38079,808,749,1082,2639,40718
27-09-2014,18,13151,13244,9088,3801,39284,863,816,1164,2843,42127
27-09-2014,19,13303,14027,9054,3768,40152,880,861,1218,2959,43111
27-09-2014,20,12977,13556,8602,3607,38742,842,805,1144,2791,41533
27-09-2014,21,12449,13027,8556,3369,37401,760,732,1031,2523,39924
27-09-2014,22,12097,12343,8373,3068,35881,706,653,923,2282,38163
27-09-2014,23,11640,11752,7897,2854,34143,653,600,845,2098,36241
28-09-2014,0,11263,11460,7517,2669,32909,617,566,802,1985,34894
28-09-2014,1,11143,11102,7320,2522,32087,598,547,779,1924,34011
28-09-2014,2,11047,10946,7271,2474,31738,586,538,771,1895,33633
28-09-2014,3,10881,10968,7258,2450,31557,583,539,772,1894,33451
28-09-2014,4,10844,10964,7359,2451,31618,593,543,787,1923,33541
28-09-2014,5,10996,11098,7540,2504,32138,620,570,827,2017,34155
28-09-2014,6,11046,11502,7335,2658,32541,632,591,862,2085,34626
28-09-2014,7,11157,11806,7561,2847,33371,720,663,961,2344,35715
28-09-2014,8,11433,12176,7773,3207,34589,759,739,1059,2557,37146
28-09-2014,9,11950,12645,7913,3450,35958,788,769,1100,2657,38615
28-09-2014,10,12295,12944,8017,3545,36801,795,770,1106,2671,39472
28-09-2014,11,12328,13045,8037,3589,36999,789,757,1101,2647,39646
28-09-2014,12,12230,13176,8005,3546,36957,783,758,1092,2633,39590
28-09-2014,13,12406,13037,7983,3493,36919,777,757,1075,2609,39528
28-09-2014,14,12260,12762,8008,3462,36492,778,749,1058,2585,39077
28-09-2014,15,12102,12598,8085,3435,36220,776,741,1053,2570,38790
28-09-2014,16,12411,12815,8223,3486,36935,796,746,1067,2609,39544
28-09-2014,17,12294,13308,8383,3812,37797,820,765,1109,2694,40491
28-09-2014,18,12483,13727,8784,3921,38915,894,840,1227,2961,41876
28-09-2014,19,13011,14605,8865,3941,40422,893,866,1253,3012,43434
28-09-2014,20,13081,14326,8521,3784,39712,835,813,1174,2822,42534
28-09-2014,21,12727,13476,8486,3511,38200,761,730,1037,2528,40728
28-09-2014,22,12350,12636,8354,3209,36549,679,640,905,2224,38773
28-09-2014,23,11668,11883,7809,2906,34266,628,581,823,2032,36298
29-09-2014,0,11195,11383,7551,2699,32828,598,547,783,1928,34756
29-09-2014,1,11035,11178,7451,2610,32274,588,535,764,1887,34161
29-09-2014,2,10915,11122,7357,2595,31989,585,529,767,1881,33870
29-09-2014,3,10987,11194,7501,2618,32300,595,540,774,1909,34209
29-09-2014,4,11146,11319,7852,2666,32983,631,577,837,2045,35028
29-09-2014,5,11502,12046,8785,2939,35272,757,693,1057,2507,37779
29-09-2014,6,12794,13837,9257,3650,39538,878,821,1228,2927,42465
29-09-2014,7,13994,15315,9485,4254,43048,982,907,1340,3229,46277
29-09-2014,8,14472,15613,9564,4437,44086,1021,963,1390,3374,47460
29-09-2014,9,14589,15659,9534,4390,44172,1019,984,1378,3381,47553
29-09-2014,10,14378,15694,9471,4486,44029,1006,,1364,,
29-09-2014,11,14067,15595,9421,4465,43548,981,931,1325,3237,46785
29-09-2014,12,13896,15456,9258,4375,42985,1002,954,1307,3263,46248
29-09-2014,13,13717,15319,9140,4432,42608,995,946,1286,3227,45835
29-09-2014,14,13728,15021,9064,4364,42177,990,926,1278,3194,45371
29-09-2014,15,13558,14974,8948,4227,41707,959,915,1251,3125,44832
29-09-2014,16,13478,14782,9029,4192,41481,929,888,1221,3038,44519
29-09-2014,17,13429,15179,9065,4437,42110,932,892,1231,3055,45165
29-09-2014,18,13548,15548,9541,4392,43029,982,941,1311,3234,46263
29-09-2014,19,13982,15884,9631,4415,43912,980,956,1349,3285,47197
29-09-2014,20,13959,15283,9058,4169,42469,920,882,1253,3055,45524
29-09-2014,21,13557,14547,8816,3883,40803,833,783,1085,2701,43504
29-09-2014,22,13071,13426,8529,3499,38525,736,692,943,2371,40896
29-09-2014,23,12261,12596,8062,3132,36051,680,630,867,2177,38228
30-09-2014,0,11824,12045,7630,2855,34354,649,592,843,2084,36438
30-09-2014,1,11463,11699,7503,2707,33372,637,577,824,2038,35410
30-09-2014,2,11385,11518,7513,2673,33089,627,569,816,2012,35101
30-09-2014,3,11393,11615,7594,2698,33300,629,570,819,2018,35318
30-09-2014,4,11665,11847,7937,2778,34227,670,602,878,2150,36377
30-09-2014,5,12029,12483,8919,3047,36478,788,715,1081,2584,39062
30-09-2014,6,13026,14354,9159,3731,40270,898,839,1244,2981,43251
30-09-2014,7,14570,15862,9291,4346,44069,998,936,1346,3280,47349
30-09-2014,8,14836,16645,9422,4537,45440,1016,984,1371,3371,48811
30-09-2014,9,14707,16825,9469,4567,45568,1014,975,1351,3340,48908
30-09-2014,10,14562,16815,9449,4677,45503,1011,956,1327,3294,48797
30-09-2014,11,14250,16419,9450,4695,44814,983,915,1285,3183,47997
30-09-2014,12,14017,15706,9383,4655,43761,999,935,1293,3227,46988
30-09-2014,13,13863,15495,9304,4686,43348,988,931,1281,3200,46548
30-09-2014,14,13906,15388,9180,4573,43047,975,917,1272,3164,46211
30-09-2014,15,13833,15451,9153,4431,42868,952,891,1238,3081,45949
30-09-2014,16,13771,15318,9174,4375,42638,935,865,1207,3007,45645
30-09-2014,17,13721,15703,9204,4603,43231,941,876,1216,3033,46264
30-09-2014,18,13821,16016,9789,4540,44166,1003,939,1311,3253,47419
30-09-2014,19,14195,16507,9894,4491,45087,999,956,1344,3299,48386
30-09-2014,20,14182,15734,9350,4232,43498,933,893,1249,3075,46573
30-09-2014,21,13746,14904,9080,3949,41679,843,796,1081,2720,44399
30-09-2014,22,13213,13525,8879,3541,39158,754,698,940,2392,41550
30-09-2014,23,12552,12544,8446,3179,36721,697,627,859,2183,38904
01-10-2014,0,11976,12328,8103,2916,35323,669,589,831,2089,37412
01-10-2014,1,11567,12030,7994,2787,34378,655,579,813,2047,36425
01-10-2014,2,11431,11936,7987,2708,34062,652,571,808,2031,36093
01-10-2014,3,11433,12180,8094,2714,34421,661,577,815,2053,36474
01-10-2014,4,11585,12400,8451,2766,35202,691,610,867,2168,37370
01-10-2014,5,12288,13055,9424,3060,37827,820,733,1078,2631,40458
01-10-2014,6,13315,15264,9727,3754,42060,920,857,1242,3019,45079
01-10-2014,7,14512,16708,9848,4390,45458,1011,948,1342,3301,48759
01-10-2014,8,14693,17071,9863,4621,46248,1029,995,1374,3398,49646
01-10-2014,9,14782,17025,9697,4665,46169,1016,1000,1346,3362,49531
01-10-2014,10,14488,17061,9548,4781,45878,1004,973,1330,3307,49185
01-10-2014,11,14585,16831,9582,4752,45750,983,924,1297,3204,48954
01-10-2014,12,14350,16265,9456,4670,44741,1001,950,1304,3255,47996
01-10-2014,13,14224,16091,9286,4636,44237,974,944,1294,3212,47449
01-10-2014,14,14078,16055,9187,4536,43856,961,925,1276,3162,47018
01-10-2014,15,14192,16047,9113,4384,43736,936,903,1242,3081,46817
01-10-2014,16,14203,15922,9160,4336,43621,920,872,1217,3009,46630
01-10-2014,17,14226,15868,9328,4581,44003,933,885,1229,3047,47050
01-10-2014,18,14332,15957,9991,4538,44818,1006,961,1335,3302,48120
01-10-2014,19,14576,16094,10117,4520,45307,1003,977,1368,3348,48655
01-10-2014,20,14172,15550,9547,4226,43495,952,913,1267,3132,46627
01-10-2014,21,13698,14723,9316,3917,41654,867,814,1093,2774,44428
01-10-2014,22,13129,13376,9087,3625,39217,775,711,935,2421,41638
01-10-2014,23,12368,12499,8609,3382,36858,713,638,854,2205,39063
02-10-2014,0,11925,11962,8207,3142,35236,686,599,815,2100,37336
02-10-2014,1,11550,11756,8046,2801,34153,671,588,797,2056,36209
02-10-2014,2,11368,11583,8009,2699,33659,665,584,790,2039,35698
02-10-2014,3,11330,11642,8095,2710,33777,671,594,799,2064,35841
02-10-2014,4,11471,11645,8450,2760,34326,703,626,851,2180,36506
02-10-2014,5,11876,12478,9402,3045,36801,829,752,1070,2651,39452
02-10-2014,6,12917,14825,9814,3760,41316,943,874,1232,3049,44365
02-10-2014,7,14201,16253,9876,4373,44703,1031,964,1328,3323,48026
02-10-2014,8,14565,16426,9900,4554,45445,1058,1008,1355,3421,48866
02-10-2014,9,14474,16685,9809,4602,45570,1048,1003,1334,3385,48955
02-10-2014,10,14374,17067,9706,4644,45791,1030,984,1317,3331,49122
02-10-2014,11,13913,16835,9646,4627,45021,1006,938,1281,3225,48246
02-10-2014,12,13871,16489,9528,4561,44449,1018,957,1292,3267,47716
02-10-2014,13,13866,16361,9432,4575,44234,1004,946,1282,3232,47466
02-10-2014,14,13754,16144,9380,4470,43748,1000,930,1269,3199,46947
02-10-2014,15,13726,15963,9350,4311,43350,975,926,1233,3134,46484
02-10-2014,16,13663,15765,9414,4221,43063,954,890,1205,3049,46112
02-10-2014,17,13606,15955,9522,4463,43546,957,904,1215,3076,46622
02-10-2014,18,13728,16118,10020,4410,44276,1021,969,1330,3320,47596
02-10-2014,19,14177,16354,9961,4434,44926,1009,979,1345,3333,48259
02-10-2014,20,14121,15929,9476,4182,43708,947,913,1248,3108,46816
02-10-2014,21,13803,14805,9272,3895,41775,869,813,1084,2766,44541
02-10-2014,22,13355,13777,8984,3525,39641,775,710,943,2428,42069
02-10-2014,23,12732,12479,8500,3152,36863,716,640,861,2217,39080
03-10-2014,0,12148,11911,8155,2885,35099,688,603,830,2121,37220
03-10-2014,1,11939,11620,8033,2731,34323,675,587,814,2076,36399
03-10-2014,2,11687,11610,7966,2672,33935,666,579,805,2050,35985
03-10-2014,3,11611,11490,8056,2673,33830,672,583,811,2066,35896
03-10-2014,4,11739,11622,8392,2735,34488,702,610,858,2170,36658
03-10-2014,5,12147,12386,9304,2999,36836,827,733,1072,2632,39468
03-10-2014,6,13336,14381,9765,3708,41190,943,855,1227,3025,44215
03-10-2014,7,14554,16002,9900,4337,44793,1030,946,1331,3307,48100
03-10-2014,8,14822,16239,9991,4543,45595,1059,996,1369,3424,49019
03-10-2014,9,14803,16171,9934,4588,45496,1049,993,1356,3398,48894
03-10-2014,10,14918,16117,9825,4622,45482,1049,977,1335,3361,48843
03-10-2014,11,14575,15730,9769,4614,44688,1025,934,1293,3252,47940
03-10-2014,12,14386,15526,9656,4483,44051,1037,949,1294,3280,47331
03-10-2014,13,14156,14984,9509,4327,42976,1016,933,1268,3217,46193
03-10-2014,14,14006,14545,9439,4149,42139,998,916,1233,3147,45286
03-10-2014,15,13791,14244,9382,4007,41424,970,900,1194,3064,44488
03-10-2014,16,13843,14233,9432,3996,41504,949,884,1174,3007,44511
03-10-2014,17,13953,14584,9535,4246,42318,954,896,1185,3035,45353
03-10-2014,18,14050,14837,10056,4262,43205,997,950,1284,3231,46436
03-10-2014,19,14235,14818,9871,4208,43132,966,945,1306,3217,46349
03-10-2014,20,13893,13929,9319,3902,41043,910,878,1215,3003,44046
03-10-2014,21,13382,13010,9120,3649,39161,835,793,1077,2705,41866
03-10-2014,22,12741,12381,8758,3346,37226,756,704,952,2412,39638
03-10-2014,23,12301,11920,8331,3045,35597,694,632,876,2202,37799
04-10-2014,0,11666,11505,7943,2838,33952,665,588,837,2090,36042
04-10-2014,1,11350,11272,7701,2744,33067,648,567,816,2031,35098
04-10-2014,2,11125,11159,7615,2624,32523,639,557,805,2001,34524
04-10-2014,3,11069,11141,7653,2582,32445,635,557,803,1995,34440
04-10-2014,4,11077,11186,7778,2592,32633,649,574,824,2047,34680
04-10-2014,5,11208,11273,8048,2645,33174,685,622,890,2197,35371
04-10-2014,6,11448,11697,8103,2813,34061,714,654,943,2311,36372
04-10-2014,7,11875,11911,8273,3037,35096,775,729,1014,2518,37614
04-10-2014,8,12191,12607,8507,3377,36682,830,789,1133,2752,39434
04-10-2014,9,12798,13296,8584,3601,38279,853,808,1151,2812,41091
04-10-2014,10,13215,13538,8590,3672,39015,850,800,1139,2789,41804
04-10-2014,11,13247,13507,8661,3672,39087,841,779,1118,2738,41825
04-10-2014,12,13175,13267,8612,3673,38727,837,773,1100,2710,41437
04-10-2014,13,12954,13177,8592,3626,38349,826,769,1084,2679,41028
04-10-2014,14,12728,13114,8630,3553,38025,818,758,1072,2648,40673
04-10-2014,15,12616,13127,8701,3494,37938,813,750,1068,2631,40569
04-10-2014,16,12722,13038,8939,3491,38190,822,761,1073,2656,40846
04-10-2014,17,12791,13289,9140,3732,38952,848,777,1096,2721,41673
04-10-2014,18,12983,13671,9627,3804,40085,907,849,1203,2959,43044
04-10-2014,19,13277,13984,9318,3849,40428,888,855,1214,2957,43385
04-10-2014,20,12860,13406,8735,3627,38628,840,804,1129,2773,41401
04-10-2014,21,12407,12896,8772,3396,37471,776,734,1014,2524,39995
04-10-2014,22,11994,12249,8598,3179,36020,721,665,906,2292,38312
04-10-2014,23,11608,11864,8179,2928,34579,671,609,827,2107,36686
05-10-2014,0,11312,11311,7755,2708,33086,636,569,784,1989,35075
05-10-2014,1,11083,10921,7612,2560,32176,622,542,759,1923,34099
05-10-2014,2,10796,10797,7568,2509,31670,610,531,748,1889,33559
05-10-2014,3,10851,10758,7573,2469,31651,606,534,745,1885,33536
05-10-2014,4,10911,10874,7722,2459,31966,618,544,759,1921,33887
05-10-2014,5,11096,11085,7893,2519,32593,641,570,814,2025,34618
05-10-2014,6,11302,11448,7823,2664,33237,666,591,850,2107,35344
05-10-2014,7,11486,11615,7991,2881,33973,735,658,941,2334,36307
05-10-2014,8,11966,12150,8235,3170,35521,795,727,1032,2554,38075
05-10-2014,9,12577,12599,8391,3375,36942,822,762,1067,2651,39593
05-10-2014,10,12721,13043,8463,3503,37730,823,760,1067,2650,40380
05-10-2014,11,12635,13126,8522,3558,37841,813,745,1056,2614,40455
05-10-2014,12,12536,13073,8469,3476,37554,810,738,1043,2591,40145
05-10-2014,13,12371,12884,8405,3414,37074,801,732,1027,2560,39634
05-10-2014,14,12247,12872,8464,3411,36994,796,723,1018,2537,39531
05-10-2014,15,12407,12878,8462,3380,37127,794,722,1019,2535,39662
05-10-2014,16,12597,13107,8615,3455,37774,811,731,1035,2577,40351
05-10-2014,17,12753,13573,8867,3828,39021,852,760,1069,2681,41702
05-10-2014,18,13018,14419,9341,4003,40781,942,861,1209,3012,43793
05-10-2014,19,13401,14590,9254,4049,41294,922,876,1215,3013,44307
05-10-2014,20,13191,14102,8963,3821,40077,876,828,1127,2831,42908
05-10-2014,21,12808,13359,8996,3508,38671,810,744,987,2541,41212
05-10-2014,22,12351,12570,8813,3223,36957,736,649,858,2243,39200
05-10-2014,23,11736,11917,8420,2908,34981,670,580,777,2027,37008
06-10-2014,0,11122,11573,8094,2731,33520,639,547,737,1923,35443
06-10-2014,1,10753,11399,7956,2630,32738,626,536,723,1885,34623
06-10-2014,2,10759,11352,7871,2611,32593,618,536,716,1870,34463
06-10-2014,3,10828,11296,7985,2658,32767,629,546,727,1902,34669
06-10-2014,4,10995,11294,8356,2692,33337,667,587,790,2044,35381
06-10-2014,5,11391,12175,9285,2907,35758,796,715,1019,2530,38288
06-10-2014,6,12671,14232,9981,3667,40551,935,841,1202,2978,43529
06-10-2014,7,13863,15852,10087,4247,44049,1035,934,1320,3289,47338
06-10-2014,8,14341,16136,10205,4427,45109,1075,1003,1377,3455,48564
06-10-2014,9,14184,16163,10240,4468,45055,1077,1012,1368,3457,48512
06-10-2014,10,14379,16207,10195,4623,45404,1069,1001,1353,3423,48827
06-10-2014,11,14188,16064,10123,4585,44960,1057,968,1332,3357,48317
06-10-2014,12,14213,16055,10027,4526,44821,1077,991,1347,3415,48236
06-10-2014,13,13991,15860,9885,4591,44327,1069,975,1337,3381,47708
06-10-2014,14,13815,15857,9840,4546,44058,1059,954,1322,3335,47393
06-10-2014,15,13931,16047,9735,4390,44103,1034,939,1289,3262,47365
06-10-2014,16,14096,16111,9812,4314,44333,1017,915,1260,3192,47525
06-10-2014,17,14105,16352,9949,4585,44991,1034,924,1283,3241,48232
06-10-2014,18,14288,16897,10295,4609,46089,1065,984,1345,3394,49483
06-10-2014,19,14587,16975,10126,4626,46314,1026,979,1318,3323,49637
06-10-2014,20,14277,16389,9590,4364,44620,966,912,1209,3087,47707
06-10-2014,21,13806,15373,9329,4041,42549,877,805,1041,2723,45272
06-10-2014,22,13376,14213,9080,3693,40362,789,696,902,2387,42749
06-10-2014,23,12729,13417,8594,3320,38060,727,613,827,2167,40227
07-10-2014,0,12336,12776,8254,3071,36437,697,590,793,2080,38517
07-10-2014,1,11921,12435,8050,2965,35371,679,579,771,2029,37400
07-10-2014,2,11823,12279,8005,2899,35006,676,573,765,2014,37020
07-10-2014,3,11912,12258,8087,2908,35165,683,575,776,2034,37199
07-10-2014,4,12009,12368,8455,2962,35794,722,613,831,2166,37960
07-10-2014,5,12313,12873,9431,3213,37830,841,746,1040,2627,40457
07-10-2014,6,13585,14688,10013,3908,42194,963,883,1220,3066,45260
07-10-2014,7,14816,16196,10005,4586,45603,1050,972,1331,3353,48956
07-10-2014,8,15105,16379,10096,4750,46330,1075,1024,1354,3453,49783
07-10-2014,9,15205,16681,10070,4774,46730,1067,1020,1328,3415,50145
07-10-2014,10,15174,16643,9996,4883,46696,1055,996,1299,3350,50046
07-10-2014,11,15101,16773,9909,4867,46650,1036,952,1265,3253,49903
07-10-2014,12,14933,16658,9773,4811,46175,1050,963,1279,3292,49467
07-10-2014,13,14600,16471,9726,4821,45618,1029,955,1266,3250,48868
07-10-2014,14,14483,16390,9599,4721,45193,1036,939,1242,3217,48410
07-10-2014,15,14602,16482,9576,4601,45261,1003,915,1208,3126,48387
07-10-2014,16,14587,16290,9609,4617,45103,983,895,1187,3065,48168
07-10-2014,17,14776,16800,9712,4936,46224,1001,924,1227,3152,49376
07-10-2014,18,15264,16924,10181,4821,47190,1064,990,1335,3389,50579
07-10-2014,19,15377,16722,9978,4631,46708,1043,984,1312,3339,50047
07-10-2014,20,14772,15809,9373,4298,44252,980,903,1211,3094,47346
07-10-2014,21,14004,14886,9183,3978,42051,890,803,1042,2735,44786
07-10-2014,22,13504,13834,8863,3615,39816,801,704,900,2405,42221
07-10-2014,23,12613,13096,8412,3236,37357,727,635,822,2184,39541
08-10-2014,0,12007,12683,8016,2986,35692,707,587,789,2083,37775
08-10-2014,1,11648,12264,7901,2901,34714,696,572,767,2035,36749
08-10-2014,2,11371,12092,7898,2875,34236,685,567,761,2013,36249
08-10-2014,3,11253,12089,7917,2856,34115,695,572,770,2037,36152
08-10-2014,4,11303,12115,8203,2884,34505,729,623,833,2185,36690
08-10-2014,5,11752,12786,9208,3109,36855,854,750,1046,2650,39505
08-10-2014,6,13280,14577,9697,3830,41384,979,880,1227,3086,44470
08-10-2014,7,14894,16014,9805,4481,45194,1070,974,1339,3383,48577
08-10-2014,8,15129,16070,9858,4574,45631,1102,1031,1382,3515,49146
08-10-2014,9,15297,16203,9881,4597,45978,1110,1032,1377,3519,49497
08-10-2014,10,15450,16321,9945,4663,46379,1102,1023,1366,3491,49870
08-10-2014,11,15477,16191,9909,4619,46196,1091,990,1338,3419,49615
08-10-2014,12,15227,16049,9872,4535,45683,1120,1028,1354,3502,49185
08-10-2014,13,15003,15841,9823,4528,45195,1112,1015,1352,3479,48674
08-10-2014,14,15096,15673,9732,4429,44930,1105,998,1339,3442,48372
08-10-2014,15,14978,15655,9699,4269,44601,1069,967,1295,3331,47932
08-10-2014,16,14740,15520,9799,4200,44259,1026,943,1257,3226,47485
08-10-2014,17,14620,16096,9961,4466,45143,1054,973,1303,3330,48473
08-10-2014,18,14851,16176,10287,4501,45815,1084,1017,1381,3482,49297
08-10-2014,19,15284,16219,10096,4474,46073,1047,998,1359,3404,49477
08-10-2014,20,14869,15478,9428,4153,43928,990,931,1249,3170,47098
08-10-2014,21,14118,14730,9177,3879,41904,898,824,1076,2798,44702
08-10-2014,22,13221,13711,8875,3513,39320,806,722,936,2464,41784
08-10-2014,23,12282,12725,8387,3171,36565,746,641,853,2240,38805
09-10-2014,0,11744,12304,8103,2957,35108,714,603,820,2137,37245
09-10-2014,1,11398,12120,7781,2855,34154,700,584,804,2088,36242
09-10-2014,2,11254,12103,7676,2804,33837,690,579,802,2071,35908
09-10-2014,3,11328,12153,7769,2772,34022,699,590,811,2100,36122
09-10-2014,4,11459,12246,8127,2852,34684,727,639,867,2233,36917
09-10-2014,5,11972,12875,9089,3100,37036,849,764,1081,2694,39730
09-10-2014,6,13453,14476,9779,3798,41506,973,898,1264,3135,44641
09-10-2014,7,15211,16011,9854,4460,45536,1051,998,1357,3406,48942
09-10-2014,8,15517,16149,9902,4645,46213,1083,1050,1386,3519,49732
09-10-2014,9,15538,16247,9896,4696,46377,1082,1061,1366,3509,49886
09-10-2014,10,15540,16137,9864,4717,46258,1071,1038,1344,3453,49711
09-10-2014,11,15332,16115,9883,4689,46019,1056,997,1312,3365,49384
09-10-2014,12,14912,16006,9735,4574,45227,1084,1021,1334,3439,48666
09-10-2014,13,14550,15758,9638,4556,44502,1072,1009,1330,3411,47913
09-10-2014,14,14665,15624,9680,4510,44479,1070,989,1323,3382,47861
09-10-2014,15,14837,15739,9620,4358,44554,1046,968,1281,3295,47849
09-10-2014,16,14547,15652,9649,4300,44148,1037,940,1245,3222,47370
09-10-2014,17,14829,15829,9901,4485,45044,1052,975,1283,3310,48354
09-10-2014,18,15225,15911,10234,4493,45863,1067,1012,1379,3458,49321
09-10-2014,19,15161,16068,10085,4481,45795,1034,996,1351,3381,49176
09-10-2014,20,14984,15413,9471,4179,44047,965,918,1257,3140,47187
09-10-2014,21,14519,14112,9183,3867,41681,885,819,1091,2795,44476
09-10-2014,22,13548,13499,8950,3468,39465,797,722,953,2472,41937
09-10-2014,23,12352,12585,8489,3150,36576,735,644,871,2250,38826
10-10-2014,0,11757,12318,8150,2988,35213,696,605,828,2129,37342
10-10-2014,1,11396,11958,7956,2871,34181,678,585,804,2067,36248
10-10-2014,2,11076,11852,7930,2819,33677,667,579,798,2044,35721
10-10-2014,3,11012,11932,8027,2810,33781,673,586,807,2066,35847
10-10-2014,4,11099,12015,8389,2836,34339,708,629,864,2201,36540
10-10-2014,5,11600,12443,9367,3049,36459,828,761,1071,2660,39119
10-10-2014,6,13031,14262,10029,3774,41096,953,875,1240,3068,44164
10-10-2014,7,14425,15775,10151,4472,44823,1045,960,1330,3335,48158
10-10-2014,8,14923,15933,10195,4567,45618,1091,1015,1360,3466,49084
10-10-2014,9,14913,15899,10222,4571,45605,1089,1012,1346,3447,49052
10-10-2014,10,15074,15789,10188,4654,45705,1082,994,1327,3403,49108
10-10-2014,11,14873,15951,10161,4583,45568,1056,951,1293,3300,48868
10-10-2014,12,14531,15816,9980,4469,44796,1073,984,1301,3358,48154
10-10-2014,13,14384,15467,9776,4390,44017,1053,966,1280,3299,47316
10-10-2014,14,14183,15311,9740,4141,43375,1039,947,1258,3244,46619
10-10-2014,15,13975,15100,9739,3998,42812,1007,910,1228,3145,45957
10-10-2014,16,13946,14901,9794,3963,42604,988,879,1214,3081,45685
10-10-2014,17,14214,15255,9954,4149,43572,1011,898,1237,3146,46718
10-10-2014,18,14529,15819,10231,4207,44786,1034,952,1338,3324,48110
10-10-2014,19,14821,15509,9899,4160,44389,1004,936,1309,3249,47638
10-10-2014,20,14403,14761,9390,3851,42405,945,871,1218,3034,45439
10-10-2014,21,13882,14005,9147,3582,40616,858,790,1081,2729,43345
10-10-2014,22,13442,13135,8940,3314,38831,778,705,956,2439,41270
10-10-2014,23,12573,12470,8305,3002,36350,723,626,879,2228,38578
11-10-2014,0,12550,12106,7914,2786,35356,678,590,835,2103,37459
11-10-2014,1,11905,11888,7783,2625,34201,656,566,804,2026,36227
11-10-2014,2,11796,11917,7697,2535,33945,645,556,792,1993,35938
11-10-2014,3,11762,11734,7749,2514,33759,646,557,783,1986,35745
11-10-2014,4,11791,11738,7874,2511,33914,659,581,807,2047,35961
11-10-2014,5,11961,12048,8186,2580,34775,708,627,884,2219,36994
11-10-2014,6,12455,12508,8347,2791,36101,740,678,958,2376,38477
11-10-2014,7,13249,12707,8437,3071,37464,792,741,1044,2577,40041
11-10-2014,8,13779,13234,8658,3361,39032,844,803,1126,2773,41805
11-10-2014,9,14234,14101,8859,3555,40749,863,825,1153,2841,43590
11-10-2014,10,14147,14410,8907,3664,41128,866,816,1146,2828,43956
11-10-2014,11,13965,14349,8912,3670,40896,851,801,1133,2785,43681
11-10-2014,12,13782,14009,8885,3582,40258,847,795,1122,2764,43022
11-10-2014,13,13858,13616,8853,3480,39807,835,784,1094,2713,42520
11-10-2014,14,13576,13502,8899,3394,39371,825,770,1075,2670,42041
11-10-2014,15,13689,13497,8995,3373,39554,822,761,1071,2654,42208
11-10-2014,16,13934,13705,9206,3481,40326,824,766,1078,2668,42994
11-10-2014,17,14324,14362,9667,3802,42155,866,817,1131,2814,44969
11-10-2014,18,14722,15057,9945,3983,43707,933,895,1222,3050,46757
11-10-2014,19,14708,14723,9582,3871,42884,908,885,1182,2975,45859
11-10-2014,20,14148,13820,9130,3609,40707,854,828,1100,2782,43489
11-10-2014,21,13767,13116,9028,3358,39269,775,749,988,2512,41781
11-10-2014,22,13097,12732,8891,3133,37853,727,674,892,2293,40146
11-10-2014,23,12529,12104,8451,2901,35985,685,615,819,2119,38104
12-10-2014,0,12224,11872,8065,2688,34849,645,568,774,1987,36836
12-10-2014,1,11823,11530,7857,2569,33779,626,544,749,1919,35698
12-10-2014,2,11541,11449,7801,2494,33285,613,532,733,1878,35163
12-10-2014,3,11444,11342,7782,2469,33037,612,534,728,1874,34911
12-10-2014,4,11519,11442,7911,2466,33338,621,553,744,1918,35256
12-10-2014,5,11746,11615,8135,2538,34034,653,591,799,2043,36077
12-10-2014,6,11978,11745,8201,2694,34618,683,636,853,2172,36790
12-10-2014,7,12140,12044,8168,2925,35277,725,686,928,2339,37616
12-10-2014,8,12790,12342,8390,3198,36720,791,765,1028,2584,39304
12-10-2014,9,13544,13170,8633,3394,38741,826,808,1075,2709,41450
12-10-2014,10,13994,13753,8779,3499,40025,833,827,1085,2745,42770
12-10-2014,11,14008,14028,8846,3514,40396,829,820,1083,2732,43128
12-10-2014,12,13849,13953,8761,3458,40021,831,823,1067,2721,42742
12-10-2014,13,13726,13979,8713,3409,39827,821,819,1054,2694,42521
12-10-2014,14,13654,13733,8689,3374,39450,803,810,1046,2659,42109
12-10-2014,15,13604,13800,8711,3329,39444,808,815,1048,2671,42115
12-10-2014,16,13631,13961,8868,3395,39855,836,829,1086,2751,42606
12-10-2014,17,13692,14390,9235,3738,41055,905,877,1147,2929,43984
12-10-2014,18,14284,15149,9482,3957,42872,949,918,1243,3110,45982
12-10-2014,19,14627,15221,9226,3976,43050,913,897,1204,3014,46064
12-10-2014,20,14530,14779,8918,3690,41917,865,846,1125,2836,44753
12-10-2014,21,14208,13832,8925,3457,40422,801,761,983,2545,42967
12-10-2014,22,13752,13058,8809,3203,38822,732,669,866,2267,41089
12-10-2014,23,13096,12413,8387,2944,36840,680,594,789,2063,38903
13-10-2014,0,12258,12146,8082,2737,35223,645,555,747,1947,37170
13-10-2014,1,12181,11922,7881,2627,34611,624,539,730,1893,36504
13-10-2014,2,12056,11781,7833,2562,34232,618,537,726,1881,36113
13-10-2014,3,12049,11945,7914,2571,34479,628,544,736,1908,36387
13-10-2014,4,12283,12095,8188,2650,35216,663,593,800,2056,37272
13-10-2014,5,12902,12665,9154,2921,37642,793,723,1033,2549,40191
13-10-2014,6,14370,14754,9840,3485,42449,926,862,1225,3013,45462
13-10-2014,7,16208,16617,9988,4145,46958,1007,935,1326,3268,50226
13-10-2014,8,16199,17000,10072,4427,47698,1047,983,1374,3404,51102
13-10-2014,9,15781,17057,10104,4565,47507,1046,996,1362,3404,50911
13-10-2014,10,15641,17063,10088,4706,47498,1020,975,1346,3341,50839
13-10-2014,11,15519,17352,10111,4699,47681,984,936,1311,3231,50912
13-10-2014,12,15319,16967,10038,4635,46959,1024,963,1328,3315,50274
13-10-2014,13,14996,16938,9891,4646,46471,1019,950,1311,3280,49751
13-10-2014,14,14677,16763,9821,4579,45840,1017,927,1289,3233,49073
13-10-2014,15,14483,16582,9760,4409,45234,983,901,1243,3127,48361
13-10-2014,16,14567,16352,9762,4380,45061,964,888,1208,3060,48121
13-10-2014,17,14785,16831,10079,4723,46418,1008,937,1266,3211,49629
13-10-2014,18,15634,17274,10329,4765,48002,1030,990,1364,3384,51386
13-10-2014,19,15942,17275,10101,4540,47858,993,971,1325,3289,51147
13-10-2014,20,15732,16417,9568,4185,45902,936,908,1222,3066,48968
13-10-2014,21,15027,15360,9321,3878,43586,846,811,1059,2716,46302
13-10-2014,22,14206,14164,9051,3547,40968,757,709,917,2383,43351
13-10-2014,23,13372,13220,8642,3182,38416,699,629,838,2166,40582
14-10-2014,0,12708,12861,8183,2944,36696,674,589,802,2065,38761
14-10-2014,1,12338,12520,8005,2804,35667,657,579,778,2014,37681
14-10-2014,2,12149,12289,7925,2727,35090,648,572,771,1991,37081
14-10-2014,3,12200,12137,7923,2719,34979,656,581,782,2019,36998
14-10-2014,4,12391,12253,8281,2782,35707,690,634,843,2167,37874
14-10-2014,5,13086,12968,9137,3001,38192,813,766,1045,2624,40816
14-10-2014,6,15026,14721,9697,3576,43020,948,905,1248,3101,46121
14-10-2014,7,16618,16470,9765,4249,47102,1026,994,1341,3361,50463
14-10-2014,8,16763,16761,9950,4513,47987,1057,1045,1379,3481,51468
14-10-2014,9,16572,16782,9997,4628,47979,1055,1048,1369,3472,51451
14-10-2014,10,16296,17027,9960,4749,48032,1046,1031,1354,3431,51463
14-10-2014,11,16104,16808,10021,4698,47631,1024,998,1320,3342,50973
14-10-2014,12,15750,16536,9908,4633,46827,1045,1024,1347,3416,50243
14-10-2014,13,15317,16297,9749,4636,45999,1031,1006,1349,3386,49385
14-10-2014,14,15035,16169,9657,4553,45414,1021,982,1329,3332,48746
14-10-2014,15,15049,16367,9666,4351,45433,988,964,1284,3236,48669
14-10-2014,16,15002,16742,9710,4344,45798,968,945,1257,3170,48968
14-10-2014,17,14802,16833,10028,4573,46236,1010,983,1313,3306,49542
14-10-2014,18,15326,17170,10333,4658,47487,1031,1005,1380,3416,50903
14-10-2014,19,15504,17007,10163,4489,47163,1003,982,1344,3329,50492
14-10-2014,20,15208,16204,9603,4200,45215,952,914,1238,3104,48319
14-10-2014,21,14839,14894,9374,3909,43016,865,823,1080,2768,45784
14-10-2014,22,14249,13899,9212,3582,40942,781,719,937,2437,43379
14-10-2014,23,13498,12929,8711,3246,38384,719,639,857,2215,40599
15-10-2014,0,12779,12561,8388,2967,36695,691,607,825,2123,38818
15-10-2014,1,12440,12258,8195,2826,35719,674,591,805,2070,37789
15-10-2014,2,12339,12241,8111,2785,35476,666,582,798,2046,37522
15-10-2014,3,12365,12305,8221,2773,35664,673,589,808,2070,37734
15-10-2014,4,12553,12364,8592,2826,36335,705,629,865,2199,38534
15-10-2014,5,13115,13048,9499,3015,38677,824,750,1067,2641,41318
15-10-2014,6,14433,15164,10136,3529,43262,965,889,1267,3121,46383
15-10-2014,7,16096,16825,10147,4235,47303,1040,982,1366,3388,50691
15-10-2014,8,16321,17105,10264,4538,48228,1074,1040,1418,3532,51760
15-10-2014,9,15998,17205,10295,4626,48124,1075,1042,1412,3529,51653
15-10-2014,10,15936,17515,10263,4772,48486,1070,1027,1392,3489,51975
15-10-2014,11,15645,17545,10208,4733,48131,1049,988,1366,3403,51534
15-10-2014,12,15324,17231,10088,4645,47288,1081,1031,1360,3472,50760
15-10-2014,13,15143,17102,9979,4671,46895,1069,1020,1329,3418,50313
15-10-2014,14,15081,16828,9919,4639,46467,1055,1014,1348,3417,49884
15-10-2014,15,15146,17068,9895,4456,46565,1027,995,1311,3333,49898
15-10-2014,16,15334,17124,10023,4407,46888,1018,966,1295,3279,50167
15-10-2014,17,15429,17516,10467,4654,48066,1057,1003,1326,3386,51452
15-10-2014,18,15732,17869,10820,4663,49084,1064,1018,1386,3468,52552
15-10-2014,19,15792,17568,10635,4452,48447,1026,993,1348,3367,51814
15-10-2014,20,15584,16739,10127,4111,46561,970,925,1253,3148,49709
15-10-2014,21,15302,15874,9839,3881,44896,888,832,1097,2817,47713
15-10-2014,22,14677,14745,9615,3526,42563,805,730,964,2499,45062
15-10-2014,23,13865,13821,9160,3172,40018,741,653,892,2286,42304
16-10-2014,0,13161,13493,8833,2927,38414,709,611,857,2177,40591
16-10-2014,1,12901,13159,8659,2781,37500,688,589,838,2115,39615
16-10-2014,2,12837,12950,8646,2715,37148,686,580,831,2097,39245
16-10-2014,3,12933,12911,8717,2732,37293,693,583,838,2114,39407
16-10-2014,4,13074,12928,9113,2807,37922,727,629,881,2237,40159
16-10-2014,5,13600,13676,9963,3029,40268,852,755,1075,2682,42950
16-10-2014,6,14872,15552,10513,3528,44465,991,900,1268,3159,47624
16-10-2014,7,16651,17109,10512,4191,48463,1073,998,1364,3435,51898
16-10-2014,8,16943,17245,10592,4477,49257,1110,1054,1416,3580,52837
16-10-2014,9,16807,17843,10519,4597,49766,1101,1055,1423,3579,53345
16-10-2014,10,16714,18016,10453,4693,49876,1083,1038,1405,3526,53402
16-10-2014,11,16475,18058,10359,4660,49552,1061,1005,1366,3432,52984
16-10-2014,12,16365,17790,10327,4557,49039,1085,1039,1386,3510,52549
16-10-2014,13,16362,17627,10155,4519,48663,1068,1029,1365,3462,52125
16-10-2014,14,16403,17515,10142,4415,48475,1057,1020,1356,3433,51908
16-10-2014,15,16340,17591,10113,4254,48298,1033,1004,1305,3342,51640
16-10-2014,16,16490,17341,10155,4158,48144,1022,971,1279,3272,51416
16-10-2014,17,16412,17763,10570,4388,49133,1070,1012,1333,3415,52548
16-10-2014,18,16750,18119,10973,4548,50390,1096,1029,1358,3483,53873
16-10-2014,19,16712,17648,10869,4444,49673,1053,996,1335,3384,53057
16-10-2014,20,16476,17009,10367,4114,47966,995,932,1249,3176,51142
16-10-2014,21,16168,16143,10142,3825,46278,912,829,1086,2827,49105
16-10-2014,22,15493,14951,9997,3482,43923,826,726,952,2504,46427
16-10-2014,23,14755,13737,9536,3147,41175,763,635,876,2274,43449
17-10-2014,0,14076,13386,9173,2904,39539,727,603,827,2157,41696
17-10-2014,1,13719,12998,9014,2759,38490,713,584,806,2103,40593
17-10-2014,2,13583,12870,8960,2702,38115,709,579,798,2086,40201
17-10-2014,3,13536,12821,9068,2702,38127,717,589,794,2100,40227
17-10-2014,4,13627,13045,9439,2780,38891,752,640,852,2244,41135
17-10-2014,5,14051,13850,10390,2980,41271,877,756,1058,2691,43962
17-10-2014,6,15286,15780,10913,3500,45479,1013,901,1261,3175,48654
17-10-2014,7,17120,17552,10928,4131,49731,1088,996,1368,3452,53183
17-10-2014,8,17545,17806,11016,4440,50807,1114,1037,1416,3567,54374
17-10-2014,9,17450,17726,10964,4576,50716,1100,1026,1409,3535,54251
17-10-2014,10,17300,17741,10851,4702,50594,1091,1001,1403,3495,54089
17-10-2014,11,16965,17429,10792,4655,49841,1069,960,1380,3409,53250
17-10-2014,12,16715,16950,10612,4534,48811,1081,973,1391,3445,52256
17-10-2014,13,16516,16620,10459,4416,48011,1065,979,1372,3416,51427
17-10-2014,14,16423,16346,10398,4225,47392,1047,958,1336,3341,50733
17-10-2014,15,16266,16089,10418,4036,46809,1018,937,1277,3232,50041
17-10-2014,16,16132,15963,10438,4051,46584,1000,914,1279,3193,49777
17-10-2014,17,16158,16506,10863,4337,47864,1050,960,1328,3338,51202
17-10-2014,18,16466,16871,11162,4476,48975,1080,1014,1371,3465,52440
17-10-2014,19,16490,16471,10839,4248,48048,1039,980,1324,3343,51391
17-10-2014,20,16048,15653,10442,3892,46035,986,912,1232,3130,49165
17-10-2014,21,15552,14874,10353,3592,44371,907,824,1096,2827,47198
17-10-2014,22,15007,13902,10116,3319,42344,832,742,969,2543,44887
17-10-2014,23,14443,13206,9618,3032,40299,779,660,884,2323,42622
18-10-2014,0,13996,12732,9222,2832,38782,740,615,835,2190,40972
18-10-2014,1,13504,12453,9091,2663,37711,718,586,806,2110,39821
18-10-2014,2,13314,12211,8970,2587,37082,705,574,797,2076,39158
18-10-2014,3,13181,12176,8966,2553,36876,706,580,795,2081,38957
18-10-2014,4,13131,12108,9120,2538,36897,718,610,816,2144,39041
18-10-2014,5,13267,12221,9461,2613,37562,756,663,895,2314,39876
18-10-2014,6,13764,12617,9604,2814,38799,799,729,975,2503,41302
18-10-2014,7,14221,13167,9643,3075,40106,848,784,1057,2689,42795
18-10-2014,8,14705,13892,9840,3356,41793,911,850,1134,2895,44688
18-10-2014,9,15433,14547,9875,3615,43470,935,877,1152,2964,46434
18-10-2014,10,15768,14629,9776,3740,43913,935,874,1140,2949,46862
18-10-2014,11,15763,14771,9699,3775,44008,930,862,1126,2918,46926
18-10-2014,12,15627,14674,9585,3737,43623,921,869,1106,2896,46519
18-10-2014,13,15476,14566,9513,3667,43222,906,844,1074,2824,46046
18-10-2014,14,15391,14466,9620,3625,43102,902,832,1062,2796,45898
18-10-2014,15,15114,14424,9763,3625,42926,905,828,1063,2796,45722
18-10-2014,16,15131,14593,10093,3710,43527,926,840,1083,2849,46376
18-10-2014,17,15316,15139,10653,4086,45194,982,897,1173,3052,48246
18-10-2014,18,15387,15305,10674,4263,45629,999,940,1271,3210,48839
18-10-2014,19,15116,14844,10295,4035,44290,965,910,1227,3102,47392
18-10-2014,20,14483,14117,9853,3720,42173,922,859,1145,2926,45099
18-10-2014,21,14018,13544,9763,3516,40841,866,792,1027,2685,43526
18-10-2014,22,13544,13004,9700,3293,39541,803,710,923,2436,41977
18-10-2014,23,12618,12387,9360,3042,37407,757,639,844,2240,39647
19-10-2014,0,12555,12249,8926,2857,36587,719,591,792,2102,38689
19-10-2014,1,12257,12223,8637,2699,35816,698,577,760,2035,37851
19-10-2014,2,11955,12045,8519,2612,35131,689,565,742,1996,37127
19-10-2014,3,11812,12026,8503,2576,34917,688,565,737,1990,36907
19-10-2014,4,11785,12002,8539,2563,34889,700,590,757,2047,36936
19-10-2014,5,11749,11913,8745,2614,35021,724,632,813,2169,37190
19-10-2014,6,11926,12238,8824,2731,35719,761,664,879,2304,38023
19-10-2014,7,12220,12399,8879,2997,36495,795,708,946,2449,38944
19-10-2014,8,12613,12754,8947,3260,37574,864,780,1045,2689,40263
19-10-2014,9,13072,13380,9238,3498,39188,908,820,1106,2834,42022
19-10-2014,10,13599,13896,9461,3680,40636,933,843,1129,2905,43541
19-10-2014,11,13590,14139,9501,3800,41030,945,847,1146,2938,43968
19-10-2014,12,13745,14255,9490,3782,41272,958,843,1150,2951,44223
19-10-2014,13,13649,14352,9395,3797,41193,946,841,1137,2924,44117
19-10-2014,14,13601,14136,9397,3782,40916,939,839,1120,2898,43814
19-10-2014,15,13613,14267,9404,3760,41044,933,836,1123,2892,43936
19-10-2014,16,13673,14548,9597,3853,41671,948,856,1143,2947,44618
19-10-2014,17,13831,14916,10012,4190,42949,998,907,1212,3117,46066
19-10-2014,18,14089,15284,10056,4387,43816,995,928,1293,3216,47032
19-10-2014,19,14125,15146,9829,4240,43340,949,912,1243,3104,46444
19-10-2014,20,13998,14596,9485,3940,42019,898,864,1158,2920,44939
19-10-2014,21,13720,13898,9509,3711,40838,841,786,1013,2640,43478
19-10-2014,22,13189,13265,9416,3448,39318,773,705,880,2358,41676
19-10-2014,23,12486,12469,9015,3159,37129,718,615,796,2129,39258
20-10-2014,0,12059,12092,8643,2991,35785,685,580,751,2016,37801
20-10-2014,1,11751,11758,8454,2866,34829,668,552,736,1956,36785
20-10-2014,2,11667,11758,8351,2840,34616,660,542,725,1927,36543
20-10-2014,3,11610,11852,8453,2839,34754,665,553,729,1947,36701
20-10-2014,4,11790,12186,8801,2911,35688,698,595,788,2081,37769
20-10-2014,5,12206,12946,9695,3140,37987,816,731,1017,2564,40551
20-10-2014,6,13829,14599,10420,3859,42707,952,883,1235,3070,45777
20-10-2014,7,15338,16473,10520,4559,46890,1047,967,1349,3363,50253
20-10-2014,8,15505,16780,10466,4672,47423,1095,1018,1390,3503,50926
20-10-2014,9,15519,16921,10386,4706,47532,1111,1030,1386,3527,51059
20-10-2014,10,15288,17008,10361,4793,47450,1112,1023,1383,3518,50968
20-10-2014,11,14922,17167,10368,4778,47235,1101,978,1363,3442,50677
20-10-2014,12,14734,16997,10420,4726,46877,1108,998,1378,3484,50361
20-10-2014,13,14766,17001,10345,4778,46890,1094,997,1370,3461,50351
20-10-2014,14,14611,17197,10284,4714,46806,1085,976,1360,3421,50227
20-10-2014,15,14460,17286,10258,4472,46476,1063,956,1331,3350,49826
20-10-2014,16,14748,17226,10366,4399,46739,1035,943,1289,3267,50006
20-10-2014,17,14733,17620,10760,4678,47791,1084,993,1354,3431,51222
20-10-2014,18,15194,17819,10870,4827,48710,1068,1011,1394,3473,52183
20-10-2014,19,15414,17592,10706,4637,48349,1031,976,1336,3343,51692
20-10-2014,20,15194,17129,10191,4280,46794,966,915,1230,3111,49905
20-10-2014,21,14808,16167,10066,3947,44988,892,811,1066,2769,47757
20-10-2014,22,14119,14943,9782,3594,42438,808,713,919,2440,44878
20-10-2014,23,13341,14089,9328,3194,39952,745,630,835,2210,42162
21-10-2014,0,12834,13265,8935,2954,37988,714,588,791,2093,40081
21-10-2014,1,12492,12952,8780,2816,37040,704,569,773,2046,39086
21-10-2014,2,12372,12712,8689,2754,36527,696,564,775,2035,38562
21-10-2014,3,12375,12700,8770,2760,36605,701,570,784,2055,38660
21-10-2014,4,12496,12882,9129,2827,37334,734,613,846,2193,39527
21-10-2014,5,12949,13443,9993,3085,39470,844,749,1066,2659,42129
21-10-2014,6,14249,15525,10750,3778,44302,992,897,1278,3167,47469
21-10-2014,7,15871,17301,10824,4495,48491,1089,983,1375,3447,51938
21-10-2014,8,16146,17428,10796,4629,48999,1135,1034,1410,3579,52578
21-10-2014,9,15967,17313,10766,4636,48682,1143,1037,1398,3578,52260
21-10-2014,10,15877,17499,10742,4746,48864,1136,1028,1379,3543,52407
21-10-2014,11,15793,17460,10730,4716,48699,1127,982,1344,3453,52152
21-10-2014,12,15680,17473,10723,4694,48570,1150,1007,1373,3530,52100
21-10-2014,13,15522,17120,10716,4752,48110,1137,1000,1363,3500,51610
21-10-2014,14,15551,17194,10682,4656,48083,1130,992,1335,3457,51540
21-10-2014,15,15551,17119,10673,4548,47891,1106,982,1299,3387,51278
21-10-2014,16,15560,16890,10795,4597,47842,1103,959,1296,3358,51200
21-10-2014,17,15784,17491,11216,4974,49465,1143,1015,1374,3532,52997
21-10-2014,18,16033,17659,11320,5015,50027,1126,1027,1425,3578,53605
21-10-2014,19,15761,17287,11119,4747,48914,1074,985,1376,3435,52349
21-10-2014,20,15542,16616,10578,4370,47106,1020,912,1268,3200,50306
21-10-2014,21,15203,15969,10432,4041,45645,949,831,1099,2879,48524
21-10-2014,22,14622,14968,10248,3672,43510,871,726,957,2554,46064
21-10-2014,23,13889,13857,9832,3294,40872,796,633,866,2295,43167
22-10-2014,0,13182,13254,9486,3054,38976,766,592,822,2180,41156
22-10-2014,1,12830,12950,9344,2922,38046,757,582,804,2143,40189
22-10-2014,2,12644,12855,9256,2856,37611,751,574,796,2121,39732
22-10-2014,3,12593,13009,9313,2882,37797,754,581,799,2134,39931
22-10-2014,4,12653,13131,9635,2953,38372,785,634,862,2281,40653
22-10-2014,5,12978,13818,10524,3195,40515,892,764,1072,2728,43243
22-10-2014,6,14342,15622,11152,3893,45009,1037,928,1292,3257,48266
22-10-2014,7,15969,17303,11132,4617,49021,1122,1022,1397,3541,52562
22-10-2014,8,16385,17511,11129,4757,49782,1151,1082,1445,3678,53460
22-10-2014,9,16243,17658,11145,4749,49795,1158,1084,1450,3692,53487
22-10-2014,10,16181,17857,10976,4820,49834,1144,1059,1453,3656,53490
22-10-2014,11,16133,18057,10905,4728,49823,1128,1020,1424,3572,53395
22-10-2014,12,16113,18039,10820,4631,49603,1146,1038,1412,3596,53199
22-10-2014,13,16105,17927,10692,4721,49445,1133,1030,1400,3563,53008
22-10-2014,14,16266,17742,10607,4688,49303,1125,1013,1376,3514,52817
22-10-2014,15,16199,17803,10561,4502,49065,1093,986,1341,3420,52485
22-10-2014,16,16289,17795,10770,4502,49356,1098,962,1321,3381,52737
22-10-2014,17,16404,18210,11293,4835,50742,1147,1045,1398,3590,54332
22-10-2014,18,16507,18542,11601,4905,51555,1146,1066,1429,3641,55196
22-10-2014,19,16544,18174,11466,4647,50831,1111,1031,1370,3512,54343
22-10-2014,20,16369,17374,10912,4291,48946,1068,964,1269,3301,52247
22-10-2014,21,15844,16547,10708,3996,47095,991,867,1108,2966,50061
22-10-2014,22,15121,15593,10482,3613,44809,896,769,974,2639,47448
22-10-2014,23,14380,14573,10126,3230,42309,831,680,891,2402,44711
23-10-2014,0,13836,13800,9804,2978,40418,795,640,856,2291,42709
23-10-2014,1,13392,13623,9654,2842,39511,765,622,836,2223,41734
23-10-2014,2,13159,13460,9544,2791,38954,763,614,835,2212,41166
23-10-2014,3,13198,13449,9695,2792,39134,771,626,846,2243,41377
23-10-2014,4,13457,13528,10078,2848,39911,804,678,906,2388,42299
23-10-2014,5,13716,14080,10936,3091,41823,929,797,1115,2841,44664
23-10-2014,6,15187,15905,11503,3789,46384,1068,963,1330,3361,49745
23-10-2014,7,16579,17960,11542,4542,50623,1161,1052,1412,3625,54248
23-10-2014,8,17016,18269,11550,4692,51527,1206,1102,1461,3769,55296
23-10-2014,9,16885,18223,11483,4695,51286,1205,1099,1430,3734,55020
23-10-2014,10,16804,18590,11465,4771,51630,1202,1070,1402,3674,55304
23-10-2014,11,16646,18320,11390,4732,51088,1178,1023,1365,3566,54654
23-10-2014,12,16419,17957,11253,4660,50289,1199,1050,1374,3623,53912
23-10-2014,13,16321,17944,11082,4671,50018,1178,1033,1358,3569,53587
23-10-2014,14,16357,17962,11003,4642,49964,1167,1020,1348,3535,53499
23-10-2014,15,16343,17870,10971,4519,49703,1136,999,1321,3456,53159
23-10-2014,16,16227,17900,11085,4539,49751,1111,985,1309,3405,53156
23-10-2014,17,16309,18618,11521,4853,51301,1181,1064,1399,3644,54945
23-10-2014,18,16434,18660,11643,4927,51664,1177,1091,1448,3716,55380
23-10-2014,19,16263,18189,11530,4681,50663,1156,1051,1410,3617,54280
23-10-2014,20,15940,17592,11002,4333,48867,1105,986,1311,3402,52269
23-10-2014,21,15412,16492,10768,4002,46674,1036,880,1149,3065,49739
23-10-2014,22,14599,15376,10510,3617,44102,931,779,1005,2715,46817
23-10-2014,23,13994,14625,10043,3241,41903,867,692,929,2488,44391
24-10-2014,0,13253,14118,9779,3001,40151,839,651,881,2371,42522
24-10-2014,1,13086,13762,9562,2875,39285,827,634,857,2318,41603
24-10-2014,2,12835,13732,9468,2806,38841,815,628,851,2294,41135
24-10-2014,3,12766,13612,9457,2800,38635,826,633,857,2316,40951
24-10-2014,4,12820,13553,9847,2869,39089,856,691,919,2466,41555
24-10-2014,5,13074,14237,10815,3136,41262,978,821,1132,2931,44193
24-10-2014,6,14453,16025,11437,3833,45748,1100,969,1342,3411,49159
24-10-2014,7,15770,17752,11388,4565,49475,1187,1051,1451,3689,53164
24-10-2014,8,16237,17855,11414,4791,50297,1251,1100,1477,3828,54125
24-10-2014,9,15980,17803,11320,4793,49896,1251,1098,1451,3800,53696
24-10-2014,10,15931,18150,11232,4882,50195,1237,1092,1422,3751,53946
24-10-2014,11,15811,18089,11112,4804,49816,1210,1037,1380,3627,53443
24-10-2014,12,15598,17749,10941,4619,48907,1210,1052,1379,3641,52548
24-10-2014,13,15494,17446,10804,4522,48266,1189,1035,1351,3575,51841
24-10-2014,14,15304,17084,10734,4320,47442,1171,1009,1314,3494,50936
24-10-2014,15,15194,17012,10691,4172,47069,1149,993,1286,3428,50497
24-10-2014,16,15134,16842,10904,4223,47103,1127,977,1285,3389,50492
24-10-2014,17,15196,17262,11312,4532,48302,1193,1046,1373,3612,51914
24-10-2014,18,15450,17187,11306,4682,48625,1185,1060,1410,3655,52280
24-10-2014,19,15311,16516,11003,4364,47194,1137,1023,1356,3516,50710
24-10-2014,20,14789,15660,10478,4035,44962,1084,955,1264,3303,48265
24-10-2014,21,14255,14874,10292,3757,43178,995,870,1125,2990,46168
24-10-2014,22,13724,14193,10127,3487,41531,916,783,1004,2703,44234
24-10-2014,23,13183,13545,9635,3194,39557,860,693,923,2476,42033
25-10-2014,0,12903,12730,9197,2934,37764,825,648,876,2349,40113
25-10-2014,1,12447,12399,8930,2824,36600,805,622,848,2275,38875
25-10-2014,2,12205,12230,8811,2707,35953,784,611,836,2231,38184
25-10-2014,3,12118,11994,8776,2644,35532,784,616,836,2236,37768
25-10-2014,4,12171,11959,8833,2632,35595,791,647,860,2298,37893
25-10-2014,5,12256,12099,9114,2782,36251,833,692,938,2463,38714
25-10-2014,6,12586,12557,9307,2967,37417,888,765,1027,2680,40097
25-10-2014,7,13139,13034,9503,3289,38965,928,817,1096,2841,41806
25-10-2014,8,13749,13659,9579,3607,40594,992,884,1179,3055,43649
25-10-2014,9,14348,14149,9718,3832,42047,1025,911,1211,3147,45194
25-10-2014,10,14646,14531,9735,3920,42832,1030,906,1200,3136,45968
25-10-2014,11,14527,14873,9755,3920,43075,1022,897,1189,3108,46183
25-10-2014,12,14245,14962,9673,3807,42687,1013,895,1170,3078,45765
25-10-2014,13,14056,14984,9636,3745,42421,996,884,1136,3016,45437
25-10-2014,14,13999,14873,9729,3679,42280,985,868,1118,2971,45251
25-10-2014,15,14032,14806,9890,3640,42368,981,857,1121,2959,45327
25-10-2014,16,14163,15181,10292,3710,43346,1009,872,1139,3020,46366
25-10-2014,17,14561,15432,10641,4054,44688,1079,950,1242,3271,47959
25-10-2014,18,14950,15468,10509,4248,45175,1080,960,1286,3326,48501
25-10-2014,19,14697,15116,10104,3983,43900,1039,935,1241,3215,47115
25-10-2014,20,14148,14409,9696,3704,41957,990,882,1170,3042,44999
25-10-2014,21,13831,13988,9662,3476,40957,926,810,1059,2795,43752
25-10-2014,22,13454,13347,9523,3241,39565,861,738,963,2562,42127
25-10-2014,23,13121,12828,9058,3023,38030,809,665,890,2364,40394
26-10-2014,0,12568,12185,8616,2835,36204,774,620,842,2236,38440
26-10-2014,1,12144,11800,8308,2669,34921,754,596,813,2163,37084
26-10-2014,2,11647,11394,8200,2539,33780,739,585,798,2122,35902
26-10-2014,2,11508,11268,8052,2538,33366,732,584,795,2111,35477
26-10-2014,3,11922,11321,8150,2543,33936,738,592,804,2134,36070
26-10-2014,4,11936,11441,8261,2570,34208,754,623,838,2215,36423
26-10-2014,5,12064,11646,8508,2682,34900,789,666,905,2360,37260
26-10-2014,6,12253,12151,8509,2882,35795,823,708,968,2499,38294
26-10-2014,7,12510,12452,8623,3149,36734,879,784,1064,2727,39461
26-10-2014,8,13123,13056,8844,3439,38462,929,852,1138,2919,41381
26-10-2014,9,13506,13569,9003,3620,39698,960,867,1163,2990,42688
26-10-2014,10,13788,13887,9123,3701,40499,968,862,1167,2997,43496
26-10-2014,11,13752,14116,9165,3741,40774,968,860,1162,2990,43764
26-10-2014,12,13786,14271,9047,3713,40817,972,856,1151,2979,43796
26-10-2014,13,14023,14210,9063,3687,40983,968,853,1142,2963,43946
26-10-2014,14,14062,14182,9157,3684,41085,978,855,1141,2974,44059
26-10-2014,15,14241,14350,9454,3697,41742,1012,879,1171,3062,44804
26-10-2014,16,14491,15186,9800,3989,43466,1083,945,1279,3307,46773
26-10-2014,17,14915,15785,9811,4633,45144,1082,962,1320,3364,48508
26-10-2014,18,14759,15453,9668,4519,44399,1061,946,1283,3290,47689
26-10-2014,19,14449,15069,9381,4220,43119,1004,914,1215,3133,46252
26-10-2014,20,14316,14664,8976,3916,41872,943,854,1130,2927,44799
26-10-2014,21,13935,14086,9110,3629,40760,875,767,1007,2649,43409
26-10-2014,22,13355,13375,8887,3345,38962,810,686,901,2397,41359
26-10-2014,23,12577,12323,8481,3078,36459,758,618,836,2212,38671
27-10-2014,0,12152,12028,8196,2917,35293,733,590,795,2118,37411
27-10-2014,1,11980,11930,7983,2795,34688,714,574,776,2064,36752
27-10-2014,2,11767,11760,7934,2763,34224,710,564,767,2041,36265
27-10-2014,3,11824,11851,7971,2792,34438,720,577,779,2076,36514
27-10-2014,4,12118,11825,8284,2927,35154,760,637,852,2249,37403
27-10-2014,5,12549,12752,9130,3172,37603,888,754,1060,2702,40305
27-10-2014,6,13672,14423,9785,3913,41793,1013,878,1211,3102,44895
27-10-2014,7,15276,15706,9942,4487,45411,1126,986,1352,3464,48875
27-10-2014,8,15501,16355,10039,4556,46451,1163,1049,1406,3618,50069
27-10-2014,9,15203,16257,10067,4685,46212,1164,1055,1403,3622,49834
27-10-2014,10,15125,16511,10064,4768,46468,1150,1037,1404,3591,50059
27-10-2014,11,15005,16508,10048,4763,46324,1134,1000,1387,3521,49845
27-10-2014,12,15038,16520,10000,4683,46241,1147,1016,1401,3564,49805
27-10-2014,13,14936,16516,9881,4698,46031,1140,1013,1385,3538,49569
27-10-2014,14,14932,16528,9886,4678,46024,1131,1008,1373,3512,49536
27-10-2014,15,14944,16417,9987,4518,45866,1133,1024,1350,3507,49373
27-10-2014,16,15288,16728,10398,4652,47066,1165,1061,1422,3648,50714
27-10-2014,17,15457,17208,10384,5262,48311,1144,1063,1452,3659,51970
27-10-2014,18,15524,17084,10276,5037,47921,1100,1018,1391,3509,51430
27-10-2014,19,15341,16264,10114,4708,46427,1046,980,1317,3343,49770
27-10-2014,20,14885,15921,9578,4213,44597,981,904,1208,3093,47690
27-10-2014,21,14418,15065,9440,3816,42739,896,808,1070,2774,45513
27-10-2014,22,13673,14002,9113,3358,40146,814,716,959,2489,42635
27-10-2014,23,12955,13003,8564,3087,37609,752,634,890,2276,39885
28-10-2014,0,12559,12599,8239,2947,36344,724,593,857,2174,38518
28-10-2014,1,12285,12377,7988,2823,35473,711,580,839,2130,37603
28-10-2014,2,12160,12179,7919,2813,35071,687,575,835,2097,37168
28-10-2014,3,12115,12090,8028,2808,35041,702,579,848,2129,37170
28-10-2014,4,12132,12313,8429,2864,35738,732,635,917,2284,38022
28-10-2014,5,12538,13017,9365,3163,38083,856,757,1107,2720,40803
28-10-2014,6,13800,14471,9887,3950,42108,990,869,1249,3108,45216
28-10-2014,7,15190,15619,9923,4557,45289,1070,987,1376,3433,48722
28-10-2014,8,15266,16060,9989,4706,46021,1107,1031,1409,3547,49568
28-10-2014,9,15496,16174,9959,4710,46339,1103,1025,1393,3521,49860
28-10-2014,10,15230,16065,9960,4762,46017,1098,1003,1375,3476,49493
28-10-2014,11,15227,15963,10012,4663,45865,1079,958,1344,3381,49246
28-10-2014,12,15281,15758,9918,4512,45469,1116,984,1356,3456,48925
28-10-2014,13,15349,15994,9868,4535,45746,1094,978,1344,3416,49162
28-10-2014,14,15164,15879,9835,4440,45318,1081,960,1339,3380,48698
28-10-2014,15,15152,16175,10010,4238,45575,1082,974,1318,3374,48949
28-10-2014,16,15467,16548,10346,4214,46575,1127,1041,1412,3580,50155
28-10-2014,17,15525,17014,10274,4882,47695,1122,1066,1451,3639,51334
28-10-2014,18,15388,16669,10243,4743,47043,1084,1024,1404,3512,50555
28-10-2014,19,15240,16298,10039,4429,46006,1044,980,1341,3365,49371
28-10-2014,20,14955,15772,9426,4113,44266,975,914,1236,3125,47391
28-10-2014,21,14572,14973,9333,3821,42699,888,814,1084,2786,45485
28-10-2014,22,13715,13833,8985,3564,40097,807,724,966,2497,42594
28-10-2014,23,12954,12927,8448,3271,37600,752,642,903,2297,39897
29-10-2014,0,12351,12363,8137,3043,35894,720,601,864,2185,38079
29-10-2014,1,12096,12058,7928,2870,34952,706,582,844,2132,37084
29-10-2014,2,12033,12230,7825,2820,34908,702,576,839,2117,37025
29-10-2014,3,12016,12475,7879,2832,35202,705,587,854,2146,37348
29-10-2014,4,12206,12370,8276,2959,35811,740,644,915,2299,38110
29-10-2014,5,12690,12902,9187,3255,38034,871,764,1112,2747,40781
29-10-2014,6,14003,14563,9586,3921,42073,980,874,1249,3103,45176
29-10-2014,7,15406,15966,9684,4494,45550,1065,987,1367,3419,48969
29-10-2014,8,15717,16768,9801,4537,46823,1096,1035,1399,3530,50353
29-10-2014,9,15699,16635,9795,4700,46829,1087,1029,1373,3489,50318
29-10-2014,10,15384,17183,9834,4655,47056,1073,1010,1370,3453,50509
29-10-2014,11,14973,17136,9979,4663,46751,1051,959,1343,3353,50104
29-10-2014,12,14903,16914,9897,4615,46329,1071,982,1357,3410,49739
29-10-2014,13,14848,16933,9911,4625,46317,1059,973,1344,3376,49693
29-10-2014,14,14841,16818,9961,4534,46154,1060,961,1343,3364,49518
29-10-2014,15,14901,17078,10179,4376,46534,1069,965,1338,3372,49906
29-10-2014,16,15228,17316,10412,4469,47425,1122,1040,1429,3591,51016
29-10-2014,17,15921,18036,10427,5080,49464,1115,1066,1468,3649,53113
29-10-2014,18,15871,17791,10454,4930,49046,1075,1024,1416,3515,52561
29-10-2014,19,15702,17288,10230,4626,47846,1034,981,1350,3365,51211
29-10-2014,20,15601,16613,9608,4293,46115,974,910,1249,3133,49248
29-10-2014,21,15168,15980,9554,4004,44706,889,813,1101,2803,47509
29-10-2014,22,14625,14978,9228,3622,42453,809,726,991,2526,44979
29-10-2014,23,14017,14123,8714,3245,40099,746,646,920,2312,42411
30-10-2014,0,13664,13745,8387,3006,38802,707,608,881,2196,40998
30-10-2014,1,13376,13617,8203,2894,38090,703,596,863,2162,40252
30-10-2014,2,13316,13288,8143,2871,37618,696,588,857,2141,39759
30-10-2014,3,13377,13527,8179,2892,37975,708,595,872,2175,40150
30-10-2014,4,13545,13932,8524,2974,38975,733,649,933,2315,41290
30-10-2014,5,14002,14419,9458,3258,41137,875,768,1122,2765,43902
30-10-2014,6,15324,16416,10005,3968,45713,991,888,1265,3144,48857
30-10-2014,7,16919,17875,10120,4550,49464,1082,1009,1393,3484,52948
30-10-2014,8,17287,18509,10194,4701,50691,1107,1067,1438,3612,54303
30-10-2014,9,16912,18207,10109,4706,49934,1096,1078,1437,3611,53545
30-10-2014,10,16797,18179,10101,4742,49819,1086,1060,1431,3577,53396
30-10-2014,11,16633,17792,10126,4707,49258,1071,1025,1400,3496,52754
30-10-2014,12,16351,17458,10014,4612,48435,1086,1044,1425,3555,51990
30-10-2014,13,15951,17386,9917,4598,47852,1068,1028,1416,3512,51364
30-10-2014,14,16124,17322,9878,4526,47850,1066,1015,1404,3485,51335
30-10-2014,15,16261,17424,10118,4375,48178,1055,1020,1395,3470,51648
30-10-2014,16,16686,17988,10608,4506,49788,1118,1077,1479,3674,53462
30-10-2014,17,16968,18894,10551,5136,51549,1109,1077,1487,3673,55222
30-10-2014,18,16994,18745,10564,4978,51281,1077,1036,1445,3558,54839
30-10-2014,19,16872,18370,10462,4640,50344,1035,998,1378,3411,53755
30-10-2014,20,16549,17608,9954,4320,48431,970,924,1271,3165,51596
30-10-2014,21,15952,16686,9869,4012,46519,892,833,1122,2847,49366
30-10-2014,22,15351,15649,9576,3618,44194,808,740,1009,2557,46751
30-10-2014,23,14661,14621,9089,3237,41608,750,663,938,2351,43959
31-10-2014,0,14072,14160,8780,3004,40016,718,621,891,2230,42246
31-10-2014,1,13859,13870,8655,2858,39242,708,605,874,2187,41429
31-10-2014,2,13775,13755,8636,2804,38970,700,605,866,2171,41141
31-10-2014,3,13832,13729,8752,2821,39134,708,614,867,2189,41323
31-10-2014,4,13918,13908,9148,2891,39865,753,667,931,2351,42216
31-10-2014,5,14367,14662,10077,3155,42261,883,785,1120,2788,45049
31-10-2014,6,15742,16602,10594,3883,46821,996,894,1266,3156,49977
31-10-2014,7,17316,17918,10723,4504,50461,1074,1001,1391,3466,53927
31-10-2014,8,17786,18607,10796,4699,51888,1099,1054,1443,3596,55484
31-10-2014,9,17446,18455,10741,4748,51390,1090,1052,1436,3578,54968
31-10-2014,10,17208,18260,10741,4797,51006,1075,1029,1424,3528,54534
31-10-2014,11,17100,17907,10634,4729,50370,1050,988,1385,3423,53793
31-10-2014,12,17049,17717,10510,4617,49893,1065,1007,1384,3456,53349
31-10-2014,13,16943,17341,10396,4517,49197,1052,991,1359,3402,52599
31-10-2014,14,16853,17218,10419,4348,48838,1053,974,1324,3351,52189
31-10-2014,15,16880,17295,10675,4267,49117,1058,982,1322,3362,52479
31-10-2014,16,16956,17733,10999,4462,50150,1119,1050,1422,3591,53741
31-10-2014,17,17025,18188,10963,4843,51019,1114,1055,1432,3601,54620
31-10-2014,18,16821,17708,10953,4659,50141,1079,1010,1376,3465,53606
31-10-2014,19,16458,16955,10639,4292,48344,1029,967,1308,3304,51648
31-10-2014,20,15911,15993,10138,3952,45994,971,906,1203,3080,49074
31-10-2014,21,15473,15424,10135,3690,44722,902,829,1079,2810,47532
31-10-2014,22,14871,14659,9904,3405,42839,827,746,964,2537,45376
31-10-2014,23,14354,13807,9421,3085,40667,767,676,892,2335,43002
01-11-2014,0,13826,13118,9025,2870,38839,744,627,852,2223,41062
01-11-2014,1,13325,12900,8902,2718,37845,722,606,824,2152,39997
01-11-2014,2,13096,12835,8881,2636,37448,710,598,808,2116,39564
01-11-2014,3,13064,12666,8952,2584,37266,708,597,804,2109,39375
01-11-2014,4,13070,12739,9090,2605,37504,721,629,823,2173,39677
01-11-2014,5,13180,12936,9327,2680,38123,769,674,878,2321,40444
01-11-2014,6,13417,13342,9340,2885,38984,802,721,929,2452,41436
01-11-2014,7,13735,13699,9447,3190,40071,862,793,1002,2657,42728
01-11-2014,8,14309,14253,9644,3533,41739,925,859,1053,2837,44576
01-11-2014,9,14926,14667,9755,3731,43079,947,888,1058,2893,45972
01-11-2014,10,15325,15202,9782,3838,44147,950,886,1046,2882,47029
01-11-2014,11,15312,15426,9749,3778,44265,949,876,1031,2856,47121
01-11-2014,12,15297,15472,9658,3720,44147,943,869,1021,2833,46980
01-11-2014,13,15023,15289,9610,3613,43535,942,863,1017,2822,46357
01-11-2014,14,15004,15332,9710,3556,43602,936,856,1017,2809,46411
01-11-2014,15,15202,15564,10182,3586,44534,965,891,1053,2909,47443
01-11-2014,16,15513,16047,10651,3831,46042,1057,970,1170,3197,49239
01-11-2014,17,15661,16206,10785,4452,47104,1041,963,1184,3188,50292
01-11-2014,18,15549,15839,10537,4329,46254,1018,935,1168,3121,49375
01-11-2014,19,14965,15268,10246,3967,44446,977,905,1130,3012,47458
01-11-2014,20,14317,14505,9869,3681,42372,929,852,1071,2852,45224
01-11-2014,21,13839,13893,9988,3467,41187,873,774,980,2627,43814
01-11-2014,22,13458,13280,9875,3223,39836,820,700,880,2400,42236
01-11-2014,23,13137,12738,9425,2984,38284,766,635,824,2225,40509
02-11-2014,0,12863,12400,9080,2778,37121,721,592,787,2100,39221
02-11-2014,1,12605,12207,8799,2645,36256,711,570,764,2045,38301
02-11-2014,2,12342,12003,8705,2565,35615,715,559,754,2028,37643
02-11-2014,3,12225,11995,8634,2520,35374,706,562,755,2023,37397
02-11-2014,4,12262,11965,8700,2533,35460,695,587,775,2057,37517
02-11-2014,5,12331,12008,8852,2599,35790,728,627,836,2191,37981
02-11-2014,6,12429,12273,8873,2789,36364,775,659,873,2307,38671
02-11-2014,7,12697,12298,8919,3041,36955,825,711,960,2496,39451
02-11-2014,8,13053,12899,9086,3337,38375,893,778,1042,2713,41088
02-11-2014,9,13588,13358,9294,3546,39786,937,809,1085,2831,42617
02-11-2014,10,13970,13621,9426,3661,40678,947,822,1101,2870,43548
02-11-2014,11,14164,13757,9449,3685,41055,947,813,1101,2861,43916
02-11-2014,12,14194,13836,9398,3667,41095,941,811,1086,2838,43933
02-11-2014,13,14255,13845,9380,3621,41101,937,809,1072,2818,43919
02-11-2014,14,14212,13868,9466,3632,41178,941,812,1070,2823,44001
02-11-2014,15,14339,14261,9794,3672,42066,972,836,1107,2915,44981
02-11-2014,16,14575,15094,10020,3914,43603,1016,929,1259,3204,46807
02-11-2014,17,14725,15495,9910,4572,44702,1006,938,1295,3239,47941
02-11-2014,18,14639,15284,9811,4464,44198,995,917,1267,3179,47377
02-11-2014,19,14418,15106,9560,4185,43269,946,893,1210,3049,46318
02-11-2014,20,14162,14525,9204,3884,41775,897,840,1128,2865,44640
02-11-2014,21,13873,13894,9392,3640,40799,834,767,1003,2604,43403
02-11-2014,22,13314,13253,9155,3336,39058,762,684,884,2330,41388
02-11-2014,23,12770,12263,8693,3069,36795,710,609,811,2130,38925
03-11-2014,0,12297,11875,8384,2891,35447,681,568,772,2021,37468
03-11-2014,1,11963,11740,8090,2790,34583,664,552,756,1972,36555
03-11-2014,2,11821,11869,7976,2740,34406,672,551,753,1976,36382
03-11-2014,3,11834,11959,8066,2817,34676,680,560,766,2006,36682
03-11-2014,4,12092,12235,8461,2927,35715,726,617,837,2180,37895
03-11-2014,5,12597,12910,9403,3178,38088,850,747,1079,2676,40764
03-11-2014,6,13938,14809,10074,3858,42679,992,893,1245,3130,45809
03-11-2014,7,15482,16177,10178,4531,46368,1102,987,1358,3447,49815
03-11-2014,8,15593,16332,10258,4708,46891,1135,1040,1405,3580,50471
03-11-2014,9,15608,16478,10170,4764,47020,1141,1051,1399,3591,50611
03-11-2014,10,15701,16615,10147,4834,47297,1137,1022,1385,3544,50841
03-11-2014,11,15523,16579,10150,4803,47055,1116,973,1349,3438,50493
03-11-2014,12,15426,16555,10122,4707,46810,1142,995,1360,3497,50307
03-11-2014,13,15543,16518,10036,4695,46792,1127,986,1349,3462,50254
03-11-2014,14,15785,16287,10118,4625,46815,1120,991,1347,3458,50273
03-11-2014,15,15928,16403,10339,4515,47185,1124,1009,1360,3493,50678
03-11-2014,16,16260,17098,10462,4651,48471,1149,1056,1451,3656,52127
03-11-2014,17,16238,17390,10344,5200,49172,1128,1048,1450,3626,52798
03-11-2014,18,16176,17068,10269,4997,48510,1087,1011,1389,3487,51997
03-11-2014,19,16028,16457,10066,4672,47223,1037,969,1329,3335,50558
03-11-2014,20,15690,15769,9487,4354,45300,966,900,1228,3094,48394
03-11-2014,21,15169,14937,9419,4078,43603,883,802,1079,2764,46367
03-11-2014,22,14448,13686,9119,3672,40925,801,704,953,2458,43383
03-11-2014,23,13605,12908,8579,3311,38403,738,629,880,2247,40650
04-11-2014,0,13278,12504,8191,3086,37059,702,586,839,2127,39186
04-11-2014,1,13017,12210,8013,2970,36210,688,572,815,2075,38285
04-11-2014,2,12789,12088,7933,2883,35693,683,568,811,2062,37755
04-11-2014,3,12710,12236,7989,2865,35800,687,583,822,2092,37892
04-11-2014,4,12877,12547,8422,2933,36779,725,630,881,2236,39015
04-11-2014,5,13298,13278,9390,3179,39145,849,759,1100,2708,41853
04-11-2014,6,14657,14883,10076,3950,43566,985,889,1258,3132,46698
04-11-2014,7,16256,16504,10216,4624,47600,1062,970,1350,3382,50982
04-11-2014,8,16386,16658,10276,4796,48116,1095,1021,1377,3493,51609
04-11-2014,9,16414,16553,10264,4827,48058,1095,1015,1365,3475,51533
04-11-2014,10,16491,16898,10219,4798,48406,1090,996,1345,3431,51837
04-11-2014,11,16361,17368,10199,4732,48660,1072,949,1311,3332,51992
04-11-2014,12,16222,17305,10131,4653,48311,1095,976,1321,3392,51703
04-11-2014,13,16027,17022,10120,4660,47829,1073,970,1324,3367,51196
04-11-2014,14,16099,17229,10188,4627,48143,1082,966,1317,3365,51508
04-11-2014,15,16318,17490,10384,4445,48637,1115,990,1334,3439,52076
04-11-2014,16,16684,17978,10486,4659,49807,1120,1047,1435,3602,53409
04-11-2014,17,17034,18414,10396,5198,51042,1099,1038,1438,3575,54617
04-11-2014,18,17019,18064,10318,4971,50372,1067,1002,1386,3455,53827
04-11-2014,19,16832,17406,10160,4613,49011,1027,963,1323,3313,52324
04-11-2014,20,16636,16948,9557,4301,47442,969,909,1222,3100,50542
04-11-2014,21,16168,16183,9471,3973,45795,886,814,1069,2769,48564
04-11-2014,22,15669,15156,9138,3612,43575,794,721,945,2460,46035
04-11-2014,23,14788,14083,8625,3238,40734,734,634,868,2236,42970
05-11-2014,0,14067,13581,8300,2998,38946,703,589,832,2124,41070
05-11-2014,1,13822,13366,8177,2876,38241,683,574,810,2067,40308
05-11-2014,2,13807,13072,8115,2840,37834,673,570,806,2049,39883
05-11-2014,3,13809,13118,8154,2853,37934,680,580,818,2078,40012
05-11-2014,4,14016,13377,8522,2922,38837,715,637,887,2239,41076
05-11-2014,5,14527,14301,9333,3189,41350,837,770,1114,2721,44071
05-11-2014,6,15668,16210,10088,3880,45846,983,898,1266,3147,48993
05-11-2014,7,17320,18086,10220,4594,50220,1069,989,1351,3409,53629
05-11-2014,8,17531,18287,10301,4760,50879,1097,1032,1374,3503,54382
05-11-2014,9,17482,18528,10338,4806,51154,1106,1036,1358,3500,54654
05-11-2014,10,17614,18690,10336,4894,51534,1101,1009,1352,3462,54996
05-11-2014,11,17649,18624,10374,4873,51520,1079,974,1327,3380,54900
05-11-2014,12,17726,18128,10367,4782,51003,1127,997,1334,3458,54461
05-11-2014,13,17149,18452,10326,4815,50742,1096,993,1325,3414,54156
05-11-2014,14,17302,18447,10492,4768,51009,1110,991,1322,3423,54432
05-11-2014,15,17463,18770,10857,4650,51740,1143,1020,1342,3505,55245
05-11-2014,16,17984,19659,11211,4811,53665,1132,1074,1439,3645,57310
05-11-2014,17,18084,19842,11227,5200,54353,1136,1066,1439,3641,57994
05-11-2014,18,17944,19168,11243,4959,53314,1111,1022,1392,3525,56839
05-11-2014,19,17497,18665,11060,4641,51863,1069,980,1336,3385,55248
05-11-2014,20,17219,18091,10484,4316,50110,1016,915,1232,3163,53273
05-11-2014,21,16812,17422,10457,4015,48706,927,811,1079,2817,51523
05-11-2014,22,16185,16441,10173,3621,46420,847,719,954,2520,48940
05-11-2014,23,15456,15210,9637,3234,43537,780,638,872,2290,45827
06-11-2014,0,14715,14501,9307,2994,41517,748,602,848,2198,43715
06-11-2014,1,14411,14291,9113,2888,40703,728,588,833,2149,42852
06-11-2014,2,14297,14123,9097,2839,40356,727,584,829,2140,42496
06-11-2014,3,14274,14206,9145,2836,40461,732,595,837,2164,42625
06-11-2014,4,14464,14573,9543,2916,41496,768,644,899,2311,43807
06-11-2014,5,15074,15281,10520,3192,44067,887,767,1110,2764,46831
06-11-2014,6,16387,17306,11155,3897,48745,1031,902,1256,3189,51934
06-11-2014,7,17917,19056,11200,4629,52802,1118,990,1342,3450,56252
06-11-2014,8,18180,19472,11262,4780,53694,1145,1029,1376,3550,57244
06-11-2014,9,17956,19441,11252,4806,53455,1162,1035,1356,3553,57008
06-11-2014,10,17881,19654,11176,4879,53590,1150,1013,1348,3511,57101
06-11-2014,11,17592,19974,11198,4927,53691,1116,978,1338,3432,57123
06-11-2014,12,17308,19803,11123,4828,53062,1147,1003,1350,3500,56562
06-11-2014,13,17194,19646,11034,4826,52700,1132,1009,1339,3480,56180
06-11-2014,14,17294,19842,11032,4787,52955,1135,1013,1333,3481,56436
06-11-2014,15,17712,20087,11259,4686,53744,1158,1048,1364,3570,57314
06-11-2014,16,18236,20636,11381,4832,55085,1162,1083,1447,3692,58777
06-11-2014,17,18395,20798,11292,5231,55716,1135,1068,1435,3638,59354
06-11-2014,18,18237,20399,11268,4990,54894,1103,1031,1388,3522,58416
06-11-2014,19,18103,19779,11166,4682,53730,1059,986,1326,3371,57101
06-11-2014,20,17757,19221,10694,4375,52047,1011,916,1227,3154,55201
06-11-2014,21,17246,18319,10644,4050,50259,930,820,1078,2828,53087
06-11-2014,22,16673,17106,10343,3647,47769,847,723,967,2537,50306
06-11-2014,23,15873,15862,9887,3295,44917,777,663,896,2336,47253
07-11-2014,0,15302,15105,9569,3028,43004,737,618,862,2217,45221
07-11-2014,1,15064,14670,9401,2909,42044,714,604,841,2159,44203
07-11-2014,2,14894,14740,9389,2853,41876,706,599,828,2133,44009
07-11-2014,3,14830,14685,9541,2867,41923,711,611,840,2162,44085
07-11-2014,4,15025,14809,9954,2928,42716,742,649,900,2291,45007
07-11-2014,5,15562,15577,10904,3192,45235,867,773,1109,2749,47984
07-11-2014,6,16955,17512,11472,3907,49846,1015,913,1275,3203,53049
07-11-2014,7,18528,19505,11489,4609,54131,1087,999,1369,3455,57586
07-11-2014,8,18980,19613,11475,4738,54806,1105,1048,1420,3573,58379
07-11-2014,9,18882,19527,11495,4747,54651,1105,1057,1412,3574,58225
07-11-2014,10,18766,19459,11539,4862,54626,1100,1049,1411,3560,58186
07-11-2014,11,18470,19324,11643,4761,54198,1083,1017,1384,3484,57682
07-11-2014,12,18347,19051,11548,4603,53549,1106,1048,1399,3553,57102
07-11-2014,13,18262,18785,11392,4492,52931,1105,1039,1386,3530,56461
07-11-2014,14,18135,18649,11375,4326,52485,1116,1039,1363,3518,56003
07-11-2014,15,18027,18697,11542,4248,52514,1134,1063,1382,3579,56093
07-11-2014,16,18292,19017,11689,4474,53472,1143,1084,1429,3656,57128
07-11-2014,17,18425,19399,11605,5011,54440,1111,1064,1401,3576,58016
07-11-2014,18,18243,18812,11489,4866,53410,1075,1015,1345,3435,56845
07-11-2014,19,17838,18253,11302,4469,51862,1032,982,1281,3295,55157
07-11-2014,20,17308,17318,10832,4129,49587,970,920,1191,3081,52668
07-11-2014,21,16571,16412,10830,3859,47672,904,828,1069,2801,50473
07-11-2014,22,15997,15573,10589,3539,45698,831,742,961,2534,48232
07-11-2014,23,15457,15022,10124,3271,43874,769,675,886,2330,46204
08-11-2014,0,14794,14566,9652,3013,42025,731,623,838,2192,44217
08-11-2014,1,14277,14081,9406,2863,40627,710,598,809,2117,42744
08-11-2014,2,13984,13887,9276,2803,39950,698,587,795,2080,42030
08-11-2014,3,13873,13810,9270,2771,39724,708,596,796,2100,41824
08-11-2014,4,13883,13813,9351,2788,39835,711,620,818,2149,41984
08-11-2014,5,13915,13987,9615,2865,40382,756,663,894,2313,42695
08-11-2014,6,14345,14428,9787,3074,41634,795,712,967,2474,44108
08-11-2014,7,15184,14887,9903,3343,43317,845,769,1056,2670,45987
08-11-2014,8,15659,15634,10124,3610,45027,907,836,1138,2881,47908
08-11-2014,9,16135,16246,10280,3805,46466,938,863,1177,2978,49444
08-11-2014,10,16570,16445,10282,3941,47238,949,853,1190,2992,50230
08-11-2014,11,16541,16649,10310,3941,47441,946,842,1188,2976,50417
08-11-2014,12,16339,16636,10285,3886,47146,946,839,1179,2964,50110
08-11-2014,13,16174,16476,10264,3850,46764,961,839,1157,2957,49721
08-11-2014,14,16055,16331,10443,3811,46640,977,843,1156,2976,49616
08-11-2014,15,16076,16565,10967,3851,47459,1024,886,1207,3117,50576
08-11-2014,16,16348,17286,11242,4113,48989,1055,944,1304,3303,52292
08-11-2014,17,16569,17509,11235,4612,49925,1033,930,1288,3251,53176
08-11-2014,18,16510,17033,11076,4390,49009,1004,902,1245,3151,52160
08-11-2014,19,16174,16596,10646,4022,47438,965,876,1184,3025,50463
08-11-2014,20,15712,15878,10243,3760,45593,912,827,1114,2853,48446
08-11-2014,21,15256,15130,10409,3534,44329,865,756,1009,2630,46959
08-11-2014,22,14811,14439,10244,3282,42776,808,685,920,2413,45189
08-11-2014,23,14418,13889,9809,3027,41143,757,625,851,2233,43376
09-11-2014,0,13878,13444,9311,2880,39513,740,589,805,2134,41647
09-11-2014,1,13546,13214,9036,2717,38513,708,571,775,2054,40567
09-11-2014,2,13154,13105,8863,2646,37768,700,565,762,2027,39795
09-11-2014,3,13042,12946,8800,2622,37410,700,567,761,2028,39438
09-11-2014,4,13036,12932,8773,2635,37376,710,587,781,2078,39454
09-11-2014,5,13211,13059,8900,2708,37878,736,624,843,2203,40081
09-11-2014,6,13339,13464,8946,2914,38663,763,659,889,2311,40974
09-11-2014,7,13655,13672,8973,3160,39460,812,706,959,2477,41937
09-11-2014,8,13917,14010,9123,3448,40498,871,772,1042,2685,43183
09-11-2014,9,14600,14555,9259,3651,42065,905,799,1091,2795,44860
09-11-2014,10,15057,14970,9368,3736,43131,905,801,1107,2813,45944
09-11-2014,11,15216,15272,9375,3719,43582,902,792,1108,2802,46384
09-11-2014,12,15239,15281,9257,3676,43453,897,790,1104,2791,46244
09-11-2014,13,15142,15222,9173,3636,43173,889,795,1101,2785,45958
09-11-2014,14,15117,15245,9306,3599,43267,909,801,1109,2819,46086
09-11-2014,15,15178,15864,9731,3669,44442,973,852,1174,2999,47441
09-11-2014,16,15534,16593,9879,4036,46042,1032,945,1289,3266,49308
09-11-2014,17,15592,16707,9948,4617,46864,1023,943,1293,3259,50123
09-11-2014,18,15467,16513,9901,4454,46335,999,932,1262,3193,49528
09-11-2014,19,15252,16064,9770,4184,45270,957,908,1203,3068,48338
09-11-2014,20,15171,15446,9370,3903,43890,921,854,1119,2894,46784
09-11-2014,21,14949,14912,9526,3638,43025,862,772,988,2622,45647
09-11-2014,22,14430,14345,9378,3322,41475,803,680,876,2359,43834
09-11-2014,23,13716,13430,8945,3032,39123,752,614,802,2168,41291
10-11-2014,0,13187,13041,8612,2848,37688,718,577,768,2063,39751
10-11-2014,1,12898,12908,8394,2736,36936,703,564,750,2017,38953
10-11-2014,2,12855,12717,8286,2695,36553,701,563,749,2013,38566
10-11-2014,3,12857,12892,8344,2702,36795,713,581,761,2055,38850
10-11-2014,4,12946,13104,8727,2756,37533,753,630,829,2212,39745
10-11-2014,5,13569,13993,9717,3046,40325,876,760,1061,2697,43022
10-11-2014,6,14841,15949,10354,3812,44956,1016,916,1247,3179,48135
10-11-2014,7,16503,17625,10455,4573,49156,1100,1003,1358,3461,52617
10-11-2014,8,16677,17654,10507,4772,49610,1148,1056,1413,3617,53227
10-11-2014,9,16601,17678,10498,4799,49576,1148,1064,1407,3619,53195
10-11-2014,10,16619,17825,10450,4922,49816,1145,1059,1400,3604,53420
10-11-2014,11,16542,18129,10479,4923,50073,1132,1026,1384,3542,53615
10-11-2014,12,16519,17917,10426,4858,49720,1161,1047,1411,3619,53339
10-11-2014,13,16435,17914,10386,4886,49621,1154,1050,1397,3601,53222
10-11-2014,14,16491,17830,10533,4958,49812,1160,1051,1393,3604,53416
10-11-2014,15,16588,18121,10785,4737,50231,1187,1088,1418,3693,53924
10-11-2014,16,16877,18356,10775,5005,51013,1178,1100,1460,3738,54751
10-11-2014,17,16917,18413,10662,5427,51419,1154,1081,1439,3674,55093
10-11-2014,18,16618,17992,10590,5078,50278,1110,1027,1380,3517,53795
10-11-2014,19,16433,17557,10382,4686,49058,1072,986,1316,3374,52432
10-11-2014,20,16263,16752,9863,4351,47229,1010,930,1214,3154,50383
10-11-2014,21,16041,15954,9777,4059,45831,930,835,1056,2821,48652
10-11-2014,22,15317,14877,9467,3627,43288,843,739,941,2523,45811
10-11-2014,23,14458,13915,8948,3265,40586,782,666,872,2320,42906
11-11-2014,0,13760,13248,8571,2965,38544,742,624,835,2201,40745
11-11-2014,1,13407,12934,8390,2836,37567,724,601,815,2140,39707
11-11-2014,2,13290,12858,8339,2804,37291,717,599,806,2122,39413
11-11-2014,3,13291,12802,8331,2811,37235,723,611,817,2151,39386
11-11-2014,4,13400,13034,8641,2883,37958,747,652,881,2280,40238
11-11-2014,5,13840,13650,9567,3207,40264,859,777,1101,2737,43001
11-11-2014,6,15239,15363,10292,3908,44802,1005,931,1280,3216,48018
11-11-2014,7,16784,17035,10550,4594,48963,1082,1020,1375,3477,52440
11-11-2014,8,16962,17249,10426,4714,49351,1111,1068,1417,3596,52947
11-11-2014,9,16865,17296,10350,4721,49232,1114,1067,1409,3590,52822
11-11-2014,10,16872,17556,10378,4776,49582,1113,1053,1401,3567,53149
11-11-2014,11,16835,17569,10351,4757,49512,1096,1019,1373,3488,53000
11-11-2014,12,16685,17412,10169,4657,48923,1119,1041,1392,3552,52475
11-11-2014,13,16592,17316,10088,4694,48690,1112,1034,1389,3535,52225
11-11-2014,14,16595,17200,10077,4606,48478,1135,1042,1388,3565,52043
11-11-2014,15,16807,17584,10334,4503,49228,1163,1070,1417,3650,52878
11-11-2014,16,17232,18117,10305,4797,50451,1157,1084,1469,3710,54161
11-11-2014,17,17283,18337,10337,5262,51219,1131,1065,1456,3652,54871
11-11-2014,18,17008,18002,10388,4993,50391,1094,1024,1408,3526,53917
11-11-2014,19,16748,17505,10202,4660,49115,1051,988,1350,3389,52504
11-11-2014,20,16523,17115,9656,4317,47611,998,921,1248,3167,50778
11-11-2014,21,16201,16265,9641,4022,46129,919,833,1090,2842,48971
11-11-2014,22,15565,15389,9389,3673,44016,840,741,971,2552,46568
11-11-2014,23,14721,14447,8848,3350,41366,770,662,895,2327,43693
12-11-2014,0,14056,13918,8514,3081,39569,735,622,850,2207,41776
12-11-2014,1,13770,13783,8313,2977,38843,719,605,824,2148,40991
12-11-2014,2,13649,13589,8246,2945,38429,710,598,817,2125,40554
12-11-2014,3,13671,13518,8289,2947,38425,717,613,821,2151,40576
12-11-2014,4,13759,13578,8622,3015,38974,736,656,887,2279,41253
12-11-2014,5,14318,14344,9526,3234,41422,878,785,1106,2769,44191
12-11-2014,6,15658,16130,10206,3894,45888,1021,929,1287,3237,49125
12-11-2014,7,17285,17617,10311,4685,49898,1087,1015,1385,3487,53385
12-11-2014,8,17415,17633,10297,4846,50191,1116,1069,1431,3616,53807
12-11-2014,9,17273,17594,10308,4900,50075,1113,1070,1424,3607,53682
12-11-2014,10,17224,17788,10316,5017,50345,1113,1057,1420,3590,53935
12-11-2014,11,17058,17861,10370,4980,50269,1086,1010,1387,3483,53752
12-11-2014,12,17026,17764,10243,4895,49928,1119,1040,1404,3563,53491
12-11-2014,13,17056,17850,10038,4919,49863,1119,1041,1395,3555,53418
12-11-2014,14,17082,17825,10263,4853,50023,1112,1047,1399,3558,53581
12-11-2014,15,17246,18387,10565,4790,50988,1147,1082,1432,3661,54649
12-11-2014,16,17651,18753,10576,5003,51983,1145,1092,1473,3710,55693
12-11-2014,17,17637,19097,10538,5302,52574,1138,1082,1447,3667,56241
12-11-2014,18,17463,18445,10608,5008,51524,1094,1040,1392,3526,55050
12-11-2014,19,17111,17844,10437,4643,50035,1048,995,1335,3378,53413
12-11-2014,20,16789,17084,9849,4286,48008,992,932,1234,3158,51166
12-11-2014,21,16409,16418,9804,3984,46615,905,836,1084,2825,49440
12-11-2014,22,15902,15416,9521,3593,44432,830,744,960,2534,46966
12-11-2014,23,14948,14347,8970,3248,41513,760,669,884,2313,43826
13-11-2014,0,14215,13697,8632,2999,39543,724,625,843,2192,41735
13-11-2014,1,13784,13414,8459,2859,38516,708,606,823,2137,40653
13-11-2014,2,13597,13389,8393,2773,38152,698,601,816,2115,40267
13-11-2014,3,13507,13431,8461,2783,38182,705,616,818,2139,40321
13-11-2014,4,13639,13539,8860,2863,38901,737,658,882,2277,41178
13-11-2014,5,14158,14362,9818,3123,41461,860,788,1106,2754,44215
13-11-2014,6,15623,16354,10534,3855,46366,1010,940,1299,3249,49615
13-11-2014,7,17016,18112,10632,4567,50327,1082,1031,1397,3510,53837
13-11-2014,8,17399,18381,10656,4769,51205,1115,1082,1446,3643,54848
13-11-2014,9,17298,18480,10711,4806,51295,1121,1089,1437,3647,54942
13-11-2014,10,17349,18528,10702,4899,51478,1118,1062,1434,3614,55092
13-11-2014,11,17167,18447,10741,4926,51281,1099,1021,1408,3528,54809
13-11-2014,12,17002,18487,10681,4831,51001,1124,1055,1427,3606,54607
13-11-2014,13,17102,18540,10626,4886,51154,1132,1058,1425,3615,54769
13-11-2014,14,17271,18671,10696,4842,51480,1133,1060,1411,3604,55084
13-11-2014,15,17587,19067,11002,4743,52399,1166,1096,1449,3711,56110
13-11-2014,16,17879,19194,11036,4918,53027,1158,1108,1485,3751,56778
13-11-2014,17,17785,19305,11037,5192,53319,1141,1087,1464,3692,57011
13-11-2014,18,17629,18772,11005,4913,52319,1106,1047,1407,3560,55879
13-11-2014,19,17316,18159,10974,4579,51028,1058,1011,1351,3420,54448
13-11-2014,20,16958,17341,10496,4301,49096,1001,944,1257,3202,52298
13-11-2014,21,16536,16517,10461,4011,47525,921,849,1104,2874,50399
13-11-2014,22,15803,15505,10124,3636,45068,844,751,976,2571,47639
13-11-2014,23,15109,14667,9655,3258,42689,775,674,892,2341,45030
14-11-2014,0,14272,13929,9315,3002,40518,743,627,846,2216,42734
14-11-2014,1,13908,13648,9120,2850,39526,725,607,826,2158,41684
14-11-2014,2,13752,13466,9075,2835,39128,714,601,816,2131,41259
14-11-2014,3,13561,13387,9078,2870,38896,722,608,822,2152,41048
14-11-2014,4,13590,13691,9402,2937,39620,756,655,884,2295,41915
14-11-2014,5,14437,14395,10281,3195,42308,884,779,1099,2762,45070
14-11-2014,6,15758,16418,10821,3884,46881,1031,929,1286,3246,50127
14-11-2014,7,17250,17981,10951,4609,50791,1105,1014,1386,3505,54296
14-11-2014,8,17635,18296,10897,4813,51641,1153,1070,1434,3657,55298
14-11-2014,9,17485,18295,10871,4853,51504,1141,1071,1429,3641,55145
14-11-2014,10,17407,18499,10896,4956,51758,1146,1065,1428,3639,55397
14-11-2014,11,17347,18504,10930,4943,51724,1138,1018,1400,3556,55280
14-11-2014,12,17172,18309,10818,4787,51086,1169,1045,1420,3634,54720
14-11-2014,13,17037,18118,10713,4690,50558,1171,1044,1409,3624,54182
14-11-2014,14,16854,17914,10798,4548,50114,1149,1048,1389,3586,53700
14-11-2014,15,16873,17964,11103,4501,50441,1184,1078,1408,3670,54111
14-11-2014,16,17129,18110,11134,4768,51141,1172,1095,1453,3720,54861
14-11-2014,17,17135,18174,11029,5064,51402,1145,1066,1414,3625,55027
14-11-2014,18,16905,17574,10994,4859,50332,1102,1023,1355,3480,53812
14-11-2014,19,16502,16803,10683,4465,48453,1042,981,1297,3320,51773
14-11-2014,20,16068,16056,10154,4147,46425,1000,918,1211,3129,49554
14-11-2014,21,15598,15237,10153,3847,44835,927,840,1086,2853,47688
14-11-2014,22,15018,14472,9897,3556,42943,855,760,973,2588,45531
14-11-2014,23,14441,13734,9309,3245,40729,789,684,899,2372,43101
15-11-2014,0,13951,13234,8907,3031,39123,740,632,847,2219,41342
15-11-2014,1,13687,12891,8708,2855,38141,715,610,818,2143,40284
15-11-2014,2,13452,12823,8577,2767,37619,699,594,802,2095,39714
15-11-2014,3,13274,12700,8546,2778,37298,699,600,800,2099,39397
15-11-2014,4,13347,12691,8672,2815,37525,716,626,823,2165,39690
15-11-2014,5,13387,12928,8975,2909,38199,762,677,896,2335,40534
15-11-2014,6,13740,13422,9210,3114,39486,815,747,973,2535,42021
15-11-2014,7,14306,14001,9380,3400,41087,851,808,1044,2703,43790
15-11-2014,8,14932,14518,9464,3713,42627,917,867,1141,2925,45552
15-11-2014,9,15641,15365,9643,3973,44622,954,901,1184,3039,47661
15-11-2014,10,16116,15967,9761,4132,45976,960,902,1195,3057,49033
15-11-2014,11,16115,16290,9742,4166,46313,964,891,1199,3054,49367
15-11-2014,12,16086,16158,9726,4149,46119,965,888,1198,3051,49170
15-11-2014,13,15936,16229,9743,4102,46010,962,889,1179,3030,49040
15-11-2014,14,15898,16309,9962,4085,46254,974,891,1172,3037,49291
15-11-2014,15,15991,16378,10493,4189,47051,1041,942,1230,3213,50264
15-11-2014,16,16309,16839,10717,4440,48305,1062,972,1295,3329,51634
15-11-2014,17,16515,17077,10760,4697,49049,1043,954,1267,3264,52313
15-11-2014,18,16464,16555,10526,4523,48068,1013,920,1223,3156,51224
15-11-2014,19,16108,16177,10104,4161,46550,974,894,1169,3037,49587
15-11-2014,20,15826,15802,9691,3907,45226,929,851,1098,2878,48104
15-11-2014,21,15310,15041,9796,3678,43825,869,789,995,2653,46478
15-11-2014,22,14886,14426,9637,3387,42336,813,716,904,2433,44769
15-11-2014,23,14404,13836,9158,3150,40548,768,652,836,2256,42804
16-11-2014,0,13951,13398,8744,2945,39038,731,608,787,2126,41164
16-11-2014,1,13686,13091,8506,2839,38122,712,588,759,2059,40181
16-11-2014,2,13530,12805,8352,2793,37480,700,580,743,2023,39503
16-11-2014,3,13441,12858,8334,2765,37398,702,586,745,2033,39431
16-11-2014,4,13399,12838,8422,2786,37445,723,607,760,2090,39535
16-11-2014,5,13532,12974,8613,2852,37971,744,640,817,2201,40172
16-11-2014,6,13713,13398,8606,3038,38755,778,682,876,2336,41091
16-11-2014,7,14006,13693,8668,3301,39668,818,719,928,2465,42133
16-11-2014,8,14385,14198,8835,3646,41064,883,776,1023,2682,43746
16-11-2014,9,15110,14827,8975,3838,42750,920,816,1084,2820,45570
16-11-2014,10,15634,15437,9112,3978,44161,923,828,1109,2860,47021
16-11-2014,11,15847,15961,9225,4077,45110,922,828,1116,2866,47976
16-11-2014,12,15962,16019,9186,4095,45262,925,831,1118,2874,48136
16-11-2014,13,15980,16066,9162,4077,45285,926,832,1117,2875,48160
16-11-2014,14,15909,16329,9399,4136,45773,944,841,1128,2913,48686
16-11-2014,15,16217,16719,9834,4217,46987,1020,889,1200,3109,50096
16-11-2014,16,16525,17421,10059,4511,48516,1069,934,1283,3286,51802
16-11-2014,17,16480,17383,10097,4860,48820,1065,922,1272,3259,52079
16-11-2014,18,16469,17080,10027,4717,48293,1044,899,1248,3191,51484
16-11-2014,19,16381,16788,9787,4453,47409,1002,879,1189,3070,50479
16-11-2014,20,16240,16330,9473,4146,46189,946,842,1111,2899,49088
16-11-2014,21,15950,15643,9661,3888,45142,895,776,991,2662,47804
16-11-2014,22,15385,14951,9462,3573,43371,831,704,879,2414,45785
16-11-2014,23,14654,14077,9053,3237,41021,774,640,804,2218,43239
17-11-2014,0,13974,13519,8725,2995,39213,745,603,759,2107,41320
17-11-2014,1,13743,13455,8548,2897,38643,726,584,742,2052,40695
17-11-2014,2,13577,13387,8460,2873,38297,724,573,736,2033,40330
17-11-2014,3,13657,13460,8573,2866,38556,734,582,748,2064,40620
17-11-2014,4,13768,13612,8964,2923,39267,774,608,820,2202,41469
17-11-2014,5,14438,14414,9992,3190,42034,907,669,1056,2632,44666
17-11-2014,6,15830,16256,10589,3908,46583,1066,730,1247,3043,49626
17-11-2014,7,17509,18064,10794,4666,51033,1144,796,1354,3294,54327
17-11-2014,8,18000,18428,10817,4842,52087,1184,862,1407,3453,55540
17-11-2014,9,17950,18618,10829,4843,52240,1169,902,1412,3483,55723
17-11-2014,10,18000,19018,10834,4924,52776,1176,911,1405,3492,56268
17-11-2014,11,17789,19171,10840,4938,52738,1160,898,1378,3436,56174
17-11-2014,12,17664,19070,10866,4827,52427,1198,903,1397,3498,55925
17-11-2014,13,17765,19080,10826,4851,52522,1188,900,1388,3476,55998
17-11-2014,14,17868,19244,10899,4797,52808,1196,912,1394,3502,56310
17-11-2014,15,18098,19657,11077,4725,53557,1234,960,1432,3626,57183
17-11-2014,16,18249,19806,11043,4927,54025,1232,982,1462,3676,57701
17-11-2014,17,18200,19781,11018,5351,54350,1211,963,1436,3610,57960
17-11-2014,18,17941,19189,11025,5104,53259,1165,930,1387,3482,56741
17-11-2014,19,17716,18716,10859,4753,52044,1114,900,1326,3340,55384
17-11-2014,20,17445,17822,10346,4397,50010,1062,859,1229,3150,53160
17-11-2014,21,17038,16963,10287,4046,48334,976,794,1075,2845,51179
17-11-2014,22,16287,15941,9976,3671,45875,890,722,944,2556,48431
17-11-2014,23,15451,14859,9507,3304,43121,826,656,864,2346,45467
18-11-2014,0,14723,14102,9145,3024,40994,787,612,829,2228,43222
18-11-2014,1,14353,13575,8974,2906,39808,768,590,807,2165,41973
18-11-2014,2,14108,13466,8859,2857,39290,760,584,802,2146,41436
18-11-2014,3,14072,13478,8910,2882,39342,771,586,814,2171,41513
18-11-2014,4,14308,13680,9287,3007,40282,810,608,878,2296,42578
18-11-2014,5,14808,14299,10264,3255,42626,939,646,1099,2684,45310
18-11-2014,6,16184,16249,10839,3993,47265,1096,693,1293,3082,50347
18-11-2014,7,17901,18041,10985,4760,51687,1171,734,1389,3294,54981
18-11-2014,8,18464,18474,10952,4956,52846,1214,802,1416,3432,56278
18-11-2014,9,18112,18576,10938,4977,52603,1217,842,1394,3453,56056
18-11-2014,10,17982,18612,10940,5064,52598,1205,859,1378,3442,56040
18-11-2014,11,18110,18725,10927,5078,52840,1181,851,1353,3385,56225
18-11-2014,12,18111,18635,10844,4959,52549,1209,843,1379,3431,55980
18-11-2014,13,17842,18576,10842,4962,52222,1195,836,1391,3422,55644
18-11-2014,14,17808,18780,10966,4924,52478,1208,841,1404,3453,55931
18-11-2014,15,18201,19505,11258,4904,53868,1250,908,1453,3611,57479
18-11-2014,16,18580,19429,11189,5089,54287,1256,965,1497,3718,58005
18-11-2014,17,18313,19729,11134,5364,54540,1230,951,1471,3652,58192
18-11-2014,18,18046,19321,11071,5080,53518,1196,929,1416,3541,57059
18-11-2014,19,17810,18737,10943,4715,52205,1152,903,1350,3405,55610
18-11-2014,20,17374,17905,10430,4411,50120,1094,861,1258,3213,53333
18-11-2014,21,16875,16961,10387,4114,48337,1011,805,1100,2916,51253
18-11-2014,22,16179,15911,10013,3704,45807,929,733,978,2640,48447
18-11-2014,23,15344,14986,9489,3335,43154,868,656,900,2424,45578
19-11-2014,0,14655,14341,9072,3116,41184,835,615,859,2309,43493
19-11-2014,1,14310,14055,8885,2990,40240,826,595,835,2256,42496
19-11-2014,2,14131,13993,8799,2944,39867,820,589,828,2237,42104
19-11-2014,3,14195,14035,8793,2952,39975,832,604,841,2277,42252
19-11-2014,4,14338,14122,9154,3004,40618,871,657,908,2436,43054
19-11-2014,5,14680,14945,10123,3272,43020,998,790,1127,2915,45935
19-11-2014,6,16255,16826,10818,3975,47874,1156,943,1323,3422,51296
19-11-2014,7,18099,18795,11064,4757,52715,1222,1032,1423,3677,56392
19-11-2014,8,18491,19270,10984,4891,53636,1260,1074,1474,3808,57444
19-11-2014,9,18112,19161,10951,4889,53113,1247,1080,1464,3791,56904
19-11-2014,10,17987,19258,10901,4974,53120,1245,1066,1453,3764,56884
19-11-2014,11,18019,19416,10861,4952,53248,1217,1024,1412,3653,56901
19-11-2014,12,17711,19563,10792,4925,52991,1235,1054,1437,3726,56717
19-11-2014,13,17845,19578,10777,4961,53161,1228,1061,1455,3744,56905
19-11-2014,14,17948,19621,10962,4901,53432,1236,1075,1462,3773,57205
19-11-2014,15,18158,20410,11263,4812,54643,1293,1118,1500,3911,58554
19-11-2014,16,18601,20426,11274,5067,55368,1295,1127,1518,3940,59308
19-11-2014,17,18399,20410,11294,5370,55473,1277,1106,1487,3870,59343
19-11-2014,18,18194,19711,11277,5096,54278,1238,1063,1433,3734,58012
19-11-2014,19,17925,19128,11069,4755,52877,1192,1026,1383,3601,56478
19-11-2014,20,17622,18500,10427,4412,50961,1133,959,1291,3383,54344
19-11-2014,21,17304,17448,10351,4097,49200,1043,862,1134,3039,52239
19-11-2014,22,16534,16352,10082,3750,46718,959,763,1008,2730,49448
19-11-2014,23,15686,15185,9595,3374,43840,892,686,927,2505,46345
20-11-2014,0,14976,14318,9267,3132,41693,856,646,879,2381,44074
20-11-2014,1,14584,14167,9072,3002,40825,839,628,855,2322,43147
20-11-2014,2,14487,14146,9010,2922,40565,832,621,850,2303,42868
20-11-2014,3,14406,14141,9097,2922,40566,851,635,858,2344,42910
20-11-2014,4,14580,14186,9498,2994,41258,887,680,914,2481,43739
20-11-2014,5,15136,14923,10465,3286,43810,1018,808,1131,2957,46767
20-11-2014,6,16397,17164,11108,4014,48683,1170,959,1327,3456,52139
20-11-2014,7,18082,18828,11275,4727,52912,1248,1048,1436,3732,56644
20-11-2014,8,18660,19394,11181,4913,54148,1280,1097,1484,3861,58009
20-11-2014,9,18533,19940,11178,4904,54555,1283,1102,1488,3873,58428
20-11-2014,10,18423,19874,11163,5079,54539,1268,1083,1484,3835,58374
20-11-2014,11,18319,19789,11029,5026,54163,1234,1050,1457,3741,57904
20-11-2014,12,18242,19388,10953,4923,53506,1253,1073,1477,3803,57309
20-11-2014,13,18289,19474,10888,4962,53613,1248,1086,1478,3812,57425
20-11-2014,14,18536,19629,11187,4866,54218,1265,1106,1484,3855,58073
20-11-2014,15,18654,20090,11501,4748,54993,1296,1147,1515,3958,58951
20-11-2014,16,18826,20238,11540,4992,55596,1285,1149,1527,3961,59557
20-11-2014,17,18847,20395,11424,5315,55981,1263,1126,1496,3885,59866
20-11-2014,18,18510,19815,11459,5097,54881,1222,1085,1445,3752,58633
20-11-2014,19,18255,19183,11314,4764,53516,1171,1043,1386,3600,57116
20-11-2014,20,17879,18201,10747,4464,51291,1107,975,1294,3376,54667
20-11-2014,21,17461,17107,10684,4147,49399,1025,891,1150,3066,52465
20-11-2014,22,16450,15790,10415,3766,46421,961,808,1036,2805,49226
20-11-2014,23,15814,14906,9905,3402,44027,896,726,954,2576,46603
21-11-2014,0,15325,14457,9624,3149,42555,857,685,908,2450,45005
21-11-2014,1,14931,14051,9426,3000,41408,840,671,884,2395,43803
21-11-2014,2,14703,14019,9362,2939,41023,829,658,878,2365,43388
21-11-2014,3,14601,14133,9463,2919,41116,842,670,890,2402,43518
21-11-2014,4,14781,14238,9853,3011,41883,876,728,945,2549,44432
21-11-2014,5,15304,15028,10866,3287,44485,1004,849,1143,2996,47481
21-11-2014,6,16662,17199,11605,4007,49473,1160,1005,1349,3514,52987
21-11-2014,7,18430,19108,11851,4731,54120,1251,1078,1459,3788,57908
21-11-2014,8,18975,19317,11726,4888,54906,1287,1121,1522,3930,58836
21-11-2014,9,18738,19350,11633,4887,54608,1270,1134,1521,3925,58533
21-11-2014,10,18713,19402,11687,4945,54747,1256,1118,1501,3875,58622
21-11-2014,11,18516,19359,11708,4842,54425,1236,1077,1472,3785,58210
21-11-2014,12,18407,19184,11606,4703,53900,1263,1104,1477,3844,57744
21-11-2014,13,18317,19089,11487,4596,53489,1253,1104,1465,3822,57311
21-11-2014,14,18404,18945,11697,4429,53475,1246,1114,1446,3806,57281
21-11-2014,15,18326,19224,11920,4361,53831,1279,1161,1494,3934,57765
21-11-2014,16,18554,19643,11913,4690,54800,1269,1157,1529,3955,58755
21-11-2014,17,18636,19759,11793,5043,55231,1232,1130,1482,3844,59075
21-11-2014,18,18246,19218,11676,4857,53997,1182,1091,1427,3700,57697
21-11-2014,19,17933,18395,11472,4476,52276,1138,1051,1372,3561,55837
21-11-2014,20,17482,17642,10940,4149,50213,1084,994,1280,3358,53571
21-11-2014,21,17013,16922,10927,3899,48761,1007,905,1162,3074,51835
21-11-2014,22,16490,16192,10598,3630,46910,927,809,1054,2790,49700
21-11-2014,23,15810,15431,10115,3325,44681,861,732,976,2569,47250
22-11-2014,0,15353,14806,9642,3078,42879,821,680,916,2417,45296
22-11-2014,1,14872,14486,9470,2905,41733,787,654,889,2330,44063
22-11-2014,2,14651,14241,9358,2818,41068,778,643,877,2298,43366
22-11-2014,3,14632,14196,9365,2798,40991,778,656,874,2308,43299
22-11-2014,4,14598,14319,9475,2835,41227,776,688,895,2359,43586
22-11-2014,5,14867,14470,9726,2920,41983,837,784,974,2595,44578
22-11-2014,6,15240,14873,9956,3097,43166,895,908,1056,2859,46025
22-11-2014,7,15813,15586,10188,3441,45028,942,971,1133,3046,48074
22-11-2014,8,16455,16032,10180,3742,46409,1001,1024,1224,3249,49658
22-11-2014,9,17187,16855,10289,3971,48302,1035,1041,1261,3337,51639
22-11-2014,10,17647,17240,10414,4079,49380,1040,1025,1276,3341,52721
22-11-2014,11,17641,17205,10435,4102,49383,1036,1002,1282,3320,52703
22-11-2014,12,17526,17172,10380,4040,49118,1041,1000,1279,3320,52438
22-11-2014,13,17328,17142,10422,3995,48887,1041,993,1258,3292,52179
22-11-2014,14,17358,17211,10716,3993,49278,1047,990,1256,3293,52571
22-11-2014,15,17450,17683,11238,4121,50492,1113,1042,1332,3487,53979
22-11-2014,16,17810,18479,11350,4406,52045,1123,1058,1390,3571,55616
22-11-2014,17,17882,18498,11436,4741,52557,1091,1033,1359,3483,56040
22-11-2014,18,17646,18034,11197,4547,51424,1055,995,1314,3364,54788
22-11-2014,19,17235,17657,10769,4193,49854,1010,959,1256,3225,53079
22-11-2014,20,16713,16944,10350,3909,47916,963,908,1180,3051,50967
22-11-2014,21,16300,16248,10574,3688,46810,909,834,1081,2824,49634
22-11-2014,22,15861,15684,10423,3449,45417,861,761,989,2611,48028
22-11-2014,23,15394,15080,9982,3210,43666,815,697,914,2426,46092
23-11-2014,0,14972,14532,9609,3046,42159,778,647,860,2285,44444
23-11-2014,1,14634,14368,9334,2923,41259,755,624,834,2213,43472
23-11-2014,2,14424,14220,9225,2831,40700,746,612,816,2174,42874
23-11-2014,3,14327,14024,9201,2790,40342,743,618,818,2179,42521
23-11-2014,4,14347,13986,9203,2787,40323,753,637,837,2227,42550
23-11-2014,5,14418,14155,9430,2846,40849,782,673,900,2355,43204
23-11-2014,6,14585,14445,9488,3046,41564,827,724,965,2516,44080
23-11-2014,7,14951,14926,9596,3312,42785,864,758,1015,2637,45422
23-11-2014,8,15236,15284,9637,3581,43738,931,829,1109,2869,46607
23-11-2014,9,15800,16080,9841,3821,45542,973,868,1165,3006,48548
23-11-2014,10,16343,16499,10025,3968,46835,986,883,1185,3054,49889
23-11-2014,11,16614,16785,10071,4020,47490,983,877,1192,3052,50542
23-11-2014,12,16657,16713,9998,4038,47406,979,875,1196,3050,50456
23-11-2014,13,16585,16621,9950,4006,47162,979,876,1193,3048,50210
23-11-2014,14,16634,16787,10074,4007,47502,1006,893,1205,3104,50606
23-11-2014,15,16863,17261,10533,4091,48748,1081,966,1295,3342,52090
23-11-2014,16,16915,17535,10689,4401,49540,1104,1009,1379,3492,53032
23-11-2014,17,16765,17650,10684,4795,49894,1093,998,1363,3454,53348
23-11-2014,18,16543,17397,10526,4650,49116,1076,981,1332,3389,52505
23-11-2014,19,16395,16997,10341,4314,48047,1034,961,1272,3267,51314
23-11-2014,20,16150,16499,9959,3987,46595,983,912,1194,3089,49684
23-11-2014,21,15843,15935,10114,3736,45628,924,826,1067,2817,48445
23-11-2014,22,15406,15098,9895,3440,43839,856,743,952,2551,46390
23-11-2014,23,14481,14264,9437,3152,41334,795,674,869,2338,43672
24-11-2014,0,14153,14114,9087,3019,40373,764,628,830,2222,42595
24-11-2014,1,13908,13732,8834,2891,39365,748,612,808,2168,41533
24-11-2014,2,13774,13622,8768,2858,39022,749,605,801,2155,41177
24-11-2014,3,13749,13732,8800,2855,39136,763,619,815,2197,41333
24-11-2014,4,13887,13988,9175,2959,40009,806,675,890,2371,42380
24-11-2014,5,14392,14611,10188,3230,42421,936,805,1122,2863,45284
24-11-2014,6,15871,16780,10853,3902,47406,1096,966,1329,3391,50797
24-11-2014,7,17438,18409,11104,4717,51668,1197,1057,1436,3690,55358
24-11-2014,8,17909,18964,11007,4903,52783,1233,1098,1470,3801,56584
24-11-2014,9,17810,19117,10938,4867,52732,1235,1101,1476,3812,56544
24-11-2014,10,17651,19289,10936,4900,52776,1239,1086,1462,3787,56563
24-11-2014,11,17615,19475,10968,4849,52907,1217,1042,1425,3684,56591
24-11-2014,12,17462,19334,10889,4759,52444,1236,1064,1433,3733,56177
24-11-2014,13,17357,19076,10868,4755,52056,1232,1067,1426,3725,55781
24-11-2014,14,17366,19024,11088,4730,52208,1231,1072,1440,3743,55951
24-11-2014,15,17477,19525,11204,4680,52886,1267,1142,1509,3918,56804
24-11-2014,16,17758,19519,11166,4971,53414,1248,1139,1533,3920,57334
24-11-2014,17,17764,19390,11045,5414,53613,1237,1121,1501,3859,57472
24-11-2014,18,17537,18790,10974,5148,52449,1195,1071,1447,3713,56162
24-11-2014,19,17318,18260,10784,4781,51143,1150,1027,1387,3564,54707
24-11-2014,20,16949,17628,10254,4441,49272,1110,962,1288,3360,52632
24-11-2014,21,16603,16625,10280,4133,47641,1032,872,1132,3036,50677
24-11-2014,22,15814,15610,9977,3711,45112,943,771,1010,2724,47836
24-11-2014,23,15090,14568,9457,3338,42453,882,688,938,2508,44961
25-11-2014,0,14457,13914,9111,3089,40571,843,647,905,2395,42966
25-11-2014,1,14133,13688,8864,2966,39651,825,629,881,2335,41986
25-11-2014,2,14080,13571,8831,2894,39376,820,624,870,2314,41690
25-11-2014,3,14109,13710,8896,2925,39640,830,629,885,2344,41984
25-11-2014,4,14562,13831,9222,3006,40621,863,679,953,2495,43116
25-11-2014,5,14940,14468,10145,3283,42836,995,811,1174,2980,45816
25-11-2014,6,16281,16987,10860,4005,48133,1153,965,1383,3501,51634
25-11-2014,7,17938,19084,11245,4772,53039,1227,1067,1501,3795,56834
25-11-2014,8,18280,18964,11150,4909,53303,1262,1125,1557,3944,57247
25-11-2014,9,18084,19100,11009,4847,53040,1257,1126,1559,3942,56982
25-11-2014,10,18124,19141,10939,4830,53034,1254,1115,1561,3930,56964
25-11-2014,11,17767,18843,10955,4799,52364,1232,1083,1522,3837,56201
25-11-2014,12,17572,18909,10896,4724,52101,1256,1110,1535,3901,56002
25-11-2014,13,17491,18742,10793,4734,51760,1243,1112,1529,3884,55644
25-11-2014,14,17564,18644,10988,4670,51866,1256,1123,1531,3910,55776
25-11-2014,15,17817,19343,11157,4669,52986,1298,1166,1567,4031,57017
25-11-2014,16,18190,19780,11098,4986,54054,1271,1152,1570,3993,58047
25-11-2014,17,18185,19909,10987,5354,54435,1241,1124,1540,3905,58340
25-11-2014,18,18161,19764,11014,5086,54025,1184,1082,1487,3753,57778
25-11-2014,19,18055,19092,10860,4778,52785,1150,1045,1424,3619,56404
25-11-2014,20,17756,18507,10375,4446,51084,1090,976,1324,3390,54474
25-11-2014,21,17177,17930,10241,4156,49504,1007,884,1172,3063,52567
25-11-2014,22,16515,16572,9915,3786,46788,920,789,1038,2747,49535
25-11-2014,23,15671,15397,9362,3419,43849,855,711,956,2522,46371
26-11-2014,0,15197,14632,9044,3155,42028,822,674,915,2411,44439
26-11-2014,1,14782,14318,8835,3007,40942,802,650,890,2342,43284
26-11-2014,2,14605,14134,8757,2961,40457,793,644,882,2319,42776
26-11-2014,3,14630,14264,8730,2997,40621,799,662,895,2356,42977
26-11-2014,4,14711,14595,9145,3073,41524,832,711,962,2505,44029
26-11-2014,5,15209,15384,10084,3334,44011,949,834,1182,2965,46976
26-11-2014,6,16623,17498,10756,4071,48948,1111,993,1395,3499,52447
26-11-2014,7,18418,19406,11025,4805,53654,1211,1091,1501,3803,57457
26-11-2014,8,18769,19457,10913,4981,54120,1234,1145,1547,3926,58046
26-11-2014,9,18587,19746,10804,4976,54113,1228,1145,1545,3918,58031
26-11-2014,10,18589,20075,10794,5080,54538,1236,1130,1539,3905,58443
26-11-2014,11,18371,19927,10903,5041,54242,1214,1091,1514,3819,58061
26-11-2014,12,18169,19623,10871,4940,53603,1239,1122,1536,3897,57500
26-11-2014,13,17852,19855,10792,4937,53436,1233,1122,1524,3879,57315
26-11-2014,14,18147,20083,10939,4864,54033,1247,1135,1540,3922,57955
26-11-2014,15,18426,20797,11161,4805,55189,1276,1180,1587,4043,59232
26-11-2014,16,18785,20974,11164,5088,56011,1256,1167,1589,4012,60023
26-11-2014,17,18675,20829,11075,5366,55945,1233,1145,1553,3931,59876
26-11-2014,18,18401,20334,11114,5124,54973,1197,1107,1495,3799,58772
26-11-2014,19,18124,20127,10920,4821,53992,1148,1062,1429,3639,57631
26-11-2014,20,17956,19081,10311,4511,51859,1095,1001,1339,3435,55294
26-11-2014,21,17464,18264,10316,4184,50228,1007,903,1194,3104,53332
26-11-2014,22,16791,17137,9970,3771,47669,925,799,1049,2773,50442
26-11-2014,23,15902,15878,9416,3390,44586,854,719,966,2539,47125
27-11-2014,0,15345,15376,9014,3164,42899,810,670,920,2400,45299
27-11-2014,1,14898,14990,8828,3038,41754,794,654,901,2349,44103
27-11-2014,2,14683,14869,8772,3006,41330,783,645,892,2320,43650
27-11-2014,3,14757,14890,8829,3004,41480,796,658,905,2359,43839
27-11-2014,4,14891,15148,9195,3087,42321,827,704,977,2508,44829
27-11-2014,5,15326,16112,10108,3360,44906,948,831,1190,2969,47875
27-11-2014,6,16730,18356,10742,4043,49871,1114,984,1377,3475,53346
27-11-2014,7,18592,20059,11013,4864,54528,1205,1077,1489,3771,58299
27-11-2014,8,18868,20280,10884,5014,55046,1232,1130,1543,3905,58951
27-11-2014,9,18643,20131,10867,4984,54625,1232,1146,1552,3930,58555
27-11-2014,10,18758,20302,10871,4996,54927,1233,1127,1548,3908,58835
27-11-2014,11,18712,19825,10897,4925,54359,1222,1094,1521,3837,58196
27-11-2014,12,18568,19512,10827,4843,53750,1251,1126,1544,3921,57671
27-11-2014,13,18562,19620,10817,4837,53836,1250,1129,1540,3919,57755
27-11-2014,14,18738,19822,11066,4795,54421,1265,1142,1546,3953,58374
27-11-2014,15,18995,20487,11290,4767,55539,1299,1182,1577,4058,59597
27-11-2014,16,19148,20755,11206,5103,56212,1282,1169,1582,4033,60245
27-11-2014,17,18949,20627,11057,5417,56050,1257,1142,1560,3959,60009
27-11-2014,18,18725,20064,11010,5164,54963,1216,1099,1508,3823,58786
27-11-2014,19,18450,19472,10843,4870,53635,1175,1062,1447,3684,57319
27-11-2014,20,18077,18868,10287,4557,51789,1112,1004,1347,3463,55252
27-11-2014,21,17657,17908,10248,4249,50062,1033,908,1198,3139,53201
27-11-2014,22,17034,16819,9949,3880,47682,954,807,1069,2830,50512
27-11-2014,23,16082,15904,9441,3523,44950,885,730,985,2600,47550
28-11-2014,0,15493,15168,9129,3273,43063,849,691,944,2484,45547
28-11-2014,1,15106,14867,8931,3124,42028,827,671,920,2418,44446
28-11-2014,2,14954,14846,8857,3070,41727,822,663,911,2396,44123
28-11-2014,3,14865,14779,8892,3070,41606,830,678,922,2430,44036
28-11-2014,4,15037,14933,9257,3136,42363,865,729,987,2581,44944
28-11-2014,5,15588,15856,10209,3380,45033,988,847,1203,3038,48071
28-11-2014,6,16908,17656,10871,4082,49517,1144,1011,1399,3554,53071
28-11-2014,7,18738,19703,11255,4895,54591,1215,1104,1486,3805,58396
28-11-2014,8,19355,19971,11149,5078,55553,1252,1151,1547,3950,59503
28-11-2014,9,19051,19810,11067,5071,54999,1254,1146,1548,3948,58947
28-11-2014,10,18895,19916,11034,5059,54904,1246,1122,1531,3899,58803
28-11-2014,11,18773,19685,11039,4992,54489,1232,1085,1489,3806,58295
28-11-2014,12,18497,19415,10908,4864,53684,1253,1098,1497,3848,57532
28-11-2014,13,18428,19099,10910,4791,53228,1251,1101,1484,3836,57064
28-11-2014,14,18532,19208,11197,4651,53588,1249,1113,1474,3836,57424
28-11-2014,15,18706,19661,11397,4649,54413,1287,1168,1534,3989,58402
28-11-2014,16,18758,19889,11335,4911,54893,1281,1177,1580,4038,58931
28-11-2014,17,18739,20006,11270,5116,55131,1243,1151,1541,3935,59066
28-11-2014,18,18493,19495,11191,4965,54144,1208,1103,1482,3793,57937
28-11-2014,19,18221,18793,11007,4637,52658,1164,1059,1419,3642,56300
28-11-2014,20,17717,17768,10493,4334,50312,1109,1001,1331,3441,53753
28-11-2014,21,17165,16878,10574,4091,48708,1034,917,1210,3161,51869
28-11-2014,22,16438,16267,10279,3819,46803,966,831,1097,2894,49697
28-11-2014,23,15977,15441,9677,3501,44596,913,752,1010,2675,47271
29-11-2014,0,15558,15096,9249,3265,43168,873,701,958,2532,45700
29-11-2014,1,15009,14817,9027,3154,42007,847,673,927,2447,44454
29-11-2014,2,14704,14622,8842,3040,41208,839,665,912,2416,43624
29-11-2014,3,14653,14480,8840,2994,40967,835,674,911,2420,43387
29-11-2014,4,14657,14377,8946,2953,40933,847,697,942,2486,43419
29-11-2014,5,14879,14655,9261,3039,41834,883,745,1007,2635,44469
29-11-2014,6,15294,15191,9413,3241,43139,938,819,1096,2853,45992
29-11-2014,7,15822,15938,9754,3597,45111,998,883,1181,3062,48173
29-11-2014,8,16587,16641,9878,3949,47055,1061,942,1282,3285,50340
29-11-2014,9,17283,17356,9984,4215,48838,1098,980,1325,3403,52241
29-11-2014,10,17771,17607,10045,4268,49691,1113,985,1335,3433,53124
29-11-2014,11,17864,17627,10075,4275,49841,1115,977,1329,3421,53262
29-11-2014,12,17916,17743,10104,4187,49950,1119,974,1314,3407,53357
29-11-2014,13,17675,17683,10203,4110,49671,1113,978,1297,3388,53059
29-11-2014,14,17551,17797,10548,4054,49950,1128,987,1297,3412,53362
29-11-2014,15,17833,18288,10932,4129,51182,1187,1059,1390,3636,54818
29-11-2014,16,18142,18781,11001,4505,52429,1186,1078,1457,3721,56150
29-11-2014,17,18221,18750,11046,4783,52800,1164,1068,1427,3659,56459
29-11-2014,18,18063,18288,10848,4673,51872,1133,1035,1388,3556,55428
29-11-2014,19,17708,17967,10448,4340,50463,1092,1009,1336,3437,53900
29-11-2014,20,17219,17044,10118,4062,48443,1049,966,1274,3289,51732
29-11-2014,21,16804,16335,10308,3792,47239,981,890,1170,3041,50280
29-11-2014,22,16392,15705,10100,3541,45738,930,815,1056,2801,48539
29-11-2014,23,15841,15273,9689,3351,44154,878,750,978,2606,46760
30-11-2014,0,15375,14876,9244,3130,42625,840,708,944,2492,45117
30-11-2014,1,14904,14493,8989,2967,41353,824,684,920,2428,43781
30-11-2014,2,14682,14373,8858,2902,40815,819,677,910,2406,43221
30-11-2014,3,14505,14316,8833,2870,40524,821,686,907,2414,42938
30-11-2014,4,14358,14407,8947,2901,40613,836,708,930,2474,43087
30-11-2014,5,14494,14549,9134,2997,41174,874,747,977,2598,43772
30-11-2014,6,15028,14805,9248,3181,42262,917,796,1030,2743,45005
30-11-2014,7,15345,15326,9528,3474,43673,958,839,1082,2879,46552
30-11-2014,8,15993,15819,9583,3781,45176,1023,904,1179,3106,48282
30-11-2014,9,16582,16469,9768,4081,46900,1070,944,1259,3273,50173
30-11-2014,10,17219,16951,10012,4256,48438,1078,955,1285,3318,51756
30-11-2014,11,17388,17271,10091,4304,49054,1073,946,1300,3319,52373
30-11-2014,12,17542,17324,10101,4244,49211,1069,942,1297,3308,52519
30-11-2014,13,17442,17220,10175,4129,48966,1068,943,1288,3299,52265
30-11-2014,14,17439,17448,10506,4148,49541,1097,957,1299,3353,52894
30-11-2014,15,17734,17874,10810,4170,50588,1179,1032,1395,3606,54194
30-11-2014,16,17763,18804,10901,4500,51968,1207,1060,1462,3729,55697
30-11-2014,17,17651,18856,10973,4873,52353,1204,1055,1446,3705,56058
30-11-2014,18,17630,18833,10922,4776,52161,1191,1039,1419,3649,55810
30-11-2014,19,17545,18499,10713,4520,51277,1151,1022,1360,3533,54810
30-11-2014,20,17442,18233,10371,4218,50264,1114,975,1279,3368,53632
30-11-2014,21,17064,17429,10559,3966,49018,1041,888,1148,3077,52095
30-11-2014,22,16608,16680,10393,3637,47318,975,794,1032,2801,50119
30-11-2014,23,15907,15942,9979,3356,45184,925,722,959,2606,47790
01-12-2014,0,15241,15697,9606,3148,43692,885,688,915,2488,46180
01-12-2014,1,14940,15377,9359,3072,42748,865,668,893,2426,45174
01-12-2014,2,14873,15360,9254,3019,42506,865,661,884,2410,44916
01-12-2014,3,14824,15364,9372,3059,42619,885,683,896,2464,45083
01-12-2014,4,15021,15497,9800,3129,43447,921,733,950,2604,46051
01-12-2014,5,15531,16395,10825,3416,46167,1056,866,1169,3091,49258
01-12-2014,6,16933,18205,11521,4091,50750,1225,1041,1383,3649,54399
01-12-2014,7,18635,20210,11876,4944,55665,1308,1139,1508,3955,59620
01-12-2014,8,19419,20740,11699,5112,56970,1337,1188,1574,4099,61069
01-12-2014,9,19266,20814,11593,5086,56759,1346,1205,1585,4136,60895
01-12-2014,10,19071,20939,11599,5149,56758,1348,1203,1582,4133,60891
01-12-2014,11,18781,20742,11610,5092,56225,1313,1161,1552,4026,60251
01-12-2014,12,18703,20541,11549,5054,55847,1331,1180,1566,4077,59924
01-12-2014,13,18760,20612,11528,5065,55965,1325,1182,1558,4065,60030
01-12-2014,14,18912,20714,11682,5013,56321,1343,1185,1558,4086,60407
01-12-2014,15,19179,21128,11868,4997,57172,1381,1236,1603,4220,61392
01-12-2014,16,19487,21209,11826,5263,57785,1363,1222,1614,4199,61984
01-12-2014,17,19239,21220,11697,5583,57739,1334,1197,1596,4127,61866
01-12-2014,18,19016,20690,11683,5373,56762,1309,1156,1547,4012,60774
01-12-2014,19,18661,20062,11604,5015,55342,1263,1118,1490,3871,59213
01-12-2014,20,18417,19601,11074,4654,53746,1207,1063,1394,3664,57410
01-12-2014,21,17979,18330,11051,4315,51675,1120,957,1235,3312,54987
01-12-2014,22,17330,17203,10729,3958,49220,1044,848,1104,2996,52216
01-12-2014,23,16452,16133,10291,3596,46472,978,769,1025,2772,49244
02-12-2014,0,15733,15587,9903,3331,44554,940,727,982,2649,47203
02-12-2014,1,15263,15412,9674,3172,43521,923,711,959,2593,46114
02-12-2014,2,15147,15291,9549,3132,43119,917,711,952,2580,45699
02-12-2014,3,15224,15323,9569,3127,43243,930,726,963,2619,45862
02-12-2014,4,15357,15498,9935,3194,43984,974,775,1001,2750,46734
02-12-2014,5,15931,16456,10923,3483,46793,1103,904,1220,3227,50020
02-12-2014,6,17153,18393,11593,4195,51334,1258,1075,1440,3773,55107
02-12-2014,7,18839,20378,11887,5003,56107,1349,1160,1548,4057,60164
02-12-2014,8,19609,20868,11715,5242,57434,1377,1209,1582,4168,61602
02-12-2014,9,19316,20642,11604,5203,56765,1377,1208,1581,4166,60931
02-12-2014,10,19403,20600,11546,5297,56846,1365,1186,1554,4105,60951
02-12-2014,11,19173,20628,11499,5278,56578,1338,1133,1510,3981,60559
02-12-2014,12,19192,20498,11639,5189,56518,1358,1144,1524,4026,60544
02-12-2014,13,19280,20590,11446,5220,56536,1348,1147,1520,4015,60551
02-12-2014,14,19372,20794,11663,5167,56996,1365,1157,1529,4051,61047
02-12-2014,15,19265,21263,11697,5125,57350,1408,1228,1600,4236,61586
02-12-2014,16,19534,21284,12108,5355,58281,1389,1235,1627,4251,62532
02-12-2014,17,19279,21485,11846,5621,58231,1369,1211,1594,4174,62405
02-12-2014,18,18942,20860,11603,5397,56802,1333,1165,1545,4043,60845
02-12-2014,19,18765,20236,11139,5056,55196,1285,1126,1478,3889,59085
02-12-2014,20,18468,19610,10611,4697,53386,1215,1059,1377,3651,57037
02-12-2014,21,18062,18651,10576,4388,51677,1117,954,1216,3287,54964
02-12-2014,22,17512,17625,10300,4005,49442,1031,848,1088,2967,52409
02-12-2014,23,16509,16512,9781,3615,46417,955,757,1011,2723,49140
03-12-2014,0,15762,15555,9333,3351,44001,912,715,968,2595,46596
03-12-2014,1,15356,15165,9074,3216,42811,886,700,948,2534,45345
03-12-2014,2,15216,15038,8996,3155,42405,879,695,946,2520,44925
03-12-2014,3,15260,15116,9043,3171,42590,880,712,955,2547,45137
03-12-2014,4,15415,15217,9468,3243,43343,914,756,1005,2675,46018
03-12-2014,5,16000,16095,10391,3518,46004,1040,892,1205,3137,49141
03-12-2014,6,17384,18066,11031,4219,50700,1194,1063,1417,3674,54374
03-12-2014,7,19329,20047,11379,5007,55762,1299,1161,1541,4001,59763
03-12-2014,8,19649,20528,11141,5272,56590,1314,1200,1582,4096,60686
03-12-2014,9,19502,20335,11018,5236,56091,1315,1201,1568,4084,60175
03-12-2014,10,19365,20400,10978,5304,56047,1302,1182,1543,4027,60074
03-12-2014,11,19138,20144,10937,5281,55500,1276,1141,1517,3934,59434
03-12-2014,12,18918,20066,10874,5148,55006,1293,1159,1537,3989,58995
03-12-2014,13,18776,20152,10826,5138,54892,1275,1163,1539,3977,58869
03-12-2014,14,18928,20038,11059,5075,55100,1288,1172,1561,4021,59121
03-12-2014,15,18926,20396,11310,5015,55647,1340,1237,1637,4214,59861
03-12-2014,16,19101,20737,11289,5270,56397,1311,1231,1638,4180,60577
03-12-2014,17,18912,20768,11226,5563,56469,1287,1204,1591,4082,60551
03-12-2014,18,18740,20355,11265,5324,55684,1249,1165,1545,3959,59643
03-12-2014,19,18493,19863,11027,5008,54391,1211,1130,1506,3847,58238
03-12-2014,20,18236,19298,10427,4628,52589,1149,1062,1407,3618,56207
03-12-2014,21,17878,18169,10359,4320,50726,1058,967,1245,3270,53996
03-12-2014,22,17120,17045,10016,3886,48067,979,867,1120,2966,51033
03-12-2014,23,16084,15990,9480,3511,45065,907,784,1036,2727,47792
04-12-2014,0,15224,15401,9179,3266,43070,867,733,990,2590,45660
04-12-2014,1,14878,15045,8960,3126,42009,849,713,969,2531,44540
04-12-2014,2,14778,14927,8868,3077,41650,843,706,966,2515,44165
04-12-2014,3,14784,14964,8859,3095,41702,853,719,974,2546,44248
04-12-2014,4,14975,15039,9230,3171,42415,883,766,1018,2667,45082
04-12-2014,5,15470,15819,10223,3445,44957,1011,897,1246,3154,48111
04-12-2014,6,16923,18127,10882,4169,50101,1150,1071,1437,3658,53759
04-12-2014,7,18628,20329,11275,4978,55210,1255,1169,1549,3973,59183
04-12-2014,8,19196,20493,11107,5211,56007,1269,1215,1599,4083,60090
04-12-2014,9,19024,20224,10962,5189,55399,1266,1217,1600,4083,59482
04-12-2014,10,18986,20275,10914,5262,55437,1264,1195,1585,4044,59481
04-12-2014,11,18867,20391,10886,5244,55388,1240,1152,1552,3944,59332
04-12-2014,12,18561,20252,10783,5135,54731,1259,1169,1568,3996,58727
04-12-2014,13,18649,20138,10713,5165,54665,1257,1163,1563,3983,58648
04-12-2014,14,18648,20490,10961,5075,55174,1274,1182,1565,4021,59195
04-12-2014,15,19023,21082,11291,5045,56441,1316,1243,1613,4172,60613
04-12-2014,16,19261,21151,11380,5262,57054,1297,1220,1604,4121,61175
04-12-2014,17,18967,21051,11302,5495,56815,1255,1207,1571,4033,60848
04-12-2014,18,18601,20304,11377,5229,55511,1220,1152,1533,3905,59416
04-12-2014,19,18440,19568,11318,4904,54230,1181,1094,1469,3744,57974
04-12-2014,20,18195,18907,10751,4599,52452,1123,1043,1378,3544,55996
04-12-2014,21,17684,17992,10728,4275,50679,1029,935,1245,3209,53888
04-12-2014,22,16851,16744,10455,3882,47932,946,834,1121,2901,50833
04-12-2014,23,16077,15723,9975,3498,45273,870,750,1037,2657,47930
05-12-2014,0,15464,15178,9584,3239,43465,834,708,988,2530,45995
05-12-2014,1,15114,14845,9395,3092,42446,813,687,960,2460,44906
05-12-2014,2,14964,14609,9259,3069,41901,808,670,951,2429,44330
05-12-2014,3,14884,14665,9347,3060,41956,820,685,960,2465,44421
05-12-2014,4,15049,14918,9768,3151,42886,855,731,1026,2612,45498
05-12-2014,5,15496,15785,10702,3427,45410,986,859,1218,3063,48473
05-12-2014,6,16672,17812,11220,4142,49846,1142,1024,1405,3571,53417
05-12-2014,7,18394,19672,11624,4905,54595,1241,1133,1515,3889,58484
05-12-2014,8,19132,20228,11423,5151,55934,1257,1183,1553,3993,59927
05-12-2014,9,19312,20285,11282,5183,56062,1261,1184,1556,4001,60063
05-12-2014,10,19041,20451,11278,5258,56028,1263,1168,1545,3976,60004
05-12-2014,11,18879,20413,11220,5210,55722,1241,1123,1518,3882,59604
05-12-2014,12,18730,20228,11183,5051,55192,1263,1145,1528,3936,59128
05-12-2014,13,18516,19926,11079,4972,54493,1245,1152,1515,3912,58405
05-12-2014,14,18502,19753,11451,4809,54515,1280,1165,1506,3951,58466
05-12-2014,15,18686,20119,11571,4791,55167,1303,1202,1548,4053,59220
05-12-2014,16,18765,19950,11551,5052,55318,1276,1184,1568,4028,59346
05-12-2014,17,18665,19964,11464,5242,55335,1240,1153,1523,3916,59251
05-12-2014,18,18266,19439,11350,5045,54100,1192,1109,1466,3767,57867
05-12-2014,19,17969,18757,11062,4672,52460,1134,1073,1406,3613,56073
05-12-2014,20,17669,17930,10544,4326,50469,1080,1017,1335,3432,53901
05-12-2014,21,17027,17044,10517,4056,48644,1023,934,1205,3162,51806
05-12-2014,22,16522,16364,10274,3775,46935,952,844,1094,2890,49825
05-12-2014,23,16020,15534,9676,3502,44732,889,765,1007,2661,47393
06-12-2014,0,15353,14859,9310,3245,42767,846,713,960,2519,45286
06-12-2014,1,14977,14385,9007,3054,41423,826,689,937,2452,43875
06-12-2014,2,14749,14164,8876,2930,40719,815,679,923,2417,43136
06-12-2014,3,14731,14053,8813,2876,40473,815,687,921,2423,42896
06-12-2014,4,14872,14144,8904,2871,40791,832,709,946,2487,43278
06-12-2014,5,15121,14375,9110,2948,41554,866,760,1029,2655,44209
06-12-2014,6,15524,14754,9248,3149,42675,944,837,1129,2910,45585
06-12-2014,7,16152,15545,9594,3486,44777,1007,907,1208,3122,47899
06-12-2014,8,16919,16225,9616,3810,46570,1059,966,1293,3318,49888
06-12-2014,9,17597,16908,9660,4028,48193,1100,1000,1347,3447,51640
06-12-2014,10,18220,17378,9913,4119,49630,1118,1010,1363,3491,53121
06-12-2014,11,18076,17653,10097,4101,49927,1120,1001,1363,3484,53411
06-12-2014,12,17952,17637,10126,3994,49709,1127,1000,1356,3483,53192
06-12-2014,13,17961,17581,10146,3899,49587,1122,999,1347,3468,53055
06-12-2014,14,18073,17559,10432,3892,49956,1143,1013,1356,3512,53468
06-12-2014,15,18390,18202,10709,3976,51277,1186,1073,1426,3685,54962
06-12-2014,16,18849,18726,10784,4403,52762,1169,1075,1451,3695,56457
06-12-2014,17,18956,18820,10639,4739,53154,1139,1055,1409,3603,56757
06-12-2014,18,18654,18385,10412,4589,52040,1105,1024,1361,3490,55530
06-12-2014,19,18111,17740,10256,4274,50381,1067,986,1301,3354,53735
06-12-2014,20,17699,16920,10019,4030,48668,1023,939,1231,3193,51861
06-12-2014,21,17331,16234,10268,3783,47616,954,857,1128,2939,50555
06-12-2014,22,16558,15704,10076,3506,45844,898,786,1041,2725,48569
06-12-2014,23,16035,14997,9620,3260,43912,841,721,960,2522,46434
07-12-2014,0,15549,14749,9257,3072,42627,806,675,910,2391,45018
07-12-2014,1,15211,14408,8977,2939,41535,784,654,878,2316,43851
07-12-2014,2,14956,14250,8821,2874,40901,766,639,864,2269,43170
07-12-2014,3,14675,14104,8793,2871,40443,768,646,863,2277,42720
07-12-2014,4,14631,14221,8884,2890,40626,776,663,883,2322,42948
07-12-2014,5,14775,14455,9037,2973,41240,804,702,945,2451,43691
07-12-2014,6,14917,14781,9159,3141,41998,845,751,1010,2606,44604
07-12-2014,7,15122,15298,9451,3465,43336,900,801,1065,2766,46102
07-12-2014,8,15584,15629,9529,3786,44528,946,860,1151,2957,47485
07-12-2014,9,15976,16132,9657,4025,45790,1000,906,1212,3118,48908
07-12-2014,10,16746,16867,9833,4210,47656,1019,921,1236,3176,50832
07-12-2014,11,17042,17160,9869,4279,48350,1020,919,1245,3184,51534
07-12-2014,12,16953,17276,9863,4284,48376,1016,918,1244,3178,51554
07-12-2014,13,16949,17216,9906,4254,48325,1027,909,1244,3180,51505
07-12-2014,14,17176,17343,10205,4330,49054,1057,928,1264,3249,52303
07-12-2014,15,17272,17679,10486,4423,49860,1126,1012,1364,3502,53362
07-12-2014,16,17482,18147,10508,4635,50772,1141,1034,1411,3586,54358
07-12-2014,17,17459,18018,10505,4800,50782,1124,1021,1398,3543,54325
07-12-2014,18,17249,17829,10504,4682,50264,1107,999,1384,3490,53754
07-12-2014,19,17040,17288,10296,4385,49009,1063,983,1317,3363,52372
07-12-2014,20,16765,16715,9837,4171,47488,1015,943,1234,3192,50680
07-12-2014,21,16633,16215,9986,3915,46749,944,846,1108,2898,49647
07-12-2014,22,16384,15418,9780,3565,45147,877,759,993,2629,47776
07-12-2014,23,15750,14686,9310,3222,42968,827,688,909,2424,45392
08-12-2014,0,15413,14252,8923,3072,41660,786,649,862,2297,43957
08-12-2014,1,15046,14134,8747,2974,40901,768,628,838,2234,43135
08-12-2014,2,14978,14238,8610,2940,40766,763,624,835,2222,42988
08-12-2014,3,15059,14185,8721,2973,40938,773,641,847,2261,43199
08-12-2014,4,14987,14222,9118,3085,41412,814,688,925,2427,43839
08-12-2014,5,15506,15161,10042,3410,44119,946,821,1159,2926,47045
08-12-2014,6,17124,17379,10787,4099,49389,1114,980,1370,3464,52853
08-12-2014,7,18991,19284,11229,4916,54420,1232,1089,1491,3812,58232
08-12-2014,8,19556,19656,11165,5177,55554,1251,1139,1542,3932,59486
08-12-2014,9,19705,19513,10936,5124,55278,1252,1153,1552,3957,59235
08-12-2014,10,19366,19684,10832,5140,55022,1255,1143,1549,3947,58969
08-12-2014,11,19088,19664,10971,5104,54827,1234,1104,1521,3859,58686
08-12-2014,12,18889,19767,10913,4988,54557,1260,1129,1542,3931,58488
08-12-2014,13,19008,19751,10902,5022,54683,1268,1136,1526,3930,58613
08-12-2014,14,19187,19911,11056,5001,55155,1302,1145,1542,3989,59144
08-12-2014,15,19403,20454,11205,4980,56042,1312,1196,1579,4087,60129
08-12-2014,16,19671,20654,11087,5284,56696,1285,1163,1572,4020,60716
08-12-2014,17,19410,20625,11046,5573,56654,1259,1149,1527,3935,60589
08-12-2014,18,19190,20094,11018,5325,55627,1225,1107,1483,3815,59442
08-12-2014,19,18934,19773,10872,4987,54566,1184,1068,1431,3683,58249
08-12-2014,20,18659,19148,10374,4641,52822,1122,993,1333,3448,56270
08-12-2014,21,18225,18300,10359,4325,51209,1036,898,1176,3110,54319
08-12-2014,22,17566,17179,10065,3916,48726,925,792,1046,2763,51489
08-12-2014,23,16696,16019,9511,3529,45755,857,714,964,2535,48290
09-12-2014,0,16210,15520,9102,3272,44104,836,674,923,2433,46537
09-12-2014,1,15842,15004,8836,3171,42853,816,653,904,2373,45226
09-12-2014,2,15616,14939,8759,3116,42430,806,648,898,2352,44782
09-12-2014,3,15676,14939,8818,3119,42552,820,661,907,2388,44940
09-12-2014,4,15894,15214,9172,3201,43481,854,705,973,2532,46013
09-12-2014,5,16513,16199,10120,3468,46300,983,834,1188,3005,49305
09-12-2014,6,18037,18359,10691,4185,51272,1137,992,1394,3523,54795
09-12-2014,7,19814,20300,11024,4992,56130,1237,1096,1509,3842,59972
09-12-2014,8,20423,20897,10801,5252,57373,1252,1139,1541,3932,61305
09-12-2014,9,20248,20766,10618,5160,56792,1245,1139,1534,3918,60710
09-12-2014,10,20080,20679,10581,5135,56475,1231,1125,1517,3873,60348
09-12-2014,11,20051,20692,10557,5076,56376,1204,1071,1487,3762,60138
09-12-2014,12,19919,20304,10525,4950,55698,1229,1099,1497,3825,59523
09-12-2014,13,19807,20154,10581,4708,55250,1224,1109,1487,3820,59070
09-12-2014,14,19906,20131,10868,4952,55857,1251,1132,1500,3883,59740
09-12-2014,15,20098,20849,11001,4955,56903,1295,1186,1562,4043,60946
09-12-2014,16,20411,20854,11025,5259,57549,1271,1171,1575,4017,61566
09-12-2014,17,20107,20827,10967,5571,57472,1247,1149,1536,3932,61404
09-12-2014,18,19706,20217,10923,5268,56114,1205,1100,1484,3789,59903
09-12-2014,19,19497,19783,10800,4984,55064,1168,1064,1428,3660,58724
09-12-2014,20,19381,18949,10219,4698,53247,1109,1000,1328,3437,56684
09-12-2014,21,18781,18118,10236,4403,51538,1010,905,1183,3098,54636
09-12-2014,22,17746,17137,9849,4048,48780,934,803,1053,2790,51570
09-12-2014,23,16647,16068,9300,3683,45698,866,718,968,2552,48250
10-12-2014,0,15945,15450,8952,3436,43783,818,674,921,2413,46196
10-12-2014,1,15462,15241,8718,3301,42722,793,657,899,2349,45071
10-12-2014,2,15210,15338,8625,3256,42429,781,644,891,2316,44745
10-12-2014,3,15225,15484,8707,3282,42698,786,657,898,2341,45039
10-12-2014,4,15316,15756,9112,3378,43562,821,705,972,2498,46060
10-12-2014,5,15768,16582,9964,3652,45966,947,834,1184,2965,48931
10-12-2014,6,16974,18347,10565,4323,50209,1107,997,1393,3497,53706
10-12-2014,7,18686,20178,10841,5023,54728,1215,1103,1502,3820,58548
10-12-2014,8,19077,20840,10714,5250,55881,1224,1146,1525,3895,59776
10-12-2014,9,18997,20703,10601,5284,55585,1234,1135,1511,3880,59465
10-12-2014,10,18995,20972,10554,5326,55847,1240,1117,1492,3849,59696
10-12-2014,11,18702,20875,10519,5405,55501,1229,1076,1452,3757,59258
10-12-2014,12,18653,20714,10541,5275,55183,1257,1105,1466,3828,59011
10-12-2014,13,18581,20537,10641,5191,54950,1249,1103,1459,3811,58761
10-12-2014,14,18727,20369,10796,5066,54958,1286,1126,1476,3888,58846
10-12-2014,15,19054,20971,10835,4954,55814,1316,1182,1540,4038,59852
10-12-2014,16,19217,21080,10829,5335,56461,1290,1167,1534,3991,60452
10-12-2014,17,19128,21033,10780,5628,56569,1264,1144,1497,3905,60474
10-12-2014,18,18883,20510,10873,5398,55664,1226,1100,1457,3783,59447
10-12-2014,19,18573,19918,10734,5078,54303,1187,1060,1400,3647,57950
10-12-2014,20,18205,19148,10168,4810,52331,1136,1006,1305,3447,55778
10-12-2014,21,17828,18401,10130,4536,50895,1037,901,1150,3088,53983
10-12-2014,22,17323,17457,9884,4095,48759,962,800,1019,2781,51540
10-12-2014,23,16441,16449,9364,3667,45921,898,718,943,2559,48480
11-12-2014,0,15441,15549,9016,3425,43431,862,674,903,2439,45870
11-12-2014,1,15128,15383,8785,3300,42596,840,654,886,2380,44976
11-12-2014,2,15006,15260,8703,3246,42215,826,644,887,2357,44572
11-12-2014,3,14983,15217,8722,3307,42229,825,656,902,2383,44612
11-12-2014,4,15207,15265,9022,3408,42902,863,698,962,2523,45425
11-12-2014,5,15678,16037,9916,3594,45225,989,832,1181,3002,48227
11-12-2014,6,17247,17857,10550,4251,49905,1151,998,1397,3546,53451
11-12-2014,7,18806,19817,10895,5048,54566,1252,1112,1519,3883,58449
11-12-2014,8,19407,20152,10812,5264,55635,1267,1151,1569,3987,59622
11-12-2014,9,19281,20170,10680,5259,55390,1262,1147,1580,3989,59379
11-12-2014,10,19134,20258,10690,5328,55410,1258,1137,1569,3964,59374
11-12-2014,11,19114,20064,10664,5281,55123,1248,1095,1523,3866,58989
11-12-2014,12,19044,19878,10610,5227,54759,1280,1123,1545,3948,58707
11-12-2014,13,18841,20096,10682,5214,54833,1266,1135,1543,3944,58777
11-12-2014,14,19058,20212,10859,5197,55326,1298,1149,1555,4002,59328
11-12-2014,15,19389,20977,10942,5110,56418,1325,1193,1584,4102,60520
11-12-2014,16,19555,20785,10919,5381,56640,1287,1164,1582,4033,60673
11-12-2014,17,19111,20737,10877,5617,56342,1261,1146,1546,3953,60295
11-12-2014,18,18880,20286,10922,5372,55460,1228,1099,1494,3821,59281
11-12-2014,19,18743,19852,10844,4955,54394,1180,1063,1429,3672,58066
11-12-2014,20,18438,19014,10351,4658,52461,1120,995,1343,3458,55919
11-12-2014,21,18037,18286,10328,4367,51018,1039,901,1189,3129,54147
11-12-2014,22,17457,17367,10004,4039,48867,958,800,1055,2813,51680
11-12-2014,23,16633,16164,9525,3679,46001,893,722,972,2587,48588
12-12-2014,0,15682,15282,9175,3416,43555,850,676,924,2450,46005
12-12-2014,1,15284,14782,8992,3262,42320,828,655,898,2381,44701
12-12-2014,2,15184,14721,8916,3146,41967,820,643,888,2351,44318
12-12-2014,3,15232,14901,8982,3153,42268,822,655,900,2377,44645
12-12-2014,4,15577,15150,9373,3228,43328,857,699,967,2523,45851
12-12-2014,5,16061,16084,10303,3563,46011,984,823,1188,2995,49006
12-12-2014,6,17523,18121,10935,4280,50859,1141,987,1394,3522,54381
12-12-2014,7,19147,19808,11319,5068,55342,1247,1101,1510,3858,59200
12-12-2014,8,19716,20385,11304,5319,56724,1262,1136,1544,3942,60666
12-12-2014,9,19692,20150,11153,5244,56239,1255,1139,1527,3921,60160
12-12-2014,10,19531,20043,11152,5307,56033,1253,1126,1513,3892,59925
12-12-2014,11,19172,20071,11082,5334,55659,1231,1079,1480,3790,59449
12-12-2014,12,19025,20065,10965,5221,55276,1254,1100,1486,3840,59116
12-12-2014,13,18938,19901,10984,5144,54967,1257,1103,1468,3828,58795
12-12-2014,14,19076,19985,11204,4991,55256,1275,1107,1460,3842,59098
12-12-2014,15,19140,20186,11377,5021,55724,1291,1161,1516,3968,59692
12-12-2014,16,19242,20427,11348,5244,56261,1260,1145,1519,3924,60185
12-12-2014,17,19182,20343,11260,5405,56190,1225,1110,1469,3804,59994
12-12-2014,18,18852,19775,11168,5185,54980,1185,1058,1418,3661,58641
12-12-2014,19,18565,19075,10940,4745,53325,1136,1028,1363,3527,56852
12-12-2014,20,18146,18582,10458,4429,51615,1084,977,1278,3339,54954
12-12-2014,21,17633,17707,10447,4169,49956,1015,907,1147,3069,53025
12-12-2014,22,17053,16827,10088,3927,47895,939,826,1032,2797,50692
12-12-2014,23,16447,16096,9509,3663,45715,881,741,940,2562,48277
13-12-2014,0,16088,15608,9110,3457,44263,840,683,879,2402,46665
13-12-2014,1,15649,15271,8919,3228,43067,827,653,852,2332,45399
13-12-2014,2,15260,15135,8779,3123,42297,815,644,834,2293,44590
13-12-2014,3,15088,15152,8795,3144,42179,814,656,837,2307,44486
13-12-2014,4,15243,15237,8942,3069,42491,838,682,864,2384,44875
13-12-2014,5,15382,15293,9273,3151,43099,878,736,947,2561,45660
13-12-2014,6,15804,15757,9490,3374,44425,931,800,1041,2772,47197
13-12-2014,7,16441,16331,9719,3697,46188,990,868,1124,2982,49170
13-12-2014,8,17437,17050,10034,3993,48514,1026,917,1192,3135,51649
13-12-2014,9,18083,17659,10085,4093,49920,1056,932,1225,3213,53133
13-12-2014,10,18440,17751,10147,4154,50492,1063,937,1242,3242,53734
13-12-2014,11,18401,17761,10185,4108,50455,1063,929,1247,3239,53694
13-12-2014,12,18271,17715,10199,4002,50187,1068,939,1249,3256,53443
13-12-2014,13,18161,17548,10299,3957,49965,1063,926,1234,3223,53188
13-12-2014,14,18175,17719,10671,3972,50537,1084,938,1245,3267,53804
13-12-2014,15,18548,18391,10948,4095,51982,1133,1008,1341,3482,55464
13-12-2014,16,19028,19327,11084,4434,53873,1131,1012,1373,3516,57389
13-12-2014,17,19249,19348,11137,4690,54424,1108,999,1338,3445,57869
13-12-2014,18,19035,18557,10988,4574,53154,1084,972,1295,3351,56505
13-12-2014,19,18435,17657,10662,4240,50994,1046,939,1243,3228,54222
13-12-2014,20,18060,17130,10222,3982,49394,1006,894,1170,3070,52464
13-12-2014,21,17777,16656,10325,3766,48524,950,822,1072,2844,51368
13-12-2014,22,17307,16113,10077,3547,47044,889,751,986,2626,49670
13-12-2014,23,16822,15753,9625,3294,45494,827,683,910,2420,47914
14-12-2014,0,16323,15411,9191,3093,44018,784,635,851,2270,46288
14-12-2014,1,16116,15016,8948,2950,43030,766,610,819,2195,45225
14-12-2014,2,15981,14774,8832,2892,42479,746,598,809,2153,44632
14-12-2014,3,15688,14781,8807,2846,42122,752,604,806,2162,44284
14-12-2014,4,15862,14917,8884,2881,42544,761,622,836,2219,44763
14-12-2014,5,15927,15116,9067,2959,43069,795,659,898,2352,45421
14-12-2014,6,16085,15651,9211,3145,44092,832,717,972,2521,46613
14-12-2014,7,16321,16164,9502,3497,45484,890,763,1039,2692,48176
14-12-2014,8,16950,16505,9617,3776,46848,936,811,1104,2851,49699
14-12-2014,9,17378,16851,9761,3983,47973,983,854,1163,3000,50973
14-12-2014,10,17848,17235,9952,4098,49133,1002,867,1182,3051,52184
14-12-2014,11,18170,17450,10004,4164,49788,1001,863,1196,3060,52848
14-12-2014,12,18257,17570,9930,4173,49930,1002,865,1208,3075,53005
14-12-2014,13,18333,17677,9929,4155,50094,1013,866,1213,3092,53186
14-12-2014,14,18254,17755,10252,4180,50441,1044,888,1238,3170,53611
14-12-2014,15,18406,18286,10564,4283,51539,1119,976,1346,3441,54980
14-12-2014,16,18272,18663,10573,4630,52138,1130,1004,1405,3539,55677
14-12-2014,17,18077,18777,10608,4987,52449,1125,998,1393,3516,55965
14-12-2014,18,17686,18427,10580,4940,51633,1111,979,1372,3462,55095
14-12-2014,19,17510,18188,10407,4635,50740,1074,962,1319,3355,54095
14-12-2014,20,17283,17774,9982,4358,49397,1032,926,1248,3206,52603
14-12-2014,21,16972,17066,10115,4104,48257,960,844,1123,2927,51184
14-12-2014,22,16509,16278,9851,3810,46448,887,747,1003,2637,49085
14-12-2014,23,15582,15508,9467,3523,44080,830,672,917,2419,46499
15-12-2014,0,14658,15037,9089,3287,42071,792,633,871,2296,44367
15-12-2014,1,14371,14763,8835,3196,41165,773,618,851,2242,43407
15-12-2014,2,14296,14796,8753,3137,40982,765,609,848,2222,43204
15-12-2014,3,14298,14818,8836,3193,41145,770,627,855,2252,43397
15-12-2014,4,14620,14948,9203,3279,42050,810,666,928,2404,44454
15-12-2014,5,14961,15813,10167,3531,44472,943,798,1160,2901,47373
15-12-2014,6,16795,17747,10828,4242,49612,1107,968,1380,3455,53067
15-12-2014,7,18649,19593,11219,4968,54429,1228,1082,1500,3810,58239
15-12-2014,8,19107,20109,11168,5229,55613,1244,1128,1538,3910,59523
15-12-2014,9,19145,19966,11047,5199,55357,1247,1126,1533,3906,59263
15-12-2014,10,19011,20130,11048,5213,55402,1247,1119,1536,3902,59304
15-12-2014,11,18942,20168,11003,5164,55277,1227,1073,1513,3813,59090
15-12-2014,12,18656,20064,10944,5041,54705,1245,1100,1522,3867,58572
15-12-2014,13,18683,20062,10944,5030,54719,1242,1109,1522,3873,58592
15-12-2014,14,18962,20352,11080,4939,55333,1271,1133,1512,3916,59249
15-12-2014,15,19071,20845,11063,4946,55925,1292,1163,1559,4014,59939
15-12-2014,16,19366,20793,11015,5168,56342,1264,1133,1538,3935,60277
15-12-2014,17,19343,20784,10873,5506,56506,1232,1115,1503,3850,60356
15-12-2014,18,19011,20217,10868,5296,55392,1187,1069,1444,3700,59092
15-12-2014,19,18857,19621,10807,4943,54228,1148,1035,1386,3569,57797
15-12-2014,20,18750,18944,10320,4583,52597,1089,971,1295,3355,55952
15-12-2014,21,18306,18149,10302,4294,51051,1008,873,1143,3024,54075
15-12-2014,22,17629,17123,10005,3910,48667,926,771,1011,2708,51375
15-12-2014,23,16716,15984,9578,3514,45792,863,692,930,2485,48277
16-12-2014,0,16006,15275,9207,3267,43755,832,646,888,2366,46121
16-12-2014,1,15778,15060,8935,3125,42898,814,631,865,2310,45208
16-12-2014,2,15811,14901,8844,3089,42645,801,622,863,2286,44931
16-12-2014,3,15748,14821,8929,3085,42583,799,636,879,2314,44897
16-12-2014,4,15760,15041,9262,3133,43196,817,674,942,2433,45629
16-12-2014,5,16343,15978,10193,3408,45922,936,799,1153,2888,48810
16-12-2014,6,17825,18017,10869,4149,50860,1086,965,1368,3419,54279
16-12-2014,7,19543,20050,11150,5001,55744,1195,1077,1500,3772,59516
16-12-2014,8,20079,20835,11066,5288,57268,1200,1104,1516,3820,61088
16-12-2014,9,20019,20495,10956,5283,56753,1199,1105,1506,3810,60563
16-12-2014,10,19828,20378,10895,5317,56418,1188,1095,1490,3773,60191
16-12-2014,11,19749,20243,10838,5303,56133,1161,1060,1461,3682,59815
16-12-2014,12,19580,20436,10813,5154,55983,1193,1078,1479,3750,59733
16-12-2014,13,19680,20506,10817,5103,56106,1192,1079,1476,3747,59853
16-12-2014,14,19748,20817,11129,5038,56732,1217,1106,1491,3814,60546
16-12-2014,15,20020,21308,11334,5010,57672,1251,1157,1545,3953,61625
16-12-2014,16,20151,21381,11221,5271,58024,1234,1139,1532,3905,61929
16-12-2014,17,19937,21562,11027,5604,58130,1206,1117,1496,3819,61949
16-12-2014,18,19714,21249,11080,5396,57439,1170,1071,1450,3691,61130
16-12-2014,19,19560,20639,10995,5063,56257,1133,1034,1390,3557,59814
16-12-2014,20,19248,20182,10481,4747,54658,1080,978,1308,3366,58024
16-12-2014,21,18808,19126,10366,4412,52712,1000,877,1156,3033,55745
16-12-2014,22,18151,18010,10023,4016,50200,923,785,1023,2731,52931
16-12-2014,23,17301,16977,9541,3640,47459,842,702,933,2477,49936
17-12-2014,0,16656,16203,9211,3433,45503,801,658,889,2348,47851
17-12-2014,1,16170,15712,9049,3304,44235,791,640,861,2292,46527
17-12-2014,2,16007,15743,8947,3231,43928,785,629,851,2265,46193
17-12-2014,3,16048,15599,8993,3219,43859,793,640,862,2295,46154
17-12-2014,4,16270,15948,9305,3300,44823,827,686,930,2443,47266
17-12-2014,5,16887,16703,10281,3503,47374,947,814,1145,2906,50280
17-12-2014,6,18626,18496,10847,4115,52084,1103,974,1363,3440,55524
17-12-2014,7,20409,20725,11209,4976,57319,1219,1094,1485,3798,61117
17-12-2014,8,20963,21266,11179,5282,58690,1224,1124,1506,3854,62544
17-12-2014,9,20739,20969,10984,5227,57919,1209,1121,1503,3833,61752
17-12-2014,10,20619,21121,10989,5277,58006,1212,1092,1476,3780,61786
17-12-2014,11,20294,20882,11023,5218,57417,1198,1058,1441,3697,61114
17-12-2014,12,20063,20607,10968,5122,56760,1213,1085,1467,3765,60525
17-12-2014,13,20335,20942,10941,5154,57372,1207,1093,1461,3761,61133
17-12-2014,14,20589,21263,11203,5108,58163,1221,1111,1465,3797,61960
17-12-2014,15,20977,22115,11424,5054,59570,1259,1164,1511,3934,63504
17-12-2014,16,21072,22562,11406,5268,60308,1238,1137,1505,3880,64188
17-12-2014,17,20752,22626,11273,5516,60167,1210,1119,1478,3807,63974
17-12-2014,18,20346,21906,11215,5251,58718,1178,1083,1420,3681,62399
17-12-2014,19,20015,21442,11150,4925,57532,1143,1050,1374,3567,61099
17-12-2014,20,19562,20690,10608,4617,55477,1089,982,1287,3358,58835
17-12-2014,21,19119,19466,10576,4263,53424,1006,891,1140,3037,56461
17-12-2014,22,18552,18381,10214,3885,51032,926,785,1012,2723,53755
17-12-2014,23,17699,19305,9644,3541,50189,863,710,934,2507,52696
18-12-2014,0,16658,16430,9358,3323,45769,824,665,889,2378,48147
18-12-2014,1,16357,16050,9129,3227,44763,801,649,867,2317,47080
18-12-2014,2,16047,15796,9101,3182,44126,781,638,861,2280,46406
18-12-2014,3,15912,15890,9196,3185,44183,793,650,871,2314,46497
18-12-2014,4,16223,15965,9603,3226,45017,829,697,938,2464,47481
18-12-2014,5,16824,16738,10549,3476,47587,955,827,1154,2936,50523
18-12-2014,6,18094,18715,11103,4131,52043,1097,976,1369,3442,55485
18-12-2014,7,19966,20543,11450,4900,56859,1211,1091,1482,3784,60643
18-12-2014,8,20482,20930,11300,5159,57871,1225,1129,1500,3854,61725
18-12-2014,9,20311,20532,11142,5106,57091,1224,1138,1508,3870,60961
18-12-2014,10,20057,20460,11171,5220,56908,1212,1118,1501,3831,60739
18-12-2014,11,19780,20170,11155,5223,56328,1188,1074,1478,3740,60068
18-12-2014,12,19630,20069,11125,5166,55990,1213,1099,1492,3804,59794
18-12-2014,13,19707,20019,11137,5189,56052,1202,1103,1495,3800,59852
18-12-2014,14,19688,20243,11371,5129,56431,1232,1115,1493,3840,60271
18-12-2014,15,19874,20649,11523,5140,57186,1262,1161,1539,3962,61148
18-12-2014,16,20021,20668,11468,5342,57499,1230,1139,1525,3894,61393
18-12-2014,17,19790,20636,11366,5553,57345,1213,1115,1499,3827,61172
18-12-2014,18,19368,20256,11386,5322,56332,1177,1071,1441,3689,60021
18-12-2014,19,19077,19575,11275,4971,54898,1143,1041,1384,3568,58466
18-12-2014,20,18859,19015,10684,4672,53230,1095,980,1295,3370,56600
18-12-2014,21,18329,18416,10654,4397,51796,1010,888,1146,3044,54840
18-12-2014,22,17463,17166,10258,4011,48898,932,798,1018,2748,51646
18-12-2014,23,16724,16192,9811,3660,46387,857,720,926,2503,48890
19-12-2014,0,16023,15626,9401,3434,44484,821,678,890,2389,46873
19-12-2014,1,15643,15052,9119,3242,43056,800,659,866,2325,45381
19-12-2014,2,15448,14648,9011,3146,42253,791,646,856,2293,44546
19-12-2014,3,15459,14462,9097,3125,42143,796,653,859,2308,44451
19-12-2014,4,15493,14623,9484,3195,42795,829,692,908,2429,45224
19-12-2014,5,15992,15262,10390,3419,45063,946,803,1096,2845,47908
19-12-2014,6,17520,17316,11096,4072,50004,1090,959,1298,3347,53351
19-12-2014,7,19286,19336,11464,4747,54833,1205,1065,1415,3685,58518
19-12-2014,8,19885,19684,11480,4997,56046,1233,1092,1422,3747,59793
19-12-2014,9,19896,19279,11307,4976,55458,1213,1096,1411,3720,59178
19-12-2014,10,19773,19403,11137,4988,55301,1212,1071,1396,3679,58980
19-12-2014,11,19493,19272,11088,4861,54714,1184,1027,1360,3571,58285
19-12-2014,12,19166,19131,10987,4756,54040,1194,1044,1367,3605,57645
19-12-2014,13,19155,18678,10911,4667,53411,1184,1045,1352,3581,56992
19-12-2014,14,19284,18553,11180,4584,53601,1207,1063,1363,3633,57234
19-12-2014,15,19474,19153,11262,4588,54477,1232,1111,1441,3784,58261
19-12-2014,16,19597,19897,11235,4909,55638,1197,1103,1461,3761,59399
19-12-2014,17,19442,20014,11199,5136,55791,1163,1067,1414,3644,59435
19-12-2014,18,19211,19915,11128,4974,55228,1120,1027,1357,3504,58732
19-12-2014,19,19008,19445,10874,4680,54007,1072,984,1298,3354,57361
19-12-2014,20,18526,17810,10433,4346,51115,1039,934,1209,3182,54297
19-12-2014,21,18097,16839,10424,4086,49446,964,866,1086,2916,52362
19-12-2014,22,17384,16213,10139,3811,47547,895,773,980,2648,50195
19-12-2014,23,16733,15734,9628,3589,45684,849,692,902,2443,48127
20-12-2014,0,16097,15289,9198,3283,43867,806,643,841,2290,46157
20-12-2014,1,15656,14928,8988,3157,42729,783,619,799,2201,44930
20-12-2014,2,15455,14722,8916,3083,42176,768,603,785,2156,44332
20-12-2014,3,15499,14710,8867,3101,42177,769,609,785,2163,44340
20-12-2014,4,15580,14686,9019,3106,42391,782,627,813,2222,44613
20-12-2014,5,15874,14812,9386,3216,43288,816,683,891,2390,45678
20-12-2014,6,16224,15355,9707,3459,44745,873,754,993,2620,47365
20-12-2014,7,16782,15996,10086,3786,46650,939,836,1078,2853,49503
20-12-2014,8,17552,16948,10125,4145,48770,982,886,1155,3023,51793
20-12-2014,9,18313,17432,10142,4314,50201,1022,912,1208,3142,53343
20-12-2014,10,18772,17751,10197,4395,51115,1036,919,1222,3177,54292
20-12-2014,11,18746,17986,10159,4406,51297,1037,908,1219,3164,54461
20-12-2014,12,18622,17924,10181,4375,51102,1043,910,1222,3175,54277
20-12-2014,13,18519,17915,10253,4381,51068,1043,913,1214,3170,54238
20-12-2014,14,18495,18059,10644,4387,51585,1079,925,1236,3240,54825
20-12-2014,15,18633,18736,11004,4473,52846,1129,1005,1344,3478,56324
20-12-2014,16,18878,19106,11095,4731,53810,1124,1016,1375,3515,57325
20-12-2014,17,19005,19157,11111,5024,54297,1102,991,1350,3443,57740
20-12-2014,18,18916,18800,11015,4908,53639,1071,962,1308,3341,56980
20-12-2014,19,18628,18219,10699,4557,52103,1030,939,1252,3221,55324
20-12-2014,20,18253,17496,10250,4209,50208,993,898,1178,3069,53277
20-12-2014,21,17841,17035,10382,3942,49200,932,830,1075,2837,52037
20-12-2014,22,17329,16359,10210,3717,47615,878,757,975,2610,50225
20-12-2014,23,16813,15894,9693,3483,45883,822,698,902,2422,48305
21-12-2014,0,16378,15358,9223,3269,44228,784,653,847,2284,46512
21-12-2014,1,15932,15103,8951,3098,43084,762,625,816,2203,45287
21-12-2014,2,15743,14937,8729,2974,42383,753,604,806,2163,44546
21-12-2014,3,15724,14866,8743,2892,42225,753,612,803,2168,44393
21-12-2014,4,15739,14856,8862,2883,42340,764,626,821,2211,44551
21-12-2014,5,15764,15146,9129,2966,43005,801,665,880,2346,45351
21-12-2014,6,16062,15514,9262,3170,44008,842,719,951,2512,46520
21-12-2014,7,16457,16144,9613,3492,45706,903,777,1020,2700,48406
21-12-2014,8,17053,16996,9721,3822,47592,945,831,1078,2854,50446
21-12-2014,9,17777,17584,9829,3996,49186,993,872,1136,3001,52187
21-12-2014,10,18338,18063,9982,4165,50548,1011,885,1151,3047,53595
21-12-2014,11,18596,18335,10027,4180,51138,1014,883,1161,3058,54196
21-12-2014,12,18615,18243,10007,4155,51020,1016,875,1164,3055,54075
21-12-2014,13,18615,18288,9971,4174,51048,1024,865,1169,3058,54106
21-12-2014,14,18599,18692,10244,4260,51795,1064,893,1190,3147,54942
21-12-2014,15,18800,19321,10531,4387,53039,1126,966,1290,3382,56421
21-12-2014,16,18788,19559,10587,4637,53571,1136,999,1350,3485,57056
21-12-2014,17,18671,19526,10608,4930,53735,1120,1003,1338,3461,57196
21-12-2014,18,18403,19253,10598,4832,53086,1099,985,1314,3398,56484
21-12-2014,19,18103,18954,10489,4541,52087,1065,960,1265,3290,55377
21-12-2014,20,17978,18635,10121,4303,51037,1021,914,1195,3130,54167
21-12-2014,21,17555,18004,10245,4063,49867,959,833,1075,2867,52734
21-12-2014,22,16986,17109,10037,3762,47894,888,749,963,2600,50494
21-12-2014,23,16354,16181,9555,3407,45497,831,683,885,2399,47896
22-12-2014,0,15739,15492,9120,3171,43522,802,653,834,2289,45811
22-12-2014,1,15403,15168,8887,3052,42510,775,630,803,2208,44718
22-12-2014,2,15161,15011,8886,2999,42057,765,619,794,2178,44235
22-12-2014,3,15142,14899,8907,2987,41935,772,630,801,2203,44138
22-12-2014,4,15296,15088,9197,3023,42604,803,674,862,2339,44943
22-12-2014,5,15847,15780,9921,3227,44775,898,791,1026,2715,47490
22-12-2014,6,16875,17127,10395,3734,48131,1020,927,1219,3166,51297
22-12-2014,7,18160,18706,10850,4431,52147,1125,1041,1367,3533,55680
22-12-2014,8,19015,19461,10868,4789,54133,1163,1097,1414,3674,57807
22-12-2014,9,19341,19767,10695,4878,54681,1175,1098,1430,3703,58384
22-12-2014,10,19356,19840,10657,4943,54796,1170,1088,1421,3679,58475
22-12-2014,11,19180,20209,10628,4866,54883,1155,1054,1398,3607,58490
22-12-2014,12,19114,19762,10616,4800,54292,1170,1070,1400,3640,57932
22-12-2014,13,19068,19057,10623,4749,53497,1168,1072,1388,3628,57125
22-12-2014,14,19038,19516,10950,4693,54197,1212,1082,1407,3701,57898
22-12-2014,15,19284,19897,11072,4681,54934,1269,1126,1462,3857,58791
22-12-2014,16,19544,20051,10958,4936,55489,1269,1104,1458,3831,59320
22-12-2014,17,19389,19968,10835,5147,55339,1240,1073,1421,3734,59073
22-12-2014,18,18911,19591,10840,4995,54337,1201,1036,1369,3606,57943
22-12-2014,19,18447,19330,10731,4646,53154,1150,1009,1311,3470,56624
22-12-2014,20,18221,18949,10332,4339,51841,1102,955,1225,3282,55123
22-12-2014,21,17834,18280,10412,4080,50606,1038,871,1087,2996,53602
22-12-2014,22,17325,17389,10130,3750,48594,972,784,964,2720,51314
22-12-2014,23,16577,16567,9636,3425,46205,897,699,870,2466,48671
23-12-2014,0,16208,15697,9218,3208,44331,852,657,814,2323,46654
23-12-2014,1,15711,15363,8948,3050,43072,833,624,786,2243,45315
23-12-2014,2,15431,15162,8822,2936,42351,820,615,773,2208,44559
23-12-2014,3,15426,15141,8861,2915,42343,821,628,781,2230,44573
23-12-2014,4,15630,15318,9160,2997,43105,841,667,834,2342,45447
23-12-2014,5,16105,15819,9888,3189,45001,910,772,982,2664,47665
23-12-2014,6,17115,17034,10262,3597,48008,1005,899,1162,3066,51074
23-12-2014,7,18236,18234,10764,4179,51413,1103,1001,1287,3391,54804
23-12-2014,8,18891,19106,10790,4588,53375,1141,1026,1323,3490,56865
23-12-2014,9,19316,19298,10684,4731,54029,1145,1029,1334,3508,57537
23-12-2014,10,19595,19396,10657,4834,54482,1136,1020,1326,3482,57964
23-12-2014,11,19427,19257,10661,4832,54177,1113,997,1298,3408,57585
23-12-2014,12,19080,18848,10547,4733,53208,1098,1007,1299,3404,56612
23-12-2014,13,18881,18584,10526,4708,52699,1089,1002,1288,3379,56078
23-12-2014,14,18830,18295,10818,4641,52584,1119,1008,1287,3414,55998
23-12-2014,15,19020,18833,11089,4645,53587,1190,1075,1364,3629,57216
23-12-2014,16,19385,19217,11116,4864,54582,1188,1088,1403,3679,58261
23-12-2014,17,19244,19446,11113,4987,54790,1164,1070,1378,3612,58402
23-12-2014,18,18977,19032,11151,4803,53963,1133,1031,1329,3493,57456
23-12-2014,19,18726,18417,11021,4460,52624,1089,992,1269,3350,55974
23-12-2014,20,18271,17670,10623,4184,50748,1040,941,1191,3172,53920
23-12-2014,21,17810,17042,10738,3955,49545,976,864,1058,2898,52443
23-12-2014,22,17483,16275,10504,3667,47929,906,784,947,2637,50566
23-12-2014,23,16967,15560,9993,3349,45869,843,708,851,2402,48271
24-12-2014,0,16577,15325,9497,3067,44466,802,649,784,2235,46701
24-12-2014,1,15878,14760,9211,2866,42715,779,624,749,2152,44867
24-12-2014,2,15675,14670,9056,2798,42199,770,609,732,2111,44310
24-12-2014,3,15619,14692,9051,2809,42171,770,613,733,2116,44287
24-12-2014,4,15704,14826,9214,2822,42566,781,631,766,2178,44744
24-12-2014,5,16065,15229,9582,2949,43825,817,670,837,2324,46149
24-12-2014,6,16984,15949,9813,3169,45915,873,733,926,2532,48447
24-12-2014,7,17712,16652,10376,3496,48236,930,788,996,2714,50950
24-12-2014,8,18428,17522,10552,3858,50360,977,827,1073,2877,53237
24-12-2014,9,19191,18097,10638,4065,51991,1020,868,1135,3023,55014
24-12-2014,10,19693,18476,10644,4221,53034,1036,886,1179,3101,56135
24-12-2014,11,19799,18569,10505,4292,53165,1044,885,1182,3111,56276
24-12-2014,12,19659,18443,10316,4216,52634,1048,892,1180,3120,55754
24-12-2014,13,19655,18306,10287,4204,52452,1062,910,1189,3161,55613
24-12-2014,14,19799,17946,10481,4263,52489,1098,940,1215,3253,55742
24-12-2014,15,20125,18258,10601,4374,53358,1157,1003,1304,3464,56822
24-12-2014,16,20304,18386,10406,4739,53835,1129,1017,1301,3447,57282
24-12-2014,17,19270,18115,10216,5027,52628,1075,977,1194,3246,55874
24-12-2014,18,18550,17578,10065,4267,50460,1038,924,1072,3034,53494
24-12-2014,19,18088,17462,9904,3865,49319,1003,865,1025,2893,52212
24-12-2014,20,17727,17186,9772,3743,48428,966,855,995,2816,51244
24-12-2014,21,17506,17037,10141,3551,48235,932,782,939,2653,50888
24-12-2014,22,17433,16927,10140,3388,47888,889,735,875,2499,50387
24-12-2014,23,17245,16630,9834,3317,47026,854,690,807,2351,49377
25-12-2014,0,17037,16045,9485,3163,45730,798,640,743,2181,47911
25-12-2014,1,16730,15726,9249,2931,44636,773,615,704,2092,46728
25-12-2014,2,16484,15520,9166,2806,43976,767,595,686,2048,46024
25-12-2014,3,16487,15504,9162,2697,43850,768,603,683,2054,45904
25-12-2014,4,16541,15608,9315,2715,44179,784,615,701,2100,46279
25-12-2014,5,16879,16004,9566,2798,45247,815,648,763,2226,47473
25-12-2014,6,17361,16501,9625,2963,46450,863,685,820,2368,48818
25-12-2014,7,17902,17100,9910,3227,48139,901,717,865,2483,50622
25-12-2014,8,18447,17560,10004,3511,49522,927,756,942,2625,52147
25-12-2014,9,18979,18041,10090,3781,50891,966,805,994,2765,53656
25-12-2014,10,19561,18679,10255,4012,52507,985,824,1017,2826,55333
25-12-2014,11,19751,18971,10184,4099,53005,991,829,1014,2834,55839
25-12-2014,12,19797,18903,10185,4048,52933,990,830,984,2804,55737
25-12-2014,13,19715,18737,10144,3943,52539,988,824,957,2769,55308
25-12-2014,14,19747,18814,10413,3878,52852,1012,837,958,2807,55659
25-12-2014,15,20117,19643,10753,3922,54435,1080,918,1053,3051,57486
25-12-2014,16,20358,20202,10737,4201,55498,1081,947,1118,3146,58644
25-12-2014,17,20046,20315,10728,4399,55488,1059,945,1111,3115,58603
25-12-2014,18,19846,20085,10745,4351,55027,1038,925,1094,3057,58084
25-12-2014,19,19683,20308,10570,4201,54762,1020,905,1063,2988,57750
25-12-2014,20,19321,19703,10249,4079,53352,994,883,1035,2912,56264
25-12-2014,21,19270,18697,10451,3899,52317,948,826,975,2749,55066
25-12-2014,22,18850,18142,10313,3681,50986,907,760,921,2588,53574
25-12-2014,23,18326,17350,9916,3438,49030,850,702,858,2410,51440
26-12-2014,0,17911,17473,9514,3212,48110,818,662,808,2288,50398
26-12-2014,1,17648,17104,9253,3065,47070,803,641,783,2227,49297
26-12-2014,2,17339,17131,9099,2973,46542,785,629,770,2184,48726
26-12-2014,3,17247,17058,9039,2954,46298,789,631,769,2189,48487
26-12-2014,4,17375,17207,9089,2986,46657,801,651,789,2241,48898
26-12-2014,5,17764,17569,9329,3062,47724,825,696,842,2363,50087
26-12-2014,6,18252,18079,9317,3232,48880,872,751,896,2519,51399
26-12-2014,7,18824,18545,9555,3491,50415,923,798,939,2660,53075
26-12-2014,8,19025,19165,9625,3795,51610,960,836,1002,2798,54408
26-12-2014,9,19780,19566,9654,4024,53024,995,880,1059,2934,55958
26-12-2014,10,20354,20094,9736,4189,54373,1006,891,1071,2968,57341
26-12-2014,11,20556,20157,9735,4209,54657,998,880,1068,2946,57603
26-12-2014,12,20497,19689,9718,4094,53998,1001,872,1057,2930,56928
26-12-2014,13,20467,19643,9695,3938,53743,1000,866,1047,2913,56656
26-12-2014,14,20516,19724,10042,3832,54114,1032,879,1055,2966,57080
26-12-2014,15,20601,20141,10368,3890,55000,1102,961,1152,3215,58215
26-12-2014,16,20751,20799,10476,4191,56217,1107,1002,1234,3343,59560
26-12-2014,17,20421,20607,10533,4418,55979,1085,993,1222,3300,59279
26-12-2014,18,19997,20231,10487,4378,55093,1065,971,1198,3234,58327
26-12-2014,19,19749,19643,10313,4225,53930,1034,946,1171,3151,57081
26-12-2014,20,19533,18927,10063,4049,52572,999,905,1123,3027,55599
26-12-2014,21,19193,18449,10224,3870,51736,948,844,1044,2836,54572
26-12-2014,22,18815,17847,10116,3676,50454,897,777,975,2649,53103
26-12-2014,23,18464,17132,9731,3434,48761,851,711,897,2459,51220
27-12-2014,0,17900,16469,9320,3186,46875,808,655,851,2314,49189
27-12-2014,1,17575,16222,9109,3067,45973,786,633,821,2240,48213
27-12-2014,2,17460,16139,9026,2988,45613,779,621,805,2205,47818
27-12-2014,3,17433,16301,9019,2946,45699,794,626,804,2224,47923
27-12-2014,4,17513,16290,9160,2963,45926,812,646,825,2283,48209
27-12-2014,5,17712,16834,9471,3067,47084,840,697,886,2423,49507
27-12-2014,6,18084,17396,9531,3273,48284,885,760,968,2613,50897
27-12-2014,7,18651,17849,9946,3568,50014,941,823,1039,2803,52817
27-12-2014,8,19294,18783,10046,3894,52017,976,868,1114,2958,54975
27-12-2014,9,19909,19351,10115,4123,53498,1023,908,1183,3114,56612
27-12-2014,10,20375,19888,10139,4228,54630,1040,924,1202,3166,57796
27-12-2014,11,20562,20123,10146,4249,55080,1038,910,1191,3139,58219
27-12-2014,12,20492,20283,10166,4176,55117,1049,907,1170,3126,58243
27-12-2014,13,20319,20047,10217,4051,54634,1052,903,1158,3113,57747
27-12-2014,14,20275,19916,10587,4001,54779,1085,911,1163,3159,57938
27-12-2014,15,20591,20398,11074,4106,56169,1153,992,1261,3406,59575
27-12-2014,16,20985,21177,11225,4401,57788,1150,1023,1334,3507,61295
27-12-2014,17,21192,21611,11288,4687,58778,1135,1013,1314,3462,62240
27-12-2014,18,21075,21311,11194,4669,58249,1115,992,1288,3395,61644
27-12-2014,19,20675,20969,10906,4419,56969,1092,971,1247,3310,60279
27-12-2014,20,20297,20173,10519,4158,55147,1050,931,1191,3172,58319
27-12-2014,21,19942,19449,10749,3958,54098,993,867,1102,2962,57060
27-12-2014,22,19531,18850,10588,3745,52714,942,802,1024,2768,55482
27-12-2014,23,19094,18583,10214,3499,51390,885,748,945,2578,53968
28-12-2014,0,18594,17921,9862,3303,49680,857,697,884,2438,52118
28-12-2014,1,18266,18010,9588,3137,49001,833,671,851,2355,51356
28-12-2014,2,18184,18244,9486,3049,48963,827,660,836,2323,51286
28-12-2014,3,18099,18881,9464,3066,49510,832,666,833,2331,51841
28-12-2014,4,18081,19198,9521,3089,49889,843,690,854,2387,52276
28-12-2014,5,18251,19656,9753,3136,50796,873,730,905,2508,53304
28-12-2014,6,18281,18824,9784,3333,50222,911,789,977,2677,52899
28-12-2014,7,18592,19773,10025,3611,52001,961,833,1031,2825,54826
28-12-2014,8,19055,20413,10133,3914,53515,1002,885,1101,2988,56503
28-12-2014,9,19650,20789,10333,4125,54897,1052,933,1183,3168,58065
28-12-2014,10,20124,21298,10593,4184,56199,1066,946,1215,3227,59426
28-12-2014,11,20427,21013,10691,4199,56330,1070,940,1226,3236,59566
28-12-2014,12,20477,20722,10697,4114,56010,1078,931,1225,3234,59244
28-12-2014,13,20445,20550,10740,4088,55823,1081,925,1220,3226,59049
28-12-2014,14,20275,20474,11047,4038,55834,1109,938,1223,3270,59104
28-12-2014,15,20497,21730,11462,4162,57851,1176,1017,1319,3512,61363
28-12-2014,16,21005,22519,11568,4467,59559,1185,1049,1387,3621,63180
28-12-2014,17,21040,22532,11612,4781,59965,1171,1042,1372,3585,63550
28-12-2014,18,20792,22686,11677,4744,59899,1151,1025,1345,3521,63420
28-12-2014,19,20577,22212,11569,4501,58859,1123,1002,1296,3421,62280
28-12-2014,20,20347,21731,11272,4262,57612,1080,956,1230,3266,60878
28-12-2014,21,20030,21145,11486,4033,56694,1022,876,1125,3023,59717
28-12-2014,22,19535,20136,11491,3704,54866,955,799,1032,2786,57652
28-12-2014,23,18986,19413,11089,3466,52954,906,735,950,2591,55545
29-12-2014,0,18377,18813,10767,3252,51209,862,694,894,2450,53659
29-12-2014,1,18068,18557,10674,3106,50405,842,674,864,2380,52785
29-12-2014,2,17890,18518,10616,3053,50077,838,663,856,2357,52434
29-12-2014,3,17907,18771,10731,3034,50443,849,674,861,2384,52827
29-12-2014,4,18068,19111,11066,3091,51336,868,712,911,2491,53827
29-12-2014,5,18307,19755,11742,3286,53090,945,799,1046,2790,55880
29-12-2014,6,19020,20922,12132,3630,55704,1049,925,1210,3184,58888
29-12-2014,7,19864,22351,12504,4109,58828,1146,1029,1317,3492,62320
29-12-2014,8,20624,23536,12551,4461,61172,1182,1070,1379,3631,64803
29-12-2014,9,21218,23562,12577,4579,61936,1194,1087,1400,3681,65617
29-12-2014,10,21258,23591,12564,4663,62076,1195,1077,1428,3700,65776
29-12-2014,11,21225,23311,12553,4635,61724,1186,1046,1406,3638,65362
29-12-2014,12,21078,22967,12474,4577,61096,1192,1050,1407,3649,64745
29-12-2014,13,20973,22812,12359,4507,60651,1184,1050,1399,3633,64284
29-12-2014,14,21070,22858,12418,4480,60826,1206,1067,1384,3657,64483
29-12-2014,15,21061,23287,12647,4521,61516,1274,1136,1451,3861,65377
29-12-2014,16,21070,23309,12581,4832,61792,1265,1155,1475,3895,65687
29-12-2014,17,20721,23243,12515,5106,61585,1247,1134,1447,3828,65413
29-12-2014,18,20403,22667,12497,4957,60524,1214,1092,1401,3707,64231
29-12-2014,19,20043,21838,12325,4613,58819,1184,1060,1375,3619,62438
29-12-2014,20,19487,21015,11966,4335,56803,1141,1017,1300,3458,60261
29-12-2014,21,19054,19670,12060,4052,54836,1061,935,1174,3170,58006
29-12-2014,22,18564,18968,11823,3732,53087,998,845,1070,2913,56000
29-12-2014,23,17825,17980,11323,3449,50577,925,771,982,2678,53255
30-12-2014,0,17374,17318,10947,3179,48818,882,719,931,2532,51350
30-12-2014,1,16971,16908,10687,3044,47610,881,689,913,2483,50093
30-12-2014,2,16740,16690,10540,2954,46924,874,684,902,2460,49384
30-12-2014,3,16598,16440,10548,2913,46499,880,696,912,2488,48987
30-12-2014,4,16743,16500,10738,2964,46945,896,725,960,2581,49526
30-12-2014,5,17005,16866,11401,3144,48416,981,817,1093,2891,51307
30-12-2014,6,17772,17941,11651,3434,50798,1080,932,1256,3268,54066
30-12-2014,7,18758,19209,12051,3849,53867,1176,1033,1383,3592,57459
30-12-2014,8,19474,19781,11983,4229,55467,1191,1070,1431,3692,59159
30-12-2014,9,19837,19908,11844,4381,55970,1216,1090,1440,3746,59716
30-12-2014,10,20213,20242,11806,4455,56716,1222,1084,1443,3749,60465
30-12-2014,11,20219,20104,11698,4399,56420,1210,1051,1416,3677,60097
30-12-2014,12,20002,20063,11575,4337,55977,1215,1049,1404,3668,59645
30-12-2014,13,19956,19980,11487,4313,55736,1211,1048,1388,3647,59383
30-12-2014,14,19799,19998,11591,4292,55680,1226,1058,1397,3681,59361
30-12-2014,15,19854,20278,11772,4331,56235,1273,1113,1473,3859,60094
30-12-2014,16,19873,20611,11713,4611,56808,1277,1131,1504,3912,60720
30-12-2014,17,19673,20593,11622,4923,56811,1247,1113,1470,3830,60641
30-12-2014,18,19292,20089,11551,4855,55787,1213,1085,1419,3717,59504
30-12-2014,19,18915,19361,11344,4552,54172,1171,1054,1367,3592,57764
30-12-2014,20,18619,18469,10858,4232,52178,1118,1002,1294,3414,55592
30-12-2014,21,18121,17686,10882,3998,50687,1048,917,1163,3128,53815
30-12-2014,22,17446,16742,10607,3702,48497,971,836,1065,2872,51369
30-12-2014,23,16848,15754,10038,3380,46020,902,740,975,2617,48637
31-12-2014,0,16274,15106,9560,3087,44027,866,679,912,2457,46484
31-12-2014,1,15742,14520,9286,2896,42444,836,655,874,2365,44809
31-12-2014,2,15467,14303,9171,2817,41758,817,645,857,2319,44077
31-12-2014,3,15354,14128,9139,2813,41434,807,647,855,2309,43743
31-12-2014,4,15403,14075,9399,2824,41701,823,670,899,2392,44093
31-12-2014,5,15658,14573,10026,2948,43205,880,707,1025,2612,45817
31-12-2014,6,16212,15217,10368,3120,44917,945,756,1150,2851,47768
31-12-2014,7,16693,15697,10689,3358,46437,1019,804,1253,3076,49513
31-12-2014,8,17201,16304,10657,3657,47819,1051,838,1314,3203,51022
31-12-2014,9,17755,16821,10620,3927,49123,1082,886,1362,3330,52453
31-12-2014,10,18225,17328,10596,4107,50256,1083,906,1367,3356,53612
31-12-2014,11,18279,17550,10530,4069,50428,1074,911,1352,3337,53765
31-12-2014,12,18175,17461,10507,3984,50127,1065,912,1334,3311,53438
31-12-2014,13,18042,17329,10416,3946,49733,1056,913,1306,3275,53008
31-12-2014,14,18242,17593,10565,3925,50325,1083,932,1307,3322,53647
31-12-2014,15,18685,18323,10897,4038,51943,1175,1015,1405,3595,55538
31-12-2014,16,19001,18978,10891,4459,53329,1175,1084,1471,3730,57059
31-12-2014,17,18994,18939,10680,4738,53351,1139,1060,1436,3635,56986
31-12-2014,18,18551,17990,10371,4508,51420,1072,1012,1350,3434,54854
31-12-2014,19,17705,17029,10101,4050,48885,1003,947,1241,3191,52076
31-12-2014,20,16928,16365,9734,3687,46714,949,880,1140,2969,49683
31-12-2014,21,16496,15680,10048,3584,45808,903,822,1067,2792,48600
31-12-2014,22,16040,15595,10096,3465,45196,871,773,1027,2671,47867
31-12-2014,23,15582,15075,9632,3329,43618,840,741,993,2574,46192
01-01-2015,0,15505,14706,9229,3289,42729,825,714,940,2479,45208
01-01-2015,1,15471,14725,8893,3213,42302,793,678,891,2362,44664
01-01-2015,2,15105,14485,8735,3098,41423,765,645,846,2256,43679
01-01-2015,3,14883,14297,8626,2979,40785,750,629,814,2193,42978
01-01-2015,4,14755,14248,8674,2939,40616,746,631,803,2180,42796
01-01-2015,5,14903,14267,8845,2942,40957,755,644,819,2218,43175
01-01-2015,6,15131,14654,8877,2993,41655,771,652,829,2252,43907
01-01-2015,7,15415,14994,9044,3176,42629,788,655,835,2278,44907
01-01-2015,8,15567,15162,8994,3290,43013,791,657,864,2312,45325
01-01-2015,9,15852,15166,9074,3373,43465,827,688,919,2434,45899
01-01-2015,10,16041,15671,9205,3561,44478,862,719,963,2544,47022
01-01-2015,11,16263,16133,9307,3733,45436,881,742,991,2614,48050
01-01-2015,12,16628,16178,9338,3835,45979,892,741,1000,2633,48612
01-01-2015,13,16827,16273,9456,3878,46434,898,750,1003,2651,49085
01-01-2015,14,16895,16530,9831,3855,47111,931,772,1003,2706,49817
01-01-2015,15,17204,17087,10159,3988,48438,996,836,1089,2921,51359
01-01-2015,16,17484,17514,10188,4258,49444,999,865,1147,3011,52455
01-01-2015,17,17222,17628,10206,4492,49548,992,863,1142,2997,52545
01-01-2015,18,17014,17433,10184,4482,49113,976,856,1125,2957,52070
01-01-2015,19,16827,16872,10023,4285,48007,956,843,1093,2892,50899
01-01-2015,20,16536,16456,9747,4048,46787,931,817,1037,2785,49572
01-01-2015,21,16275,15887,9996,3849,46007,885,763,976,2624,48631
01-01-2015,22,15770,15250,9830,3582,44432,840,710,893,2443,46875
01-01-2015,23,15195,14791,9366,3416,42768,785,653,823,2261,45029
02-01-2015,0,14681,14199,8956,3214,41050,746,618,772,2136,43186
02-01-2015,1,14290,13920,8721,2996,39927,717,589,746,2052,41979
02-01-2015,2,14120,13648,8662,2944,39374,708,577,731,2016,41390
02-01-2015,3,13966,13596,8739,2941,39242,711,577,729,2017,41259
02-01-2015,4,14023,13798,9006,3028,39855,736,598,767,2101,41956
02-01-2015,5,14465,14422,9608,3103,41598,792,647,874,2313,43911
02-01-2015,6,15195,15551,10012,3525,44283,865,709,987,2561,46844
02-01-2015,7,16244,16618,10333,3865,47060,946,779,1078,2803,49863
02-01-2015,8,17084,17173,10443,4186,48886,976,817,1133,2926,51812
02-01-2015,9,17377,17280,10340,4338,49335,1010,869,1190,3069,52404
02-01-2015,10,17722,17516,10288,4514,50040,1032,900,1211,3143,53183
02-01-2015,11,17851,17782,10266,4526,50425,1042,903,1239,3184,53609
02-01-2015,12,17973,17808,10329,4476,50586,1049,911,1239,3199,53785
02-01-2015,13,17858,17661,10498,4448,50465,1060,914,1235,3209,53674
02-01-2015,14,18009,17823,10748,4392,50972,1082,932,1239,3253,54225
02-01-2015,15,18175,18522,10945,4429,52071,1111,974,1294,3379,55450
02-01-2015,16,18417,18927,10903,4731,52978,1102,983,1320,3405,56383
02-01-2015,17,18335,18926,10911,5175,53347,1080,967,1291,3338,56685
02-01-2015,18,18173,18676,10843,5094,52786,1055,936,1246,3237,56023
02-01-2015,19,18061,18234,10651,4724,51670,1022,912,1198,3132,54802
02-01-2015,20,17735,17691,10231,4315,49972,978,869,1136,2983,52955
02-01-2015,21,17169,17065,10306,4123,48663,922,804,1036,2762,51425
02-01-2015,22,16701,16371,10105,3829,47006,866,736,944,2546,49552
02-01-2015,23,16164,15987,9660,3530,45341,813,675,859,2347,47688
03-01-2015,0,15758,15545,9218,3389,43910,768,627,798,2193,46103
03-01-2015,1,15414,15273,8972,3277,42936,728,600,763,2091,45027
03-01-2015,2,15218,15464,8880,3119,42681,728,588,747,2063,44744
03-01-2015,3,15166,15625,8847,3034,42672,726,586,748,2060,44732
03-01-2015,4,15162,15600,8922,3019,42703,741,606,761,2108,44811
03-01-2015,5,15242,15431,9220,3081,42974,786,641,822,2249,45223
03-01-2015,6,15556,15933,9312,3317,44118,827,689,894,2410,46528
03-01-2015,7,15928,16350,9591,3639,45508,874,748,940,2562,48070
03-01-2015,8,16507,16789,9663,3891,46850,912,794,1022,2728,49578
03-01-2015,9,17248,17252,9742,4066,48308,960,841,1102,2903,51211
03-01-2015,10,17826,17776,9850,4170,49622,993,870,1127,2990,52612
03-01-2015,11,18019,18011,9907,4135,50072,1012,873,1145,3030,53102
03-01-2015,12,18066,17843,9979,4068,49956,1024,873,1149,3046,53002
03-01-2015,13,17926,17741,10033,4046,49746,1031,872,1141,3044,52790
03-01-2015,14,17936,17925,10445,3981,50287,1060,878,1157,3095,53382
03-01-2015,15,18097,18430,10853,3970,51350,1119,942,1222,3283,54633
03-01-2015,16,18552,19133,10955,4333,52973,1127,968,1282,3377,56350
03-01-2015,17,18625,19252,11077,4813,53767,1113,961,1265,3339,57106
03-01-2015,18,18639,18864,10995,4746,53244,1086,926,1231,3243,56487
03-01-2015,19,18223,18389,10657,4324,51593,1054,904,1170,3128,54721
03-01-2015,20,17776,17744,10238,4049,49807,1014,866,1136,3016,52823
03-01-2015,21,17415,17236,10420,3795,48866,965,806,1062,2833,51699
03-01-2015,22,17149,16671,10280,3571,47671,912,735,965,2612,50283
03-01-2015,23,16871,16021,9834,3380,46106,857,664,879,2400,48506
04-01-2015,0,16208,15764,9413,3182,44567,824,630,805,2259,46826
04-01-2015,1,15901,15539,9219,3057,43716,798,598,764,2160,45876
04-01-2015,2,15641,15400,9097,2962,43100,768,593,747,2108,45208
04-01-2015,3,15674,15422,9118,2949,43163,787,599,743,2129,45292
04-01-2015,4,15651,15514,9174,2965,43304,786,608,760,2154,45458
04-01-2015,5,15901,15573,9363,2978,43815,809,643,814,2266,46081
04-01-2015,6,16196,15969,9385,3110,44660,869,691,878,2438,47098
04-01-2015,7,16515,16569,9639,3345,46068,908,742,934,2584,48652
04-01-2015,8,16855,17021,9726,3637,47239,940,796,997,2733,49972
04-01-2015,9,17333,17752,10011,3898,48994,983,857,1076,2916,51910
04-01-2015,10,18092,19255,10233,4040,51620,1011,891,1124,3026,54646
04-01-2015,11,18160,18138,10348,4098,50744,1023,905,1145,3073,53817
04-01-2015,12,17961,18279,10320,4022,50582,1037,913,1152,3102,53684
04-01-2015,13,17818,18253,10334,3952,50357,1040,916,1167,3123,53480
04-01-2015,14,18037,18505,10621,3923,51086,1068,928,1187,3183,54269
04-01-2015,15,18561,19055,11028,3973,52617,1133,988,1268,3389,56006
04-01-2015,16,19142,19935,11135,4449,54661,1145,1018,1340,3503,58164
04-01-2015,17,19289,20032,11111,4932,55364,1139,1017,1315,3471,58835
04-01-2015,18,19142,19989,11071,4815,55017,1126,990,1286,3402,58419
04-01-2015,19,19088,19535,10915,4469,54007,1096,963,1250,3309,57316
04-01-2015,20,18740,18794,10680,4142,52356,1054,920,1177,3151,55507
04-01-2015,21,18431,18105,10950,3912,51398,984,841,1058,2883,54281
04-01-2015,22,17958,17600,10823,3514,49895,913,756,937,2606,52501
04-01-2015,23,17352,16987,10434,3344,48117,865,682,849,2396,50513
05-01-2015,0,16703,16654,10116,3191,46664,829,643,798,2270,48934
05-01-2015,1,16228,16360,9976,3079,45643,821,619,777,2217,47860
05-01-2015,2,16189,16202,9889,2972,45252,806,611,769,2186,47438
05-01-2015,3,16134,16202,10087,2949,45372,814,630,784,2228,47600
05-01-2015,4,16307,16422,10494,2997,46220,850,682,846,2378,48598
05-01-2015,5,16852,17032,11322,3309,48515,978,807,1057,2842,51357
05-01-2015,6,18212,18233,11759,4051,52255,1131,970,1264,3365,55620
05-01-2015,7,20028,19613,12194,4797,56632,1240,1075,1395,3710,60342
05-01-2015,8,20771,20412,12257,5054,58494,1277,1122,1440,3839,62333
05-01-2015,9,20638,20284,12268,5091,58281,1284,1124,1442,3850,62131
05-01-2015,10,20656,20514,12271,5148,58589,1284,1124,1443,3851,62440
05-01-2015,11,20559,20949,12298,5108,58914,1265,1077,1419,3761,62675
05-01-2015,12,20312,20573,12298,5025,58208,1278,1101,1441,3820,62028
05-01-2015,13,20206,20510,12215,5028,57959,1273,1099,1438,3810,61769
05-01-2015,14,20254,20590,12411,4984,58239,1287,1101,1434,3822,62061
05-01-2015,15,20530,21579,12750,4917,59776,1322,1155,1468,3945,63721
05-01-2015,16,20659,21921,12862,5147,60589,1309,1171,1519,3999,64588
05-01-2015,17,20346,21913,12793,5524,60576,1291,1155,1500,3946,64522
05-01-2015,18,20068,21591,12806,5258,59723,1253,1120,1449,3822,63545
05-01-2015,19,19814,21029,12787,4902,58532,1220,1081,1403,3704,62236
05-01-2015,20,19545,20608,12394,4561,57108,1165,1015,1319,3499,60607
05-01-2015,21,19067,19815,12513,4233,55628,1090,926,1185,3201,58829
05-01-2015,22,18344,18858,12378,3852,53432,1008,823,1061,2892,56324
05-01-2015,23,17377,17788,11927,3485,50577,936,747,966,2649,53226
06-01-2015,0,16671,17062,11553,3251,48537,888,707,921,2516,51053
06-01-2015,1,16410,16772,11315,3133,47630,873,689,904,2466,50096
06-01-2015,2,16187,16625,11226,3102,47140,871,683,887,2441,49581
06-01-2015,3,16106,16529,11254,3088,46977,887,701,897,2485,49462
06-01-2015,4,16318,16557,11426,3171,47472,927,747,955,2629,50101
06-01-2015,5,16591,16689,11733,3422,48435,1057,874,1158,3089,51524
06-01-2015,6,17707,17472,11730,4115,51024,1217,1042,1367,3626,54650
06-01-2015,7,19417,18349,11982,4895,54643,1320,1147,1492,3959,58602
06-01-2015,8,19773,18650,11946,5161,55530,1325,1177,1526,4028,59558
06-01-2015,9,19620,19036,12070,5126,55852,1314,1178,1519,4011,59863
06-01-2015,10,19591,19379,12116,5169,56255,1301,1157,1500,3958,60213
06-01-2015,11,19466,19548,12052,5187,56253,1279,1121,1466,3866,60119
06-01-2015,12,19566,19660,12030,5126,56382,1303,1138,1469,3910,60292
06-01-2015,13,19561,19418,12213,5156,56348,1291,1133,1462,3886,60234
06-01-2015,14,19553,19670,12389,5084,56696,1298,1142,1472,3912,60608
06-01-2015,15,19827,20312,12881,5006,58026,1359,1200,1527,4086,62112
06-01-2015,16,19934,20740,12945,5228,58847,1360,1222,1590,4172,63019
06-01-2015,17,19472,20925,12918,5565,58880,1344,1207,1571,4122,63002
06-01-2015,18,19120,20391,12872,5300,57683,1314,1167,1517,3998,61681
06-01-2015,19,18868,19913,12594,4953,56328,1271,1126,1463,3860,60188
06-01-2015,20,18447,19253,12129,4613,54442,1223,1066,1368,3657,58099
06-01-2015,21,18177,18393,12178,4305,53053,1140,976,1224,3340,56393
06-01-2015,22,17460,17450,12005,3947,50862,1056,872,1088,3016,53878
06-01-2015,23,16447,16852,11505,3614,48418,995,791,999,2785,51203
07-01-2015,0,16048,16704,11061,3357,47170,961,742,946,2649,49819
07-01-2015,1,15613,16534,10784,3250,46181,941,726,920,2587,48768
07-01-2015,2,15404,16332,10631,3171,45538,931,718,911,2560,48098
07-01-2015,3,15371,16399,10662,3157,45589,936,736,920,2592,48181
07-01-2015,4,15481,16622,11011,3238,46352,968,775,986,2729,49081
07-01-2015,5,16130,17469,11848,3484,48931,1087,899,1180,3166,52097
07-01-2015,6,17171,19269,12330,4187,52957,1242,1048,1382,3672,56629
07-01-2015,7,19034,21091,12622,4965,57712,1343,1153,1511,4007,61719
07-01-2015,8,19560,21601,12548,5197,58906,1366,1190,1540,4096,63002
07-01-2015,9,19438,21422,12304,5110,58274,1358,1190,1540,4088,62362
07-01-2015,10,19351,21513,12141,5093,58098,1353,1175,1521,4049,62147
07-01-2015,11,19215,21567,12188,5038,58008,1334,1129,1490,3953,61961
07-01-2015,12,19115,21638,12151,4916,57820,1350,1136,1488,3974,61794
07-01-2015,13,19143,21536,12112,4968,57759,1338,1136,1477,3951,61710
07-01-2015,14,19246,21500,12230,4872,57848,1354,1147,1478,3979,61827
07-01-2015,15,19437,21734,12370,4827,58368,1394,1202,1520,4116,62484
07-01-2015,16,19708,21950,12323,5077,59058,1380,1214,1559,4153,63211
07-01-2015,17,19444,21915,12150,5485,58994,1359,1194,1530,4083,63077
07-01-2015,18,19131,21561,12102,5273,58067,1326,1146,1495,3967,62034
07-01-2015,19,18985,20516,11946,4972,56419,1273,1109,1419,3801,60220
07-01-2015,20,18505,19459,11395,4634,53993,1231,1053,1307,3591,57584
07-01-2015,21,18038,18509,11387,4314,52248,1142,957,1177,3276,55524
07-01-2015,22,17359,17629,11070,3974,50032,1058,852,1055,2965,52997
07-01-2015,23,16658,16730,10541,3667,47596,984,768,967,2719,50315
08-01-2015,0,16042,16084,10186,3418,45730,945,721,915,2581,48311
08-01-2015,1,15482,15732,9916,3299,44429,924,704,892,2520,46949
08-01-2015,2,15229,15591,9803,3280,43903,918,697,890,2505,46408
08-01-2015,3,15016,15517,9816,3294,43643,924,709,902,2535,46178
08-01-2015,4,14927,15693,10168,3375,44163,962,754,963,2679,46842
08-01-2015,5,15542,16369,11039,3635,46585,1082,876,1159,3117,49702
08-01-2015,6,16958,18060,11616,4277,50911,1234,1036,1372,3642,54553
08-01-2015,7,18556,19898,11880,5070,55404,1340,1142,1495,3977,59381
08-01-2015,8,19006,20524,11723,5294,56547,1350,1179,1528,4057,60604
08-01-2015,9,18894,20177,11489,5270,55830,1351,1193,1530,4074,59904
08-01-2015,10,18919,20206,11441,5294,55860,1339,1174,1517,4030,59890
08-01-2015,11,18794,20210,11473,5235,55712,1323,1141,1484,3948,59660
08-01-2015,12,18604,20337,11554,5155,55650,1345,1168,1493,4006,59656
08-01-2015,13,18677,20026,11616,5133,55452,1340,1174,1485,3999,59451
08-01-2015,14,18767,20313,11697,5025,55802,1346,1177,1486,4009,59811
08-01-2015,15,18982,21027,11789,4912,56710,1372,1225,1521,4118,60828
08-01-2015,16,19193,21130,11754,5162,57239,1340,1204,1534,4078,61317
08-01-2015,17,19116,21094,11637,5477,57324,1314,1179,1501,3994,61318
08-01-2015,18,18906,20616,11578,5250,56350,1271,1131,1455,3857,60207
08-01-2015,19,18714,20214,11356,4914,55198,1228,1089,1390,3707,58905
08-01-2015,20,18338,19130,10815,4593,52876,1170,1028,1297,3495,56371
08-01-2015,21,17927,18452,10796,4346,51521,1081,939,1164,3184,54705
08-01-2015,22,17420,17587,10555,4096,49658,992,835,1046,2873,52531
08-01-2015,23,16843,16550,10104,4050,47547,918,755,966,2639,50186
09-01-2015,0,16150,15235,9750,3631,44766,877,724,927,2528,47294
09-01-2015,1,15687,15657,9572,3288,44204,860,709,901,2470,46674
09-01-2015,2,15567,15503,9459,3215,43744,852,705,896,2453,46197
09-01-2015,3,15689,15551,9535,3244,44019,854,713,897,2464,46483
09-01-2015,4,15967,15702,9948,3293,44910,885,753,947,2585,47495
09-01-2015,5,16521,16463,10896,3521,47401,1004,871,1135,3010,50411
09-01-2015,6,17834,18650,11531,4270,52285,1155,1020,1330,3505,55790
09-01-2015,7,19808,20658,11849,4999,57314,1265,1119,1440,3824,61138
09-01-2015,8,20338,21104,11720,5296,58458,1276,1150,1471,3897,62355
09-01-2015,9,20175,21068,11538,5324,58105,1267,1158,1464,3889,61994
09-01-2015,10,20081,21534,11590,5407,58612,1254,1135,1443,3832,62444
09-01-2015,11,19900,21488,11558,5275,58221,1230,1094,1412,3736,61957
09-01-2015,12,19754,21083,11467,5125,57429,1250,1099,1424,3773,61202
09-01-2015,13,19593,20937,11453,5051,57034,1232,1096,1415,3743,60777
09-01-2015,14,19672,20736,11619,4872,56899,1235,1105,1414,3754,60653
09-01-2015,15,19882,20942,11949,4845,57618,1270,1146,905,3321,60939
09-01-2015,16,20044,21222,11959,5103,58328,1258,1162,1507,3927,62255
09-01-2015,17,19958,21216,11881,5448,58503,1228,1142,1482,3852,62355
09-01-2015,18,19901,20734,11790,5273,57698,1198,1099,1432,3729,61427
09-01-2015,19,19419,19871,11596,4820,55706,1153,1060,1366,3579,59285
09-01-2015,20,18920,19259,11084,4398,53661,1096,1005,1283,3384,57045
09-01-2015,21,18440,18302,11115,4092,51949,1022,922,1156,3100,55049
09-01-2015,22,18005,17579,10800,3782,50166,944,832,1038,2814,52980
09-01-2015,23,17398,17175,10249,3524,48346,878,752,950,2580,50926
10-01-2015,0,17037,16430,9863,3258,46588,854,708,898,2460,49048
10-01-2015,1,16669,16254,9657,3123,45703,829,679,865,2373,48076
10-01-2015,2,16309,16262,9564,3061,45196,820,671,842,2333,47529
10-01-2015,3,16215,15922,9595,3086,44818,814,680,844,2338,47156
10-01-2015,4,16290,16033,9695,3111,45129,820,709,865,2394,47523
10-01-2015,5,16530,15820,9947,3214,45511,856,774,937,2567,48078
10-01-2015,6,16757,16084,10089,3392,46322,905,866,1032,2803,49125
10-01-2015,7,17160,16961,10468,3733,48322,967,948,1108,3023,51345
10-01-2015,8,17820,17606,10640,4092,50158,1013,994,1191,3198,53356
10-01-2015,9,18520,18157,10700,4324,51701,1049,1015,1245,3309,55010
10-01-2015,10,19104,18668,10797,4521,53090,1062,1008,1267,3337,56427
10-01-2015,11,19161,18620,10822,4599,53202,1065,992,1272,3329,56531
10-01-2015,12,19220,19063,10782,4595,53660,1065,986,1273,3324,56984
10-01-2015,13,19052,19095,10859,4430,53436,1064,984,1251,3299,56735
10-01-2015,14,19005,19107,11114,4344,53570,1081,997,1245,3323,56893
10-01-2015,15,19004,19390,11624,4372,54390,1151,1047,1323,3521,57911
10-01-2015,16,19274,19937,11803,4691,55705,1163,1070,1384,3617,59322
10-01-2015,17,19545,20165,11890,5096,56696,1145,1057,1356,3558,60254
10-01-2015,18,19124,19821,11736,4915,55596,1122,1028,1315,3465,59061
10-01-2015,19,18490,19588,11407,4546,54031,1086,1011,1239,3336,57367
10-01-2015,20,17957,18906,10975,4289,52127,1055,953,1150,3158,55285
10-01-2015,21,17733,18638,11194,4056,51621,1013,865,1053,2931,54552
10-01-2015,22,17308,18048,11083,3797,50236,955,781,950,2686,52922
10-01-2015,23,16958,17626,10654,3590,48828,913,710,865,2488,51316
11-01-2015,0,16332,16946,10232,3437,46947,878,667,822,2367,49314
11-01-2015,1,15940,16752,9978,3214,45884,854,646,795,2295,48179
11-01-2015,2,15749,16487,9905,3104,45245,819,634,779,2232,47477
11-01-2015,3,15672,16421,9876,3057,45026,808,643,780,2231,47257
11-01-2015,4,15735,16427,9985,3080,45227,813,661,794,2268,47495
11-01-2015,5,15911,16637,10143,3146,45837,839,697,838,2374,48211
11-01-2015,6,16125,17123,10259,3298,46805,881,752,900,2533,49338
11-01-2015,7,16355,17610,10579,3526,48070,932,801,957,2690,50760
11-01-2015,8,17195,18225,10698,3893,50011,965,845,1029,2839,52850
11-01-2015,9,17703,19197,10916,4098,51914,1007,882,1104,2993,54907
11-01-2015,10,18213,19855,11173,4253,53494,1034,899,1141,3074,56568
11-01-2015,11,18544,19400,11274,4264,53482,1038,898,1163,3099,56581
11-01-2015,12,18621,19441,11281,4281,53624,1038,905,1163,3106,56730
11-01-2015,13,18737,19341,11285,4348,53711,1043,909,1158,3110,56821
11-01-2015,14,18725,19511,11510,4321,54067,1079,925,1152,3156,57223
11-01-2015,15,18906,20060,11968,4306,55240,1156,1002,1226,3384,58624
11-01-2015,16,19315,20871,12146,4642,56974,1184,1054,1328,3566,60540
11-01-2015,17,19381,20843,12226,5196,57646,1171,1054,1325,3550,61196
11-01-2015,18,19386,21140,12277,5061,57864,1149,1031,1296,3476,61340
11-01-2015,19,19228,20841,12054,4663,56786,1113,991,1246,3350,60136
11-01-2015,20,18887,20366,11782,4370,55405,1080,943,1166,3189,58594
11-01-2015,21,18486,19667,11980,4077,54210,1013,864,1048,2925,57135
11-01-2015,22,18081,18850,11829,3729,52489,948,784,928,2660,55149
11-01-2015,23,17477,18106,11435,3449,50467,895,718,847,2460,52927
12-01-2015,0,16999,17720,11138,3249,49106,862,666,799,2327,51433
12-01-2015,1,16662,17271,10877,3187,47997,841,652,780,2273,50270
12-01-2015,2,16524,17273,10847,3104,47748,837,637,771,2245,49993
12-01-2015,3,16511,17487,10964,3193,48155,849,659,784,2292,50447
12-01-2015,4,16698,17613,11399,3326,49036,883,705,849,2437,51473
12-01-2015,5,17210,18055,12333,3552,51150,1006,811,1077,2894,54044
12-01-2015,6,18731,20319,12694,4154,55898,1166,991,1288,3445,59343
12-01-2015,7,20594,22357,13022,5034,61007,1278,1104,1414,3796,64803
12-01-2015,8,20867,23377,12856,5287,62387,1308,1122,1460,3890,66277
12-01-2015,9,20775,23331,12778,5349,62233,1315,1127,1459,3901,66134
12-01-2015,10,20234,22448,12741,5340,60763,1303,1108,1443,3854,64617
12-01-2015,11,20350,22233,12632,5361,60576,1277,1067,1412,3756,64332
12-01-2015,12,20376,22309,12496,5287,60468,1295,1077,1418,3790,64258
12-01-2015,13,20052,22194,12473,5215,59934,1280,1079,1422,3781,63715
12-01-2015,14,20476,22028,12433,5179,60116,1278,1091,1431,3800,63916
12-01-2015,15,20466,22539,12775,5124,60904,1316,1139,1464,3919,64823
12-01-2015,16,20487,22731,12833,5282,61333,1314,1153,1492,3959,65292
12-01-2015,17,20378,22645,12774,5603,61400,1290,1139,1453,3882,65282
12-01-2015,18,20140,22090,12728,5380,60338,1259,1100,1403,3762,64100
12-01-2015,19,19768,21448,12590,5043,58849,1228,1053,1337,3618,62467
12-01-2015,20,19239,20565,12385,4678,56867,1173,985,1248,3406,60273
12-01-2015,21,18846,19719,12444,4350,55359,1091,894,1095,3080,58439
12-01-2015,22,18157,18629,12226,4062,53074,1014,791,965,2770,55844
12-01-2015,23,17412,17442,11820,3758,50432,953,711,879,2543,52975
13-01-2015,0,16575,16561,11474,3419,48029,904,673,842,2419,50448
13-01-2015,1,16052,15982,11108,3181,46323,876,651,819,2346,48669
13-01-2015,2,15939,15941,11053,3084,46017,857,638,806,2301,48318
13-01-2015,3,16050,16172,11007,3128,46357,850,653,812,2315,48672
13-01-2015,4,16284,16517,11443,3189,47433,872,692,871,2435,49868
13-01-2015,5,16695,17291,12176,3454,49616,993,812,1081,2886,52502
13-01-2015,6,18172,18795,12348,4156,53471,1143,956,1282,3381,56852
13-01-2015,7,19833,20741,12364,4924,57862,1242,1046,1397,3685,61547
13-01-2015,8,20222,21797,12227,5133,59379,1252,1078,1428,3758,63137
13-01-2015,9,19646,21611,12073,5083,58413,1258,1074,1407,3739,62152
13-01-2015,10,19844,21030,12113,4997,57984,1254,1052,1384,3690,61674
13-01-2015,11,19751,20683,12105,4611,57150,1229,1017,1362,3608,60758
13-01-2015,12,19508,20778,12084,4264,56634,1244,1031,1395,3670,60304
13-01-2015,13,19432,20555,11983,4563,56533,1243,1030,1392,3665,60198
13-01-2015,14,19525,20464,11929,5149,57067,1252,1049,1396,3697,60764
13-01-2015,15,19685,20846,12164,4889,57584,1284,1097,1435,3816,61400
13-01-2015,16,19975,21501,12252,5043,58771,1290,1116,1477,3883,62654
13-01-2015,17,20059,21320,12021,5489,58889,1264,1100,1446,3810,62699
13-01-2015,18,19752,20809,12150,5277,57988,1215,1061,1392,3668,61656
13-01-2015,19,19395,20186,12140,4881,56602,1176,1025,1335,3536,60138
13-01-2015,20,18868,19572,11716,4595,54751,1119,961,1242,3322,58073
13-01-2015,21,18176,18989,11787,4237,53189,1041,880,1104,3025,56214
13-01-2015,22,17603,17782,11487,3882,50754,963,790,970,2723,53477
13-01-2015,23,16642,16709,11052,3643,48046,916,709,880,2505,50551
14-01-2015,0,16240,16180,10521,3434,46375,871,659,838,2368,48743
14-01-2015,1,16067,15742,10069,3193,45071,846,639,812,2297,47368
14-01-2015,2,15878,15461,9999,3196,44534,830,638,809,2277,46811
14-01-2015,3,15898,15582,10037,3181,44698,829,654,822,2305,47003
14-01-2015,4,15982,16115,10468,3182,45747,865,698,888,2451,48198
14-01-2015,5,16687,16732,11411,3502,48332,981,808,1105,2894,51226
14-01-2015,6,18075,18882,11949,4237,53143,1134,960,1311,3405,56548
14-01-2015,7,19763,20790,12220,5002,57775,1237,1060,1423,3720,61495
14-01-2015,8,20242,21637,12018,5275,59172,1237,1082,1448,3767,62939
14-01-2015,9,20051,21366,11896,5258,58571,1231,1085,1442,3758,62329
14-01-2015,10,19785,21602,11799,5342,58528,1227,1071,1429,3727,62255
14-01-2015,11,19699,21406,11700,5391,58196,1203,1029,1390,3622,61818
14-01-2015,12,19670,21410,11585,5284,57949,1237,1051,1400,3688,61637
14-01-2015,13,19488,21248,11511,5289,57536,1233,1042,1387,3662,61198
14-01-2015,14,19534,21362,11490,5145,57531,1248,1052,1382,3682,61213
14-01-2015,15,19749,21787,11713,5004,58253,1270,1091,1405,3766,62019
14-01-2015,16,20117,22177,11792,5218,59304,1272,1115,1458,3845,63149
14-01-2015,17,20058,22192,11779,5628,59657,1252,1107,1433,3792,63449
14-01-2015,18,19773,21681,11756,5414,58624,1212,1070,1385,3667,62291
14-01-2015,19,19597,21043,11531,5007,57178,1164,1039,1331,3534,60712
14-01-2015,20,19073,20036,10944,4715,54768,1105,976,1236,3317,58085
14-01-2015,21,18609,19162,10867,4385,53023,1018,873,1102,2993,56016
14-01-2015,22,18019,18182,10591,4064,50856,937,777,973,2687,53543
14-01-2015,23,17297,17320,10147,3714,48478,874,701,888,2463,50941
15-01-2015,0,16609,16721,9723,3425,46478,837,662,850,2349,48827
15-01-2015,1,16014,16210,9556,3263,45043,819,642,829,2290,47333
15-01-2015,2,15955,16151,9437,3224,44767,812,632,827,2271,47038
15-01-2015,3,15915,16132,9573,3244,44864,819,648,837,2304,47168
15-01-2015,4,16079,16460,9993,3347,45879,853,698,903,2454,48333
15-01-2015,5,16729,17152,10974,3618,48473,976,812,1114,2902,51375
15-01-2015,6,18224,19025,11588,4312,53149,1125,961,1328,3414,56563
15-01-2015,7,19869,20980,11843,5107,57799,1231,1066,1448,3745,61544
15-01-2015,8,20285,21295,11712,5392,58684,1245,1092,1473,3810,62494
15-01-2015,9,19954,21146,11612,5397,58109,1240,1098,1456,3794,61903
15-01-2015,10,19880,21298,11504,5454,58136,1228,1079,1421,3728,61864
15-01-2015,11,19806,21042,11402,5489,57739,1201,1036,1384,3621,61360
15-01-2015,12,19816,20935,11223,5464,57438,1222,1053,1397,3672,61110
15-01-2015,13,19797,21098,11135,5376,57406,1212,1045,1398,3655,61061
15-01-2015,14,19796,21162,11215,5270,57443,1222,1046,1405,3673,61116
15-01-2015,15,19852,21601,11572,5094,58119,1253,1096,1439,3788,61907
15-01-2015,16,19929,21968,11670,5301,58868,1256,1129,1493,3878,62746
15-01-2015,17,19759,21947,11565,5643,58914,1234,1110,1466,3810,62724
15-01-2015,18,19364,21341,11584,5436,57725,1200,1069,1412,3681,61406
15-01-2015,19,19078,20803,11483,4997,56361,1164,1035,1348,3547,59908
15-01-2015,20,18739,19872,10960,4703,54274,1109,966,1257,3332,57606
15-01-2015,21,18212,19205,11049,4409,52875,1030,871,1103,3004,55879
15-01-2015,22,17501,18233,10733,4068,50535,950,783,973,2706,53241
15-01-2015,23,16563,17162,10145,3731,47601,888,703,889,2480,50081
16-01-2015,0,15906,16320,9934,3469,45629,847,660,836,2343,47972
16-01-2015,1,15671,15834,9691,3355,44551,832,639,810,2281,46832
16-01-2015,2,15595,15752,9643,3437,44427,829,629,803,2261,46688
16-01-2015,3,15554,15717,9775,3390,44436,841,640,813,2294,46730
16-01-2015,4,15676,15816,10165,3505,45162,880,684,879,2443,47605
16-01-2015,5,16060,16508,11106,3700,47374,999,804,1079,2882,50256
16-01-2015,6,17551,18245,11705,4309,51810,1156,956,1288,3400,55210
16-01-2015,7,19228,20228,12046,5077,56579,1275,1073,1421,3769,60348
16-01-2015,8,19636,20477,11931,5297,57341,1287,1112,1447,3846,61187
16-01-2015,9,19393,20324,11786,5261,56764,1276,1113,1451,3840,60604
16-01-2015,10,19322,20407,11751,5359,56839,1259,1096,1450,3805,60644
16-01-2015,11,19176,20320,11679,5208,56383,1231,1054,1414,3699,60082
16-01-2015,12,18965,20118,11553,5018,55654,1242,1070,1418,3730,59384
16-01-2015,13,18778,19835,11418,4855,54886,1228,1059,1394,3681,58567
16-01-2015,14,18900,19744,11438,4705,54787,1228,1050,1362,3640,58427
16-01-2015,15,18978,19820,11677,4608,55083,1245,1069,1381,3695,58778
16-01-2015,16,19244,20259,11746,4795,56044,1255,1102,1454,3811,59855
16-01-2015,17,19236,20463,11628,5210,56537,1228,1083,1433,3744,60281
16-01-2015,18,19044,20028,11592,5020,55684,1189,1040,1380,3609,59293
16-01-2015,19,18672,19130,11316,4663,53781,1148,999,1314,3461,57242
16-01-2015,20,18193,18429,10844,4323,51789,1089,943,1238,3270,55059
16-01-2015,21,17641,17589,10852,4016,50098,1017,866,1114,2997,53095
16-01-2015,22,17077,16823,10540,3680,48120,944,787,1016,2747,50867
16-01-2015,23,16549,16185,10034,3427,46195,875,713,932,2520,48715
17-01-2015,0,16154,15399,9652,3291,44496,838,667,876,2381,46877
17-01-2015,1,15791,15122,9388,3129,43430,805,640,842,2287,45717
17-01-2015,2,15678,14912,9308,2970,42868,792,625,826,2243,45111
17-01-2015,3,15600,14918,9294,2935,42747,791,626,829,2246,44993
17-01-2015,4,15538,14998,9371,3028,42935,804,655,854,2313,45248
17-01-2015,5,15523,15311,9645,3050,43529,842,691,912,2445,45974
17-01-2015,6,15886,15739,9737,3322,44684,885,765,1000,2650,47334
17-01-2015,7,16379,16460,10078,3554,46471,951,826,1076,2853,49324
17-01-2015,8,17279,16979,10101,3956,48315,997,881,1166,3044,51359
17-01-2015,9,17912,17501,10119,4226,49758,1031,929,1228,3188,52946
17-01-2015,10,18376,17791,10218,4234,50619,1038,940,1252,3230,53849
17-01-2015,11,18416,17520,10185,4182,50303,1041,935,1250,3226,53529
17-01-2015,12,18216,17667,10120,4159,50162,1039,935,1249,3223,53385
17-01-2015,13,18070,17301,10133,4126,49630,1041,936,1225,3202,52832
17-01-2015,14,17964,17248,10352,4079,49643,1053,931,1217,3201,52844
17-01-2015,15,18006,17636,10824,4107,50573,1109,958,1270,3337,53910
17-01-2015,16,18393,18660,11201,4343,52597,1136,998,1338,3472,56069
17-01-2015,17,18647,19186,11256,4862,53951,1113,983,1314,3410,57361
17-01-2015,18,18654,18574,11093,4790,53111,1090,953,1277,3320,56431
17-01-2015,19,18386,17843,10743,4403,51375,1051,922,1226,3199,54574
17-01-2015,20,17913,17094,10428,4067,49502,1011,873,1152,3036,52538
17-01-2015,21,17349,16627,10582,3838,48396,949,804,1056,2809,51205
17-01-2015,22,17017,16024,10448,3617,47106,896,736,963,2595,49701
17-01-2015,23,16608,15344,10006,3424,45382,844,675,892,2411,47793
18-01-2015,0,16228,15168,9603,3217,44216,805,640,848,2293,46509
18-01-2015,1,15963,15038,9295,3059,43355,784,617,819,2220,45575
18-01-2015,2,15738,14881,9210,2984,42813,776,604,803,2183,44996
18-01-2015,3,15667,14852,9186,3030,42735,775,608,802,2185,44920
18-01-2015,4,15681,14904,9272,2944,42801,782,627,825,2234,45035
18-01-2015,5,15808,15223,9394,2989,43414,809,660,877,2346,45760
18-01-2015,6,16179,15729,9431,3181,44520,850,711,948,2509,47029
18-01-2015,7,16447,16421,9685,3451,46004,894,750,1001,2645,48649
18-01-2015,8,16920,17034,9640,3738,47332,943,801,1086,2830,50162
18-01-2015,9,17535,17665,9817,3964,48981,991,848,1155,2994,51975
18-01-2015,10,18236,18183,10012,4121,50552,1005,861,1176,3042,53594
18-01-2015,11,18403,18308,10099,4160,50970,1016,859,1181,3056,54026
18-01-2015,12,18056,18417,9989,4153,50615,1014,859,1176,3049,53664
18-01-2015,13,17861,18730,9988,4117,50696,1012,855,1166,3033,53729
18-01-2015,14,17966,18702,10070,4106,50844,1023,862,1158,3043,53887
18-01-2015,15,18211,19105,10544,4117,51977,1071,901,1214,3186,55163
18-01-2015,16,18627,19890,10750,4431,53698,1118,981,1342,3441,57139
18-01-2015,17,18959,20335,10781,4990,55065,1118,987,1358,3463,58528
18-01-2015,18,18922,20326,10755,4913,54916,1108,972,1336,3416,58332
18-01-2015,19,18850,19706,10567,4502,53625,1081,956,1290,3327,56952
18-01-2015,20,18651,19152,10297,4227,52327,1025,908,1224,3157,55484
18-01-2015,21,18463,18227,10531,3926,51147,953,830,1087,2870,54017
18-01-2015,22,18008,17297,10375,3621,49301,884,749,982,2615,51916
18-01-2015,23,17343,16429,9969,3349,47090,831,680,907,2418,49508
19-01-2015,0,16904,16161,9635,3184,45884,793,638,860,2291,48175
19-01-2015,1,16662,15918,9439,3072,45091,779,621,840,2240,47331
19-01-2015,2,16529,15879,9425,3045,44878,784,610,832,2226,47104
19-01-2015,3,16575,15826,9552,3071,45024,778,635,845,2258,47282
19-01-2015,4,16852,16149,10010,3170,46181,813,676,916,2405,48586
19-01-2015,5,17415,16890,10963,3465,48733,942,806,1148,2896,51629
19-01-2015,6,18961,19253,11531,4238,53983,1110,969,1345,3424,57407
19-01-2015,7,21052,21725,11911,4987,59675,1211,1078,1463,3752,63427
19-01-2015,8,21359,21852,11763,5235,60209,1236,1111,1528,3875,64084
19-01-2015,9,21180,21591,11754,5256,59781,1241,1117,1531,3889,63670
19-01-2015,10,21105,21981,11736,5328,60150,1222,1101,1516,3839,63989
19-01-2015,11,20966,21800,11776,5333,59875,1196,1062,1496,3754,63629
19-01-2015,12,20774,21722,11724,5255,59475,1221,1087,1518,3826,63301
19-01-2015,13,20663,21691,11719,5186,59259,1216,1082,1508,3806,63065
19-01-2015,14,20627,21796,11704,5176,59303,1231,1087,1505,3823,63126
19-01-2015,15,20714,22001,11988,4929,59632,1259,1115,1510,3884,63516
19-01-2015,16,21001,22554,12156,5008,60719,1270,1147,1549,3966,64685
19-01-2015,17,21035,22581,12111,5470,61197,1236,1128,1526,3890,65087
19-01-2015,18,20679,22265,12078,5252,60274,1198,1083,1466,3747,64021
19-01-2015,19,20429,21726,12014,4940,59109,1155,1039,1407,3601,62710
19-01-2015,20,20202,20766,11525,4648,57141,1099,977,1314,3390,60531
19-01-2015,21,19729,19864,11640,4368,55601,1017,886,1165,3068,58669
19-01-2015,22,19007,18885,11408,3985,53285,933,801,1038,2772,56057
19-01-2015,23,18239,17842,10996,3577,50654,863,725,966,2554,53208
20-01-2015,0,17530,16856,10664,3347,48397,834,681,926,2441,50838
20-01-2015,1,17167,16591,10437,3207,47402,817,668,905,2390,49792
20-01-2015,2,17059,16488,10357,3127,47031,810,651,900,2361,49392
20-01-2015,3,17053,16457,10495,3181,47186,801,665,910,2376,49562
20-01-2015,4,17305,16749,10895,3240,48189,855,708,969,2532,50721
20-01-2015,5,17756,17466,11921,3547,50690,983,830,1171,2984,53674
20-01-2015,6,19426,19727,12458,4308,55919,1133,991,1381,3505,59424
20-01-2015,7,21010,21831,12785,5014,60640,1234,1098,1503,3835,64475
20-01-2015,8,21461,22232,12343,5197,61233,1260,1127,1535,3922,65155
20-01-2015,9,21393,22050,12220,5176,60839,1260,1132,1530,3922,64761
20-01-2015,10,21203,22367,12199,5306,61075,1258,1120,1522,3900,64975
20-01-2015,11,21001,22452,12173,5289,60915,1237,1082,1483,3802,64717
20-01-2015,12,20862,22191,12150,5248,60451,1256,1101,1479,3836,64287
20-01-2015,13,20650,22122,12232,5259,60263,1246,1097,1462,3805,64068
20-01-2015,14,20680,22029,12119,5218,60046,1248,1099,1449,3796,63842
20-01-2015,15,20673,22378,12320,5095,60466,1276,1111,1454,3841,64307
20-01-2015,16,20987,22611,12682,5229,61509,1271,1149,1512,3932,65441
20-01-2015,17,20952,22684,12679,5711,62026,1251,1138,1492,3881,65907
20-01-2015,18,20623,22108,12695,5494,60920,1220,1100,1435,3755,64675
20-01-2015,19,20376,21406,12593,5100,59475,1193,1068,1385,3646,63121
20-01-2015,20,20090,20656,12050,4775,57571,1132,999,1287,3418,60989
20-01-2015,21,19651,19822,12070,4537,56080,1048,903,1138,3089,59169
20-01-2015,22,18828,18795,11819,4173,53615,968,810,1021,2799,56414
20-01-2015,23,17850,17627,11322,3792,50591,900,730,942,2572,53163
21-01-2015,0,17158,16923,10999,3551,48631,872,690,904,2466,51097
21-01-2015,1,16892,16732,10771,3437,47832,851,673,884,2408,50240
21-01-2015,2,16826,16692,10738,3388,47644,844,669,878,2391,50035
21-01-2015,3,16894,16799,10822,3397,47912,859,688,889,2436,50348
21-01-2015,4,16997,16827,11240,3480,48544,887,726,953,2566,51110
21-01-2015,5,17527,17703,12182,3749,51161,1011,854,1158,3023,54184
21-01-2015,6,18790,20009,12608,4453,55860,1195,1005,1370,3570,59430
21-01-2015,7,20530,22154,12935,5206,60825,1274,1112,1487,3873,64698
21-01-2015,8,21109,22251,12802,5280,61442,1287,1146,1523,3956,65398
21-01-2015,9,20979,22158,12690,5175,61002,1278,1149,1513,3940,64942
21-01-2015,10,21072,22316,12650,5227,61265,1268,1146,1502,3916,65181
21-01-2015,11,20814,22101,12613,5194,60722,1246,1103,1474,3823,64545
21-01-2015,12,20520,21768,12566,5122,59976,1264,1120,1489,3873,63849
21-01-2015,13,20530,21770,12528,5134,59962,1259,1109,1480,3848,63810
21-01-2015,14,20528,21660,12500,5019,59707,1263,1106,1482,3851,63558
21-01-2015,15,20691,21936,12822,4910,60359,1269,1133,1486,3888,64247
21-01-2015,16,20946,22444,12991,5049,61430,1298,1174,1544,4016,65446
21-01-2015,17,21119,22647,12969,5504,62239,1272,1164,1523,3959,66198
21-01-2015,18,20771,22135,13027,5298,61231,1243,1117,1467,3827,65058
21-01-2015,19,20596,21516,12946,5014,60072,1207,1085,1407,3699,63771
21-01-2015,20,20352,20822,12346,4772,58292,1149,1025,1312,3486,61778
21-01-2015,21,19929,19682,12324,4432,56367,1068,932,1161,3161,59528
21-01-2015,22,19208,18630,12160,4077,54075,986,843,1048,2877,56952
21-01-2015,23,18270,17508,11684,3713,51175,920,768,969,2657,53832
22-01-2015,0,17778,16786,11374,3450,49388,902,728,927,2557,51945
22-01-2015,1,17472,16646,11174,3335,48627,889,711,902,2502,51129
22-01-2015,2,17381,16596,11115,3269,48361,887,708,894,2489,50850
22-01-2015,3,17277,16519,11262,3293,48351,887,713,905,2505,50856
22-01-2015,4,17331,16776,11706,3357,49170,910,752,956,2618,51788
22-01-2015,5,17911,17637,12703,3638,51889,1048,868,1168,3084,54973
22-01-2015,6,19700,19756,13210,4306,56972,1195,1014,1381,3590,60562
22-01-2015,7,21410,21737,13494,5002,61643,1294,1113,1489,3896,65539
22-01-2015,8,21742,22028,13321,5194,62285,1306,1142,1516,3964,66249
22-01-2015,9,21595,21842,13255,5136,61828,1315,1141,1513,3969,65797
22-01-2015,10,21392,21872,13172,5185,61621,1307,1121,1496,3924,65545
22-01-2015,11,21354,21807,13100,5130,61391,1283,1084,1464,3831,65222
22-01-2015,12,21242,21663,13066,5039,61010,1298,1107,1472,3877,64887
22-01-2015,13,20968,21586,12797,5046,60397,1288,1099,1465,3852,64249
22-01-2015,14,20889,21510,12634,4945,59978,1293,1095,1455,3843,63821
22-01-2015,15,21088,21783,12754,4833,60458,1314,1116,1465,3895,64353
22-01-2015,16,21426,22250,13071,4972,61719,1337,1153,1528,4018,65737
22-01-2015,17,21634,22507,12889,5487,62517,1311,1143,1509,3963,66480
22-01-2015,18,21456,22115,12925,5300,61796,1278,1096,1454,3828,65624
22-01-2015,19,21373,21962,12844,4992,61171,1236,1061,1399,3696,64867
22-01-2015,20,20947,21076,12351,4739,59113,1175,994,1302,3471,62584
22-01-2015,21,20572,20303,12321,4469,57665,1084,902,1153,3139,60804
22-01-2015,22,19845,19062,12108,4088,55103,998,818,1043,2859,57962
22-01-2015,23,19071,18035,11721,3742,52569,926,740,965,2631,55200
23-01-2015,0,18423,17158,11276,3508,50365,903,702,920,2525,52890
23-01-2015,1,18076,16729,11077,3371,49253,885,684,893,2462,51715
23-01-2015,2,17978,16716,11075,3298,49067,885,679,888,2452,51519
23-01-2015,3,17969,16907,11196,3329,49401,881,687,900,2468,51869
23-01-2015,4,18159,17050,11608,3421,50238,922,723,948,2593,52831
23-01-2015,5,18602,18137,12566,3692,52997,1039,846,1158,3043,56040
23-01-2015,6,20065,20474,12901,4371,57811,1190,996,1365,3551,61362
23-01-2015,7,21929,22415,13142,5111,62597,1267,1095,1488,3850,66447
23-01-2015,8,22509,22624,12874,5222,63229,1295,1141,1528,3964,67193
23-01-2015,9,22341,22662,13097,5207,63307,1285,1140,1523,3948,67255
23-01-2015,10,22414,22907,12965,5226,63512,1289,1118,1511,3918,67430
23-01-2015,11,22261,22508,12925,5141,62835,1265,1080,1467,3812,66647
23-01-2015,12,22047,22169,12792,5018,62026,1284,1101,1476,3861,65887
23-01-2015,13,21654,21777,12829,4809,61069,1267,1085,1462,3814,64883
23-01-2015,14,21598,21737,12818,4561,60714,1257,1082,1438,3777,64491
23-01-2015,15,21515,21859,12989,4335,60698,1266,1108,1441,3815,64513
23-01-2015,16,21616,22367,13213,4552,61748,1298,1153,1521,3972,65720
23-01-2015,17,21543,22862,13135,5307,62847,1268,1138,1495,3901,66748
23-01-2015,18,21306,22354,13047,5230,61937,1231,1095,1435,3761,65698
23-01-2015,19,20910,21492,12788,4852,60042,1183,1065,1368,3616,63658
23-01-2015,20,20364,20629,12243,4525,57761,1128,999,1286,3413,61174
23-01-2015,21,19637,19541,12253,4277,55708,1048,913,1159,3120,58828
23-01-2015,22,19010,18907,11963,4006,53886,988,835,1060,2883,56769
23-01-2015,23,18323,18143,11457,3777,51700,901,755,977,2633,54333
24-01-2015,0,17631,17675,11013,3540,49859,865,712,925,2502,52361
24-01-2015,1,17210,17308,10740,3400,48658,837,682,893,2412,51070
24-01-2015,2,16949,17139,10630,3331,48049,823,665,881,2369,50418
24-01-2015,3,16774,16967,10625,3293,47659,823,669,882,2374,50033
24-01-2015,4,16656,16956,10719,3306,47637,833,694,904,2431,50068
24-01-2015,5,16919,17165,11001,3375,48460,880,740,976,2596,51056
24-01-2015,6,17184,17536,11083,3626,49429,946,812,1054,2812,52241
24-01-2015,7,17731,18295,11350,3929,51305,994,870,1130,2994,54299
24-01-2015,8,18468,18764,11342,4198,52772,1065,926,1236,3227,55999
24-01-2015,9,19059,19469,11355,4447,54330,1102,959,1294,3355,57685
24-01-2015,10,19436,19948,11347,4559,55290,1112,963,1308,3383,58673
24-01-2015,11,19504,19982,11273,4507,55266,1111,954,1291,3356,58622
24-01-2015,12,19338,19903,11137,4446,54824,1107,951,1278,3336,58160
24-01-2015,13,19103,19803,11154,4350,54410,1100,947,1246,3293,57703
24-01-2015,14,18953,19524,11291,4196,53964,1092,936,1230,3258,57222
24-01-2015,15,18935,19952,11684,4151,54722,1129,956,1255,3340,58062
24-01-2015,16,19277,20537,12103,4360,56277,1186,1028,1364,3578,59855
24-01-2015,17,19677,20927,12166,4941,57711,1169,1029,1372,3570,61281
24-01-2015,18,19615,20528,11925,4857,56925,1149,1006,1333,3488,60413
24-01-2015,19,19191,19889,11505,4429,55014,1109,980,1281,3370,58384
24-01-2015,20,18625,19254,11084,4108,53071,1066,934,1215,3215,56286
24-01-2015,21,18185,18579,11229,3907,51900,1003,868,1119,2990,54890
24-01-2015,22,18019,17840,11033,3674,50566,942,801,1044,2787,53353
24-01-2015,23,17605,17131,10580,3448,48764,890,742,965,2597,51361
25-01-2015,0,17115,16558,10164,3272,47109,855,699,905,2459,49568
25-01-2015,1,16742,16241,9884,3141,46008,831,682,883,2396,48404
25-01-2015,2,16498,16062,9775,3113,45448,824,679,871,2374,47822
25-01-2015,3,16458,15743,9687,3039,44927,818,680,863,2361,47288
25-01-2015,4,16476,15727,9787,3095,45085,837,690,879,2406,47491
25-01-2015,5,16743,16132,9917,3185,45977,865,716,918,2499,48476
25-01-2015,6,16966,16395,9983,3317,46661,908,761,988,2657,49318
25-01-2015,7,17385,17011,10254,3566,48216,934,806,1033,2773,50989
25-01-2015,8,18063,17524,10249,3837,49673,1004,866,1131,3001,52674
25-01-2015,9,18525,18054,10403,4035,51017,1048,908,1182,3138,54155
25-01-2015,10,18916,18535,10516,4055,52022,1059,918,1206,3183,55205
25-01-2015,11,18921,18806,10572,4062,52361,1057,910,1213,3180,55541
25-01-2015,12,18815,18958,10533,4003,52309,1053,906,1209,3168,55477
25-01-2015,13,18812,18727,10467,3931,51937,1044,906,1201,3151,55088
25-01-2015,14,18821,18704,10520,3881,51926,1048,911,1199,3158,55084
25-01-2015,15,18988,19018,10887,3940,52833,1090,946,1232,3268,56101
25-01-2015,16,19399,19747,11211,4207,54564,1163,1037,1353,3553,58117
25-01-2015,17,19595,20452,11283,4937,56267,1165,1047,1375,3587,59854
25-01-2015,18,19408,20169,11239,4887,55703,1151,1034,1352,3537,59240
25-01-2015,19,19084,19651,11040,4589,54364,1113,1008,1304,3425,57789
25-01-2015,20,18713,19189,10703,4225,52830,1063,953,1223,3239,56069
25-01-2015,21,18289,18178,10875,3958,51300,989,866,1093,2948,54248
25-01-2015,22,17763,17209,10643,3627,49242,922,778,994,2694,51936
25-01-2015,23,16917,16359,10271,3342,46889,865,705,918,2488,49377
26-01-2015,0,16295,16227,9923,3136,45581,827,669,876,2372,47953
26-01-2015,1,16074,16318,9693,3041,45126,809,656,856,2321,47447
26-01-2015,2,15876,16110,9595,3012,44593,810,656,857,2323,46916
26-01-2015,3,15824,16481,9602,3066,44973,822,669,875,2366,47339
26-01-2015,4,15929,16608,9944,3184,45665,861,711,931,2503,48168
26-01-2015,5,16505,17516,10999,3426,48446,993,843,1149,2985,51431
26-01-2015,6,17807,19437,11682,4145,53071,1159,1005,1351,3515,56586
26-01-2015,7,19563,21225,11848,4978,57614,1253,1099,1368,3720,61334
26-01-2015,8,19849,21188,11700,5177,57914,1285,1145,1512,3942,61856
26-01-2015,9,19734,21440,11653,5197,58024,1277,1142,1511,3930,61954
26-01-2015,10,19893,21473,11684,5327,58377,1276,1120,1491,3887,62264
26-01-2015,11,19710,21235,11654,5326,57925,1252,1075,1459,3786,61711
26-01-2015,12,19629,21143,11575,5263,57610,1269,1097,1473,3839,61449
26-01-2015,13,19453,21154,11456,5261,57324,1257,1093,1462,3812,61136
26-01-2015,14,19400,21271,11398,5167,57236,1250,1081,1452,3783,61019
26-01-2015,15,19357,21475,11590,5020,57442,1256,1084,1441,3781,61223
26-01-2015,16,19808,21861,11776,5092,58537,1298,1123,1501,3922,62459
26-01-2015,17,19887,21985,11746,5545,59163,1279,1116,1504,3899,63062
26-01-2015,18,19647,21720,11696,5341,58404,1242,1068,1457,3767,62171
26-01-2015,19,19542,21270,11519,4916,57247,1198,1029,1391,3618,60865
26-01-2015,20,19150,20543,11031,4553,55277,1142,967,1291,3400,58677
26-01-2015,21,18821,19654,11032,4245,53752,1057,881,1142,3080,56832
26-01-2015,22,17956,18396,10762,3922,51036,974,785,1028,2787,53823
26-01-2015,23,17074,17065,10258,3595,47992,907,714,953,2574,50566
27-01-2015,0,16455,16442,9872,3353,46122,869,672,902,2443,48565
27-01-2015,1,16110,16031,9642,3251,45034,848,654,884,2386,47420
27-01-2015,2,15915,15886,9508,3223,44532,845,651,876,2372,46904
27-01-2015,3,15982,16078,9553,3246,44859,854,666,886,2406,47265
27-01-2015,4,16227,16396,9935,3296,45854,892,709,932,2533,48387
27-01-2015,5,16732,17451,10833,3596,48612,1025,827,1152,3004,51616
27-01-2015,6,18399,19356,11293,4288,53336,1183,998,1360,3541,56877
27-01-2015,7,20153,21315,11569,5033,58070,1258,1087,1460,3805,61875
27-01-2015,8,20643,21610,11392,5226,58871,1281,1132,1496,3909,62780
27-01-2015,9,20387,21490,11313,5177,58367,1277,1131,1488,3896,62263
27-01-2015,10,20183,21567,11293,5176,58219,1265,1114,1473,3852,62071
27-01-2015,11,19772,21424,11239,5084,57519,1247,1079,1436,3762,61281
27-01-2015,12,19385,21078,11206,4975,56644,1270,1095,1440,3805,60449
27-01-2015,13,19190,21028,11155,4984,56357,1256,1088,1430,3774,60131
27-01-2015,14,19171,20987,11126,4872,56156,1257,1082,1426,3765,59921
27-01-2015,15,19216,21103,11320,4766,56405,1260,1089,1429,3778,60183
27-01-2015,16,19587,21652,11668,4867,57774,1295,1145,1499,3939,61713
27-01-2015,17,19673,22180,11637,5446,58936,1271,1137,1508,3916,62852
27-01-2015,18,19366,22071,11574,5321,58332,1246,1099,1469,3814,62146
27-01-2015,19,18969,21473,11369,4973,56784,1214,1062,1414,3690,60474
27-01-2015,20,18575,20719,10789,4611,54694,1151,999,1312,3462,58156
27-01-2015,21,18077,19721,10864,4326,52988,1071,920,1165,3156,56144
27-01-2015,22,17532,18834,10609,3959,50934,974,828,1049,2851,53785
27-01-2015,23,16574,17636,10057,3555,47822,923,745,971,2639,50461
28-01-2015,0,15894,17015,9716,3320,45945,886,707,929,2522,48467
28-01-2015,1,15384,16512,9593,3202,44691,867,684,909,2460,47151
28-01-2015,2,15258,16261,9577,3153,44249,860,679,906,2445,46694
28-01-2015,3,15152,16258,9634,3173,44217,862,693,916,2471,46688
28-01-2015,4,15256,16268,10034,3264,44822,891,732,966,2589,47411
28-01-2015,5,15692,17107,10925,3505,47229,1016,851,1176,3043,50272
28-01-2015,6,17314,19196,11526,4226,52262,1169,997,1381,3547,55809
28-01-2015,7,18864,21142,11737,5007,56750,1245,1095,1480,3820,60570
28-01-2015,8,19341,20985,11545,5217,57088,1263,1130,1518,3911,60999
28-01-2015,9,19133,20834,11465,5196,56628,1269,1130,1513,3912,60540
28-01-2015,10,19035,20734,11441,5164,56374,1256,1112,1495,3863,60237
28-01-2015,11,18813,20666,11364,5236,56079,1237,1057,1464,3758,59837
28-01-2015,12,18811,20622,11277,5169,55879,1264,1072,1466,3802,59681
28-01-2015,13,18875,20695,11253,5219,56042,1254,1063,1448,3765,59807
28-01-2015,14,18860,20668,11279,5179,55986,1261,1070,1440,3771,59757
28-01-2015,15,18801,20902,11481,5141,56325,1264,1092,1438,3794,60119
28-01-2015,16,19291,21408,11683,5248,57630,1299,1130,1496,3925,61555
28-01-2015,17,19321,21648,11710,5668,58347,1278,1109,1489,3876,62223
28-01-2015,18,19112,21016,11684,5462,57274,1236,1067,1437,3740,61014
28-01-2015,19,18908,20417,11489,5056,55870,1198,1037,1379,3614,59484
28-01-2015,20,18589,19887,10928,4712,54116,1139,975,1277,3391,57507
28-01-2015,21,18145,19020,10830,4446,52441,1052,877,1127,3056,55497
28-01-2015,22,17437,18220,10585,4058,50300,975,776,1009,2760,53060
28-01-2015,23,16489,17309,10076,3651,47525,903,696,933,2532,50057
29-01-2015,0,16023,16708,9728,3447,45906,868,653,889,2410,48316
29-01-2015,1,15663,16298,9520,3346,44827,849,638,866,2353,47180
29-01-2015,2,15426,16343,9474,3327,44570,843,633,857,2333,46903
29-01-2015,3,15431,16372,9547,3405,44755,850,643,864,2357,47112
29-01-2015,4,15532,16490,9955,3378,45355,894,688,925,2507,47862
29-01-2015,5,16088,17060,10924,3638,47710,1013,814,1139,2966,50676
29-01-2015,6,17551,19174,11566,4468,52759,1165,969,1340,3474,56233
29-01-2015,7,19425,21064,11785,5242,57516,1259,1054,1327,3640,61156
29-01-2015,8,19896,21138,11675,5194,57903,1286,1105,1470,3861,61764
29-01-2015,9,19671,21100,11613,5177,57561,1289,1116,1479,3884,61445
29-01-2015,10,19684,21300,11619,5238,57841,1278,1105,1471,3854,61695
29-01-2015,11,19466,21125,11649,5200,57440,1256,1068,1443,3767,61207
29-01-2015,12,19220,20708,11497,5112,56537,1282,1086,1450,3818,60355
29-01-2015,13,18967,20797,11425,5075,56264,1274,1084,1440,3798,60062
29-01-2015,14,19196,20634,11374,5039,56243,1270,1077,1426,3773,60016
29-01-2015,15,18715,20900,11620,5103,56338,1271,1087,1424,3782,60120
29-01-2015,16,19374,21393,11895,5074,57736,1306,1120,1482,3908,61644
29-01-2015,17,19915,21977,11782,5614,59288,1283,1119,1492,3894,63182
29-01-2015,18,19647,21821,11761,5424,58653,1240,1075,1443,3758,62411
29-01-2015,19,19378,21283,11564,5118,57343,1189,1040,1372,3601,60944
29-01-2015,20,18955,20273,10982,4851,55061,1127,973,1271,3371,58432
29-01-2015,21,18554,19330,11020,4555,53459,1037,880,1126,3043,56502
29-01-2015,22,17927,18348,10740,4141,51156,956,786,1013,2755,53911
29-01-2015,23,16894,17126,10274,3773,48067,888,711,938,2537,50604
30-01-2015,0,16002,16364,9944,3506,45816,845,673,895,2413,48229
30-01-2015,1,15796,16195,9724,3402,45117,830,649,863,2342,47459
30-01-2015,2,15781,16203,9644,3357,44985,810,634,854,2298,47283
30-01-2015,3,15780,16210,9754,3355,45099,829,647,869,2345,47444
30-01-2015,4,16014,16267,10134,3453,45868,870,694,927,2491,48359
30-01-2015,5,16416,17157,11095,3706,48374,1004,821,1136,2961,51335
30-01-2015,6,18036,19226,11709,4409,53380,1151,982,1335,3468,56848
30-01-2015,7,19712,21169,11866,5183,57930,1230,1066,1424,3720,61650
30-01-2015,8,20355,21344,11687,5384,58770,1249,1106,1461,3816,62586
30-01-2015,9,20196,21317,11632,5281,58426,1245,1101,1452,3798,62224
30-01-2015,10,20063,21577,11669,5250,58559,1234,1079,1438,3751,62310
30-01-2015,11,19972,21556,11595,5204,58327,1211,1043,1398,3652,61979
30-01-2015,12,19897,21342,11543,5025,57807,1226,1066,1402,3694,61501
30-01-2015,13,19612,20831,11427,4902,56772,1205,1063,1391,3659,60431
30-01-2015,14,19497,20843,11380,4700,56420,1203,1062,1360,3625,60045
30-01-2015,15,19317,20637,11570,4579,56103,1208,1068,1342,3618,59721
30-01-2015,16,19442,21177,11958,4711,57288,1264,1106,1420,3790,61078
30-01-2015,17,19639,21739,11982,5203,58563,1245,1100,1428,3773,62336
30-01-2015,18,19508,21234,11938,5141,57821,1206,1050,1376,3632,61453
30-01-2015,19,19020,20701,11654,4725,56100,1162,1018,1307,3487,59587
30-01-2015,20,18411,19829,11211,4370,53821,1108,960,1217,3285,57106
30-01-2015,21,18074,19073,11184,4071,52402,1011,878,1106,2995,55397
30-01-2015,22,17436,18114,10891,3849,50290,937,790,998,2725,53015
30-01-2015,23,16880,17347,10381,3559,48167,861,715,916,2492,50659
31-01-2015,0,16560,16734,10027,3308,46629,828,679,870,2377,49006
31-01-2015,1,16036,16337,9738,3143,45254,815,661,842,2318,47572
31-01-2015,2,15823,16088,9621,3073,44605,803,646,834,2283,46888
31-01-2015,3,15723,16020,9591,3058,44392,803,641,833,2277,46669
31-01-2015,4,15720,16236,9659,3085,44700,810,659,861,2330,47030
31-01-2015,5,15837,16492,9940,3183,45452,852,713,933,2498,47950
31-01-2015,6,16260,17117,10116,3399,46892,907,777,1018,2702,49594
31-01-2015,7,16831,17761,10284,3755,48631,961,834,1085,2880,51511
31-01-2015,8,17588,18371,10379,4092,50430,1025,902,1184,3111,53541
31-01-2015,9,18282,19226,10492,4334,52334,1064,944,1249,3257,55591
31-01-2015,10,18798,19644,10593,4413,53448,1074,951,1277,3302,56750
31-01-2015,11,18922,19984,10619,4357,53882,1075,948,1289,3312,57194
31-01-2015,12,18671,19888,10593,4262,53414,1080,945,1275,3300,56714
31-01-2015,13,18382,19744,10560,4203,52889,1080,943,1251,3274,56163
31-01-2015,14,18212,19670,10704,4135,52721,1076,933,1231,3240,55961
31-01-2015,15,18346,19586,11130,4126,53188,1098,954,1253,3305,56493
31-01-2015,16,18941,20282,11589,4321,55133,1148,1014,1338,3500,58633
31-01-2015,17,19543,20704,11627,4838,56712,1134,1009,1336,3479,60191
31-01-2015,18,19406,20256,11436,4801,55899,1103,984,1302,3389,59288
31-01-2015,19,18963,19383,11039,4444,53829,1063,954,1244,3261,57090
31-01-2015,20,18506,18707,10704,4166,52083,1015,909,1173,3097,55180
31-01-2015,21,18112,17894,10857,3952,50815,949,835,1084,2868,53683
31-01-2015,22,17703,17202,10648,3719,49272,890,769,982,2641,51913
31-01-2015,23,17168,16558,10262,3500,47488,842,715,897,2454,49942
01-02-2015,0,16819,16355,9863,3257,46294,819,673,843,2335,48629
01-02-2015,1,16520,16041,9640,3106,45307,800,656,813,2269,47576
01-02-2015,2,16368,15902,9481,3030,44781,777,637,797,2211,46992
01-02-2015,3,16250,15843,9428,3034,44555,787,637,792,2216,46771
01-02-2015,4,16341,15832,9363,3035,44571,804,650,805,2259,46830
01-02-2015,5,16395,16016,9557,3105,45073,835,682,863,2380,47453
01-02-2015,6,16713,16429,9605,3306,46053,875,722,927,2524,48577
01-02-2015,7,17115,16909,9748,3551,47323,909,758,977,2644,49967
01-02-2015,8,17672,17332,9849,3822,48675,969,828,1067,2864,51539
01-02-2015,9,18256,18046,10094,4059,50455,1013,873,1131,3017,53472
01-02-2015,10,18687,18490,10271,4167,51615,1028,889,1151,3068,54683
01-02-2015,11,18793,18801,10317,4169,52080,1025,887,1154,3066,55146
01-02-2015,12,18665,19016,10269,4139,52089,1030,887,1158,3075,55164
01-02-2015,13,18639,18963,10167,4138,51907,1029,890,1138,3057,54964
01-02-2015,14,18755,19042,10258,4088,52143,1029,890,1128,3047,55190
01-02-2015,15,18822,19151,10499,4103,52575,1061,914,1156,3131,55706
01-02-2015,16,19223,20001,11074,4315,54613,1140,992,1273,3405,58018
01-02-2015,17,19552,20734,11146,4945,56377,1140,1005,1329,3474,59851
01-02-2015,18,19543,20725,11100,4921,56289,1131,986,1301,3418,59707
01-02-2015,19,19501,20402,10892,4653,55448,1096,965,1256,3317,58765
01-02-2015,20,19226,19924,10428,4296,53874,1038,911,1181,3130,57004
01-02-2015,21,18874,19229,10676,4054,52833,961,832,1046,2839,55672
01-02-2015,22,18336,18324,10596,3762,51018,891,741,937,2569,53587
01-02-2015,23,17682,17624,10131,3523,48960,839,668,864,2371,51331
02-02-2015,0,17078,17084,9818,3333,47313,810,632,820,2262,49575
02-02-2015,1,16838,16784,9622,3194,46438,794,615,801,2210,48648
02-02-2015,2,16601,16780,9562,3140,46083,785,612,797,2194,48277
02-02-2015,3,16752,16837,9643,3217,46449,789,631,813,2233,48682
02-02-2015,4,17033,16979,10034,3307,47353,829,678,882,2389,49742
02-02-2015,5,17638,18206,11021,3540,50405,964,797,1115,2876,53281
02-02-2015,6,19378,20466,11670,4251,55765,1126,967,1304,3397,59162
02-02-2015,7,21183,22267,11793,5028,60271,1214,1051,1399,3664,63935
02-02-2015,8,21580,22536,11746,5196,61058,1235,1092,1433,3760,64818
02-02-2015,9,21229,22569,11721,5226,60745,1234,1097,1418,3749,64494
02-02-2015,10,21160,22559,11690,5293,60702,1240,1083,1399,3722,64424
02-02-2015,11,21192,22629,11691,5239,60751,1221,1052,1378,3651,64402
02-02-2015,12,21052,22615,11610,5134,60411,1236,1071,1387,3694,64105
02-02-2015,13,20806,22406,11549,5116,59877,1229,1070,1388,3687,63564
02-02-2015,14,20791,22345,11545,5029,59710,1225,1060,1385,3670,63380
02-02-2015,15,20969,22408,11629,4902,59908,1219,1073,1364,3656,63564
02-02-2015,16,20859,22684,12023,4939,60505,1253,1098,1420,3771,64276
02-02-2015,17,21200,23392,11963,5489,62044,1232,1101,1453,3786,65830
02-02-2015,18,21211,22977,11920,5415,61523,1202,1053,1413,3668,65191
02-02-2015,19,20903,22474,11772,5077,60226,1166,1018,1351,3535,63761
02-02-2015,20,20574,21620,11318,4736,58248,1098,963,1258,3319,61567
02-02-2015,21,20132,20666,11355,4421,56574,1019,871,1104,2994,59568
02-02-2015,22,19324,19580,11075,4046,54025,934,779,989,2702,56727
02-02-2015,23,18409,18512,10595,3727,51243,873,709,912,2494,53737
03-02-2015,0,17984,17889,10267,3481,49621,841,670,880,2391,52012
03-02-2015,1,17690,17448,10045,3329,48512,827,651,868,2346,50858
03-02-2015,2,17517,17371,10000,3271,48159,809,647,863,2319,50478
03-02-2015,3,17508,17375,10015,3289,48187,828,661,879,2368,50555
03-02-2015,4,17724,17471,10453,3328,48976,861,708,947,2516,51492
03-02-2015,5,18285,18472,11395,3652,51804,983,830,1154,2967,54771
03-02-2015,6,19842,20767,11857,4376,56842,1133,983,1358,3474,60316
03-02-2015,7,21528,22607,11951,5131,61217,1216,1072,1461,3749,64966
03-02-2015,8,21906,22650,11778,5131,61465,1241,1120,1497,3858,65323
03-02-2015,9,21733,22591,11680,5273,61277,1231,1108,1479,3818,65095
03-02-2015,10,21650,22837,11652,5332,61471,1213,1079,1447,3739,65210
03-02-2015,11,21352,22937,11715,5266,61270,1195,1039,1405,3639,64909
03-02-2015,12,21014,22610,11599,5200,60423,1211,1054,1411,3676,64099
03-02-2015,13,20774,22550,11520,5130,59974,1204,1053,1395,3652,63626
03-02-2015,14,20570,22481,11546,5041,59638,1201,1050,1381,3632,63270
03-02-2015,15,20986,22788,11617,4947,60338,1206,1051,1377,3634,63972
03-02-2015,16,20992,22926,12020,4970,60908,1259,1107,1444,3810,64718
03-02-2015,17,21267,23741,12020,5518,62546,1247,1130,1481,3858,66404
03-02-2015,18,21190,23368,11973,5429,61960,1223,1087,1448,3758,65718
03-02-2015,19,21044,22798,11830,5048,60720,1192,1053,1393,3638,64358
03-02-2015,20,20821,21820,11355,4739,58735,1110,987,1297,3394,62129
03-02-2015,21,20484,21087,11309,4430,57310,1036,900,1142,3078,60388
03-02-2015,22,19793,19761,11030,4043,54627,966,818,1023,2807,57434
03-02-2015,23,18970,18810,10581,3683,52044,896,735,951,2582,54626
04-02-2015,0,18316,18081,10239,3437,50073,870,701,911,2482,52555
04-02-2015,1,17961,17843,9968,3330,49102,848,682,891,2421,51523
04-02-2015,2,17743,17771,9922,3275,48711,841,676,883,2400,51111
04-02-2015,3,17851,17923,9984,3289,49047,849,694,893,2436,51483
04-02-2015,4,18168,18107,10455,3396,50126,892,745,958,2595,52721
04-02-2015,5,18658,18835,11337,3649,52479,1026,860,1168,3054,55533
04-02-2015,6,20420,21007,11588,4359,57374,1191,1015,1349,3555,60929
04-02-2015,7,22135,22886,11705,5134,61860,1261,1100,1425,3786,65646
04-02-2015,8,22530,22868,11624,5293,62315,1283,1147,1456,3886,66201
04-02-2015,9,22206,22770,11588,5287,61851,1283,1146,1445,3874,65725
04-02-2015,10,22032,23008,11620,5367,62027,1276,1118,1422,3816,65843
04-02-2015,11,21576,22778,11773,5307,61434,1246,1069,1405,3720,65154
04-02-2015,12,21170,22463,11738,5212,60583,1265,1087,1407,3759,64342
04-02-2015,13,21023,22377,11605,5247,60252,1253,1084,1395,3732,63984
04-02-2015,14,20842,22339,11596,5172,59949,1244,1084,1387,3715,63664
04-02-2015,15,20876,22513,11665,5020,60074,1228,1086,1349,3663,63737
04-02-2015,16,21155,22965,12075,5066,61261,1277,1130,1413,3820,65081
04-02-2015,17,21553,23389,12073,5567,62582,1265,1154,1457,3876,66458
04-02-2015,18,21537,22949,12099,5469,62054,1235,1107,1418,3760,65814
04-02-2015,19,21509,22646,11889,5132,61176,1198,1075,1389,3662,64838
04-02-2015,20,21290,21969,11400,4807,59466,1165,1014,1286,3465,62931
04-02-2015,21,20893,20936,11416,4487,57732,1073,917,1137,3127,60859
04-02-2015,22,20164,19824,11119,4082,55189,997,836,1044,2877,58066
04-02-2015,23,19333,18538,10609,3719,52199,934,753,969,2656,54855
05-02-2015,0,18780,17788,10364,3458,50390,893,708,926,2527,52917
05-02-2015,1,18460,17540,10122,3346,49468,884,687,908,2479,51947
05-02-2015,2,18365,17398,10038,3281,49082,880,679,901,2460,51542
05-02-2015,3,18349,17405,10120,3324,49198,890,693,911,2494,51692
05-02-2015,4,18481,17616,10511,3428,50036,937,739,971,2647,52683
05-02-2015,5,18851,18661,11369,3716,52597,1063,858,1153,3074,55671
05-02-2015,6,20283,20744,11856,4393,57276,1223,1009,1354,3586,60862
05-02-2015,7,22123,22546,11954,5143,61766,1287,1101,1435,3823,65589
05-02-2015,8,22455,22678,11863,5329,62325,1313,1147,1475,3935,66260
05-02-2015,9,22334,22530,11807,5269,61940,1312,1141,1470,3923,65863
05-02-2015,10,22272,22548,11757,5271,61848,1301,1116,1453,3870,65718
05-02-2015,11,21956,22338,11730,5207,61231,1275,1076,1445,3796,65027
05-02-2015,12,21591,22020,11701,5035,60347,1274,1098,1459,3831,64178
05-02-2015,13,21577,21863,11616,5015,60071,1252,1092,1445,3789,63860
05-02-2015,14,21459,21806,11527,4893,59685,1249,1084,1433,3766,63451
05-02-2015,15,21388,22044,11533,4759,59724,1242,1089,1424,3755,63479
05-02-2015,16,21463,22338,11898,4841,60540,1294,1124,1463,3881,64421
05-02-2015,17,21709,23083,11960,5419,62171,1289,1140,1463,3892,66063
05-02-2015,18,21433,22803,11943,5418,61597,1267,1107,1440,3814,65411
05-02-2015,19,21156,22362,11793,5103,60414,1235,1078,1381,3694,64108
05-02-2015,20,20695,21751,11309,4765,58520,1184,1020,1281,3485,62005
05-02-2015,21,20164,20945,11280,4456,56845,1102,932,1131,3165,60010
05-02-2015,22,19395,20016,10981,4114,54506,1024,851,1040,2915,57421
05-02-2015,23,18369,18831,10447,3760,51407,944,774,963,2681,54088
06-02-2015,0,17728,18218,10167,3579,49692,917,728,918,2563,52255
06-02-2015,1,17271,17922,9914,3466,48573,900,710,894,2504,51077
06-02-2015,2,17181,17771,9857,3418,48227,893,705,887,2485,50712
06-02-2015,3,17156,17664,9952,3402,48174,903,721,901,2525,50699
06-02-2015,4,17373,17765,10369,3505,49012,933,761,961,2655,51667
06-02-2015,5,17894,18596,11400,3756,51646,1048,880,1135,3063,54709
06-02-2015,6,19451,20632,11992,4416,56491,1198,1029,1328,3555,60046
06-02-2015,7,21089,22127,12022,5079,60317,1278,1116,1434,3828,64145
06-02-2015,8,21503,22232,11964,5217,60916,1301,1165,1462,3928,64844
06-02-2015,9,21313,22116,11885,5210,60524,1295,1161,1477,3933,64457
06-02-2015,10,21208,21668,11747,5192,59815,1288,1147,1445,3880,63695
06-02-2015,11,20906,21326,11570,5091,58893,1262,1094,1398,3754,62647
06-02-2015,12,20632,20977,11376,4855,57840,1275,1115,1397,3787,61627
06-02-2015,13,20078,20484,11248,4734,56544,1244,1110,1366,3720,60264
06-02-2015,14,19915,20218,11180,4573,55886,1224,1101,1336,3661,59547
06-02-2015,15,19911,19930,11227,4520,55588,1202,1106,1341,3649,59237
06-02-2015,16,19991,20192,11782,4631,56596,1245,1129,1379,3753,60349
06-02-2015,17,20281,20869,11952,5117,58219,1244,1143,1407,3794,62013
06-02-2015,18,20152,20893,11909,5068,58022,1211,1095,1357,3663,61685
06-02-2015,19,19818,20041,11638,4691,56188,1162,1049,1302,3513,59701
06-02-2015,20,19322,19171,11119,4322,53934,1106,986,1224,3316,57250
06-02-2015,21,18826,18600,11078,4043,52547,1028,900,1105,3033,55580
06-02-2015,22,18211,17549,10811,3743,50314,956,820,1017,2793,53107
06-02-2015,23,17685,16674,10291,3449,48099,895,738,940,2573,50672
07-02-2015,0,17123,16290,9908,3207,46528,851,690,887,2428,48956
07-02-2015,1,16619,15901,9632,3064,45216,0,665,860,1525,46741
07-02-2015,2,16434,15740,9516,3022,44712,0,658,847,1505,46217
07-02-2015,3,16297,15689,9483,3001,44470,0,663,845,1508,45978
07-02-2015,4,16259,15612,9588,3019,44478,0,684,864,1548,46026
07-02-2015,5,16548,16031,9899,3099,45577,0,724,938,1662,47239
07-02-2015,6,17031,16505,9969,3350,46855,0,790,1001,1791,48646
07-02-2015,7,17445,17063,9981,3656,48145,0,830,1082,1912,50057
07-02-2015,8,18026,17593,10159,3908,49686,0,895,1176,2071,51757
07-02-2015,9,18609,18172,10246,4163,51190,0,929,1230,2159,53349
07-02-2015,10,19026,18278,10299,4250,51853,1062,929,1250,3241,55094
07-02-2015,11,18745,18054,10270,4310,51379,1059,930,1247,3236,54615
07-02-2015,12,18315,17940,10250,4292,50797,1058,935,1235,3228,54025
07-02-2015,13,18159,17734,10185,4230,50308,1047,939,1215,3201,53509
07-02-2015,14,18203,17719,10241,4196,50359,1048,937,1199,3184,53543
07-02-2015,15,18328,17954,10427,4168,50877,1069,935,1204,3208,54085
07-02-2015,16,18650,18690,11190,4288,52818,1157,990,1283,3430,56248
07-02-2015,17,19311,19730,11526,4855,55422,1168,1006,1317,3491,58913
07-02-2015,18,19660,19875,11375,4883,55793,1138,989,1286,3413,59206
07-02-2015,19,19247,19227,10950,4525,53949,1094,966,1222,3282,57231
07-02-2015,20,18678,18564,10610,4256,52108,1043,916,1159,3118,55226
07-02-2015,21,18125,18147,10723,4025,51020,969,837,1063,2869,53889
07-02-2015,22,17799,17830,10537,3833,49999,914,764,966,2644,52643
07-02-2015,23,17660,17296,10131,3647,48734,862,703,887,2452,51186
08-02-2015,0,17132,16893,9821,3469,47315,827,666,841,2334,49649
08-02-2015,1,16954,16724,9562,3393,46633,800,632,813,2245,48878
08-02-2015,2,16782,16691,9453,3310,46236,795,624,796,2215,48451
08-02-2015,3,16687,16555,9481,3291,46014,793,632,798,2223,48237
08-02-2015,4,16679,16658,9588,3293,46218,801,651,822,2274,48492
08-02-2015,5,16812,17024,9819,3351,47006,831,687,875,2393,49399
08-02-2015,6,17005,17506,9825,3420,47756,869,730,924,2523,50279
08-02-2015,7,17327,17856,9823,3593,48599,914,763,985,2662,51261
08-02-2015,8,17734,18373,10021,3822,49950,983,837,1077,2897,52847
08-02-2015,9,18299,18836,10249,3971,51355,1029,875,1130,3034,54389
08-02-2015,10,18747,18960,10344,4008,52059,1041,889,1148,3078,55137
08-02-2015,11,18615,19146,10387,4030,52178,1048,889,1152,3089,55267
08-02-2015,12,18408,18843,10347,4064,51662,1043,885,1148,3076,54738
08-02-2015,13,18398,18503,10328,3948,51177,1042,884,1136,3062,54239
08-02-2015,14,18449,18164,10365,3890,50868,1047,881,1125,3053,53921
08-02-2015,15,18325,17849,10575,3844,50593,1051,894,1134,3079,53672
08-02-2015,16,18565,18414,11252,4019,52250,1126,966,1234,3326,55576
08-02-2015,17,18884,19803,11603,4666,54956,1164,1008,1329,3501,58457
08-02-2015,18,18969,19391,11635,4762,54757,1155,997,1319,3471,58228
08-02-2015,19,18646,18767,11447,4465,53325,1119,975,1278,3372,56697
08-02-2015,20,18404,18073,11110,4157,51744,1071,922,1197,3190,54934
08-02-2015,21,18105,17621,11276,3991,50993,998,838,1071,2907,53900
08-02-2015,22,17569,16640,11133,3728,49070,926,758,951,2635,51705
08-02-2015,23,16823,16083,10717,3453,47076,876,699,882,2457,49533
09-02-2015,0,16309,15830,10403,3264,45806,843,658,850,2351,48157
09-02-2015,1,15981,15644,10214,3166,45005,826,638,828,2292,47297
09-02-2015,2,15817,15485,10174,3151,44627,824,634,829,2287,46914
09-02-2015,3,15835,15591,10271,3172,44869,837,651,849,2337,47206
09-02-2015,4,16009,15903,10694,3267,45873,877,702,922,2501,48374
09-02-2015,5,16458,16895,11630,3503,48486,996,818,1147,2961,51447
09-02-2015,6,17744,19018,12115,4084,52961,1145,989,1310,3444,56405
09-02-2015,7,19484,20352,12159,4752,56747,1230,1070,1405,3705,60452
09-02-2015,8,19913,20659,12242,4947,57761,1275,1120,1475,3870,61631
09-02-2015,9,19700,20218,12160,4981,57059,1276,1134,1478,3888,60947
09-02-2015,10,19643,20424,12100,4992,57159,1270,1117,1459,3846,61005
09-02-2015,11,19396,20197,12096,4943,56632,1252,1069,1448,3769,60401
09-02-2015,12,18925,19634,11978,4841,55378,1269,1087,1451,3807,59185
09-02-2015,13,18782,19287,11847,4803,54719,1247,1080,1436,3763,58482
09-02-2015,14,18765,19328,11693,4646,54432,1240,1071,1428,3739,58171
09-02-2015,15,18707,19368,11590,4469,54134,1221,1063,1395,3679,57813
09-02-2015,16,18577,19493,11911,4447,54428,1254,1096,1428,3778,58206
09-02-2015,17,19001,20333,11940,4952,56226,1273,1127,1490,3890,60116
09-02-2015,18,18973,20521,11827,5026,56347,1237,1088,1456,3781,60128
09-02-2015,19,18709,19743,11602,4722,54776,1196,1056,1391,3643,58419
09-02-2015,20,18370,19079,11052,4397,52898,1136,990,1289,3415,56313
09-02-2015,21,17892,18132,11037,4120,51181,1050,890,1139,3079,54260
09-02-2015,22,17113,17175,10737,3760,48785,968,798,1026,2792,51577
09-02-2015,23,16264,16086,10217,3458,46025,902,718,952,2572,48597
10-02-2015,0,15547,15604,9863,3284,44298,858,668,904,2430,46728
10-02-2015,1,15298,15276,9603,3161,43338,841,647,882,2370,45708
10-02-2015,2,15172,15228,9458,3116,42974,829,645,876,2350,45324
10-02-2015,3,15349,15617,9502,3129,43597,833,659,891,2383,45980
10-02-2015,4,15398,15661,9804,3227,44090,873,705,942,2520,46610
10-02-2015,5,15879,16572,10711,3488,46650,995,823,1152,2970,49620
10-02-2015,6,17476,18721,11225,4065,51487,1134,973,1341,3448,54935
10-02-2015,7,19183,20315,11169,4753,55420,1214,1056,1441,3711,59131
10-02-2015,8,19369,20441,11003,5005,55818,1238,1101,1480,3819,59637
10-02-2015,9,19006,20030,10919,5032,54987,1218,1091,1466,3775,58762
10-02-2015,10,18879,19955,10868,4992,54694,1197,1062,1448,3707,58401
10-02-2015,11,18622,19551,10677,4942,53792,1168,1021,1413,3602,57394
10-02-2015,12,18485,19393,10516,4795,53189,1184,1033,1413,3630,56819
10-02-2015,13,18159,19099,10403,4771,52432,1166,1020,1400,3586,56018
10-02-2015,14,18229,19128,10429,4651,52437,1150,1006,1384,3540,55977
10-02-2015,15,18077,18958,10399,4481,51915,1138,1000,1364,3502,55417
10-02-2015,16,18329,19238,10837,4483,52887,1189,1037,1411,3637,56524
10-02-2015,17,18698,20015,11072,4911,54696,1214,1101,1475,3790,58486
10-02-2015,18,18675,20105,11102,5029,54911,1186,1067,1439,3692,58603
10-02-2015,19,18545,19419,10994,4719,53677,1148,1033,1377,3558,57235
10-02-2015,20,18109,18759,10450,4392,51710,1091,971,1277,3339,55049
10-02-2015,21,17745,17717,10453,4149,50064,1006,881,1123,3010,53074
10-02-2015,22,17142,16931,10178,3839,48090,927,790,1010,2727,50817
10-02-2015,23,16271,16160,9687,3515,45633,861,712,930,2503,48136
11-02-2015,0,15928,15608,9344,3287,44167,831,677,890,2398,46565
11-02-2015,1,15539,15567,9121,3158,43385,815,661,873,2349,45734
11-02-2015,2,15398,15450,9020,3103,42971,807,657,875,2339,45310
11-02-2015,3,15444,15557,9089,3114,43204,815,670,887,2372,45576
11-02-2015,4,15591,15747,9478,3170,43986,857,728,955,2540,46526
11-02-2015,5,16076,16885,10466,3417,46844,980,845,1162,2987,49831
11-02-2015,6,17549,19112,11039,3996,51696,1118,987,1342,3447,55143
11-02-2015,7,19275,20833,10933,4667,55708,1193,1069,1445,3707,59415
11-02-2015,8,19465,20696,10884,4938,55983,1221,1120,1495,3836,59819
11-02-2015,9,19270,20531,10812,5020,55633,1207,1127,1490,3824,59457
11-02-2015,10,19118,20166,10822,5098,55204,1194,1098,1479,3771,58975
11-02-2015,11,18889,19700,10715,5075,54379,1168,1062,1448,3678,58057
11-02-2015,12,18771,19516,10626,4957,53870,1184,1077,1460,3721,57591
11-02-2015,13,18750,19446,10540,4953,53689,1171,1075,1446,3692,57381
11-02-2015,14,18729,19446,10508,4859,53542,1169,1076,1437,3682,57224
11-02-2015,15,18646,19524,10576,4764,53510,1158,1066,1420,3644,57154
11-02-2015,16,18701,19881,11067,4791,54440,1206,1086,1444,3736,58176
11-02-2015,17,18958,20684,11313,5225,56180,1227,1120,1495,3842,60022
11-02-2015,18,18802,20422,11350,5165,55739,1201,1084,1449,3734,59473
11-02-2015,19,18632,19876,11169,4816,54493,1167,1051,1391,3609,58102
11-02-2015,20,18618,19469,10607,4454,53148,1113,982,1286,3381,56529
11-02-2015,21,18125,18396,10565,4154,51240,1028,887,1128,3043,54283
11-02-2015,22,17421,17111,10347,3826,48705,938,793,1014,2745,51450
11-02-2015,23,16628,16393,9853,3503,46377,871,714,934,2519,48896
12-02-2015,0,16248,15723,9526,3253,44750,838,668,882,2388,47138
12-02-2015,1,15894,15512,9286,3138,43830,818,646,859,2323,46153
12-02-2015,2,15814,15326,9239,3080,43459,814,641,855,2310,45769
12-02-2015,3,15813,15268,9328,3090,43499,821,658,863,2342,45841
12-02-2015,4,15884,15431,9689,3168,44172,858,700,912,2470,46642
12-02-2015,5,16520,16284,10608,3422,46834,985,815,1129,2929,49763
12-02-2015,6,18249,18097,11193,4005,51544,1129,956,1317,3402,54946
12-02-2015,7,19734,20073,11169,4708,55684,1217,1045,1432,3694,59378
12-02-2015,8,20082,20235,11169,4964,56450,1248,1101,1479,3828,60278
12-02-2015,9,20005,20532,11152,5083,56772,1253,1109,1484,3846,60618
12-02-2015,10,19838,20573,11146,5146,56703,1244,1103,1473,3820,60523
12-02-2015,11,19460,20283,11149,5165,56057,1232,1057,1446,3735,59792
12-02-2015,12,18988,20066,11123,5109,55286,1257,1083,1469,3809,59095
12-02-2015,13,19071,19984,11055,5076,55186,1252,1079,1452,3783,58969
12-02-2015,14,19036,20077,11043,4998,55154,1248,1067,1444,3759,58913
12-02-2015,15,18905,19967,10997,4839,54708,1226,1067,1422,3715,58423
12-02-2015,16,19021,20014,11392,4822,55249,1250,1086,1435,3771,59020
12-02-2015,17,19449,20975,11484,5228,57136,1251,1113,1428,3792,60928
12-02-2015,18,19633,20951,11463,5146,57193,1214,1081,1384,3679,60872
12-02-2015,19,19512,20520,11376,4820,56228,1176,1039,1372,3587,59815
12-02-2015,20,19173,19785,11002,4491,54451,1121,979,1281,3381,57832
12-02-2015,21,18828,18741,10986,4198,52753,1034,890,1129,3053,55806
12-02-2015,22,18119,17779,10785,3871,50554,949,809,1015,2773,53327
12-02-2015,23,17179,16653,10326,3544,47702,882,733,937,2552,50254
13-02-2015,0,16563,16285,10003,3297,46148,840,686,894,2420,48568
13-02-2015,1,16181,15833,9797,3187,44998,820,667,870,2357,47355
13-02-2015,2,16010,15653,9692,3127,44482,812,660,864,2336,46818
13-02-2015,3,15962,15619,9845,3135,44561,821,675,873,2369,46930
13-02-2015,4,16072,15844,10249,3215,45380,858,708,926,2492,47872
13-02-2015,5,16614,16802,11132,3453,48001,987,825,1133,2945,50946
13-02-2015,6,17992,18984,11634,3996,52606,1108,963,1279,3350,55956
13-02-2015,7,19631,20292,11674,4666,56263,1193,1054,1386,3633,59896
13-02-2015,8,20087,20487,11709,4958,57241,1221,1100,1443,3764,61005
13-02-2015,9,20224,20898,11699,5067,57888,1222,1103,1440,3765,61653
13-02-2015,10,20208,20997,11533,5198,57936,1217,1089,1434,3740,61676
13-02-2015,11,19825,20929,11421,5146,57321,1208,1061,1447,3716,61037
13-02-2015,12,19785,20637,11366,4951,56739,1224,1086,1456,3766,60505
13-02-2015,13,19592,20314,11286,4816,56008,1204,1075,1422,3701,59709
13-02-2015,14,19334,20074,11273,4678,55359,1197,1064,1386,3647,59006
13-02-2015,15,19364,20117,11231,4563,55275,1177,1057,1357,3591,58866
13-02-2015,16,19314,20201,11590,4635,55740,1201,1074,1346,3621,59361
13-02-2015,17,19540,20798,11776,5045,57159,1221,1097,1400,3718,60877
13-02-2015,18,19453,20480,11674,5051,56658,1188,1057,1358,3603,60261
13-02-2015,19,19243,19781,11531,4690,55245,1141,1022,1322,3485,58730
13-02-2015,20,18585,18988,11075,4287,52935,1086,958,1255,3299,56234
13-02-2015,21,17953,18375,11066,4027,51421,1012,886,1133,3031,54452
13-02-2015,22,17417,17619,10855,3754,49645,937,805,1025,2767,52412
13-02-2015,23,16850,16764,10297,3510,47421,873,727,947,2547,49968
14-02-2015,0,16147,16096,9927,3306,45476,837,675,895,2407,47883
14-02-2015,1,15879,15880,9678,3127,44564,810,654,864,2328,46892
14-02-2015,2,15696,15657,9550,3069,43972,808,641,854,2303,46275
14-02-2015,3,15587,15578,9536,3045,43746,810,645,853,2308,46054
14-02-2015,4,15637,15693,9624,3060,44014,819,664,875,2358,46372
14-02-2015,5,15823,15875,9960,3133,44791,841,715,943,2499,47290
14-02-2015,6,16111,16486,10119,3303,46019,907,779,1018,2704,48723
14-02-2015,7,16589,17045,10190,3592,47416,962,830,1088,2880,50296
14-02-2015,8,17265,17917,10381,3905,49468,1031,894,1178,3103,52571
14-02-2015,9,17947,18417,10517,4164,51045,1069,934,1222,3225,54270
14-02-2015,10,18276,18672,10524,4292,51764,1072,940,1226,3238,55002
14-02-2015,11,18307,18661,10536,4298,51802,1072,926,1205,3203,55005
14-02-2015,12,18052,18510,10447,4205,51214,1068,922,1179,3169,54383
14-02-2015,13,17787,18192,10375,4119,50473,1055,913,1149,3117,53590
14-02-2015,14,17562,17879,10402,4041,49884,1040,898,1131,3069,52953
14-02-2015,15,17538,17920,10460,4022,49940,1044,898,1134,3076,53016
14-02-2015,16,17814,18441,11042,4129,51426,1102,939,1196,3237,54663
14-02-2015,17,18488,19688,11456,4619,54251,1119,984,1299,3402,57653
14-02-2015,18,18781,19586,11362,4730,54459,1096,958,1275,3329,57788
14-02-2015,19,18536,19021,11002,4399,52958,1061,935,1227,3223,56181
14-02-2015,20,18002,18465,10701,4141,51309,1018,893,1159,3070,54379
14-02-2015,21,17474,17649,10900,3893,49916,955,827,1062,2844,52760
14-02-2015,22,17053,16981,10794,3658,48486,905,767,985,2657,51143
14-02-2015,23,16679,16331,10451,3414,46875,859,703,913,2475,49350
15-02-2015,0,16214,15732,10183,3197,45326,825,657,865,2347,47673
15-02-2015,1,15925,15441,10039,3053,44458,806,636,832,2274,46732
15-02-2015,2,15718,15402,10010,3053,44183,792,623,816,2231,46414
15-02-2015,3,15678,15349,10057,3011,44095,791,628,814,2233,46328
15-02-2015,4,15711,15328,10177,3022,44238,799,645,826,2270,46508
15-02-2015,5,15878,15474,10437,3086,44875,834,683,882,2399,47274
15-02-2015,6,16156,16065,10493,3256,45970,859,715,928,2502,48472
15-02-2015,7,16395,16383,10572,3513,46863,911,757,987,2655,49518
15-02-2015,8,16802,16887,10821,3789,48299,971,821,1067,2859,51158
15-02-2015,9,17382,17621,10938,4051,49992,1004,863,1109,2976,52968
15-02-2015,10,17763,18057,10979,4209,51008,1004,864,1119,2987,53995
15-02-2015,11,17715,18049,10852,4260,50876,996,853,1112,2961,53837
15-02-2015,12,17598,18087,10625,4250,50560,991,850,1097,2938,53498
15-02-2015,13,17579,17970,10499,4267,50315,982,847,1077,2906,53221
15-02-2015,14,17580,17841,10491,4215,50127,985,838,1065,2888,53015
15-02-2015,15,17630,17976,10627,4165,50398,992,839,1069,2900,53298
15-02-2015,16,17862,18695,11121,4237,51915,1063,888,1123,3074,54989
15-02-2015,17,18221,19883,11611,4775,54490,1140,981,1239,3360,57850
15-02-2015,18,18345,19787,11591,4879,54602,1137,980,1230,3347,57949
15-02-2015,19,18210,19652,11423,4567,53852,1100,972,1183,3255,57107
15-02-2015,20,18065,19013,11099,4232,52409,1054,918,1117,3089,55498
15-02-2015,21,17768,18396,11310,3983,51457,984,834,1024,2842,54299
15-02-2015,22,17405,17576,11232,3700,49913,927,754,928,2609,52522
15-02-2015,23,16897,16816,10928,3444,48085,875,687,859,2421,50506
16-02-2015,0,16278,16597,10667,3248,46790,852,649,815,2316,49106
16-02-2015,1,16082,16361,10474,3130,46047,842,635,794,2271,48318
16-02-2015,2,15947,16508,10479,3089,46023,842,632,791,2265,48288
16-02-2015,3,15948,16629,10609,3086,46272,858,656,793,2307,48579
16-02-2015,4,16023,16851,11044,3164,47082,894,699,816,2409,49491
16-02-2015,5,16618,17695,12009,3479,49801,1010,821,882,2713,52514
16-02-2015,6,17951,19871,12368,4187,54377,1139,961,914,3014,57391
16-02-2015,7,19587,21434,12408,4868,58297,1230,1055,983,3268,61565
16-02-2015,8,19949,21598,12521,5087,59155,1268,1105,1059,3432,62587
16-02-2015,9,20079,21817,12417,5111,59424,1254,1101,1098,3453,62877
16-02-2015,10,19977,21872,12165,5210,59224,1239,1079,1098,3416,62640
16-02-2015,11,19883,21849,11987,5199,58918,1213,1041,1088,3342,62260
16-02-2015,12,19608,21580,11770,5160,58118,1220,1053,1073,3346,61464
16-02-2015,13,19410,21529,11635,5222,57796,1198,1047,1054,3299,61095
16-02-2015,14,19511,21433,11521,5182,57647,1186,1034,1052,3272,60919
16-02-2015,15,19486,21415,11433,5018,57352,1168,1024,1071,3263,60615
16-02-2015,16,19546,21529,11776,4998,57849,1191,1033,1141,3365,61214
16-02-2015,17,19870,22313,12106,5438,59727,1250,1111,1267,3628,63355
16-02-2015,18,19769,22054,12159,5409,59391,1229,1087,1267,3583,62974
16-02-2015,19,19517,21474,11967,5038,57996,1192,1045,1225,3462,61458
16-02-2015,20,18978,20617,11394,4619,55608,1133,983,1147,3263,58871
16-02-2015,21,18664,19777,11338,4305,54084,1049,888,1020,2957,57041
16-02-2015,22,18011,19027,11071,3999,52108,975,806,927,2708,54816
16-02-2015,23,17147,17633,10707,3616,49103,911,730,863,2504,51607
17-02-2015,0,16649,17263,10442,3377,47731,871,688,825,2384,50115
17-02-2015,1,16243,16915,10251,3250,46659,858,674,805,2337,48996
17-02-2015,2,15931,16920,10179,3202,46232,857,663,792,2312,48544
17-02-2015,3,16038,16929,10265,3201,46433,862,678,806,2346,48779
17-02-2015,4,16106,17003,10669,3267,47045,906,720,876,2502,49547
17-02-2015,5,16559,17805,11570,3507,49441,1037,840,1089,2966,52407
17-02-2015,6,18008,19749,11877,4199,53833,1162,974,1242,3378,57211
17-02-2015,7,19472,21514,11709,4900,57595,1247,1063,1362,3672,61267
17-02-2015,8,19859,21610,11748,5094,58311,1268,1105,1386,3759,62070
17-02-2015,9,19817,21682,11735,5129,58363,1252,1098,1395,3745,62108
17-02-2015,10,19992,21922,11781,5185,58880,1230,1078,1374,3682,62562
17-02-2015,11,19771,21782,11879,5238,58670,1211,1045,1348,3604,62274
17-02-2015,12,19561,21602,11799,5186,58148,1219,1054,1353,3626,61774
17-02-2015,13,19338,21496,11616,5139,57589,1201,1040,1339,3580,61169
17-02-2015,14,19111,21252,11558,4995,56916,1195,1029,1324,3548,60464
17-02-2015,15,19003,21285,11531,4848,56667,1173,1022,1305,3500,60167
17-02-2015,16,19085,21347,11830,4809,57071,1200,1029,1318,3547,60618
17-02-2015,17,19373,21872,12043,5214,58502,1252,1111,1406,3769,62271
17-02-2015,18,19427,21705,11994,5279,58405,1234,1088,1404,3726,62131
17-02-2015,19,18954,21206,11787,4946,56893,1209,1048,1340,3597,60490
17-02-2015,20,18546,20559,11232,4615,54952,1152,974,1248,3374,58326
17-02-2015,21,17998,19705,11213,4307,53223,1065,887,1100,3052,56275
17-02-2015,22,17302,18460,10972,3981,50715,982,789,988,2759,53474
17-02-2015,23,16454,17184,10424,3604,47666,918,704,912,2534,50200
18-02-2015,0,15724,16366,9987,3330,45407,885,661,864,2410,47817
18-02-2015,1,15256,15903,9639,3219,44017,867,645,844,2356,46373
18-02-2015,2,15113,15726,9598,3163,43600,863,639,840,2342,45942
18-02-2015,3,15087,15763,9640,3215,43705,870,659,856,2385,46090
18-02-2015,4,15322,16004,9983,3279,44588,909,706,917,2532,47120
18-02-2015,5,15756,16782,10730,3500,46768,1032,820,1108,2960,49728
18-02-2015,6,16925,19061,11115,4207,51308,1158,954,1268,3380,54688
18-02-2015,7,18414,20397,11088,4845,54744,1245,1054,1401,3700,58444
18-02-2015,8,18827,20273,11140,5009,55249,1284,1107,1466,3857,59106
18-02-2015,9,18641,20336,11040,5014,55031,1272,1119,1481,3872,58903
18-02-2015,10,18610,20255,10947,5094,54906,1257,1105,1478,3840,58746
18-02-2015,11,18565,20248,10949,5061,54823,1229,1061,1452,3742,58565
18-02-2015,12,18049,19996,10805,4973,53823,1232,1076,1465,3773,57596
18-02-2015,13,18179,20119,10697,4983,53978,1208,1074,1452,3734,57712
18-02-2015,14,18167,20129,10691,4873,53860,1201,1061,1434,3696,57556
18-02-2015,15,18119,19916,10734,4721,53490,1188,1061,1411,3660,57150
18-02-2015,16,18149,19925,11148,4766,53988,1202,1065,1404,3671,57659
18-02-2015,17,18264,20890,11548,5214,55916,1237,1112,1409,3758,59674
18-02-2015,18,18214,21064,11596,5269,56143,1207,1077,1385,3669,59812
18-02-2015,19,17721,20199,11320,4934,54174,1177,1036,1361,3574,57748
18-02-2015,20,17158,19377,10785,4609,51929,1121,963,1262,3346,55275
18-02-2015,21,16858,18565,10703,4302,50428,1030,876,1117,3023,53451
18-02-2015,22,16217,17406,10511,3910,48044,950,786,990,2726,50770
18-02-2015,23,15475,16429,10025,3551,45480,887,710,909,2506,47986
19-02-2015,0,14860,15626,9671,3341,43498,848,670,868,2386,45884
19-02-2015,1,14634,15227,9447,3195,42503,831,653,845,2329,44832
19-02-2015,2,14506,15128,9404,3141,42179,821,646,841,2308,44487
19-02-2015,3,14515,15214,9493,3162,42384,831,661,852,2344,44728
19-02-2015,4,14688,15323,9838,3292,43141,863,712,911,2486,45627
19-02-2015,5,15172,16027,10596,3497,45292,984,828,1115,2927,48219
19-02-2015,6,16454,17929,11113,4120,49616,1113,954,1292,3359,52975
19-02-2015,7,17728,19489,11140,4830,53187,1197,1041,1418,3656,56843
19-02-2015,8,18117,19733,11188,5041,54079,1231,1103,1481,3815,57894
19-02-2015,9,17921,19800,11175,5175,54071,1225,1115,1483,3823,57894
19-02-2015,10,17920,19768,11130,5230,54048,1226,1092,1476,3794,57842
19-02-2015,11,18006,20011,11089,5181,54287,1207,1053,1437,3697,57984
19-02-2015,12,17801,19650,10979,5091,53521,1223,1082,1453,3758,57279
19-02-2015,13,17686,19500,10880,5054,53120,1214,1084,1438,3736,56856
19-02-2015,14,17714,19639,10874,4973,53200,1208,1059,1428,3695,56895
19-02-2015,15,17668,19620,10843,4837,52968,1196,1050,1406,3652,56620
19-02-2015,16,17652,19589,11119,4900,53260,1207,1055,1398,3660,56920
19-02-2015,17,17867,20666,11385,5279,55197,1232,1102,1459,3793,58990
19-02-2015,18,18076,20628,11348,5301,55353,1203,1065,1432,3700,59053
19-02-2015,19,17790,19927,11235,5001,53953,1162,1030,1370,3562,57515
19-02-2015,20,17284,19280,10688,4649,51901,1100,963,1271,3334,55235
19-02-2015,21,17063,18641,10671,4357,50732,1012,873,1110,2995,53727
19-02-2015,22,16370,17425,10433,4002,48230,935,785,984,2704,50934
19-02-2015,23,15652,16131,9885,3666,45334,867,707,908,2482,47816
20-02-2015,0,15272,15396,9556,3417,43641,824,664,855,2343,45984
20-02-2015,1,14802,15158,9340,3325,42625,807,645,829,2281,44906
20-02-2015,2,14639,15113,9235,3239,42226,805,638,823,2266,44492
20-02-2015,3,14611,15250,9321,3245,42427,809,651,831,2291,44718
20-02-2015,4,14724,15179,9663,3327,42893,833,687,900,2420,45313
20-02-2015,5,15157,16059,10490,3563,45269,953,801,1112,2866,48135
20-02-2015,6,16417,18010,10933,4216,49576,1081,922,1274,3277,52853
20-02-2015,7,17840,19433,10959,4906,53138,1173,1015,1386,3574,56712
20-02-2015,8,18325,19959,11130,5151,54565,1213,1068,1428,3709,58274
20-02-2015,9,18409,20175,11171,5212,54967,1216,1063,1420,3699,58666
20-02-2015,10,18236,20159,11019,5312,54726,1217,1043,1397,3657,58383
20-02-2015,11,17928,20310,10945,5271,54454,1201,999,1356,3556,58010
20-02-2015,12,17644,20062,10964,5106,53776,1222,1017,1357,3596,57372
20-02-2015,13,17484,19712,10859,4964,53019,1209,1010,1332,3551,56570
20-02-2015,14,17304,19569,10873,4817,52563,1189,997,1308,3494,56057
20-02-2015,15,17308,19439,10891,4698,52336,1163,996,1288,3447,55783
20-02-2015,16,17593,19675,11185,4737,53190,1173,1004,1303,3480,56670
20-02-2015,17,17930,20246,11397,5024,54597,1190,1061,1408,3659,58256
20-02-2015,18,18084,20120,11334,5043,54581,1161,1023,1377,3561,58142
20-02-2015,19,17975,19459,11089,4674,53197,1126,985,1318,3429,56626
20-02-2015,20,17518,18832,10599,4284,51233,1070,924,1232,3226,54459
20-02-2015,21,17002,18031,10610,3973,49616,996,848,1102,2946,52562
20-02-2015,22,16369,17183,10360,3700,47612,936,770,989,2695,50307
20-02-2015,23,15997,16272,9805,3419,45493,865,694,915,2474,47967
21-02-2015,0,15449,15371,9480,3208,43508,825,649,865,2339,45847
21-02-2015,1,15220,15096,9265,3073,42654,802,623,835,2260,44914
21-02-2015,2,15026,14928,9161,3000,42115,790,611,822,2223,44338
21-02-2015,3,15038,15090,9122,2972,42222,791,620,825,2236,44458
21-02-2015,4,15077,15128,9253,2977,42435,805,643,846,2294,44729
21-02-2015,5,15226,15306,9570,3047,43149,847,692,918,2457,45606
21-02-2015,6,15609,15711,9555,3274,44149,891,734,974,2599,46748
21-02-2015,7,16099,16222,9645,3557,45523,949,803,1064,2816,48339
21-02-2015,8,16750,17191,9867,3901,47709,1024,871,1151,3046,50755
21-02-2015,9,17428,17985,10050,4150,49613,1054,896,1177,3127,52740
21-02-2015,10,17633,18383,10093,4284,50393,1063,902,1179,3144,53537
21-02-2015,11,17344,18214,10084,4300,49942,1059,882,1165,3106,53048
21-02-2015,12,17118,18172,10059,4266,49615,1063,871,1159,3093,52708
21-02-2015,13,16862,17914,10028,4194,48998,1054,857,1137,3048,52046
21-02-2015,14,16710,17780,10110,4129,48729,1041,845,1117,3003,51732
21-02-2015,15,16656,17802,10181,4148,48787,1032,847,1120,2999,51786
21-02-2015,16,17003,18142,10749,4261,50155,1071,882,1170,3123,53278
21-02-2015,17,17616,18746,11231,4649,52242,1117,958,1270,3345,55587
21-02-2015,18,18052,18792,11133,4746,52723,1098,950,1260,3308,56031
21-02-2015,19,17854,18275,10682,4418,51229,1060,919,1208,3187,54416
21-02-2015,20,17423,17593,10222,4097,49335,1019,870,1129,3018,52353
21-02-2015,21,17092,17227,10326,3827,48472,957,798,1029,2784,51256
21-02-2015,22,16737,16748,10202,3552,47239,907,726,931,2564,49803
21-02-2015,23,16303,16161,9825,3340,45629,854,665,856,2375,48004
22-02-2015,0,15887,15439,9433,3138,43897,816,635,813,2264,46161
22-02-2015,1,15555,15112,9200,3012,42879,793,614,788,2195,45074
22-02-2015,2,15386,15056,9037,2910,42389,779,599,776,2154,44543
22-02-2015,3,15387,15084,9000,2876,42347,781,601,773,2155,44502
22-02-2015,4,15487,15186,9132,2905,42710,790,618,794,2202,44912
22-02-2015,5,15624,15322,9304,2980,43230,821,654,854,2329,45559
22-02-2015,6,15948,15651,9313,3182,44094,844,680,887,2411,46505
22-02-2015,7,16106,16183,9369,3382,45040,894,734,965,2593,47633
22-02-2015,8,16533,16762,9574,3686,46555,966,822,1059,2847,49402
22-02-2015,9,17094,17279,9809,3878,48060,1005,856,1107,2968,51028
22-02-2015,10,17376,17693,10033,3964,49066,1018,858,1119,2995,52061
22-02-2015,11,17222,17879,10071,3935,49107,1001,855,1118,2974,52081
22-02-2015,12,17002,17734,10013,3881,48630,995,849,1111,2955,51585
22-02-2015,13,16729,17468,9949,3823,47969,992,835,1098,2925,50894
22-02-2015,14,16559,17453,9937,3811,47760,979,830,1097,2906,50666
22-02-2015,15,16567,17567,9974,3773,47881,986,838,1108,2932,50813
22-02-2015,16,16835,17850,10270,3960,48915,1022,880,1175,3077,51992
22-02-2015,17,17502,18892,10710,4443,51547,1083,951,1306,3340,54887
22-02-2015,18,18111,19293,10767,4737,52908,1074,952,1312,3338,56246
22-02-2015,19,18119,18945,10517,4467,52048,1038,931,1262,3231,55279
22-02-2015,20,17988,18558,10195,4132,50873,997,880,1177,3054,53927
22-02-2015,21,17697,17880,10344,3920,49841,933,797,1054,2784,52625
22-02-2015,22,17310,17323,10201,3633,48467,872,717,935,2524,50991
22-02-2015,23,16572,16516,9814,3362,46264,812,647,868,2327,48591
23-02-2015,0,16046,15938,9488,3264,44736,775,609,825,2209,46945
23-02-2015,1,15890,15763,9266,3196,44115,756,595,804,2155,46270
23-02-2015,2,15817,15755,9197,3180,43949,745,589,802,2136,46085
23-02-2015,3,15870,15795,9209,3161,44035,756,605,813,2174,46209
23-02-2015,4,15987,15776,9632,3261,44656,791,652,885,2328,46984
23-02-2015,5,16220,16919,10558,3553,47250,887,785,1114,2786,50036
23-02-2015,6,17751,18884,10964,4184,51783,990,911,1277,3178,54961
23-02-2015,7,19390,20540,11080,4882,55892,1065,1010,1404,3479,59371
23-02-2015,8,19748,20979,11054,5123,56904,1104,1060,1461,3625,60529
23-02-2015,9,19865,21207,10977,5310,57359,1109,1054,1460,3623,60982
23-02-2015,10,19724,21518,10903,5279,57424,1109,1038,1443,3590,61014
23-02-2015,11,19605,21668,10841,5218,57332,1090,1000,1399,3489,60821
23-02-2015,12,19411,21692,10804,5105,57012,1076,1033,1410,3519,60531
23-02-2015,13,19121,21513,10759,5055,56448,1051,1031,1394,3476,59924
23-02-2015,14,18876,21289,10672,4934,55771,1035,1030,1377,3442,59213
23-02-2015,15,18941,21395,10531,4759,55626,1026,1025,1344,3395,59021
23-02-2015,16,18962,21248,10757,4698,55665,1050,1025,1342,3417,59082
23-02-2015,17,19142,21725,11141,5084,57092,1097,1073,1422,3592,60684
23-02-2015,18,19049,21759,11122,5207,57137,1069,1045,1398,3512,60649
23-02-2015,19,18933,21054,10974,4951,55912,1050,1007,1342,3399,59311
23-02-2015,20,18616,20120,10467,4559,53762,994,943,1239,3176,56938
23-02-2015,21,18092,19135,10462,4253,51942,933,849,1084,2866,54808
23-02-2015,22,17330,18097,10279,3867,49573,874,750,958,2582,52155
23-02-2015,23,16431,16878,9760,3510,46579,821,678,886,2385,48964
24-02-2015,0,15972,16334,9442,3274,45022,786,645,848,2279,47301
24-02-2015,1,15677,16062,9217,3181,44137,767,633,831,2231,46368
24-02-2015,2,15459,15879,9111,3100,43549,756,626,829,2211,45760
24-02-2015,3,15470,15772,9222,3158,43622,758,643,838,2239,45861
24-02-2015,4,15688,15824,9548,3267,44327,773,686,901,2360,46687
24-02-2015,5,16087,16869,10416,3539,46911,801,793,1122,2716,49627
24-02-2015,6,17581,18597,10905,4243,51326,832,926,1287,3045,54371
24-02-2015,7,18918,20186,10894,4885,54883,899,1036,1415,3350,58233
24-02-2015,8,19268,20400,11062,5075,55805,950,1094,1466,3510,59315
24-02-2015,9,19094,20378,11031,5076,55579,998,1108,1473,3579,59158
24-02-2015,10,18981,20390,11120,5128,55619,1022,1091,1472,3585,59204
24-02-2015,11,18784,20059,11069,5086,54998,1009,1055,1445,3509,58507
24-02-2015,12,18689,19930,11048,5012,54679,1014,1069,1457,3540,58219
24-02-2015,13,18744,19884,10937,5065,54630,1004,1066,1439,3509,58139
24-02-2015,14,18734,19686,10878,4926,54224,1005,1059,1419,3483,57707
24-02-2015,15,18691,19701,10814,4785,53991,1010,1041,1386,3437,57428
24-02-2015,16,18641,19650,10947,4783,54021,1039,1033,1372,3444,57465
24-02-2015,17,18782,20448,11264,5193,55687,1060,1081,1448,3589,59276
24-02-2015,18,18842,20500,11291,5277,55910,1043,1054,1423,3520,59430
24-02-2015,19,18638,19898,11102,4975,54613,1019,1017,1376,3412,58025
24-02-2015,20,18362,19220,10577,4629,52788,985,958,1271,3214,56002
24-02-2015,21,17838,18252,10478,4292,50860,927,866,1117,2910,53770
24-02-2015,22,17180,17218,10195,3933,48526,873,773,984,2630,51156
24-02-2015,23,16326,16310,9693,3543,45872,823,693,903,2419,48291
25-02-2015,0,15583,15532,9300,3303,43718,786,654,862,2302,46020
25-02-2015,1,15262,15293,9053,3186,42794,769,633,841,2243,45037
25-02-2015,2,15155,15356,8973,3139,42623,764,631,832,2227,44850
25-02-2015,3,15201,15250,9053,3152,42656,771,654,848,2273,44929
25-02-2015,4,15274,15444,9336,3197,43251,811,695,909,2415,45666
25-02-2015,5,15697,15767,10236,3495,45195,935,821,1127,2883,48078
25-02-2015,6,17132,17448,10600,4204,49384,1060,934,1283,3277,52661
25-02-2015,7,18615,18801,10655,4843,52914,1167,1028,1399,3594,56508
25-02-2015,8,18860,19767,10748,4971,54346,1195,1074,1441,3710,58056
25-02-2015,9,18799,19817,10763,4771,54150,1189,1074,1435,3698,57848
25-02-2015,10,18732,19785,10826,4871,54214,1179,1057,1416,3652,57866
25-02-2015,11,18397,19537,10747,5004,53685,1150,1014,1387,3551,57236
25-02-2015,12,18206,19276,10663,4842,52987,1160,1034,1397,3591,56578
25-02-2015,13,18049,19332,10550,4832,52763,1147,1025,1380,3552,56315
25-02-2015,14,17896,18869,10492,4722,51979,1143,1015,1366,3524,55503
25-02-2015,15,17790,18861,10418,4582,51651,1110,998,1340,3448,55099
25-02-2015,16,17782,18907,10605,4550,51844,1118,998,1331,3447,55291
25-02-2015,17,18255,19894,11049,4923,54121,1191,1076,1425,3692,57813
25-02-2015,18,18560,20301,11158,5098,55117,1179,1063,1426,3668,58785
25-02-2015,19,18446,19757,10953,4842,53998,1140,1031,1367,3538,57536
25-02-2015,20,18310,18969,10459,4545,52283,1086,971,1270,3327,55610
25-02-2015,21,17779,18300,10438,4253,50770,1006,871,1115,2992,53762
25-02-2015,22,17227,17333,10128,3876,48564,921,779,993,2693,51257
25-02-2015,23,16406,16473,9595,3515,45989,861,708,913,2482,48471
26-02-2015,0,15856,15543,9272,3313,43984,828,669,872,2369,46353
26-02-2015,1,15541,15786,9000,3211,43538,817,655,850,2322,45860
26-02-2015,2,15355,15379,8909,3153,42796,811,652,845,2308,45104
26-02-2015,3,15338,15485,9006,3160,42989,817,671,855,2343,45332
26-02-2015,4,15517,15714,9343,3244,43818,854,701,921,2476,46294
26-02-2015,5,15904,16413,10191,3516,46024,989,829,1139,2957,48981
26-02-2015,6,17437,18321,10489,4223,50470,1093,941,1292,3326,53796
26-02-2015,7,18950,19722,10647,4845,54164,1191,1037,1411,3639,57803
26-02-2015,8,19319,19808,10730,5030,54887,1223,1083,1458,3764,58651
26-02-2015,9,19517,19409,10692,4982,54600,1219,1083,1443,3745,58345
26-02-2015,10,19537,19421,10693,5048,54699,1209,1059,1428,3696,58395
26-02-2015,11,19378,19463,10622,5010,54473,1173,1019,1403,3595,58068
26-02-2015,12,19093,19054,10541,4856,53544,1186,1035,1417,3638,57182
26-02-2015,13,19305,18866,10500,4847,53518,1179,1033,1405,3617,57135
26-02-2015,14,19164,18527,10505,4740,52936,1180,1023,1387,3590,56526
26-02-2015,15,19150,18803,10539,4592,53084,1164,1015,1361,3540,56624
26-02-2015,16,19085,19129,10685,4603,53502,1164,1010,1351,3525,57027
26-02-2015,17,19182,20285,11127,4979,55573,1213,1079,1440,3732,59305
26-02-2015,18,19173,20182,11184,5126,55665,1200,1057,1434,3691,59356
26-02-2015,19,18854,19872,11031,4846,54603,1151,1028,1379,3558,58161
26-02-2015,20,18435,19335,10563,4555,52888,1090,971,1276,3337,56225
26-02-2015,21,18069,18824,10542,4236,51671,1003,876,1119,2998,54669
26-02-2015,22,17202,17164,10262,3839,48467,928,783,993,2704,51171
26-02-2015,23,16486,16502,9770,3480,46238,856,707,914,2477,48715
27-02-2015,0,15908,16354,9420,3247,44929,824,675,863,2362,47291
27-02-2015,1,15624,15913,9225,3174,43936,809,657,844,2310,46246
27-02-2015,2,15582,15791,9176,3110,43659,804,651,841,2296,45955
27-02-2015,3,15513,15701,9199,3112,43525,811,661,851,2323,45848
27-02-2015,4,15611,15946,9561,3154,44272,849,705,911,2465,46737
27-02-2015,5,16105,16529,10457,3425,46516,973,827,1118,2918,49434
27-02-2015,6,17373,18365,10798,4108,50644,1091,937,1269,3297,53941
27-02-2015,7,18925,19972,10976,4747,54620,1193,1046,1396,3635,58255
27-02-2015,8,19367,20386,11129,4979,55861,1222,1100,1441,3763,59624
27-02-2015,9,19278,20445,11130,4999,55852,1214,1102,1439,3755,59607
27-02-2015,10,19003,20510,11120,5024,55657,1202,1084,1429,3715,59372
27-02-2015,11,18725,20290,11019,4902,54936,1175,1036,1395,3606,58542
27-02-2015,12,18388,20173,10808,4746,54115,1188,1045,1404,3637,57752
27-02-2015,13,18035,19927,10764,4631,53357,1179,1047,1380,3606,56963
27-02-2015,14,17751,19632,10773,4447,52603,1158,1034,1345,3537,56140
27-02-2015,15,17428,19511,10752,4333,52024,1153,1024,1312,3489,55513
27-02-2015,16,17426,19242,10919,4375,51962,1150,1013,1317,3480,55442
27-02-2015,17,17890,19952,11444,4678,53964,1185,1071,1398,3654,57618
27-02-2015,18,18261,20002,11442,4884,54589,1156,1046,1388,3590,58179
27-02-2015,19,18198,19400,11219,4567,53384,1109,1007,1332,3448,56832
27-02-2015,20,17732,18574,10676,4190,51172,1043,943,1240,3226,54398
27-02-2015,21,17321,17823,10689,3956,49789,964,859,1110,2933,52722
27-02-2015,22,16777,16790,10478,3674,47719,904,779,995,2678,50397
27-02-2015,23,16239,16361,9851,3407,45858,836,708,922,2466,48324
28-02-2015,0,15777,15323,9464,3176,43740,805,669,871,2345,46085
28-02-2015,1,15468,15093,9104,3016,42681,790,649,842,2281,44962
28-02-2015,2,15453,15028,8985,2920,42386,776,641,833,2250,44636
28-02-2015,3,15311,14907,8973,2893,42084,776,647,834,2257,44341
28-02-2015,4,15303,15008,9079,2922,42312,787,668,855,2310,44622
28-02-2015,5,15476,15342,9379,2993,43190,828,714,930,2472,45662
28-02-2015,6,15727,15764,9341,3205,44037,859,754,983,2596,46633
28-02-2015,7,16064,16157,9539,3448,45208,922,825,1080,2827,48035
28-02-2015,8,16737,16891,9766,3797,47191,981,890,1173,3044,50235
28-02-2015,9,17377,17439,9938,3998,48752,1015,921,1221,3157,51909
28-02-2015,10,17678,17667,9968,4063,49376,1022,924,1234,3180,52556
28-02-2015,11,17515,17505,9980,4016,49016,1022,912,1232,3166,52182
28-02-2015,12,17443,17269,10016,3962,48690,1024,905,1221,3150,51840
28-02-2015,13,17385,17086,9957,3911,48339,1015,890,1191,3096,51435
28-02-2015,14,17113,16865,10037,3840,47855,1004,878,1168,3050,50905
28-02-2015,15,17110,16990,10198,3786,48084,1004,877,1165,3046,51130
28-02-2015,16,17111,17245,10544,3872,48772,1021,897,1194,3112,51884
28-02-2015,17,17439,18121,11087,4327,50974,1078,960,1281,3319,54293
28-02-2015,18,17720,18649,11073,4603,52045,1068,957,1278,3303,55348
28-02-2015,19,17334,17992,10680,4289,50295,1031,933,1222,3186,53481
28-02-2015,20,16913,17433,10274,3990,48610,986,885,1145,3016,51626
28-02-2015,21,16497,16833,10409,3830,47569,926,804,1036,2766,50335
28-02-2015,22,16173,16152,10244,3635,46204,868,739,942,2549,48753
28-02-2015,23,15709,15640,9767,3407,44523,823,672,868,2363,46886
01-03-2015,0,15354,15512,9370,3245,43481,787,639,816,2242,45723
01-03-2015,1,14855,15143,9112,3094,42204,770,623,791,2184,44388
01-03-2015,2,14801,15202,8988,3017,42008,758,610,779,2147,44155
01-03-2015,3,14810,15272,8945,2993,42020,759,617,780,2156,44176
01-03-2015,4,14817,15310,8920,3022,42069,767,628,796,2191,44260
01-03-2015,5,14876,15476,9162,3100,42614,794,661,853,2308,44922
01-03-2015,6,15153,15876,9003,3250,43282,800,680,887,2367,45649
01-03-2015,7,15331,16040,9101,3517,43989,870,747,969,2586,46575
01-03-2015,8,15830,16605,9254,3913,45602,930,820,1057,2807,48409
01-03-2015,9,16579,17224,9531,4200,47534,971,856,1096,2923,50457
01-03-2015,10,17033,17888,9643,4276,48840,983,868,1100,2951,51791
01-03-2015,11,17229,17999,9701,4298,49227,984,859,1090,2933,52160
01-03-2015,12,17238,18122,9651,4208,49219,980,851,1076,2907,52126
01-03-2015,13,17219,18093,9659,4168,49139,978,844,1059,2881,52020
01-03-2015,14,16756,17796,9671,4124,48347,981,844,1045,2870,51217
01-03-2015,15,16758,17881,9754,4083,48476,981,840,1057,2878,51354
01-03-2015,16,16851,18278,10070,4095,49294,1009,853,1094,2956,52250
01-03-2015,17,17152,18733,10580,4484,50949,1071,931,1215,3217,54166
01-03-2015,18,17395,19425,10631,4741,52192,1070,959,1256,3285,55477
01-03-2015,19,17315,18931,10379,4520,51145,1041,943,1211,3195,54340
01-03-2015,20,17119,18165,10026,4119,49429,991,887,1130,3008,52437
01-03-2015,21,16715,17566,10177,3894,48352,927,805,1010,2742,51094
01-03-2015,22,16139,16687,10007,3553,46386,871,720,904,2495,48881
01-03-2015,23,15469,16079,9655,3256,44459,814,656,829,2299,46758
02-03-2015,0,14970,15595,9331,3109,43005,771,624,780,2175,45180
02-03-2015,1,14741,15153,9142,2976,42012,749,607,760,2116,44128
02-03-2015,2,14590,14864,9045,2973,41472,740,600,760,2100,43572
02-03-2015,3,14664,15172,9087,3008,41931,752,626,772,2150,44081
02-03-2015,4,14856,15286,9443,3125,42710,789,668,844,2301,45011
02-03-2015,5,15550,16284,10299,3429,45562,909,781,1069,2759,48321
02-03-2015,6,16977,18259,10641,4092,49969,1030,897,1234,3161,53130
02-03-2015,7,18594,19931,10854,4764,54143,1138,1008,1371,3517,57660
02-03-2015,8,18929,20458,11002,4991,55380,1186,1074,1433,3693,59073
02-03-2015,9,18725,20257,10992,5018,54992,1190,1082,1441,3713,58705
02-03-2015,10,18237,20388,11054,5121,54800,1189,1079,1432,3700,58500
02-03-2015,11,17831,20209,11088,5062,54190,1172,1040,1397,3609,57799
02-03-2015,12,17441,19856,10969,4931,53197,1191,1052,1405,3648,56845
02-03-2015,13,17395,19836,10854,4932,53017,1160,1042,1379,3581,56598
02-03-2015,14,17454,19748,10736,4846,52784,1161,1022,1349,3532,56316
02-03-2015,15,17626,19792,10636,4750,52804,1144,1013,1302,3459,56263
02-03-2015,16,17609,19432,10776,4732,52549,1138,984,1283,3405,55954
02-03-2015,17,17836,20223,11141,5064,54264,1182,1043,1370,3595,57859
02-03-2015,18,18271,20311,11164,5194,54940,1161,1032,1381,3574,58514
02-03-2015,19,18213,20053,10907,4942,54115,1119,993,1328,3440,57555
02-03-2015,20,17971,19524,10396,4482,52373,1058,927,1229,3214,55587
02-03-2015,21,17674,18753,10424,4144,50995,979,840,1063,2882,53877
02-03-2015,22,16918,17524,10159,3804,48405,897,740,928,2565,50970
02-03-2015,23,16107,16589,9728,3443,45867,830,673,853,2356,48223
03-03-2015,0,15516,15715,9385,3224,43840,794,640,811,2245,46085
03-03-2015,1,15247,15588,9181,3168,43184,778,621,791,2190,45374
03-03-2015,2,15182,15551,9069,3169,42971,773,616,786,2175,45146
03-03-2015,3,15259,15515,9120,3174,43068,779,627,795,2201,45269
03-03-2015,4,15401,15794,9475,3201,43871,815,672,859,2346,46217
03-03-2015,5,15911,16802,10302,3509,46524,933,789,1063,2785,49309
03-03-2015,6,17360,18493,10647,4164,50664,1050,909,1210,3169,53833
03-03-2015,7,18852,20076,10822,4813,54563,1156,1027,1338,3521,58084
03-03-2015,8,19263,20395,10983,4974,55615,1193,1095,1393,3681,59296
03-03-2015,9,18847,20191,10994,4879,54911,1194,1102,1388,3684,58595
03-03-2015,10,18596,20114,11013,4935,54658,1186,1088,1375,3649,58307
03-03-2015,11,18170,19795,11012,4933,53910,1164,1053,1351,3568,57478
03-03-2015,12,17850,19274,10961,4796,52881,1190,1068,1363,3621,56502
03-03-2015,13,17725,19205,10849,4828,52607,1178,1052,1360,3590,56197
03-03-2015,14,17774,19080,10812,4693,52359,1175,1028,1334,3537,55896
03-03-2015,15,17896,19289,10744,4543,52472,1157,1019,1304,3480,55952
03-03-2015,16,17789,19284,10843,4575,52491,1150,1008,1287,3445,55936
03-03-2015,17,18130,20124,11173,4935,54362,1187,1061,1356,3604,57966
03-03-2015,18,18656,20727,11306,5125,55814,1172,1064,1364,3600,59414
03-03-2015,19,18576,20285,11156,4919,54936,1139,1033,1313,3485,58421
03-03-2015,20,18442,19679,10585,4507,53213,1071,947,1209,3227,56440
03-03-2015,21,18123,18673,10626,4219,51641,995,850,1055,2900,54541
03-03-2015,22,17505,17891,10324,3870,49590,917,753,927,2597,52187
03-03-2015,23,16589,16725,9864,3525,46703,845,672,854,2371,49074
04-03-2015,0,15941,16056,9457,3283,44737,809,643,814,2266,47003
04-03-2015,1,15650,15995,9240,3196,44081,791,624,799,2214,46295
04-03-2015,2,15623,15974,9169,3165,43931,786,623,798,2207,46138
04-03-2015,3,15712,16072,9211,3199,44194,796,634,812,2242,46436
04-03-2015,4,15907,16079,9580,3249,44815,834,679,879,2392,47207
04-03-2015,5,16359,17324,10444,3522,47649,957,795,1091,2843,50492
04-03-2015,6,18185,19015,10616,4204,52020,1059,903,1222,3184,55204
04-03-2015,7,19735,20414,10732,4775,55656,1166,1009,1352,3527,59183
04-03-2015,8,20082,20622,10820,4983,56507,1199,1058,1405,3662,60169
04-03-2015,9,19488,20562,10820,4995,55865,1201,1059,1410,3670,59535
04-03-2015,10,18989,20247,10779,5063,55078,1196,1044,1414,3654,58732
04-03-2015,11,18488,20115,10816,5067,54486,1172,1007,1404,3583,58069
04-03-2015,12,18068,19697,10756,5031,53552,1191,1031,1426,3648,57200
04-03-2015,13,17893,19501,10658,5076,53128,1169,1031,1416,3616,56744
04-03-2015,14,17873,19468,10599,4947,52887,1161,1018,1400,3579,56466
04-03-2015,15,17740,19570,10589,4705,52604,1135,1011,1366,3512,56116
04-03-2015,16,17704,19534,10716,4706,52660,1117,992,1335,3444,56104
04-03-2015,17,18055,20375,11147,5064,54641,1172,1065,1396,3633,58274
04-03-2015,18,18683,21007,11338,5133,56161,1172,1062,1399,3633,59794
04-03-2015,19,18764,20220,11215,4880,55079,1144,1024,1350,3518,58597
04-03-2015,20,18466,19601,10657,4527,53251,1090,964,1251,3305,56556
04-03-2015,21,18199,18810,10681,4214,51904,1006,869,1101,2976,54880
04-03-2015,22,17478,17779,10436,3845,49538,909,770,973,2652,52190
04-03-2015,23,16802,16906,9906,3494,47108,856,700,893,2449,49557
05-03-2015,0,16088,16282,9516,3260,45146,824,671,857,2352,47498
05-03-2015,1,15853,16282,9306,3179,44620,808,651,835,2294,46914
05-03-2015,2,15746,16308,9249,3117,44420,797,646,828,2271,46691
05-03-2015,3,15759,16608,9315,3142,44824,807,658,836,2301,47125
05-03-2015,4,15946,16907,9673,3199,45725,844,695,898,2437,48162
05-03-2015,5,16506,17818,10498,3459,48281,952,809,1098,2859,51140
05-03-2015,6,18064,19638,10651,4163,52516,1063,914,1235,3212,55728
05-03-2015,7,19798,21404,10840,4717,56759,1153,1032,1363,3548,60307
05-03-2015,8,19892,21381,10936,4933,57142,1180,1084,1414,3678,60820
05-03-2015,9,19550,20947,10926,4908,56331,1169,1083,1410,3662,59993
05-03-2015,10,18976,20445,10885,4956,55262,1152,1064,1391,3607,58869
05-03-2015,11,18639,19768,10831,4921,54159,1128,1027,1355,3510,57669
05-03-2015,12,18388,19403,10671,4831,53293,1145,1050,1360,3555,56848
05-03-2015,13,18354,18745,10647,4809,52555,1125,1040,1352,3517,56072
05-03-2015,14,18540,18447,10689,4643,52319,1117,1020,1346,3483,55802
05-03-2015,15,18562,18335,10614,4481,51992,1110,1014,1324,3448,55440
05-03-2015,16,18547,18315,10602,4468,51932,1101,990,1305,3396,55328
05-03-2015,17,18526,18776,11036,4787,53125,1149,1057,1383,3589,56714
05-03-2015,18,18754,19515,11198,4917,54384,1153,1073,1407,3633,58017
05-03-2015,19,18696,19039,11148,4696,53579,1119,1040,1357,3516,57095
05-03-2015,20,18224,18468,10657,4404,51753,1071,972,1260,3303,55056
05-03-2015,21,17797,17605,10652,4107,50161,994,875,1104,2973,53134
05-03-2015,22,17233,16695,10403,3803,48134,912,776,978,2666,50800
05-03-2015,23,16154,15663,9903,3437,45157,848,707,900,2455,47612
06-03-2015,0,15398,15451,9552,3171,43572,816,659,856,2331,45903
06-03-2015,1,15005,15114,9320,3070,42509,800,646,835,2281,44790
06-03-2015,2,14932,14955,9240,3015,42142,797,642,831,2270,44412
06-03-2015,3,14931,15020,9303,3038,42292,800,659,845,2304,44596
06-03-2015,4,15048,15480,9688,3096,43312,835,706,905,2446,45758
06-03-2015,5,15507,16227,10581,3370,45685,938,822,1103,2863,48548
06-03-2015,6,16823,18089,10849,4037,49798,1048,931,1235,3214,53012
06-03-2015,7,18538,19366,11040,4635,53579,1149,1025,1363,3537,57116
06-03-2015,8,18874,19776,11134,4904,54688,1177,1071,1412,3660,58348
06-03-2015,9,18718,19792,11107,4931,54548,1181,1066,1407,3654,58202
06-03-2015,10,18151,19954,11025,5024,54154,1177,1054,1391,3622,57776
06-03-2015,11,17893,19773,11104,4928,53698,1160,1016,1359,3535,57233
06-03-2015,12,17656,19429,10940,4773,52798,1174,1027,1363,3564,56362
06-03-2015,13,17400,18946,10812,4666,51824,1163,1026,1341,3530,55354
06-03-2015,14,16987,18759,10852,4482,51080,1157,1015,1315,3487,54567
06-03-2015,15,16939,18490,10798,4362,50589,1119,1012,1282,3413,54002
06-03-2015,16,16728,18364,10864,4418,50374,1116,1005,1275,3396,53770
06-03-2015,17,17061,18858,11286,4751,51956,1162,1052,1337,3551,55507
06-03-2015,18,17640,19116,11416,4886,53058,1164,1055,1352,3571,56629
06-03-2015,19,17474,18274,11150,4535,51433,1123,1021,1297,3441,54874
06-03-2015,20,16873,17107,10633,4136,48749,1062,963,1204,3229,51978
06-03-2015,21,16300,16323,10641,3853,47117,982,884,1073,2939,50056
06-03-2015,22,15698,15648,10362,3605,45313,909,802,968,2679,47992
06-03-2015,23,15355,14861,9824,3347,43387,854,721,890,2465,45852
07-03-2015,0,15049,14565,9426,3109,42149,819,669,847,2335,44484
07-03-2015,1,14494,14489,9223,2983,41189,797,640,817,2254,43443
07-03-2015,2,14254,14262,9105,2935,40556,781,628,807,2216,42772
07-03-2015,3,14218,14215,9045,2930,40408,778,630,802,2210,42618
07-03-2015,4,14136,14516,9247,2985,40884,789,652,827,2268,43152
07-03-2015,5,14170,14673,9496,3070,41409,820,690,892,2402,43811
07-03-2015,6,14574,15062,9334,3266,42236,843,727,946,2516,44752
07-03-2015,7,14932,15570,9590,3497,43589,923,817,1053,2793,46382
07-03-2015,8,15682,16123,9796,3780,45381,984,877,1142,3003,48384
07-03-2015,9,16504,16862,9906,4015,47287,1009,899,1179,3087,50374
07-03-2015,10,16867,17229,10012,4110,48218,1014,890,1191,3095,51313
07-03-2015,11,16805,17306,10060,4081,48252,1010,878,1179,3067,51319
07-03-2015,12,16559,17170,10027,3993,47749,1017,877,1162,3056,50805
07-03-2015,13,16382,17034,10042,3925,47383,1017,868,1134,3019,50402
07-03-2015,14,16003,16858,10080,3839,46780,1014,863,1117,2994,49774
07-03-2015,15,15700,16873,10189,3800,46562,1019,867,1120,3006,49568
07-03-2015,16,15793,17116,10432,3906,47247,1031,877,1139,3047,50294
07-03-2015,17,16115,17871,11034,4268,49288,1068,932,1210,3210,52498
07-03-2015,18,16614,18216,11015,4507,50352,1067,942,1226,3235,53587
07-03-2015,19,16517,17837,10528,4254,49136,1026,909,1172,3107,52243
07-03-2015,20,15964,16851,10114,3950,46879,976,860,1092,2928,49807
07-03-2015,21,15632,16074,10233,3709,45648,913,779,980,2672,48320
07-03-2015,22,15340,15300,10082,3468,44190,864,709,884,2457,46647
07-03-2015,23,14803,14762,9543,3216,42324,820,652,810,2282,44606
08-03-2015,0,14382,14338,9230,3006,40956,773,617,763,2153,43109
08-03-2015,1,14113,14122,8949,2862,40046,756,597,736,2089,42135
08-03-2015,2,13825,13867,8748,2824,39264,741,588,725,2054,41318
08-03-2015,3,13704,13786,8665,2824,38979,738,594,726,2058,41037
08-03-2015,4,13610,13712,8812,2843,38977,749,608,747,2104,41081
08-03-2015,5,13637,13871,8974,2928,39410,772,627,790,2189,41599
08-03-2015,6,13834,13983,8790,3093,39700,789,652,825,2266,41966
08-03-2015,7,13988,14322,8929,3266,40505,862,732,920,2514,43019
08-03-2015,8,14525,14972,9187,3605,42289,917,798,997,2712,45001
08-03-2015,9,15080,15469,9356,3766,43671,954,825,1030,2809,46480
08-03-2015,10,15402,15765,9478,3841,44486,951,821,1029,2801,47287
08-03-2015,11,15457,15711,9503,3767,44438,945,808,1017,2770,47208
08-03-2015,12,15376,15402,9408,3741,43927,931,805,993,2729,46656
08-03-2015,13,15349,15341,9338,3701,43729,918,792,975,2685,46414
08-03-2015,14,15413,15286,9340,3626,43665,894,776,968,2638,46303
08-03-2015,15,15388,15252,9370,3630,43640,885,779,979,2643,46283
08-03-2015,16,15434,15452,9488,3715,44089,896,786,1011,2693,46782
08-03-2015,17,15694,16437,9986,4122,46239,969,859,1117,2945,49184
08-03-2015,18,16365,17304,10235,4450,48354,1014,919,1208,3141,51495
08-03-2015,19,16525,17135,10046,4263,47969,993,909,1171,3073,51042
08-03-2015,20,16387,16725,9684,3930,46726,953,859,1087,2899,49625
08-03-2015,21,16055,16238,9820,3654,45767,887,777,958,2622,48389
08-03-2015,22,15550,15369,9580,3370,43869,814,686,839,2339,46208
08-03-2015,23,15016,14621,9204,3074,41915,763,622,765,2150,44065
09-03-2015,0,14672,14306,8894,2941,40813,733,591,729,2053,42866
09-03-2015,1,14556,14213,8698,2841,40308,729,580,715,2024,42332
09-03-2015,2,14497,14255,8647,2815,40214,713,578,712,2003,42217
09-03-2015,3,14608,14217,8753,2807,40385,722,593,728,2043,42428
09-03-2015,4,14835,14324,9136,2893,41188,764,639,798,2201,43389
09-03-2015,5,15496,15231,9992,3163,43882,881,754,1006,2641,46523
09-03-2015,6,17119,17194,10390,3842,48545,1000,869,1157,3026,51571
09-03-2015,7,18664,19089,10644,4404,52801,1117,977,1298,3392,56193
09-03-2015,8,18835,19177,10699,4633,53344,1160,1041,1353,3554,56898
09-03-2015,9,18347,18967,10561,4675,52550,1157,1042,1359,3558,56108
09-03-2015,10,17988,18751,10502,4722,51963,1149,1039,1351,3539,55502
09-03-2015,11,17317,18501,10370,4670,50858,1136,995,1327,3458,54316
09-03-2015,12,17128,18236,10275,4550,50189,1144,1014,1343,3501,53690
09-03-2015,13,17056,17945,10130,4543,49674,1123,1006,1335,3464,53138
09-03-2015,14,17012,17752,9957,4423,49144,1107,1000,1320,3427,52571
09-03-2015,15,16846,17758,9838,4253,48695,1070,996,1288,3354,52049
09-03-2015,16,17137,17862,9845,4205,49049,1051,969,1260,3280,52329
09-03-2015,17,17581,18598,10360,4514,51053,1096,1010,1317,3423,54476
09-03-2015,18,17842,19417,10863,4739,52861,1127,1037,1356,3520,56381
09-03-2015,19,17891,18886,10823,4595,52195,1091,1006,1304,3401,55596
09-03-2015,20,17633,18108,10323,4270,50334,1041,945,1203,3189,53523
09-03-2015,21,17143,16844,10368,3956,48311,965,844,1053,2862,51173
09-03-2015,22,16437,15680,10134,3630,45881,886,746,927,2559,48440
09-03-2015,23,15749,14853,9634,3345,43581,823,677,854,2354,45935
10-03-2015,0,15223,14614,9253,3095,42185,795,640,817,2252,44437
10-03-2015,1,14849,14391,9070,3000,41310,777,626,798,2201,43511
10-03-2015,2,14669,14353,8985,2975,40982,776,625,795,2196,43178
10-03-2015,3,14690,14271,9046,3020,41027,784,649,802,2235,43262
10-03-2015,4,14867,14525,9385,3052,41829,821,688,864,2373,44202
10-03-2015,5,15218,15442,10178,3294,44132,926,796,1059,2781,46913
10-03-2015,6,16651,17349,10470,3939,48409,1040,906,1200,3146,51555
10-03-2015,7,18054,18783,10701,4514,52052,1147,1017,1333,3497,55549
10-03-2015,8,18370,19431,10780,4700,53281,1179,1066,1384,3629,56910
10-03-2015,9,18257,19512,10758,4705,53232,1170,1052,1376,3598,56830
10-03-2015,10,17898,19322,10762,4786,52768,1161,1033,1348,3542,56310
10-03-2015,11,17355,19119,10736,4742,51952,1139,991,1306,3436,55388
10-03-2015,12,17201,18572,10653,4649,51075,1158,1003,1294,3455,54530
10-03-2015,13,17105,18145,10528,4738,50516,1144,1003,1269,3416,53932
10-03-2015,14,16952,18026,10499,4616,50093,1144,986,1227,3357,53450
10-03-2015,15,16896,17889,10560,4471,49816,1125,973,1196,3294,53110
10-03-2015,16,17005,17865,10712,4416,49998,1116,952,1192,3260,53258
10-03-2015,17,17110,18682,10984,4723,51499,1151,1001,1256,3408,54907
10-03-2015,18,17530,19386,11176,4854,52946,1155,1022,1310,3487,56433
10-03-2015,19,17660,18925,10972,4707,52264,1114,989,1255,3358,55622
10-03-2015,20,17339,18338,10413,4361,50451,1051,921,1155,3127,53578
10-03-2015,21,16870,17742,10306,4057,48975,963,830,1028,2821,51796
10-03-2015,22,16283,16683,9991,3675,46632,882,736,922,2540,49172
10-03-2015,23,15425,15819,9467,3366,44077,815,660,848,2323,46400
11-03-2015,0,14663,15195,9086,3136,42080,787,625,800,2212,44292
11-03-2015,1,14368,14907,8874,3053,41202,769,612,771,2152,43354
11-03-2015,2,14350,15057,8795,3009,41211,763,602,756,2121,43332
11-03-2015,3,14454,15164,8809,3004,41431,773,623,754,2150,43581
11-03-2015,4,14846,15150,9113,3071,42180,808,672,775,2255,44435
11-03-2015,5,15247,15832,9997,3306,44382,904,779,820,2503,46885
11-03-2015,6,16897,17511,10382,3929,48719,1026,899,873,2798,51517
11-03-2015,7,18477,19079,10694,4481,52731,1129,1008,973,3110,55841
11-03-2015,8,18648,19586,10779,4683,53696,1161,1059,1050,3270,56966
11-03-2015,9,18028,19117,10675,4673,52493,1160,1053,1087,3300,55793
11-03-2015,10,17540,19003,10580,4726,51849,1152,1026,1092,3270,55119
11-03-2015,11,17136,18938,10427,4649,51150,1134,975,1080,3189,54339
11-03-2015,12,17010,18615,10239,4538,50402,1155,998,1066,3219,53621
11-03-2015,13,16535,18398,10044,4521,49498,1138,990,1040,3168,52666
11-03-2015,14,16243,18065,10014,4396,48718,1122,969,1013,3104,51822
11-03-2015,15,16235,17974,9966,4258,48433,1097,959,1008,3064,51497
11-03-2015,16,16242,18053,10033,4246,48574,1078,942,1033,3053,51627
11-03-2015,17,16474,18558,10425,4551,50008,1120,1001,1117,3238,53246
11-03-2015,18,17051,19109,10968,4696,51824,1147,1038,1210,3395,55219
11-03-2015,19,17569,18977,10917,4621,52084,1113,1001,1178,3292,55376
11-03-2015,20,17491,18220,10428,4255,50394,1068,926,1099,3093,53487
11-03-2015,21,17163,17500,10366,3973,49002,980,826,970,2776,51778
11-03-2015,22,16507,16166,10082,3619,46374,896,729,856,2481,48855
11-03-2015,23,15809,14991,9666,3273,43739,830,663,786,2279,46018
12-03-2015,0,15253,14925,9290,3098,42566,798,624,745,2167,44733
12-03-2015,1,15001,14863,9146,2979,41989,781,617,728,2126,44115
12-03-2015,2,14808,15041,9119,2953,41921,778,614,722,2114,44035
12-03-2015,3,14938,15175,9218,2984,42315,787,624,727,2138,44453
12-03-2015,4,15162,15163,9632,3085,43042,824,672,795,2291,45333
12-03-2015,5,15570,16390,10364,3387,45711,918,772,992,2682,48393
12-03-2015,6,16996,18217,10775,4001,49989,1035,879,1138,3052,53041
12-03-2015,7,18265,19858,10963,4568,53654,1120,996,1270,3386,57040
12-03-2015,8,18490,19653,10901,4676,53720,1145,1034,1313,3492,57212
12-03-2015,9,18011,19478,10744,4640,52873,1131,1031,1308,3470,56343
12-03-2015,10,17718,19082,10587,4693,52080,1122,1001,1295,3418,55498
12-03-2015,11,17296,18682,10420,4651,51049,1108,964,1272,3344,54393
12-03-2015,12,17071,18257,10219,4527,50074,1119,981,1286,3386,53460
12-03-2015,13,16790,18080,9994,4515,49379,1106,970,1279,3355,52734
12-03-2015,14,16644,17872,9892,4400,48808,1096,953,1257,3306,52114
12-03-2015,15,16550,17839,9913,4221,48523,1077,940,1223,3240,51763
12-03-2015,16,16635,17657,10069,4183,48544,1070,919,1195,3184,51728
12-03-2015,17,16737,18424,10437,4436,50034,1121,969,1254,3344,53378
12-03-2015,18,17175,19358,10949,4631,52113,1147,1023,1329,3499,55612
12-03-2015,19,17604,19486,10882,4603,52575,1125,997,1277,3399,55974
12-03-2015,20,17432,18949,10412,4314,51107,1058,937,1172,3167,54274
12-03-2015,21,17045,18021,10462,4022,49550,968,840,1017,2825,52375
12-03-2015,22,16530,17289,10268,3634,47721,900,743,887,2530,50251
12-03-2015,23,15818,16047,9750,3306,44921,834,666,814,2314,47235
13-03-2015,0,15056,15158,9524,3101,42839,805,636,775,2216,45055
13-03-2015,1,14821,15030,9356,3014,42221,790,617,759,2166,44387
13-03-2015,2,14770,15031,9273,2986,42060,783,613,758,2154,44214
13-03-2015,3,14847,15133,9417,3015,42412,794,625,769,2188,44600
13-03-2015,4,15134,15522,9841,3120,43617,833,670,839,2342,45959
13-03-2015,5,15579,16694,10605,3426,46304,918,766,1008,2692,48996
13-03-2015,6,16935,18587,10939,4038,50499,1051,885,1164,3100,53599
13-03-2015,7,18405,20401,11219,4617,54642,1151,1000,1270,3421,58063
13-03-2015,8,18646,20088,11155,4774,54663,1155,1038,1302,3495,58158
13-03-2015,9,18141,19597,10972,4836,53546,1142,1030,1294,3466,57012
13-03-2015,10,17778,19379,10787,4923,52867,1127,1005,1269,3401,56268
13-03-2015,11,17221,18428,10625,4796,51070,1109,967,1237,3313,54383
13-03-2015,12,16634,17712,10409,4612,49367,1126,978,1243,3347,52714
13-03-2015,13,16259,17500,10202,4447,48408,1096,968,1219,3283,51691
13-03-2015,14,16149,17284,10171,4237,47841,1087,948,1188,3223,51064
13-03-2015,15,15904,17257,10201,4074,47436,1058,930,1163,3151,50587
13-03-2015,16,15712,17380,10263,4089,47444,1043,907,1159,3109,50553
13-03-2015,17,16031,17903,10558,4361,48853,1076,947,1217,3240,52093
13-03-2015,18,16753,18458,11005,4541,50757,1124,1001,1286,3411,54168
13-03-2015,19,17254,18199,10943,4408,50804,1091,973,1239,3303,54107
13-03-2015,20,16864,17663,10504,4059,49090,1033,909,1146,3088,52178
13-03-2015,21,16539,16973,10525,3792,47829,961,822,1011,2794,50623
13-03-2015,22,16165,16341,10291,3511,46308,890,738,900,2528,48836
13-03-2015,23,15785,15877,9789,3237,44688,827,672,826,2325,47013
14-03-2015,0,15410,15461,9470,3024,43365,796,630,782,2208,45573
14-03-2015,1,15103,15217,9224,2887,42431,780,609,762,2151,44582
14-03-2015,2,14939,15016,9224,2829,42008,762,597,755,2114,44122
14-03-2015,3,14926,14897,9261,2823,41907,768,604,750,2122,44029
14-03-2015,4,15052,15041,9431,2872,42396,787,631,773,2191,44587
14-03-2015,5,15372,15266,9572,2962,43172,800,654,817,2271,45443
14-03-2015,6,15705,15527,9557,3141,43930,851,714,892,2457,46387
14-03-2015,7,16106,16267,9765,3420,45558,925,802,999,2726,48284
14-03-2015,8,16605,17199,9841,3714,47359,968,863,1072,2903,50262
14-03-2015,9,16850,17530,9801,3914,48095,977,884,1093,2954,51049
14-03-2015,10,16682,17302,9664,3974,47622,966,878,1092,2936,50558
14-03-2015,11,16233,16805,9544,3946,46528,955,852,1078,2885,49413
14-03-2015,12,15826,16494,9474,3863,45657,943,832,1061,2836,48493
14-03-2015,13,15447,16087,9378,3789,44701,918,818,1039,2775,47476
14-03-2015,14,15225,15951,9366,3689,44231,910,806,1021,2737,46968
14-03-2015,15,14991,15833,9450,3647,43921,911,805,1025,2741,46662
14-03-2015,16,15041,16127,9733,3763,44664,926,806,1047,2779,47443
14-03-2015,17,15508,16803,10340,4106,46757,970,851,1113,2934,49691
14-03-2015,18,16348,17754,10912,4295,49309,1026,925,1200,3151,52460
14-03-2015,19,16701,17615,10588,4134,49038,995,903,1155,3053,52091
14-03-2015,20,16302,16810,10174,3817,47103,954,849,1080,2883,49986
14-03-2015,21,15965,16189,10306,3554,46014,893,772,967,2632,48646
14-03-2015,22,15652,15750,10167,3274,44843,833,698,867,2398,47241
14-03-2015,23,15382,15265,9789,3033,43469,785,639,793,2217,45686
15-03-2015,0,15024,15047,9419,2864,42354,760,606,752,2118,44472
15-03-2015,1,14861,14883,9158,2740,41642,742,582,726,2050,43692
15-03-2015,2,14737,14811,9164,2701,41413,738,579,713,2030,43443
15-03-2015,3,14777,14729,9222,2726,41454,740,588,714,2042,43496
15-03-2015,4,14873,14727,9316,2749,41665,757,610,738,2105,43770
15-03-2015,5,15084,15025,9353,2828,42290,753,623,773,2149,44439
15-03-2015,6,15223,15060,9251,2942,42476,794,666,830,2290,44766
15-03-2015,7,15414,15287,9376,3231,43308,858,740,925,2523,45831
15-03-2015,8,15810,15794,9370,3543,44517,902,794,1008,2704,47221
15-03-2015,9,16113,16079,9405,3719,45316,911,820,1042,2773,48089
15-03-2015,10,16049,16398,9357,3806,45610,902,804,1039,2745,48355
15-03-2015,11,15626,16249,9232,3856,44963,890,793,1029,2712,47675
15-03-2015,12,15331,16062,9093,3756,44242,875,790,1016,2681,46923
15-03-2015,13,15216,15794,9015,3769,43794,866,782,999,2647,46441
15-03-2015,14,15004,15550,8977,3778,43309,861,772,987,2620,45929
15-03-2015,15,15143,15684,8972,3777,43576,860,771,994,2625,46201
15-03-2015,16,15227,16133,9183,3914,44457,882,780,1024,2686,47143
15-03-2015,17,15459,16719,9585,4312,46075,945,832,1106,2883,48958
15-03-2015,18,16126,17449,10200,4486,48261,1021,919,1227,3167,51428
15-03-2015,19,16605,17394,10103,4331,48433,1003,908,1193,3104,51537
15-03-2015,20,16466,16923,9824,4015,47228,954,855,1105,2914,50142
15-03-2015,21,16228,16405,9988,3738,46359,887,769,979,2635,48994
15-03-2015,22,15744,15679,9928,3411,44762,823,689,865,2377,47139
15-03-2015,23,15097,14983,9586,3197,42863,774,630,785,2189,45052
16-03-2015,0,14618,14514,9357,3071,41560,747,594,742,2083,43643
16-03-2015,1,14372,14411,9175,2970,40928,736,591,725,2052,42980
16-03-2015,2,14139,14469,9190,2958,40756,743,591,719,2053,42809
16-03-2015,3,14196,14581,9336,2976,41089,752,615,732,2099,43188
16-03-2015,4,14373,14978,9759,3039,42149,782,652,809,2243,44392
16-03-2015,5,14955,15862,10520,3338,44675,866,737,998,2601,47276
16-03-2015,6,16303,17519,10875,3966,48663,988,850,1145,2983,51646
16-03-2015,7,17976,18975,11017,4574,52542,1098,979,1269,3346,55888
16-03-2015,8,18372,19038,11018,4807,53235,1126,1028,1290,3444,56679
16-03-2015,9,18102,18603,10805,4850,52360,1114,1024,1269,3407,55767
16-03-2015,10,17968,18572,10676,4882,52098,1096,1001,1237,3334,55432
16-03-2015,11,17568,18289,10525,4798,51180,1068,959,1194,3221,54401
16-03-2015,12,17274,17906,10378,4686,50244,1085,966,1199,3250,53494
16-03-2015,13,17207,17634,10221,4733,49795,1066,958,1194,3218,53013
16-03-2015,14,17277,17785,10118,4606,49786,1054,943,1178,3175,52961
16-03-2015,15,17149,17731,10001,4360,49241,1027,932,1159,3118,52359
16-03-2015,16,17092,17693,9992,4409,49186,1005,906,1140,3051,52237
16-03-2015,17,17034,18158,10315,4715,50222,1041,943,1191,3175,53397
16-03-2015,18,17345,18630,10925,4813,51713,1091,1006,1299,3396,55109
16-03-2015,19,17511,18436,10894,4753,51594,1070,975,1262,3307,54901
16-03-2015,20,17261,17789,10391,4413,49854,1016,904,1151,3071,52925
16-03-2015,21,16844,16995,10346,4094,48279,937,814,993,2744,51023
16-03-2015,22,16099,16009,10152,3699,45959,853,718,865,2436,48395
16-03-2015,23,15193,15174,9676,3353,43396,791,649,797,2237,45633
17-03-2015,0,14536,14692,9448,3133,41809,765,617,762,2144,43953
17-03-2015,1,14300,14657,9258,3009,41224,752,605,748,2105,43329
17-03-2015,2,14322,14749,9226,3004,41301,735,598,747,2080,43381
17-03-2015,3,14339,14895,9326,3007,41567,740,614,760,2114,43681
17-03-2015,4,14512,15201,9732,3093,42538,776,658,821,2255,44793
17-03-2015,5,14973,16100,10458,3354,44885,850,740,989,2579,47464
17-03-2015,6,16308,17493,10925,3948,48674,974,857,1130,2961,51635
17-03-2015,7,17706,19015,10991,4556,52268,1072,978,1244,3294,55562
17-03-2015,8,17926,19040,10878,4730,52574,1089,1026,1276,3391,55965
17-03-2015,9,17593,18937,10754,4759,52043,1077,1019,1255,3351,55394
17-03-2015,10,17382,18747,10529,4847,51505,1064,994,1232,3290,54795
17-03-2015,11,17122,17986,10338,4833,50279,1035,948,1184,3167,53446
17-03-2015,12,16826,17506,10230,4645,49207,1045,962,1195,3202,52409
17-03-2015,13,16698,17298,10101,4639,48736,1029,954,1183,3166,51902
17-03-2015,14,16602,17185,9982,4561,48330,1017,945,1168,3130,51460
17-03-2015,15,16668,17254,9951,4402,48275,986,928,1145,3059,51334
17-03-2015,16,16648,17242,9977,4356,48223,972,904,1126,3002,51225
17-03-2015,17,16704,17810,10199,4622,49335,1005,942,1178,3125,52460
17-03-2015,18,16938,18364,10810,4708,50820,1065,1009,1290,3364,54184
17-03-2015,19,17214,18544,10751,4655,51164,1035,981,1252,3268,54432
17-03-2015,20,16971,18005,10128,4313,49417,976,912,1145,3033,52450
17-03-2015,21,16685,17074,10106,4012,47877,896,818,989,2703,50580
17-03-2015,22,15885,15911,9891,3648,45335,823,723,869,2415,47750
17-03-2015,23,15045,15115,9449,3267,42876,764,645,802,2211,45087
18-03-2015,0,14475,14403,9177,3067,41122,754,609,762,2125,43247
18-03-2015,1,14274,14157,9016,2961,40408,750,604,750,2104,42512
18-03-2015,2,14238,14205,8944,2905,40292,740,602,751,2093,42385
18-03-2015,3,14285,14300,9086,2967,40638,743,615,765,2123,42761
18-03-2015,4,14429,14523,9511,3043,41506,793,658,830,2281,43787
18-03-2015,5,15030,15371,10292,3322,44015,869,738,998,2605,46620
18-03-2015,6,16248,17580,10737,3890,48455,985,857,1139,2981,51436
18-03-2015,7,17782,19116,10877,4393,52168,1086,969,1243,3298,55466
18-03-2015,8,18116,19138,10909,4506,52669,1109,1019,1267,3395,56064
18-03-2015,9,17758,18798,10731,4500,51787,1095,1015,1254,3364,55151
18-03-2015,10,17662,18500,10532,4566,51260,1078,995,1227,3300,54560
18-03-2015,11,17066,18130,10363,4563,50122,1040,950,1194,3184,53306
18-03-2015,12,16857,17576,10113,4459,49005,1047,964,1205,3216,52221
18-03-2015,13,16667,17346,9908,4445,48366,1026,956,1194,3176,51542
18-03-2015,14,16812,17106,9789,4348,48055,1019,941,1188,3148,51203
18-03-2015,15,16861,17207,9779,4203,48050,991,932,1166,3089,51139
18-03-2015,16,16923,17382,9833,4194,48332,978,910,1144,3032,51364
18-03-2015,17,16789,17670,10036,4472,48967,998,946,1185,3129,52096
18-03-2015,18,17078,18587,10611,4559,50835,1066,1016,1303,3385,54220
18-03-2015,19,17225,18535,10587,4538,50885,1042,991,1273,3306,54191
18-03-2015,20,16852,18111,10024,4209,49196,991,924,1167,3082,52278
18-03-2015,21,16549,17249,9976,3910,47684,911,826,1010,2747,50431
18-03-2015,22,16029,16210,9672,3565,45476,835,727,886,2448,47924
18-03-2015,23,15309,15382,9205,3267,43163,776,662,815,2253,45416
19-03-2015,0,14634,15182,8939,3057,41812,744,618,780,2142,43954
19-03-2015,1,14379,15068,8798,2947,41192,737,609,769,2115,43307
19-03-2015,2,14334,14976,8798,2930,41038,742,607,770,2119,43157
19-03-2015,3,14446,15167,8941,2959,41513,752,621,786,2159,43672
19-03-2015,4,14620,15373,9274,3046,42313,791,669,853,2313,44626
19-03-2015,5,15158,16121,10024,3319,44622,848,757,1017,2622,47244
19-03-2015,6,16425,18036,10418,3863,48742,964,871,1166,3001,51743
19-03-2015,7,17965,19509,10650,4477,52601,1059,978,1269,3306,55907
19-03-2015,8,18308,19179,10633,4604,52724,1082,1017,1290,3389,56113
19-03-2015,9,18197,18633,10470,4597,51897,1067,1023,1266,3356,55253
19-03-2015,10,18111,18426,10273,4629,51439,1056,1002,1247,3305,54744
19-03-2015,11,18067,18031,10189,4583,50870,1030,957,1223,3210,54080
19-03-2015,12,17938,17605,10129,4480,50152,1058,976,1241,3275,53427
19-03-2015,13,17821,17205,10075,4460,49561,1044,965,1230,3239,52800
19-03-2015,14,17546,17056,10057,4331,48990,1039,949,1216,3204,52194
19-03-2015,15,17302,17081,9966,4156,48505,1010,949,1194,3153,51658
19-03-2015,16,17393,17140,10012,4122,48667,998,916,1172,3086,51753
19-03-2015,17,17522,17715,10205,4379,49821,1024,945,1214,3183,53004
19-03-2015,18,17764,18254,10798,4467,51283,1091,1012,1333,3436,54719
19-03-2015,19,17884,18248,10675,4537,51344,1055,989,1302,3346,54690
19-03-2015,20,17544,17794,10101,4282,49721,991,921,1203,3115,52836
19-03-2015,21,17092,16900,10068,3986,48046,919,826,1049,2794,50840
19-03-2015,22,16456,15956,9781,3600,45793,828,733,919,2480,48273
19-03-2015,23,15641,15215,9351,3259,43466,769,667,848,2284,45750
20-03-2015,0,15004,14565,9036,3033,41638,746,638,804,2188,43826
20-03-2015,1,14666,14369,8809,2948,40792,729,621,784,2134,42926
20-03-2015,2,14533,14177,8812,2903,40425,725,616,781,2122,42547
20-03-2015,3,14606,14258,8914,2915,40693,726,631,797,2154,42847
20-03-2015,4,14935,14539,9343,2982,41799,769,669,862,2300,44099
20-03-2015,5,15349,15631,9979,3251,44210,840,747,1019,2606,46816
20-03-2015,6,16540,17461,10486,3821,48308,959,861,1164,2984,51292
20-03-2015,7,18116,19221,10782,4392,52511,1060,983,1268,3311,55822
20-03-2015,8,18470,19449,10777,4643,53339,1098,1040,1298,3436,56775
20-03-2015,9,18330,19323,10668,4647,52968,1098,1040,1283,3421,56389
20-03-2015,10,18156,19532,10605,4775,53068,1087,1024,1271,3382,56450
20-03-2015,11,18027,19511,10709,4757,53004,1096,998,1261,3355,56359
20-03-2015,12,17584,18893,10503,4529,51509,1116,1010,1244,3370,54879
20-03-2015,13,17485,18679,10292,4421,50877,1090,995,1222,3307,54184
20-03-2015,14,17431,18538,10247,4254,50470,1093,982,1205,3280,53750
20-03-2015,15,17404,18351,10248,4181,50184,1082,977,1183,3242,53426
20-03-2015,16,17077,18496,10292,4264,50129,1066,964,1181,3211,53340
20-03-2015,17,17265,18903,10474,4522,51164,1085,991,1226,3302,54466
20-03-2015,18,17506,19256,10981,4605,52348,1110,1018,1301,3429,55777
20-03-2015,19,17611,18876,10855,4459,51801,1075,988,1262,3325,55126
20-03-2015,20,17254,17989,10313,4082,49638,1016,921,1169,3106,52744
20-03-2015,21,16821,17042,10285,3804,47952,948,833,1035,2816,50768
20-03-2015,22,16274,16496,10016,3519,46305,874,750,921,2545,48850
20-03-2015,23,15837,15838,9503,3250,44428,812,675,845,2332,46760
21-03-2015,0,15293,14702,9214,3007,42216,773,634,804,2211,44427
21-03-2015,1,15040,14536,9094,2868,41538,761,615,779,2155,43693
21-03-2015,2,14937,14484,9024,2803,41248,747,609,770,2126,43374
21-03-2015,3,14961,14595,9108,2769,41433,746,618,766,2130,43563
21-03-2015,4,15087,14752,9246,2763,41848,762,645,790,2197,44045
21-03-2015,5,15316,14962,9307,2848,42433,765,662,835,2262,44695
21-03-2015,6,15568,15453,9413,3028,43462,822,731,924,2477,45939
21-03-2015,7,16044,16073,9709,3311,45137,902,816,1038,2756,47893
21-03-2015,8,16686,17132,9835,3689,47342,958,875,1121,2954,50296
21-03-2015,9,17097,17668,9859,3975,48599,984,902,1157,3043,51642
21-03-2015,10,17121,17632,9848,4070,48671,988,904,1171,3063,51734
21-03-2015,11,16816,17490,9790,4123,48219,981,898,1174,3053,51272
21-03-2015,12,16352,17314,9687,4054,47407,975,891,1164,3030,50437
21-03-2015,13,16127,16949,9647,3952,46675,957,883,1136,2976,49651
21-03-2015,14,15947,16900,9706,3891,46444,949,872,1112,2933,49377
21-03-2015,15,15869,16941,9817,3877,46504,949,872,1100,2921,49425
21-03-2015,16,15924,17023,10038,3957,46942,961,868,1105,2934,49876
21-03-2015,17,16314,17709,10412,4253,48688,990,881,1146,3017,51705
21-03-2015,18,17000,18632,10981,4377,50990,1051,939,1209,3199,54189
21-03-2015,19,17480,18843,10757,4241,51321,1024,923,1169,3116,54437
21-03-2015,20,17062,18494,10331,3933,49820,985,877,1085,2947,52767
21-03-2015,21,16742,18209,10506,3707,49164,920,798,972,2690,51854
21-03-2015,22,16218,17588,10447,3457,47710,862,728,880,2470,50180
21-03-2015,23,15745,17032,10111,3232,46120,812,670,809,2291,48411
22-03-2015,0,15500,16508,9752,3117,44877,788,630,774,2192,47069
22-03-2015,1,15220,16061,9550,3015,43846,775,615,752,2142,45988
22-03-2015,2,15037,15705,9440,2970,43152,766,605,745,2116,45268
22-03-2015,3,15059,15597,9452,2967,43075,771,607,748,2126,45201
22-03-2015,4,15073,15576,9469,2967,43085,775,626,767,2168,45253
22-03-2015,5,15150,15929,9369,3029,43477,764,638,787,2189,45666
22-03-2015,6,15226,16004,9370,3113,43713,806,686,868,2360,46073
22-03-2015,7,15456,16506,9527,3380,44869,873,761,964,2598,47467
22-03-2015,8,16194,17043,9627,3654,46518,926,819,1029,2774,49292
22-03-2015,9,16786,17536,9884,3810,48016,954,841,1052,2847,50863
22-03-2015,10,17099,17665,10005,3863,48632,956,840,1051,2847,51479
22-03-2015,11,17431,17918,9966,3857,49172,958,836,1059,2853,52025
22-03-2015,12,17342,17958,9851,3773,48924,962,835,1052,2849,51773
22-03-2015,13,17248,17972,9784,3709,48713,953,831,1043,2827,51540
22-03-2015,14,17101,17772,9812,3652,48337,947,824,1046,2817,51154
22-03-2015,15,17070,17599,9872,3662,48203,946,827,1057,2830,51033
22-03-2015,16,17137,17786,10009,3766,48698,962,828,1069,2859,51557
22-03-2015,17,17310,18585,10251,4167,50313,1005,876,1124,3005,53318
22-03-2015,18,17678,19249,10678,4392,51997,1075,944,1249,3268,55265
22-03-2015,19,17988,19324,10484,4380,52176,1046,938,1223,3207,55383
22-03-2015,20,17624,18514,10056,4069,50263,996,880,1137,3013,53276
22-03-2015,21,17267,17444,10271,3817,48799,923,795,998,2716,51515
22-03-2015,22,16652,16517,10123,3491,46783,853,710,877,2440,49223
22-03-2015,23,15958,16007,9735,3214,44914,795,642,804,2241,47155
23-03-2015,0,15325,15662,9402,3015,43404,765,613,765,2143,45547
23-03-2015,1,14948,15325,9148,2868,42289,746,603,749,2098,44387
23-03-2015,2,14753,15121,9095,2842,41811,745,591,746,2082,43893
23-03-2015,3,14784,15132,9125,2893,41934,749,610,758,2117,44051
23-03-2015,4,14959,15210,9495,2989,42653,788,645,831,2264,44917
23-03-2015,5,15323,16052,10184,3274,44833,875,741,1010,2626,47459
23-03-2015,6,16377,18004,10583,3892,48856,1002,870,1174,3046,51902
23-03-2015,7,18070,19575,10895,4522,53062,1124,999,1301,3424,56486
23-03-2015,8,18458,20067,11014,4747,54286,1171,1055,1357,3583,57869
23-03-2015,9,18458,19946,11022,4798,54224,1176,1055,1353,3584,57808
23-03-2015,10,17958,20092,11048,4849,53947,1183,1045,1335,3563,57510
23-03-2015,11,17538,19709,11021,4837,53105,1177,1006,1295,3478,56583
23-03-2015,12,17593,19222,10966,4684,52465,1215,1027,1311,3553,56018
23-03-2015,13,17468,19311,10875,4676,52330,1198,1031,1297,3526,55856
23-03-2015,14,17082,19296,10786,4624,51788,1187,1018,1277,3482,55270
23-03-2015,15,16746,18716,10669,4483,50614,1156,997,1252,3405,54019
23-03-2015,16,16709,18798,10621,4478,50606,1143,971,1228,3342,53948
23-03-2015,17,16741,19017,10768,4786,51312,1155,985,1253,3393,54705
23-03-2015,18,17016,19283,11053,4809,52161,1170,1016,1346,3532,55693
23-03-2015,19,17358,19201,10903,4710,52172,1131,991,1314,3436,55608
23-03-2015,20,17367,18602,10329,4403,50701,1055,929,1202,3186,53887
23-03-2015,21,16936,17860,10255,4071,49122,967,834,1042,2843,51965
23-03-2015,22,16402,16811,9933,3681,46827,891,736,918,2545,49372
23-03-2015,23,15693,15946,9490,3318,44447,816,663,847,2326,46773
24-03-2015,0,15075,15065,9145,3101,42386,795,629,793,2217,44603
24-03-2015,1,14659,14989,8897,3017,41562,779,619,780,2178,43740
24-03-2015,2,14627,14885,8776,2959,41247,776,616,777,2169,43416
24-03-2015,3,14838,14774,8838,2965,41415,781,630,782,2193,43608
24-03-2015,4,15021,14960,9185,3048,42214,817,671,851,2339,44553
24-03-2015,5,15642,15871,9696,3338,44547,889,761,1018,2668,47215
24-03-2015,6,17010,17591,10105,3903,48609,1029,893,1176,3098,51707
24-03-2015,7,18496,19035,10295,4544,52370,1140,1012,1299,3451,55821
24-03-2015,8,18519,19269,10394,4762,52944,1159,1069,1336,3564,56508
24-03-2015,9,17913,19034,10343,4753,52043,1151,1075,1323,3549,55592
24-03-2015,10,17507,18780,10187,4803,51277,1139,1055,1297,3491,54768
24-03-2015,11,17075,18533,10236,4741,50585,1120,1021,1268,3409,53994
24-03-2015,12,16741,18196,10137,4622,49696,1129,1035,1286,3450,53146
24-03-2015,13,16526,17898,10038,4668,49130,1108,1029,1280,3417,52547
24-03-2015,14,16325,17582,10048,4580,48535,1098,1013,1270,3381,51916
24-03-2015,15,16313,17792,9974,4423,48502,1073,987,1247,3307,51809
24-03-2015,16,16436,17792,9997,4414,48639,1050,951,1223,3224,51863
24-03-2015,17,16465,18027,10187,4692,49371,1057,976,1252,3285,52656
24-03-2015,18,16780,18672,10784,4732,50968,1109,1037,1355,3501,54469
24-03-2015,19,17181,18998,10812,4688,51679,1096,1008,1336,3440,55119
24-03-2015,20,17095,18390,10301,4343,50129,1055,947,1235,3237,53366
24-03-2015,21,16771,17766,10364,4071,48972,964,850,1076,2890,51862
24-03-2015,22,16202,17161,10154,3713,47230,877,748,946,2571,49801
24-03-2015,23,15551,16065,9698,3363,44677,821,678,880,2379,47056
25-03-2015,0,14939,15188,9420,3125,42672,788,645,842,2275,44947
25-03-2015,1,14540,14967,9198,3000,41705,779,633,826,2238,43943
25-03-2015,2,14519,14685,9174,2945,41323,772,628,824,2224,43547
25-03-2015,3,14569,14743,9325,2961,41598,779,643,834,2256,43854
25-03-2015,4,14876,15199,9656,3039,42770,810,683,897,2390,45160
25-03-2015,5,15366,16067,10290,3320,45043,893,766,1059,2718,47761
25-03-2015,6,16781,17460,10681,3879,48801,1027,900,1219,3146,51947
25-03-2015,7,18438,19148,10850,4488,52924,1128,1009,1348,3485,56409
25-03-2015,8,18776,19698,10824,4688,53986,1151,1051,1390,3592,57578
25-03-2015,9,18481,19300,10795,4699,53275,1143,1038,1375,3556,56831
25-03-2015,10,18339,19345,10742,4787,53213,1153,1017,1355,3525,56738
25-03-2015,11,18050,19046,10619,4781,52496,1136,976,1318,3430,55926
25-03-2015,12,17948,18959,10540,4757,52204,1161,993,1307,3461,55665
25-03-2015,13,17892,18725,10369,4826,51812,1139,984,1289,3412,55224
25-03-2015,14,17603,18712,10189,4764,51268,1119,966,1290,3375,54643
25-03-2015,15,17484,18722,10254,4576,51036,1089,946,1258,3293,54329
25-03-2015,16,17484,18835,10306,4601,51226,1069,921,1220,3210,54436
25-03-2015,17,17485,19318,10536,4892,52231,1089,939,1233,3261,55492
25-03-2015,18,17842,19948,11154,4893,53837,1142,1009,1332,3483,57320
25-03-2015,19,18221,19587,11242,4808,53858,1123,996,1310,3429,57287
25-03-2015,20,18014,19087,10695,4537,52333,1079,929,1216,3224,55557
25-03-2015,21,17623,18243,10664,4171,50701,992,830,1060,2882,53583
25-03-2015,22,17104,17121,10468,3802,48495,911,737,934,2582,51077
25-03-2015,23,16390,16223,10055,3425,46093,849,664,867,2380,48473
26-03-2015,0,15884,15793,9710,3154,44541,819,631,836,2286,46827
26-03-2015,1,15618,15534,9542,3048,43742,806,617,815,2238,45980
26-03-2015,2,15546,15603,9501,3023,43673,803,611,806,2220,45893
26-03-2015,3,15727,15620,9635,3034,44016,811,624,814,2249,46265
26-03-2015,4,15859,15873,9988,3142,44862,833,664,876,2373,47235
26-03-2015,5,16531,16453,10647,3438,47069,924,745,1029,2698,49767
26-03-2015,6,17821,18066,11034,3990,50911,1045,871,1177,3093,54004
26-03-2015,7,19262,19555,11149,4618,54584,1140,975,1291,3406,57990
26-03-2015,8,19627,20398,10990,4875,55890,1166,1023,1326,3515,59405
26-03-2015,9,19514,20617,10806,4899,55836,1157,1018,1309,3484,59320
26-03-2015,10,19505,20653,10743,4936,55837,1146,1000,1298,3444,59281
26-03-2015,11,19234,20195,10673,4900,55002,1132,954,1265,3351,58353
26-03-2015,12,19057,19826,10598,4807,54288,1139,971,1282,3392,57680
26-03-2015,13,19044,19624,10488,4685,53841,1128,976,1278,3382,57223
26-03-2015,14,18802,19432,10505,4701,53440,1124,969,1261,3354,56794
26-03-2015,15,18793,19995,10477,4519,53784,1105,955,1233,3293,57077
26-03-2015,16,18716,20689,10478,4451,54334,1086,930,1205,3221,57555
26-03-2015,17,18702,19995,10546,4640,53883,1103,956,1234,3293,57176
26-03-2015,18,18823,20126,11113,4653,54715,1137,1017,1324,3478,58193
26-03-2015,19,18959,20089,11188,4686,54922,1110,996,1299,3405,58327
26-03-2015,20,18699,19536,10702,4458,53395,1055,928,1199,3182,56577
26-03-2015,21,18248,18220,10683,4107,51258,980,828,1040,2848,54106
26-03-2015,22,17603,17223,10399,3759,48984,897,730,919,2546,51530
26-03-2015,23,16754,16308,9980,3396,46438,831,663,853,2347,48785
27-03-2015,0,16074,15461,9653,3174,44362,807,628,823,2258,46620
27-03-2015,1,15715,15142,9470,3088,43415,791,612,801,2204,45619
27-03-2015,2,15585,15178,9367,3015,43145,783,612,796,2191,45336
27-03-2015,3,15597,15208,9503,3018,43326,793,625,803,2221,45547
27-03-2015,4,15800,15315,9851,3099,44065,819,668,860,2347,46412
27-03-2015,5,16207,16154,10468,3361,46190,905,747,1017,2669,48859
27-03-2015,6,17292,17874,10908,3876,49950,1036,883,1184,3103,53053
27-03-2015,7,18972,19227,11104,4514,53817,1135,1007,1320,3462,57279
27-03-2015,8,19220,19547,11145,4756,54668,1156,1059,1362,3577,58245
27-03-2015,9,19015,19808,11032,4807,54662,1176,1065,1343,3584,58246
27-03-2015,10,18742,19890,10957,4892,54481,1161,1049,1321,3531,58012
27-03-2015,11,18464,19773,10899,4803,53939,1149,1010,1281,3440,57379
27-03-2015,12,17992,19235,10875,4653,52755,1165,1029,1288,3482,56237
27-03-2015,13,17726,18714,10765,4526,51731,1154,1014,1267,3435,55166
27-03-2015,14,17519,18392,10735,4363,51009,1145,987,1235,3367,54376
27-03-2015,15,17259,18087,10606,4271,50223,1124,973,1208,3305,53528
27-03-2015,16,17193,18213,10600,4263,50269,1099,951,1199,3249,53518
27-03-2015,17,17121,18508,10810,4492,50931,1098,954,1207,3259,54190
27-03-2015,18,17583,18884,11106,4566,52139,1124,1001,1288,3413,55552
27-03-2015,19,17906,18746,10974,4462,52088,1085,982,1262,3329,55417
27-03-2015,20,17631,17838,10476,4104,50049,1031,911,1180,3122,53171
27-03-2015,21,17172,17043,10391,3831,48437,960,823,1057,2840,51277
27-03-2015,22,16534,16211,10122,3571,46438,876,735,943,2554,48992
27-03-2015,23,15929,15730,9556,3301,44516,812,664,856,2332,46848
28-03-2015,0,15572,14730,9226,3095,42623,775,620,812,2207,44830
28-03-2015,1,15364,14395,8989,2958,41706,757,606,787,2150,43856
28-03-2015,2,15277,14251,8903,2884,41315,741,601,785,2127,43442
28-03-2015,3,15256,14247,8890,2877,41270,746,608,791,2145,43415
28-03-2015,4,15301,14426,8962,2894,41583,747,623,809,2179,43762
28-03-2015,5,15337,14577,8950,2962,41826,752,639,844,2235,44061
28-03-2015,6,15471,14804,9059,3067,42401,816,710,942,2468,44869
28-03-2015,7,16006,15484,9328,3381,44199,888,794,1059,2741,46940
28-03-2015,8,16453,15973,9589,3673,45688,942,872,1142,2956,48644
28-03-2015,9,16745,16235,9732,3855,46567,969,903,1177,3049,49616
28-03-2015,10,16740,16363,9846,3910,46859,978,902,1192,3072,49931
28-03-2015,11,16289,16186,9820,3919,46214,992,882,1192,3066,49280
28-03-2015,12,16080,15811,9732,3868,45491,996,880,1180,3056,48547
28-03-2015,13,15834,15702,9641,3863,45040,984,870,1148,3002,48042
28-03-2015,14,15805,15443,9757,3865,44870,973,851,1137,2961,47831
28-03-2015,15,15874,14933,9844,3830,44481,972,844,1138,2954,47435
28-03-2015,16,16054,15274,10050,3910,45288,970,845,1145,2960,48248
28-03-2015,17,16419,15964,10239,4207,46829,980,860,1165,3005,49834
28-03-2015,18,16611,16325,10620,4370,47926,1024,913,1236,3173,51099
28-03-2015,19,16897,16121,10365,4280,47663,1004,917,1211,3132,50795
28-03-2015,20,16636,15501,9808,4023,45968,959,863,1130,2952,48920
28-03-2015,21,16177,15158,9929,3786,45050,901,787,1020,2708,47758
28-03-2015,22,15761,14821,9790,3557,43929,838,714,920,2472,46401
28-03-2015,23,15313,14243,9365,3331,42252,788,653,852,2293,44545
29-03-2015,0,14730,13510,9052,3146,40438,763,625,815,2203,42641
29-03-2015,1,14520,13440,8797,2964,39721,743,606,741,2090,41811
29-03-2015,2,,14251,,,,741,,,,
29-03-2015,3,14485,13361,8669,2868,39383,739,599,786,2124,41507
29-03-2015,4,14458,13732,8715,2806,39711,746,607,798,2151,41862
29-03-2015,5,14500,13875,8788,2849,40012,759,627,835,2221,42233
29-03-2015,6,14633,14245,8571,2960,40409,759,643,857,2259,42668
29-03-2015,7,14475,14350,8812,3104,40741,813,703,923,2439,43180
29-03-2015,8,15028,14983,9028,3411,42450,882,774,1005,2661,45111
29-03-2015,9,15611,15647,9257,3660,44175,927,825,1057,2809,46984
29-03-2015,10,16086,16355,9400,3747,45588,939,837,1065,2841,48429
29-03-2015,11,16099,16762,9394,3840,46095,937,836,1059,2832,48927
29-03-2015,12,15990,16787,9393,3848,46018,933,829,1056,2818,48836
29-03-2015,13,15681,16574,9369,3813,45437,926,827,1043,2796,48233
29-03-2015,14,15546,16501,9341,3778,45166,926,814,1032,2772,47938
29-03-2015,15,15362,16379,9338,3771,44850,923,805,1028,2756,47606
29-03-2015,16,15273,16524,9433,3797,45027,938,812,1038,2788,47815
29-03-2015,17,15316,16706,9518,4009,45549,958,820,1057,2835,48384
29-03-2015,18,15437,17015,9751,4082,46285,993,838,1092,2923,49208
29-03-2015,19,15706,17458,10057,3993,47214,1024,899,1163,3086,50300
29-03-2015,20,16141,17548,9892,3926,47507,993,884,1130,3007,50514
29-03-2015,21,15932,16581,9924,3773,46210,923,802,1013,2738,48948
29-03-2015,22,15606,15826,9841,3524,44797,850,713,886,2449,47246
29-03-2015,23,15146,15204,9386,3268,43004,786,644,803,2233,45237
30-03-2015,0,14585,14653,8965,3065,41268,750,602,749,2101,43369
30-03-2015,1,14409,14521,8862,2983,40775,739,583,722,2044,42819
30-03-2015,2,14267,14387,8717,2991,40362,730,576,709,2015,42377
30-03-2015,3,14257,14349,8751,2988,40345,740,597,723,2060,42405
30-03-2015,4,14483,14410,9155,3058,41106,777,633,785,2195,43301
30-03-2015,5,14775,15150,10078,3229,43232,893,751,973,2617,45849
30-03-2015,6,15852,17106,10408,3694,47060,1018,877,1126,3021,50081
30-03-2015,7,16883,18536,10850,4251,50520,1129,993,1290,3412,53932
30-03-2015,8,17607,19138,11087,4580,52412,1179,1059,1382,3620,56032
30-03-2015,9,17593,18909,11097,4753,52352,1191,1071,1413,3675,56027
30-03-2015,10,17391,19122,11082,4916,52511,1191,1065,1418,3674,56185
30-03-2015,11,17270,19135,11048,4913,52366,1165,1028,1387,3580,55946
30-03-2015,12,17030,18751,11003,4884,51668,1180,1058,1398,3636,55304
30-03-2015,13,16798,18597,10930,4848,51173,1177,1045,1368,3590,54763
30-03-2015,14,16532,18394,10783,4731,50440,1163,1027,1309,3499,53939
30-03-2015,15,16351,18321,10686,4563,49921,1126,1002,1249,3377,53298
30-03-2015,16,16356,18243,10590,4464,49653,1104,950,1210,3264,52917
30-03-2015,17,16066,18352,10592,4638,49648,1092,934,1194,3220,52868
30-03-2015,18,16005,18189,10735,4568,49497,1085,917,1192,3194,52691
30-03-2015,19,16225,18512,10978,4424,50139,1115,969,1260,3344,53483
30-03-2015,20,16635,18528,10672,4432,50267,1085,909,1223,3217,53484
30-03-2015,21,16637,18038,10513,4161,49349,994,845,1069,2908,52257
30-03-2015,22,16172,17018,10300,3805,47295,904,756,933,2593,49888
30-03-2015,23,15540,16080,9855,3508,44983,840,689,853,2382,47365
31-03-2015,0,15074,15604,9481,3295,43454,789,635,810,2234,45688
31-03-2015,1,14912,15335,9258,3191,42696,764,614,788,2166,44862
31-03-2015,2,14855,15415,9136,3182,42588,757,608,782,2147,44735
31-03-2015,3,14868,15420,9155,3138,42581,769,615,791,2175,44756
31-03-2015,4,15049,15640,9519,3171,43379,800,656,842,2298,45677
31-03-2015,5,15477,16206,10209,3365,45257,914,751,1010,2675,47932
31-03-2015,6,16363,17961,10419,3845,48588,1023,867,1151,3041,51629
31-03-2015,7,17357,19191,10682,4440,51670,1133,991,1305,3429,55099
31-03-2015,8,17921,20009,10807,4792,53529,1179,1067,1376,3622,57151
31-03-2015,9,17916,19826,10801,5002,53545,1174,1047,1384,3605,57150
31-03-2015,10,17701,19807,10806,5184,53498,1172,1030,1371,3573,57071
31-03-2015,11,17399,19598,10686,5135,52818,1152,997,1340,3489,56307
31-03-2015,12,17044,19003,10661,4966,51674,1174,1024,1357,3555,55229
31-03-2015,13,16748,18670,10552,4940,50910,1149,1004,1332,3485,54395
31-03-2015,14,16511,18284,10515,4850,50160,1133,987,1303,3423,53583
31-03-2015,15,16482,18277,10397,4743,49899,1095,965,1264,3324,53223
31-03-2015,16,16321,18230,10363,4682,49596,1065,928,1214,3207,52803
31-03-2015,17,16272,18317,10338,4869,49796,1048,920,1206,3174,52970
31-03-2015,18,16279,18189,10435,4775,49678,1027,915,1217,3159,52837
31-03-2015,19,16473,18344,10706,4617,50140,1068,971,1299,3338,53478
31-03-2015,20,17013,18450,10425,4471,50359,1064,955,1255,3274,53633
31-03-2015,21,16844,17836,10307,4281,49268,979,862,1108,2949,52217
31-03-2015,22,16329,17025,10133,3966,47453,889,759,970,2618,50071
31-03-2015,23,15825,16158,9683,3615,45281,828,681,890,2399,47680
01-04-2015,0,15335,15525,9327,3325,43512,794,630,849,2273,45785
01-04-2015,1,15014,15219,9163,3214,42610,777,615,831,2223,44833
01-04-2015,2,14833,15038,8975,3163,42009,769,610,822,2201,44210
01-04-2015,3,14828,14846,9022,3189,41885,776,626,834,2236,44121
01-04-2015,4,14869,14891,9315,3238,42313,800,668,879,2347,44660
01-04-2015,5,15306,15688,10114,3468,44576,901,761,1044,2706,47282
01-04-2015,6,16074,17424,10424,3884,47806,1013,885,1185,3083,50889
01-04-2015,7,16825,18994,10730,4371,50920,1119,1001,1297,3417,54337
01-04-2015,8,17396,19260,10795,4788,52239,1156,1058,1351,3565,55804
01-04-2015,9,17355,19099,10720,4910,52084,1155,1067,1361,3583,55667
01-04-2015,10,17285,18898,10686,5014,51883,1148,1050,1347,3545,55428
01-04-2015,11,16948,18464,10663,4945,51020,1135,1008,1352,3495,54515
01-04-2015,12,16361,18144,10554,4901,49960,1151,1023,1375,3549,53509
01-04-2015,13,15987,17962,10510,4815,49274,1137,1012,1361,3510,52784
01-04-2015,14,15699,17433,10328,4723,48183,1137,1004,1336,3477,51660
01-04-2015,15,15557,17306,10333,4530,47726,1105,985,1292,3382,51108
01-04-2015,16,15611,16975,10377,4438,47401,1079,948,1248,3275,50676
01-04-2015,17,15577,17472,10423,4566,48038,1078,939,1230,3247,51285
01-04-2015,18,15456,17556,10594,4476,48082,1070,933,1237,3240,51322
01-04-2015,19,15584,17958,10883,4316,48741,1094,978,1296,3368,52109
01-04-2015,20,15811,18229,10617,4320,48977,1078,960,1258,3296,52273
01-04-2015,21,15565,17594,10505,4121,47785,987,857,1115,2959,50744
01-04-2015,22,15230,16683,10266,3804,45983,895,750,970,2615,48598
01-04-2015,23,14617,16014,9758,3470,43859,827,672,881,2380,46239
02-04-2015,0,14199,15499,9351,3238,42287,795,639,836,2270,44557
02-04-2015,1,13841,15198,9138,3061,41238,773,622,810,2205,43443
02-04-2015,2,13794,15309,9085,2996,41184,770,618,816,2204,43388
02-04-2015,3,13846,15259,9141,2964,41210,776,640,828,2244,43454
02-04-2015,4,14089,15484,9478,2988,42039,811,683,885,2379,44418
02-04-2015,5,14415,16184,10251,3059,43909,917,784,1046,2747,46656
02-04-2015,6,14772,17768,10600,3175,46315,1035,885,1176,3096,49411
02-04-2015,7,15075,19327,10867,3367,48636,1151,1015,1316,3482,52118
02-04-2015,8,15508,19882,11011,3654,50055,1188,1065,1365,3618,53673
02-04-2015,9,15626,19701,11004,3853,50184,1183,1064,1368,3615,53799
02-04-2015,10,15538,19519,10892,4023,49972,1188,1048,1369,3605,53577
02-04-2015,11,15192,19024,10834,3990,49040,1166,1004,1338,3508,52548
02-04-2015,12,14951,18499,10720,3907,48077,1178,1015,1353,3546,51623
02-04-2015,13,14847,17763,10494,3840,46944,1161,996,1340,3497,50441
02-04-2015,14,14602,17347,10394,3734,46077,1150,970,1317,3437,49514
02-04-2015,15,14725,16740,10269,3707,45441,1111,947,1287,3345,48786
02-04-2015,16,14741,17065,10297,3753,45856,1083,925,1244,3252,49108
02-04-2015,17,14678,17154,10329,3876,46037,1069,915,1238,3222,49259
02-04-2015,18,14737,17384,10472,3868,46461,1064,909,1241,3214,49675
02-04-2015,19,14900,17608,10711,3727,46946,1092,956,1308,3356,50302
02-04-2015,20,15431,17549,10509,3767,47256,1067,929,1282,3278,50534
02-04-2015,21,15482,16555,10391,3624,46052,982,844,1130,2956,49008
02-04-2015,22,14916,15802,10179,3405,44302,892,758,995,2645,46947
02-04-2015,23,14498,15082,9730,3154,42464,831,682,913,2426,44890
03-04-2015,0,14343,14668,9323,2990,41324,785,637,863,2285,43609
03-04-2015,1,14170,14210,9059,2910,40349,760,615,837,2212,42561
03-04-2015,2,14015,14139,8955,2851,39960,747,611,834,2192,42152
03-04-2015,3,14011,14217,8943,2864,40035,740,614,840,2194,42229
03-04-2015,4,14103,14158,9018,2893,40172,747,633,895,2275,42447
03-04-2015,5,14322,14404,9113,2980,40819,767,655,1055,2477,43296
03-04-2015,6,14710,14767,9008,3083,41568,796,682,1187,2665,44233
03-04-2015,7,15074,15299,9202,3280,42855,883,768,1295,2946,45801
03-04-2015,8,15400,16423,9387,3523,44733,942,835,1363,3140,47873
03-04-2015,9,15470,16591,9525,3742,45328,972,875,1373,3220,48548
03-04-2015,10,15366,16444,9585,3855,45250,976,875,1362,3213,48463
03-04-2015,11,15145,16176,9567,3817,44705,971,863,1327,3161,47866
03-04-2015,12,14909,15995,9492,3717,44113,965,866,1325,3156,47269
03-04-2015,13,14701,15577,9324,3577,43179,957,858,1319,3134,46313
03-04-2015,14,14520,15368,9381,3485,42754,949,846,1303,3098,45852
03-04-2015,15,14423,15308,9449,3451,42631,941,839,1261,3041,45672
03-04-2015,16,14388,15391,9549,3454,42782,938,836,1236,3010,45792
03-04-2015,17,14430,15451,9643,3640,43164,934,837,1225,2996,46160
03-04-2015,18,14496,15560,9752,3709,43517,940,849,1236,3025,46542
03-04-2015,19,14829,15685,9951,3596,44061,978,900,1298,3176,47237
03-04-2015,20,15282,16143,9926,3657,45008,968,890,1270,3128,48136
03-04-2015,21,15286,15708,9984,3544,44522,908,818,1138,2864,47386
03-04-2015,22,15021,15441,9884,3329,43675,845,738,1003,2586,46261
03-04-2015,23,14673,14634,9518,3112,41937,795,674,909,2378,44315
04-04-2015,0,14347,14244,9154,2930,40675,755,618,861,2234,42909
04-04-2015,1,14150,13936,8903,2811,39800,728,592,828,2148,41948
04-04-2015,2,14077,13747,8786,2755,39365,714,583,815,2112,41477
04-04-2015,3,14086,13668,8738,2728,39220,715,591,814,2120,41340
04-04-2015,4,14213,13794,8831,2755,39593,728,613,834,2175,41768
04-04-2015,5,14489,14044,8965,2878,40376,743,627,882,2252,42628
04-04-2015,6,14716,14213,8899,2994,40822,772,665,943,2380,43202
04-04-2015,7,14959,14630,9066,3215,41870,848,745,1062,2655,44525
04-04-2015,8,15402,15471,9302,3493,43668,918,815,1163,2896,46564
04-04-2015,9,15686,16040,9435,3657,44818,960,855,1213,3028,47846
04-04-2015,10,15564,15895,9435,3705,44599,973,860,1233,3066,47665
04-04-2015,11,15192,15612,9414,3629,43847,975,851,1230,3056,46903
04-04-2015,12,14745,15408,9302,3526,42981,969,851,1217,3037,46018
04-04-2015,13,14494,15311,9235,3425,42465,960,845,1182,2987,45452
04-04-2015,14,14272,15003,9258,3347,41880,954,838,1153,2945,44825
04-04-2015,15,14162,14822,9329,3321,41634,951,828,1147,2926,44560
04-04-2015,16,14036,14905,9453,3376,41770,949,824,1148,2921,44691
04-04-2015,17,14207,15056,9556,3642,42461,945,826,1139,2910,45371
04-04-2015,18,14333,15021,9595,3706,42655,951,834,1139,2924,45579
04-04-2015,19,14550,15285,9791,3546,43172,986,894,1218,3098,46270
04-04-2015,20,14997,15761,9750,3586,44094,974,882,1208,3064,47158
04-04-2015,21,15186,15489,9836,3489,44000,913,812,1085,2810,46810
04-04-2015,22,14904,14889,9655,3289,42737,851,734,961,2546,45283
04-04-2015,23,14737,14617,9304,3064,41722,799,667,865,2331,44053
05-04-2015,0,14391,14207,8921,2882,40401,758,617,794,2169,42570
05-04-2015,1,14224,13780,8694,2753,39451,733,593,762,2088,41539
05-04-2015,2,14140,13703,8640,2670,39153,718,582,748,2048,41201
05-04-2015,3,14075,13690,8607,2662,39034,715,582,744,2041,41075
05-04-2015,4,14201,13891,8672,2726,39490,720,601,763,2084,41574
05-04-2015,5,14356,14053,8666,2792,39867,725,609,799,2133,42000
05-04-2015,6,14422,14052,8526,2881,39881,752,630,834,2216,42097
05-04-2015,7,14576,14372,8622,3056,40626,826,698,896,2420,43046
05-04-2015,8,14970,14808,8880,3301,41959,893,762,968,2623,44582
05-04-2015,9,15099,15198,9001,3464,42762,934,790,988,2712,45474
05-04-2015,10,15265,15245,9042,3564,43116,945,791,971,2707,45823
05-04-2015,11,15157,15051,8997,3532,42737,942,778,944,2664,45401
05-04-2015,12,14894,14884,8887,3419,42084,935,769,910,2614,44698
05-04-2015,13,14803,14780,8874,3315,41772,923,760,880,2563,44335
05-04-2015,14,14638,14544,8830,3258,41270,916,743,859,2518,43788
05-04-2015,15,14551,14232,8792,3228,40803,911,737,853,2501,43304
05-04-2015,16,14709,14393,8806,3295,41203,907,738,856,2501,43704
05-04-2015,17,14935,14654,8797,3513,41899,907,746,882,2535,44434
05-04-2015,18,15119,14936,8941,3557,42553,920,763,906,2589,45142
05-04-2015,19,15240,15298,9239,3500,43277,973,823,993,2789,46066
05-04-2015,20,15560,15721,9461,3547,44289,982,830,1015,2827,47116
05-04-2015,21,15538,15434,9624,3466,44062,917,769,952,2638,46700
05-04-2015,22,15124,14731,9669,3240,42764,842,698,872,2412,45176
05-04-2015,23,14784,14078,9292,3029,41183,781,631,802,2214,43397
06-04-2015,0,14298,13742,8968,2823,39831,748,591,763,2102,41933
06-04-2015,1,13920,13628,8771,2672,38991,734,573,740,2047,41038
06-04-2015,2,13725,13788,8703,2652,38868,733,569,729,2031,40899
06-04-2015,3,13674,14041,8699,2663,39077,740,576,728,2044,41121
06-04-2015,4,13856,14131,8863,2702,39552,777,591,746,2114,41666
06-04-2015,5,13994,14373,8871,2804,40042,870,605,764,2239,42281
06-04-2015,6,14257,14686,8797,2951,40691,999,643,782,2424,43115
06-04-2015,7,14687,15115,8965,3147,41914,1107,718,863,2688,44602
06-04-2015,8,15120,15832,9099,3423,43474,1138,780,943,2861,46335
06-04-2015,9,15530,15885,9137,3621,44173,1132,818,991,2941,47114
06-04-2015,10,15772,16102,9122,3685,44681,1123,825,1009,2957,47638
06-04-2015,11,15810,15765,9059,3662,44296,1097,816,1011,2924,47220
06-04-2015,12,15497,15502,8924,3559,43482,1114,806,995,2915,46397
06-04-2015,13,15182,15133,8891,3468,42674,1099,794,974,2867,45541
06-04-2015,14,15105,14742,8913,3354,42114,1081,782,961,2824,44938
06-04-2015,15,14935,14583,8926,3298,41742,1053,786,955,2794,44536
06-04-2015,16,14830,14650,8999,3360,41839,1031,794,967,2792,44631
06-04-2015,17,14879,14904,9125,3679,42587,1017,795,990,2802,45389
06-04-2015,18,15066,15238,9346,3730,43380,1014,809,1020,2843,46223
06-04-2015,19,15229,15621,9546,3618,44014,1049,872,1099,3020,47034
06-04-2015,20,15543,15841,9441,3670,44495,1042,881,1105,3028,47523
06-04-2015,21,15459,15275,9478,3564,43776,959,798,988,2745,46521
06-04-2015,22,14968,14474,9386,3244,42072,867,705,885,2457,44529
06-04-2015,23,14310,13762,9062,2991,40125,809,631,816,2256,42381
07-04-2015,0,13770,13482,8708,2851,38811,776,595,777,2148,40959
07-04-2015,1,13523,13385,8587,2774,38269,760,582,761,2103,40372
07-04-2015,2,13325,13375,8449,2703,37852,754,578,755,2087,39939
07-04-2015,3,13172,13315,8483,2727,37697,764,587,764,2115,39812
07-04-2015,4,13286,13596,8924,2849,38655,796,627,828,2251,40906
07-04-2015,5,13647,14402,9621,3127,40797,882,719,1005,2606,43403
07-04-2015,6,14842,16279,10062,3787,44970,1001,847,1165,3013,47983
07-04-2015,7,16422,17649,10365,4444,48880,1111,958,1290,3359,52239
07-04-2015,8,16960,18265,10454,4711,50390,1145,1012,1327,3484,53874
07-04-2015,9,16873,18273,10374,4778,50298,1139,1022,1354,3515,53813
07-04-2015,10,16517,17557,10375,4880,49329,1134,1011,1330,3475,52804
07-04-2015,11,16063,17241,10345,4845,48494,1115,986,1297,3398,51892
07-04-2015,12,15763,17398,10261,4714,48136,1129,1006,1307,3442,51578
07-04-2015,13,15661,17022,10178,4716,47577,1113,993,1313,3419,50996
07-04-2015,14,15622,16829,10072,4600,47123,1103,986,1299,3388,50511
07-04-2015,15,15421,16696,9932,4439,46488,1074,973,1260,3307,49795
07-04-2015,16,15236,16054,9837,4353,45480,1045,946,1225,3216,48696
07-04-2015,17,15329,16240,9724,4603,45896,1028,934,1223,3185,49081
07-04-2015,18,15259,16375,9801,4506,45941,1025,912,1236,3173,49114
07-04-2015,19,15309,16426,10014,4307,46056,1050,955,1293,3298,49354
07-04-2015,20,15546,16871,10017,4270,46704,1054,952,1259,3265,49969
07-04-2015,21,15378,16128,9896,4090,45492,961,858,1133,2952,48444
07-04-2015,22,14769,15240,9676,3745,43430,871,753,995,2619,46049
07-04-2015,23,14135,14388,9164,3346,41033,813,672,923,2408,43441
08-04-2015,0,13602,13817,8815,3128,39362,780,632,875,2287,41649
08-04-2015,1,13205,13562,8620,3000,38387,765,618,854,2237,40624
08-04-2015,2,13079,13673,8537,2966,38255,753,607,847,2207,40462
08-04-2015,3,13126,13828,8569,2977,38500,757,615,856,2228,40728
08-04-2015,4,13319,13893,8894,3041,39147,790,653,907,2350,41497
08-04-2015,5,13700,14589,9455,3269,41013,886,748,1073,2707,43720
08-04-2015,6,14959,15889,9829,3895,44572,1016,873,1228,3117,47689
08-04-2015,7,16671,17420,10206,4448,48745,1114,980,1357,3451,52196
08-04-2015,8,16937,17942,10291,4700,49870,1142,1018,1379,3539,53409
08-04-2015,9,16855,18062,10255,4808,49980,1136,1015,1347,3498,53478
08-04-2015,10,16592,17869,10156,4818,49435,1118,992,1335,3445,52880
08-04-2015,11,16342,17701,10118,4686,48847,1100,956,1284,3340,52187
08-04-2015,12,16242,17510,10012,4569,48333,1111,980,1276,3367,51700
08-04-2015,13,16063,17437,9923,4553,47976,1096,967,1239,3302,51278
08-04-2015,14,15877,17259,9810,4407,47353,1078,952,1236,3266,50619
08-04-2015,15,15538,17049,9713,4188,46488,1043,945,1203,3191,49679
08-04-2015,16,15533,16599,9745,4099,45976,1015,913,1170,3098,49074
08-04-2015,17,15020,16517,9739,4352,45628,1000,895,1162,3057,48685
08-04-2015,18,14951,16504,9856,4226,45537,987,885,1155,3027,48564
08-04-2015,19,15203,16833,10053,4056,46145,1014,930,1208,3152,49297
08-04-2015,20,15536,17291,10017,4078,46922,1040,949,1236,3225,50147
08-04-2015,21,15465,16767,9846,3953,46031,959,845,1085,2889,48920
08-04-2015,22,15066,15904,9633,3627,44230,874,750,942,2566,46796
08-04-2015,23,14489,15061,9176,3285,42011,806,660,868,2334,44345
09-04-2015,0,14005,14445,8806,3026,40282,777,622,825,2224,42506
09-04-2015,1,13661,14061,8562,2894,39178,759,619,806,2184,41362
09-04-2015,2,13567,13683,8460,2840,38550,748,620,807,2175,40725
09-04-2015,3,13626,13711,8474,2852,38663,751,630,814,2195,40858
09-04-2015,4,13814,13856,8832,2951,39453,782,662,867,2311,41764
09-04-2015,5,14271,14629,9397,3198,41495,864,750,1021,2635,44130
09-04-2015,6,15475,15787,9926,3749,44937,993,869,1169,3031,47968
09-04-2015,7,16934,17413,10187,4324,48858,1090,969,1286,3345,52203
09-04-2015,8,17212,17708,10266,4569,49755,1121,1018,1294,3433,53188
09-04-2015,9,16984,17630,10162,4585,49361,1116,1011,1285,3412,52773
09-04-2015,10,16780,17368,10082,4661,48891,1107,996,1259,3362,52253
09-04-2015,11,16580,17252,10043,4617,48492,1084,960,1223,3267,51759
09-04-2015,12,16369,16955,9800,4495,47619,1104,978,1231,3313,50932
09-04-2015,13,16057,16666,9774,4491,46988,1088,970,1213,3271,50259
09-04-2015,14,15997,16702,9560,4385,46644,1062,952,1194,3208,49852
09-04-2015,15,15671,16559,9544,4198,45972,1026,935,1161,3122,49094
09-04-2015,16,15498,16403,9574,4111,45586,1009,910,1145,3064,48650
09-04-2015,17,15485,16588,9476,4300,45849,1001,894,1151,3046,48895
09-04-2015,18,15423,16605,9610,4247,45885,996,880,1155,3031,48916
09-04-2015,19,15486,16550,9854,4072,45962,1024,920,1210,3154,49116
09-04-2015,20,15700,16895,9748,4031,46374,1025,947,1229,3201,49575
09-04-2015,21,15841,16715,9639,3927,46122,940,845,1079,2864,48986
09-04-2015,22,15048,16076,9417,3587,44128,854,746,934,2534,46662
09-04-2015,23,14218,14987,8978,3224,41407,786,661,859,2306,43713
10-04-2015,0,13639,13991,8635,2981,39246,754,622,821,2197,41443
10-04-2015,1,13467,13535,8422,2857,38281,735,600,800,2135,40416
10-04-2015,2,13335,13132,8406,2829,37702,729,596,796,2121,39823
10-04-2015,3,13219,13218,8468,2844,37749,733,606,804,2143,39892
10-04-2015,4,13496,13354,8809,2936,38595,764,648,862,2274,40869
10-04-2015,5,13963,14085,9427,3200,40675,854,739,1022,2615,43290
10-04-2015,6,14942,15673,10029,3739,44383,980,859,1160,2999,47382
10-04-2015,7,16189,17241,10202,4317,47949,1073,970,1238,3281,51230
10-04-2015,8,16544,17311,10170,4527,48552,1100,1010,1267,3377,51929
10-04-2015,9,16248,17586,10048,4588,48470,1086,991,1251,3328,51798
10-04-2015,10,16224,17709,9919,4652,48504,1070,991,1216,3277,51781
10-04-2015,11,15937,17355,9989,4556,47837,1054,951,1183,3188,51025
10-04-2015,12,15454,17155,9902,4378,46889,1063,960,1178,3201,50090
10-04-2015,13,15181,16855,9840,4216,46092,1041,944,1177,3162,49254
10-04-2015,14,15008,16352,9746,3996,45102,1024,908,1164,3096,48198
10-04-2015,15,14542,16063,9600,3843,44048,996,896,1118,3010,47058
10-04-2015,16,14444,15764,9517,3805,43530,977,876,1109,2962,46492
10-04-2015,17,14591,15932,9451,4004,43978,968,869,1104,2941,46919
10-04-2015,18,14612,15739,9442,3995,43788,958,854,1084,2896,46684
10-04-2015,19,14614,16024,9626,3767,44031,975,887,1119,2981,47012
10-04-2015,20,14602,16136,9590,3725,44053,988,909,1193,3090,47143
10-04-2015,21,14592,15623,9488,3602,43305,919,830,1084,2833,46138
10-04-2015,22,14067,15066,9259,3324,41716,834,741,956,2531,44247
10-04-2015,23,13636,14562,8827,3045,40070,767,664,870,2301,42371
11-04-2015,0,13276,13543,8386,2829,38034,736,626,827,2189,40223
11-04-2015,1,12861,13618,8193,2697,37369,714,601,806,2121,39490
11-04-2015,2,12756,13665,8098,2649,37168,706,588,796,2090,39258
11-04-2015,3,12693,13686,8077,2617,37073,702,598,795,2095,39168
11-04-2015,4,12808,13610,8223,2625,37266,714,617,815,2146,39412
11-04-2015,5,12887,13527,8290,2699,37403,715,629,855,2199,39602
11-04-2015,6,13117,13647,8420,2790,37974,767,684,938,2389,40363
11-04-2015,7,13530,14099,8640,3080,39349,841,774,1043,2658,42007
11-04-2015,8,14164,14826,8875,3401,41266,883,828,1105,2816,44082
11-04-2015,9,14832,15464,8879,3589,42764,892,842,1111,2845,45609
11-04-2015,10,15117,15769,8829,3633,43348,878,828,1095,2801,46149
11-04-2015,11,14961,15204,8751,3571,42487,866,809,1077,2752,45239
11-04-2015,12,14730,14496,8632,3533,41391,860,801,1056,2717,44108
11-04-2015,13,14463,14368,8572,3452,40855,844,790,1030,2664,43519
11-04-2015,14,14365,14125,8568,3404,40462,835,784,1004,2623,43085
11-04-2015,15,14214,13861,8641,3368,40084,824,775,1001,2600,42684
11-04-2015,16,14208,13940,8721,3421,40290,816,773,1007,2596,42886
11-04-2015,17,14382,14403,8830,3768,41383,821,773,1016,2610,43993
11-04-2015,18,14410,14403,9000,3930,41743,828,769,1024,2621,44364
11-04-2015,19,14481,14316,9075,3757,41629,854,818,1074,2746,44375
11-04-2015,20,14440,14239,9222,3659,41560,893,856,1127,2876,44436
11-04-2015,21,14411,14162,9249,3512,41334,844,785,1018,2647,43981
11-04-2015,22,14043,13298,9067,3355,39763,775,707,898,2380,42143
11-04-2015,23,13466,13290,8611,3114,38481,723,640,814,2177,40658
12-04-2015,0,13090,12623,8296,2915,36924,698,597,767,2062,38986
12-04-2015,1,12853,12552,8091,2794,36290,680,578,740,1998,38288
12-04-2015,2,12742,12622,8007,2752,36123,673,568,731,1972,38095
12-04-2015,3,12609,12599,8048,2723,35979,667,570,726,1963,37942
12-04-2015,4,12708,12798,8003,2708,36217,669,588,743,2000,38217
12-04-2015,5,12882,13021,7937,2753,36593,655,583,761,1999,38592
12-04-2015,6,12849,12789,7942,2799,36379,695,629,813,2137,38516
12-04-2015,7,13036,13162,8159,3038,37395,767,700,908,2375,39770
12-04-2015,8,13391,13797,8282,3366,38836,820,764,994,2578,41414
12-04-2015,9,13932,14553,8456,3601,40542,839,798,1039,2676,43218
12-04-2015,10,14260,14915,8517,3643,41335,838,809,1056,2703,44038
12-04-2015,11,14115,15036,8555,3680,41386,847,812,1048,2707,44093
12-04-2015,12,14010,14941,8531,3540,41022,862,794,1023,2679,43701
12-04-2015,13,13854,14815,8555,3494,40718,859,784,986,2629,43347
12-04-2015,14,13940,14832,8650,3480,40902,860,778,965,2603,43505
12-04-2015,15,13928,15061,8714,3492,41195,855,767,951,2573,43768
12-04-2015,16,13948,15070,8797,3603,41418,858,760,968,2586,44004
12-04-2015,17,13927,15624,8874,4016,42441,869,758,987,2614,45055
12-04-2015,18,14158,15823,8979,4021,42981,881,760,1013,2654,45635
12-04-2015,19,14327,16154,8983,3862,43326,905,806,1079,2790,46116
12-04-2015,20,14761,16397,8980,3847,43985,919,847,1125,2891,46876
12-04-2015,21,14998,16370,9013,3714,44095,852,772,1002,2626,46721
12-04-2015,22,14704,15486,8844,3392,42426,785,705,873,2363,44789
12-04-2015,23,14219,14584,8449,3172,40424,733,641,794,2168,42592
13-04-2015,0,13606,13451,8128,2973,38158,701,583,760,2044,40202
13-04-2015,1,13458,13413,7964,2895,37730,689,569,748,2006,39736
13-04-2015,2,13302,13572,7928,2866,37668,684,568,739,1991,39659
13-04-2015,3,13321,13340,8010,2878,37549,692,579,751,2022,39571
13-04-2015,4,13409,13599,8259,2975,38242,721,621,814,2156,40398
13-04-2015,5,13784,14180,8850,3232,40046,810,712,991,2513,42559
13-04-2015,6,15184,15463,9464,3738,43849,957,845,1161,2963,46812
13-04-2015,7,16648,17281,9713,4340,47982,1071,974,1271,3316,51298
13-04-2015,8,16913,17483,9833,4604,48833,1109,1032,1309,3450,52283
13-04-2015,9,16642,17649,9865,4663,48819,1108,1037,1330,3475,52294
13-04-2015,10,16368,17451,9794,4755,48368,1118,1027,1318,3463,51831
13-04-2015,11,16089,17462,9725,4680,47956,1099,996,1300,3395,51351
13-04-2015,12,16034,17156,9644,4644,47478,1121,1024,1323,3468,50946
13-04-2015,13,15797,16874,9521,4710,46902,1111,1015,1321,3447,50349
13-04-2015,14,15866,16507,9431,4510,46314,1097,998,1295,3390,49704
13-04-2015,15,15520,16395,9252,4308,45475,1064,984,1259,3307,48782
13-04-2015,16,15385,16637,9233,4243,45498,1027,957,1223,3207,48705
13-04-2015,17,15040,16645,9157,4415,45257,1009,939,1208,3156,48413
13-04-2015,18,15014,16502,9205,4265,44986,984,936,1195,3115,48101
13-04-2015,19,15230,16684,9287,4088,45289,989,936,1213,3138,48427
13-04-2015,20,15507,17044,9334,4024,45909,1008,926,1221,3155,49064
13-04-2015,21,15802,16810,9295,3930,45837,931,826,1073,2830,48667
13-04-2015,22,15332,15696,9099,3571,43698,843,725,936,2504,46202
13-04-2015,23,14560,14874,8645,3200,41279,780,654,863,2297,43576
14-04-2015,0,13835,14330,8359,3003,39527,753,621,816,2190,41717
14-04-2015,1,13503,14125,8200,2925,38753,737,604,795,2136,40889
14-04-2015,2,13448,14287,8120,2864,38719,733,601,792,2126,40845
14-04-2015,3,13568,14326,8144,2882,38920,744,608,806,2158,41078
14-04-2015,4,13812,14644,8402,2925,39783,768,644,866,2278,42061
14-04-2015,5,14316,15326,9042,3206,41890,853,713,1023,2589,44479
14-04-2015,6,15618,16756,9636,3756,45766,982,838,1182,3002,48768
14-04-2015,7,17021,18414,9952,4384,49771,1079,943,1286,3308,53079
14-04-2015,8,17342,18803,9961,4715,50821,1104,989,1310,3403,54224
14-04-2015,9,17354,18426,9908,4794,50482,1141,984,1290,3415,53897
14-04-2015,10,17291,18178,9827,4929,50225,1132,969,1268,3369,53594
14-04-2015,11,16947,18017,9832,4909,49705,1096,937,1248,3281,52986
14-04-2015,12,16707,17778,9697,4898,49080,1116,955,1263,3334,52414
14-04-2015,13,16461,17682,9672,4906,48721,1101,932,1236,3269,51990
14-04-2015,14,16448,17580,9600,4824,48452,1089,929,1207,3225,51677
14-04-2015,15,16223,17526,9427,4614,47790,1058,904,1167,3129,50919
14-04-2015,16,15834,17569,9326,4549,47278,1030,873,1132,3035,50313
14-04-2015,17,15597,17723,9274,4707,47301,1016,864,1142,3022,50323
14-04-2015,18,15387,17672,9384,4561,47004,1002,849,1146,2997,50001
14-04-2015,19,15292,17744,9444,4300,46780,1005,887,1208,3100,49880
14-04-2015,20,15549,17508,9543,4174,46774,1023,919,1225,3167,49941
14-04-2015,21,15692,16912,9412,3995,46011,942,825,1078,2845,48856
14-04-2015,22,15009,15940,9248,3642,43839,858,727,940,2525,46364
14-04-2015,23,14315,15114,8773,3276,41478,790,665,863,2318,43796
15-04-2015,0,13612,14626,8373,3085,39696,764,619,817,2200,41896
15-04-2015,1,13295,14306,8179,2951,38731,750,594,790,2134,40865
15-04-2015,2,13216,14110,8116,2870,38312,747,578,786,2111,40423
15-04-2015,3,13176,14159,8168,2866,38369,757,601,790,2148,40517
15-04-2015,4,13497,14368,8412,2909,39186,778,639,844,2261,41447
15-04-2015,5,13811,14859,8928,3158,40756,861,730,1016,2607,43363
15-04-2015,6,15084,16701,9540,3735,45060,993,868,1176,3037,48097
15-04-2015,7,16528,18039,9787,4370,48724,1092,994,1309,3395,52119
15-04-2015,8,16795,18617,9810,4653,49875,1120,1041,1359,3520,53395
15-04-2015,9,16484,18401,9742,4685,49312,1117,1060,1346,3523,52835
15-04-2015,10,16486,18564,9605,4775,49430,1106,1051,1319,3476,52906
15-04-2015,11,16278,18282,9576,4732,48868,1081,1002,1279,3362,52230
15-04-2015,12,15976,17855,9445,4680,47956,1103,1012,1284,3399,51355
15-04-2015,13,15883,17467,9320,4711,47381,1081,994,1265,3340,50721
15-04-2015,14,15635,17357,9212,4624,46828,1076,974,1236,3286,50114
15-04-2015,15,15452,17178,9172,4486,46288,1032,948,1197,3177,49465
15-04-2015,16,15394,17082,9221,4436,46133,1009,911,1172,3092,49225
15-04-2015,17,15171,17146,9249,4699,46265,995,901,1185,3081,49346
15-04-2015,18,15180,16894,9423,4537,46034,985,901,1190,3076,49110
15-04-2015,19,15018,16962,9489,4277,45746,992,933,1238,3163,48909
15-04-2015,20,15250,17129,9400,4092,45871,1014,935,1221,3170,49041
15-04-2015,21,15369,16631,9309,4038,45347,930,843,1055,2828,48175
15-04-2015,22,14933,15626,9144,3710,43413,848,737,915,2500,45913
15-04-2015,23,14181,14722,8665,3300,40868,782,662,823,2267,43135
16-04-2015,0,13612,14213,8335,3035,39195,753,630,773,2156,41351
16-04-2015,1,13287,13842,8132,2939,38200,737,602,749,2088,40288
16-04-2015,2,13210,13706,8099,2883,37898,730,587,743,2060,39958
16-04-2015,3,13191,13909,8162,2878,38140,736,602,749,2087,40227
16-04-2015,4,13285,14128,8405,2960,38778,761,643,806,2210,40988
16-04-2015,5,13728,14936,9067,3200,40931,846,729,967,2542,43473
16-04-2015,6,15110,16241,9648,3727,44726,982,864,1139,2985,47711
16-04-2015,7,16376,17772,9889,4344,48381,1090,966,1284,3340,51721
16-04-2015,8,16673,18039,9962,4626,49300,1120,1042,1325,3487,52787
16-04-2015,9,16371,17717,9949,4656,48693,1109,1045,1329,3483,52176
16-04-2015,10,16341,17710,9966,4721,48738,1099,1025,1314,3438,52176
16-04-2015,11,15872,17166,9894,4688,47620,1080,968,1274,3322,50942
16-04-2015,12,15681,16899,9772,4567,46919,1097,985,1276,3358,50277
16-04-2015,13,15482,16756,9606,4560,46404,1081,974,1254,3309,49713
16-04-2015,14,15400,16581,9636,4473,46090,1065,940,1225,3230,49320
16-04-2015,15,15306,16554,9511,4306,45677,1037,924,1179,3140,48817
16-04-2015,16,15243,16362,9513,4272,45390,1004,892,1136,3032,48422
16-04-2015,17,15165,16567,9467,4446,45645,989,883,1137,3009,48654
16-04-2015,18,15061,16662,9567,4343,45633,974,876,1133,2983,48616
16-04-2015,19,15024,16460,9683,4063,45230,983,886,1171,3040,48270
16-04-2015,20,15322,16910,9662,3958,45852,1009,919,1204,3132,48984
16-04-2015,21,15588,16562,9589,3903,45642,919,835,1059,2813,48455
16-04-2015,22,15060,15616,9415,3538,43629,829,734,923,2486,46115
16-04-2015,23,14332,14508,8949,3164,40953,765,660,842,2267,43220
17-04-2015,0,13709,14096,8570,2931,39306,733,615,807,2155,41461
17-04-2015,1,13388,13911,8361,2836,38496,713,595,789,2097,40593
17-04-2015,2,13297,13917,8273,2807,38294,727,588,777,2092,40386
17-04-2015,3,13323,13982,8359,2824,38488,735,598,788,2121,40609
17-04-2015,4,13543,13975,8661,2888,39067,759,628,844,2231,41298
17-04-2015,5,13927,14855,9342,3148,41272,847,717,1002,2566,43838
17-04-2015,6,15171,16465,9953,3674,45263,978,849,1171,2998,48261
17-04-2015,7,16957,18095,10296,4270,49618,1077,967,1289,3333,52951
17-04-2015,8,17145,18428,10322,4523,50418,1117,1024,1334,3475,53893
17-04-2015,9,16801,18399,10297,4541,50038,1112,1021,1327,3460,53498
17-04-2015,10,16246,18185,10222,4570,49223,1114,1004,1316,3434,52657
17-04-2015,11,15949,17870,10100,4467,48386,1099,965,1293,3357,51743
17-04-2015,12,15665,17449,9951,4335,47400,1112,974,1288,3374,50774
17-04-2015,13,15248,17127,9773,4253,46401,1094,962,1273,3329,49730
17-04-2015,14,14979,16814,9582,4061,45436,1070,943,1238,3251,48687
17-04-2015,15,14759,16521,9426,3943,44649,1031,924,1203,3158,47807
17-04-2015,16,14525,16261,9370,3977,44133,1011,899,1169,3079,47212
17-04-2015,17,14502,16271,9328,4169,44270,996,887,1168,3051,47321
17-04-2015,18,14475,16128,9359,4101,44063,975,868,1158,3001,47064
17-04-2015,19,14523,15974,9461,3841,43799,965,876,1178,3019,46818
17-04-2015,20,14547,16079,9480,3658,43764,995,903,1207,3105,46869
17-04-2015,21,14615,15980,9604,3616,43815,938,833,1092,2863,46678
17-04-2015,22,14260,15110,9374,3358,42102,855,739,967,2561,44663
17-04-2015,23,13866,14438,8865,3093,40262,788,662,879,2329,42591
18-04-2015,0,13468,13982,8496,2872,38818,749,621,828,2198,41016
18-04-2015,1,13070,13809,8238,2747,37864,727,604,801,2132,39996
18-04-2015,2,12940,13788,8169,2705,37602,716,595,791,2102,39704
18-04-2015,3,12978,13802,8179,2707,37666,714,601,789,2104,39770
18-04-2015,4,13096,13994,8176,2725,37991,717,613,800,2130,40121
18-04-2015,5,13256,13704,8254,2794,38008,719,624,825,2168,40176
18-04-2015,6,13436,13956,8404,2897,38693,773,683,914,2370,41063
18-04-2015,7,13761,14633,8651,3181,40226,849,776,1020,2645,42871
18-04-2015,8,14199,15245,8810,3509,41763,905,837,1112,2854,44617
18-04-2015,9,14615,15618,8955,3674,42862,924,851,1146,2921,45783
18-04-2015,10,14769,15249,9016,3710,42744,918,840,1147,2905,45649
18-04-2015,11,14470,15010,8952,3651,42083,911,833,1139,2883,44966
18-04-2015,12,14113,14511,8904,3518,41046,905,823,1119,2847,43893
18-04-2015,13,13865,14414,8807,3436,40522,890,814,1097,2801,43323
18-04-2015,14,13665,14058,8860,3402,39985,883,795,1071,2749,42734
18-04-2015,15,13646,14055,9020,3342,40063,883,782,1059,2724,42787
18-04-2015,16,13631,14320,9152,3381,40484,882,786,1050,2718,43202
18-04-2015,17,13839,14646,9262,3626,41373,887,780,1051,2718,44091
18-04-2015,18,13978,14928,9363,3669,41938,886,775,1054,2715,44653
18-04-2015,19,13954,14945,9220,3484,41603,895,800,1091,2786,44389
18-04-2015,20,13865,14943,9196,3436,41440,922,847,1123,2892,44332
18-04-2015,21,14016,14604,9295,3420,41335,874,785,1034,2693,44028
18-04-2015,22,13748,14026,9160,3170,40104,808,713,930,2451,42555
18-04-2015,23,13453,13683,8793,2921,38850,755,647,850,2252,41102
19-04-2015,0,12993,12757,8472,2670,36892,723,601,790,2114,39006
19-04-2015,1,12685,12546,8225,2532,35988,705,581,766,2052,38040
19-04-2015,2,12583,12244,8054,2492,35373,700,571,758,2029,37402
19-04-2015,3,12533,12192,8073,2492,35290,702,574,758,2034,37324
19-04-2015,4,12521,12420,7990,2495,35426,696,585,769,2050,37476
19-04-2015,5,12585,12443,7865,2531,35424,692,587,788,2067,37491
19-04-2015,6,12585,12576,7970,2621,35752,737,635,854,2226,37978
19-04-2015,7,12959,12916,8177,2895,36947,805,708,946,2459,39406
19-04-2015,8,13446,13554,8418,3239,38657,866,784,1033,2683,41340
19-04-2015,9,13549,14083,8627,3405,39664,893,814,1072,2779,42443
19-04-2015,10,13769,14483,8614,3419,40285,897,808,1083,2788,43073
19-04-2015,11,13643,14429,8546,3369,39987,898,801,1081,2780,42767
19-04-2015,12,13469,14217,8534,3331,39551,895,794,1057,2746,42297
19-04-2015,13,13230,13893,8451,3249,38823,890,791,1044,2725,41548
19-04-2015,14,13136,13520,8414,3207,38277,883,788,1028,2699,40976
19-04-2015,15,13048,13357,8423,3205,38033,882,789,1033,2704,40737
19-04-2015,16,12899,13467,8490,3285,38141,888,790,1043,2721,40862
19-04-2015,17,12818,13612,8524,3598,38552,889,798,1060,2747,41299
19-04-2015,18,12953,13955,8559,3644,39111,896,803,1083,2782,41893
19-04-2015,19,13025,14287,8632,3505,39449,900,823,1121,2844,42293
19-04-2015,20,13098,14524,8720,3409,39751,923,848,1132,2903,42654
19-04-2015,21,13426,14413,9104,3405,40348,868,772,1006,2646,42994
19-04-2015,22,13262,13551,9037,3116,38966,793,676,865,2334,41300
19-04-2015,23,12728,13003,8572,2805,37108,740,616,786,2142,39250
20-04-2015,0,12261,12836,8240,2631,35968,698,556,744,1998,37966
20-04-2015,1,12029,12730,8020,2550,35329,688,536,732,1956,37285
20-04-2015,2,11981,12576,7967,2558,35082,684,541,731,1956,37038
20-04-2015,3,12061,12828,8017,2598,35504,698,549,746,1993,37497
20-04-2015,4,12258,13021,8261,2682,36222,717,598,803,2118,38340
20-04-2015,5,12689,13494,9010,2941,38134,816,693,974,2483,40617
20-04-2015,6,13751,15100,9620,3473,41944,959,839,1151,2949,44893
20-04-2015,7,15316,16786,9767,3984,45853,1059,947,1274,3280,49133
20-04-2015,8,15509,17360,9771,4327,46967,1095,990,1308,3393,50360
20-04-2015,9,15136,17309,9730,4380,46555,1093,999,1310,3402,49957
20-04-2015,10,14905,16975,9676,4460,46016,1087,990,1299,3376,49392
20-04-2015,11,14633,16768,9601,4430,45432,1056,950,1278,3284,48716
20-04-2015,12,14435,16602,9471,4338,44846,1080,968,1293,3341,48187
20-04-2015,13,14119,15873,9344,4346,43682,1072,965,1278,3315,46997
20-04-2015,14,14038,15576,9298,4254,43166,1064,941,1256,3261,46427
20-04-2015,15,13934,15624,9198,4054,42810,1030,922,1219,3171,45981
20-04-2015,16,13696,15072,9128,3955,41851,995,904,1184,3083,44934
20-04-2015,17,13616,15057,8977,4176,41826,978,894,1175,3047,44873
20-04-2015,18,13441,14838,9044,4091,41414,964,873,1170,3007,44421
20-04-2015,19,13466,14829,9118,3914,41327,957,883,1190,3030,44357
20-04-2015,20,13531,14809,9172,3785,41297,988,915,1226,3129,44426
20-04-2015,21,13808,14502,9299,3766,41375,930,838,1087,2855,44230
20-04-2015,22,13400,13690,9053,3400,39543,838,728,947,2513,42056
20-04-2015,23,12605,12978,8585,3017,37185,771,645,868,2284,39469
21-04-2015,0,12042,12644,8190,2797,35673,747,605,826,2178,37851
21-04-2015,1,11749,12351,7990,2678,34768,714,587,808,2109,36877
21-04-2015,2,11643,12138,7926,2651,34358,705,578,806,2089,36447
21-04-2015,3,11736,12162,8037,2645,34580,706,595,819,2120,36700
21-04-2015,4,11937,12355,8183,2750,35225,719,625,873,2217,37442
21-04-2015,5,12265,12840,8857,2965,36927,823,708,1033,2564,39491
21-04-2015,6,13693,14301,9488,3467,40949,948,849,1208,3005,43954
21-04-2015,7,15031,16041,9629,4070,44771,1033,969,1329,3331,48102
21-04-2015,8,15244,16794,9553,4370,45961,1061,1015,1366,3442,49403
21-04-2015,9,15021,16458,9488,4377,45344,1055,1017,1355,3427,48771
21-04-2015,10,15026,16580,9433,4516,45555,1045,998,1331,3374,48929
21-04-2015,11,14723,16199,9475,4531,44928,1024,956,1302,3282,48210
21-04-2015,12,14541,15694,9369,4403,44007,1050,978,1318,3346,47353
21-04-2015,13,14259,15475,9284,4357,43375,1037,972,1304,3313,46688
21-04-2015,14,14099,15122,9176,4301,42698,1017,966,1275,3258,45956
21-04-2015,15,14048,15177,9145,4155,42525,987,939,1227,3153,45678
21-04-2015,16,13854,15010,9200,4019,42083,964,910,1190,3064,45147
21-04-2015,17,13572,14925,9135,4224,41856,955,895,1180,3030,44886
21-04-2015,18,13585,14705,9220,4157,41667,939,871,1170,2980,44647
21-04-2015,19,13579,14573,9165,3964,41281,943,878,1184,3005,44286
21-04-2015,20,13694,14641,9165,3859,41359,963,919,1245,3127,44486
21-04-2015,21,13997,14534,9241,3811,41583,902,850,1115,2867,44450
21-04-2015,22,13635,13851,8953,3505,39944,811,741,970,2522,42466
21-04-2015,23,12933,13129,8445,3182,37689,744,658,888,2290,39979
22-04-2015,0,12309,12629,8091,2918,35947,721,616,847,2184,38131
22-04-2015,1,12024,12412,7915,2805,35156,704,597,829,2130,37286
22-04-2015,2,11951,12349,7919,2753,34972,701,592,825,2118,37090
22-04-2015,3,11952,12558,7988,2784,35282,703,606,832,2141,37423
22-04-2015,4,11937,12751,8143,2840,35671,712,638,882,2232,37903
22-04-2015,5,12403,13265,8815,3052,37535,820,727,1041,2588,40123
22-04-2015,6,13520,14960,9383,3556,41419,953,854,1206,3013,44432
22-04-2015,7,15064,16480,9566,4141,45251,1051,975,1314,3340,48591
22-04-2015,8,15099,16744,9732,4410,45985,1075,1030,1340,3445,49430
22-04-2015,9,14914,16734,9676,4433,45757,1074,1030,1320,3424,49181
22-04-2015,10,14755,16387,9591,4517,45250,1069,1008,1294,3371,48621
22-04-2015,11,14404,16251,9501,4463,44619,1051,976,1274,3301,47920
22-04-2015,12,14109,15981,9422,4370,43882,1066,989,1290,3345,47227
22-04-2015,13,14154,15836,9360,4372,43722,1044,980,1274,3298,47020
22-04-2015,14,14277,15746,9285,4255,43563,1039,960,1251,3250,46813
22-04-2015,15,14253,15531,9246,4082,43112,1017,947,1209,3173,46285
22-04-2015,16,14249,15600,9194,3983,43026,991,902,1169,3062,46088
22-04-2015,17,14086,15465,9163,4156,42870,980,899,1160,3039,45909
22-04-2015,18,13900,15214,9279,4038,42431,968,884,1160,3012,45443
22-04-2015,19,13703,14845,9340,3859,41747,959,889,1181,3029,44776
22-04-2015,20,13872,14766,9254,3733,41625,986,911,1226,3123,44748
22-04-2015,21,14042,14712,9405,3739,41898,927,837,1094,2858,44756
22-04-2015,22,13669,13748,9229,3425,40071,834,733,945,2512,42583
22-04-2015,23,12867,12869,8685,3064,37485,771,660,852,2283,39768
23-04-2015,0,12227,12694,8262,2832,36015,746,619,810,2175,38190
23-04-2015,1,11897,12460,8092,2740,35189,726,595,788,2109,37298
23-04-2015,2,11748,12386,8053,2689,34876,718,586,787,2091,36967
23-04-2015,3,11757,12445,8122,2722,35046,723,590,789,2102,37148
23-04-2015,4,11841,12677,8266,2790,35574,736,616,831,2183,37757
23-04-2015,5,12209,13162,8979,3047,37397,826,698,985,2509,39906
23-04-2015,6,13339,14764,9587,3564,41254,955,826,1144,2925,44179
23-04-2015,7,14724,16519,9767,4179,45189,1052,935,1244,3231,48420
23-04-2015,8,14955,16807,9836,4405,46003,1080,986,1263,3329,49332
23-04-2015,9,14848,16584,9759,4431,45622,1071,989,1230,3290,48912
23-04-2015,10,14771,16511,9713,4537,45532,1071,985,1218,3274,48806
23-04-2015,11,14564,16224,9693,4516,44997,1049,953,1202,3204,48201
23-04-2015,12,14443,16071,9630,4451,44595,1069,984,1218,3271,47866
23-04-2015,13,14158,15952,9516,4471,44097,1051,975,1208,3234,47331
23-04-2015,14,14229,15746,9515,4337,43827,1038,955,1197,3190,47017
23-04-2015,15,14170,15476,9331,4166,43143,1012,943,1169,3124,46267
23-04-2015,16,14204,15201,9238,4119,42762,987,916,1140,3043,45805
23-04-2015,17,14132,15384,9230,4327,43073,968,903,1136,3007,46080
23-04-2015,18,13964,15124,9280,4177,42545,952,890,1130,2972,45517
23-04-2015,19,13980,15365,9250,3958,42553,936,885,1150,2971,45524
23-04-2015,20,14173,15414,9259,3863,42709,965,910,1201,3076,45785
23-04-2015,21,14409,15386,9393,3818,43006,919,842,1076,2837,45843
23-04-2015,22,13946,14216,9251,3501,40914,833,741,929,2503,43417
23-04-2015,23,13223,13384,8794,3127,38528,769,667,832,2268,40796
24-04-2015,0,12643,12821,8469,2907,36840,750,629,795,2174,39014
24-04-2015,1,12459,12456,8264,2801,35980,726,607,772,2105,38085
24-04-2015,2,12371,12555,8281,2767,35974,718,594,766,2078,38052
24-04-2015,3,12479,12614,8325,2745,36163,725,597,776,2098,38261
24-04-2015,4,12670,12644,8466,2824,36604,729,612,820,2161,38765
24-04-2015,5,12945,13306,9219,3024,38494,821,705,972,2498,40992
24-04-2015,6,14077,14994,9701,3534,42306,947,827,1136,2910,45216
24-04-2015,7,15540,16612,9960,4166,46278,1030,934,1244,3208,49486
24-04-2015,8,15862,16920,9903,4445,47130,1062,978,1266,3306,50436
24-04-2015,9,15863,16682,9799,4464,46808,1054,977,1246,3277,50085
24-04-2015,10,15766,16582,9817,4551,46716,1052,965,1224,3241,49957
24-04-2015,11,15481,16282,9762,4492,46017,1044,932,1197,3173,49190
24-04-2015,12,15093,16075,9558,4348,45074,1065,955,1201,3221,48295
24-04-2015,13,14911,15546,9461,4256,44174,1039,953,1178,3170,47344
24-04-2015,14,14791,15014,9371,4047,43223,1022,937,1141,3100,46323
24-04-2015,15,14621,15145,9296,3889,42951,993,925,1107,3025,45976
24-04-2015,16,14607,15037,9307,3873,42824,969,898,1092,2959,45783
24-04-2015,17,14559,15270,9313,4044,43186,955,888,1093,2936,46122
24-04-2015,18,14614,15326,9341,3964,43245,939,875,1093,2907,46152
24-04-2015,19,14596,15001,9313,3725,42635,920,879,1116,2915,45550
24-04-2015,20,14396,15101,9240,3538,42275,946,899,1168,3013,45288
24-04-2015,21,14324,15250,9459,3542,42575,909,840,1077,2826,45401
24-04-2015,22,13943,14758,9326,3329,41356,826,747,944,2517,43873
24-04-2015,23,13435,13957,8824,3039,39255,767,674,863,2304,41559
25-04-2015,0,13017,13083,8490,2798,37388,738,624,813,2175,39563
25-04-2015,1,12692,12678,8312,2679,36361,721,599,786,2106,38467
25-04-2015,2,12419,12398,8252,2621,35690,711,583,775,2069,37759
25-04-2015,3,12364,12373,8305,2597,35639,711,594,775,2080,37719
25-04-2015,4,12386,12204,8195,2617,35402,694,597,783,2074,37476
25-04-2015,5,12373,12021,8412,2669,35475,708,620,819,2147,37622
25-04-2015,6,12546,12211,8547,2778,36082,762,689,910,2361,38443
25-04-2015,7,13028,12927,8699,3065,37719,831,779,1024,2634,40353
25-04-2015,8,13853,13751,8801,3396,39801,874,841,1098,2813,42614
25-04-2015,9,14541,14480,8763,3612,41396,888,857,1104,2849,44245
25-04-2015,10,14842,14545,8749,3673,41809,881,841,1086,2808,44617
25-04-2015,11,14739,14374,8685,3654,41452,870,825,1057,2752,44204
25-04-2015,12,14577,14052,8604,3596,40829,866,824,1033,2723,43552
25-04-2015,13,14462,13607,8517,3595,40181,849,813,1004,2666,42847
25-04-2015,14,14265,13525,8535,3535,39860,834,799,987,2620,42480
25-04-2015,15,14298,13543,8629,3482,39952,830,792,980,2602,42554
25-04-2015,16,14243,13611,8787,3594,40235,832,793,979,2604,42839
25-04-2015,17,14387,14135,8960,3940,41422,834,779,991,2604,44026
25-04-2015,18,14462,14225,9021,3888,41596,837,773,994,2604,44200
25-04-2015,19,14277,14171,8878,3636,40962,837,794,1008,2639,43601
25-04-2015,20,14154,14167,8868,3442,40631,862,831,1074,2767,43398
25-04-2015,21,14056,14021,9061,3414,40552,828,787,1003,2618,43170
25-04-2015,22,13635,13482,8929,3202,39248,759,707,888,2354,41602
25-04-2015,23,13153,12741,8456,2939,37289,711,642,799,2152,39441
26-04-2015,0,12794,12246,8097,2743,35880,679,603,746,2028,37908
26-04-2015,1,12604,11919,7907,2584,35014,658,585,721,1964,36978
26-04-2015,2,12601,11946,7816,2533,34896,659,577,711,1947,36843
26-04-2015,3,12604,12202,7772,2500,35078,658,582,707,1947,37025
26-04-2015,4,12634,12136,7702,2505,34977,651,581,713,1945,36922
26-04-2015,5,12640,11878,7694,2523,34735,653,594,735,1982,36717
26-04-2015,6,12697,12108,7803,2608,35216,689,636,811,2136,37352
26-04-2015,7,12887,12391,8019,2923,36220,772,713,908,2393,38613
26-04-2015,8,13320,12908,8256,3272,37756,833,777,992,2602,40358
26-04-2015,9,13662,13517,8468,3479,39126,865,805,1025,2695,41821
26-04-2015,10,13796,14013,8662,3565,40036,873,806,1020,2699,42735
26-04-2015,11,13835,14189,8708,3600,40332,871,801,1016,2688,43020
26-04-2015,12,13603,13929,8670,3544,39746,865,791,1004,2660,42406
26-04-2015,13,13618,13818,8639,3535,39610,856,788,991,2635,42245
26-04-2015,14,13495,13676,8619,3495,39285,851,784,977,2612,41897
26-04-2015,15,13395,13611,8604,3460,39070,844,783,979,2606,41676
26-04-2015,16,13361,13730,8650,3512,39253,846,788,993,2627,41880
26-04-2015,17,13405,14035,8714,3838,39992,849,792,1017,2658,42650
26-04-2015,18,13426,14264,8723,3840,40253,857,796,1035,2688,42941
26-04-2015,19,13582,14589,8685,3654,40510,856,826,1061,2743,43253
26-04-2015,20,13822,14780,8713,3527,40842,877,854,1124,2855,43697
26-04-2015,21,14156,14885,9000,3520,41561,848,796,1033,2677,44238
26-04-2015,22,14140,14279,8950,3304,40673,768,707,890,2365,43038
26-04-2015,23,13624,13458,8528,3021,38631,718,639,801,2158,40789
27-04-2015,0,13290,12918,8140,2827,37175,680,599,756,2035,39210
27-04-2015,1,12872,12672,7892,2717,36153,660,588,732,1980,38133
27-04-2015,2,12856,12810,7856,2652,36174,657,586,727,1970,38144
27-04-2015,3,13029,13019,7899,2697,36644,670,594,737,2001,38645
27-04-2015,4,13280,13238,8052,2799,37369,673,612,785,2070,39439
27-04-2015,5,13642,13796,8863,3000,39301,781,705,963,2449,41750
27-04-2015,6,14963,15436,9556,3596,43551,923,835,1133,2891,46442
27-04-2015,7,16372,16956,9826,4194,47348,1032,941,1246,3219,50567
27-04-2015,8,16468,17194,9955,4429,48046,1066,991,1276,3333,51379
27-04-2015,9,16042,17057,9846,4517,47462,1054,996,1269,3319,50781
27-04-2015,10,15813,16850,9821,4574,47058,1049,987,1247,3283,50341
27-04-2015,11,15503,16719,9818,4567,46607,1025,956,1226,3207,49814
27-04-2015,12,15380,16544,9687,4491,46102,1042,975,1235,3252,49354
27-04-2015,13,15236,16339,9630,4500,45705,1035,973,1224,3232,48937
27-04-2015,14,15047,16090,9542,4421,45100,1021,946,1210,3177,48277
27-04-2015,15,14911,16026,9443,4225,44605,989,927,1170,3086,47691
27-04-2015,16,14899,15576,9388,4116,43979,963,897,1131,2991,46970
27-04-2015,17,14832,15836,9362,4320,44350,948,889,1129,2966,47316
27-04-2015,18,14707,15475,9396,4206,43784,936,872,1118,2926,46710
27-04-2015,19,14705,15499,9403,4040,43647,933,876,1123,2932,46579
27-04-2015,20,14926,15611,9232,3841,43610,941,900,1178,3019,46629
27-04-2015,21,15129,15586,9313,3843,43871,878,831,1059,2768,46639
27-04-2015,22,14771,14726,9143,3529,42169,791,723,910,2424,44593
27-04-2015,23,13940,13834,8640,3163,39577,729,644,821,2194,41771
28-04-2015,0,13298,13326,8271,2945,37840,696,611,777,2084,39924
28-04-2015,1,13267,13208,8041,2827,37343,680,593,760,2033,39376
28-04-2015,2,13175,13274,7953,2813,37215,674,579,754,2007,39222
28-04-2015,3,13311,13468,8026,2831,37636,680,585,762,2027,39663
28-04-2015,4,13510,13427,8134,2926,37997,689,596,806,2091,40088
28-04-2015,5,13853,14056,8937,3119,39965,788,690,968,2446,42411
28-04-2015,6,15064,15694,9489,3633,43880,920,819,1137,2876,46756
28-04-2015,7,16484,17107,9793,4213,47597,1025,942,1247,3214,50811
28-04-2015,8,16552,16988,9791,4517,47848,1056,1034,1240,3330,51178
28-04-2015,9,16056,16932,9633,4542,47163,1057,1011,1273,3341,50504
28-04-2015,10,15780,16870,9629,4635,46914,1065,1002,1259,3326,50240
28-04-2015,11,15349,16692,9604,4571,46216,1049,956,1240,3245,49461
28-04-2015,12,15157,16364,9495,4458,45474,1072,982,1263,3317,48791
28-04-2015,13,14789,16086,9351,4434,44660,1050,970,1260,3280,47940
28-04-2015,14,14900,15837,9233,4336,44306,1032,952,1252,3236,47542
28-04-2015,15,14771,15642,9159,4147,43719,1009,938,1222,3169,46888
28-04-2015,16,14716,15585,9077,4071,43449,973,905,1190,3068,46517
28-04-2015,17,14585,15619,9022,4275,43501,960,907,1174,3041,46542
28-04-2015,18,14451,15340,9093,4200,43084,941,912,1161,3014,46098
28-04-2015,19,14515,15415,9190,3995,43115,936,906,1180,3022,46137
28-04-2015,20,14668,15572,9070,3848,43158,944,898,1207,3049,46207
28-04-2015,21,14835,15547,9251,3878,43511,895,820,1062,2777,46288
28-04-2015,22,14668,14715,9102,3605,42090,805,714,919,2438,44528
28-04-2015,23,13914,13731,8594,3239,39478,738,651,834,2223,41701
29-04-2015,0,12950,13012,8191,2993,37146,704,612,791,2107,39253
29-04-2015,1,12641,12755,8018,2886,36300,686,597,764,2047,38347
29-04-2015,2,12822,12744,7932,2853,36351,684,593,756,2033,38384
29-04-2015,3,12938,12806,7934,2859,36537,684,592,757,2033,38570
29-04-2015,4,13223,13041,8025,2937,37226,699,603,790,2092,39318
29-04-2015,5,13557,13508,8801,3126,38992,810,701,950,2461,41453
29-04-2015,6,14787,15220,9363,3657,43027,949,835,1121,2905,45932
29-04-2015,7,16323,17015,9715,4240,47293,1064,962,1254,3280,50573
29-04-2015,8,16511,17171,9822,4463,47967,1113,1032,1314,3459,51426
29-04-2015,9,16122,16852,9827,4494,47295,1120,1043,1318,3481,50776
29-04-2015,10,15812,16739,9883,4555,46989,1121,1017,1294,3432,50421
29-04-2015,11,15445,16676,9825,4523,46469,1092,963,1248,3303,49772
29-04-2015,12,15364,16547,9865,4443,46219,1109,969,1244,3322,49541
29-04-2015,13,15202,16488,9906,4432,46028,1103,955,1212,3270,49298
29-04-2015,14,15293,16299,9856,4374,45822,1096,927,1177,3200,49022
29-04-2015,15,15221,16156,9774,4215,45366,1060,913,1145,3118,48484
29-04-2015,16,14912,15964,9888,4127,44891,1020,875,1106,3001,47892
29-04-2015,17,14714,15898,9905,4366,44883,990,856,1085,2931,47814
29-04-2015,18,14636,15842,10036,4286,44800,972,827,1092,2891,47691
29-04-2015,19,14610,15822,10027,4080,44539,946,818,1097,2861,47400
29-04-2015,20,14646,16187,9772,3897,44502,934,845,1156,2935,47437
29-04-2015,21,14813,15816,9789,3856,44274,900,801,1072,2773,47047
29-04-2015,22,14592,14962,9585,3583,42722,806,700,931,2437,45159
29-04-2015,23,13960,14053,9019,3232,40264,758,632,841,2231,42495
30-04-2015,0,13301,13386,8624,3022,38333,723,587,797,2107,40440
30-04-2015,1,13053,13190,8399,2880,37522,707,570,773,2050,39572
30-04-2015,2,12946,13090,8280,2842,37158,703,563,768,2034,39192
30-04-2015,3,12991,13041,8312,2865,37209,709,580,777,2066,39275
30-04-2015,4,13148,13260,8431,2939,37778,702,577,809,2088,39866
30-04-2015,5,13483,13727,9273,3152,39635,818,678,962,2458,42093
30-04-2015,6,14822,15294,9810,3686,43612,950,804,1093,2847,46459
30-04-2015,7,16305,16974,9923,4317,47519,1058,907,1220,3185,50704
30-04-2015,8,16690,17330,9908,4551,48479,1095,953,1221,3269,51748
30-04-2015,9,16500,16808,9817,4548,47673,1085,944,1203,3232,50905
30-04-2015,10,16277,16585,9793,4630,47285,1065,919,1177,3161,50446
30-04-2015,11,16117,16612,9706,4612,47047,1041,885,1142,3068,50115
30-04-2015,12,15765,16615,9539,4535,46454,1052,902,1144,3098,49552
30-04-2015,13,15361,16250,9246,4525,45382,1025,878,1165,3068,48450
30-04-2015,14,15230,15953,9015,4363,44561,1006,850,1130,2986,47547
30-04-2015,15,14995,15803,8898,4178,43874,974,841,1058,2873,46747
30-04-2015,16,14944,15606,8789,4092,43431,948,824,1037,2809,46240
30-04-2015,17,14780,15678,8674,4228,43360,928,808,1028,2764,46124
30-04-2015,18,14581,15344,8649,4165,42739,910,784,1018,2712,45451
30-04-2015,19,14564,15056,8531,4029,42180,903,784,1055,2742,44922
30-04-2015,20,14506,15040,8428,3857,41831,910,807,1109,2826,44657
30-04-2015,21,14533,15032,8916,3824,42305,881,776,1039,2696,45001
30-04-2015,22,14327,14391,8884,3555,41157,806,690,909,2405,43562
30-04-2015,23,13684,13607,8468,3203,38962,734,621,819,2174,41136
01-05-2015,0,13183,13172,8108,2900,37363,690,568,768,2026,39389
01-05-2015,1,12863,12880,7880,2731,36354,661,549,735,1945,38299
01-05-2015,2,12675,12759,7769,2673,35876,654,545,726,1925,37801
01-05-2015,3,12775,12639,7735,2662,35811,651,550,726,1927,37738
01-05-2015,4,12779,12601,7593,2703,35676,625,530,723,1878,37554
01-05-2015,5,12889,12436,7743,2724,35792,652,549,758,1959,37751
01-05-2015,6,13170,12781,7835,2863,36649,704,609,841,2154,38803
01-05-2015,7,13601,13255,7955,3163,37974,771,689,936,2396,40370
01-05-2015,8,14020,13951,8095,3464,39530,823,739,1004,2566,42096
01-05-2015,9,14367,14482,8187,3632,40668,841,760,1026,2627,43295
01-05-2015,10,14558,14800,8068,3686,41112,836,755,1014,2605,43717
01-05-2015,11,14476,14894,8015,3656,41041,824,743,998,2565,43606
01-05-2015,12,14369,14815,7981,3587,40752,815,734,984,2533,43285
01-05-2015,13,13969,14737,7920,3541,40167,807,728,976,2511,42678
01-05-2015,14,13875,14573,8043,3462,39953,799,725,952,2476,42429
01-05-2015,15,13762,14399,8133,3403,39697,793,718,951,2462,42159
01-05-2015,16,13695,14366,8216,3394,39671,793,723,952,2468,42139
01-05-2015,17,13701,14623,8226,3617,40167,788,718,975,2481,42648
01-05-2015,18,13699,14425,8408,3615,40147,787,711,988,2486,42633
01-05-2015,19,13711,14252,8412,3430,39805,782,720,1009,2511,42316
01-05-2015,20,13584,14086,8329,3308,39307,804,752,1058,2614,41921
01-05-2015,21,13769,14108,8705,3356,39938,799,720,997,2516,42454
01-05-2015,22,13752,13486,8615,3214,39067,746,643,887,2276,41343
01-05-2015,23,13361,12860,8159,2941,37321,696,583,806,2085,39406
02-05-2015,0,13064,12435,7823,2729,36051,657,548,749,1954,38005
02-05-2015,1,12798,12321,7636,2605,35360,634,528,723,1885,37245
02-05-2015,2,12732,12223,7587,2573,35115,628,525,706,1859,36974
02-05-2015,3,12815,12337,7558,2587,35297,622,526,699,1847,37144
02-05-2015,4,12931,12438,7468,2612,35449,599,513,698,1810,37259
02-05-2015,5,12913,11995,7629,2622,35159,621,533,737,1891,37050
02-05-2015,6,13103,12709,7755,2704,36271,675,589,821,2085,38356
02-05-2015,7,13534,13287,8038,2966,37825,751,665,913,2329,40154
02-05-2015,8,13896,13853,8198,3291,39238,822,726,981,2529,41767
02-05-2015,9,14171,14498,8358,3452,40479,861,751,1000,2612,43091
02-05-2015,10,14351,14651,8396,3495,40893,866,756,992,2614,43507
02-05-2015,11,14222,14705,8430,3433,40790,868,744,990,2602,43392
02-05-2015,12,14010,14653,8424,3349,40436,866,741,981,2588,43024
02-05-2015,13,13689,14397,8417,3277,39780,859,759,967,2585,42365
02-05-2015,14,13539,14360,8454,3196,39549,847,746,953,2546,42095
02-05-2015,15,13571,14246,8527,3170,39514,836,725,944,2505,42019
02-05-2015,16,13480,14272,8733,3211,39696,836,734,955,2525,42221
02-05-2015,17,13564,14509,8866,3470,40409,832,739,967,2538,42947
02-05-2015,18,13674,14538,8930,3536,40678,833,737,981,2551,43229
02-05-2015,19,13611,14435,8733,3356,40135,827,749,996,2572,42707
02-05-2015,20,13534,14312,8587,3242,39675,838,762,1029,2629,42304
02-05-2015,21,13623,14421,8881,3290,40215,823,731,963,2517,42732
02-05-2015,22,13663,13975,8821,3141,39600,758,651,859,2268,41868
02-05-2015,23,13369,13378,8414,2895,38056,707,594,777,2078,40134
03-05-2015,0,12938,12801,7992,2712,36443,675,549,735,1959,38402
03-05-2015,1,12836,12574,7762,2599,35771,655,531,711,1897,37668
03-05-2015,2,12727,12493,7661,2540,35421,652,523,698,1873,37294
03-05-2015,3,12785,12553,7589,2550,35477,644,525,700,1869,37346
03-05-2015,4,12830,12590,7455,2590,35465,620,506,694,1820,37285
03-05-2015,5,12714,12350,7543,2570,35177,637,521,725,1883,37060
03-05-2015,6,12709,12529,7710,2666,35614,683,570,801,2054,37668
03-05-2015,7,13019,12527,7860,2903,36309,751,639,892,2282,38591
03-05-2015,8,13436,12810,8022,3206,37474,816,716,977,2509,39983
03-05-2015,9,13646,13113,8174,3376,38309,841,741,1013,2595,40904
03-05-2015,10,14071,13186,8294,3445,38996,843,743,1011,2597,41593
03-05-2015,11,13866,13400,8303,3411,38980,836,727,997,2560,41540
03-05-2015,12,13632,13902,8171,3337,39042,832,724,974,2530,41572
03-05-2015,13,13379,13624,8018,3296,38317,827,716,949,2492,40809
03-05-2015,14,13267,13312,8089,3279,37947,821,705,928,2454,40401
03-05-2015,15,13200,13186,8135,3249,37770,824,702,926,2452,40222
03-05-2015,16,13128,13199,8139,3323,37789,830,701,936,2467,40256
03-05-2015,17,13137,13333,8224,3623,38317,836,701,954,2491,40808
03-05-2015,18,13204,13521,8332,3649,38706,849,699,967,2515,41221
03-05-2015,19,13360,13546,8300,3522,38728,849,704,990,2543,41271
03-05-2015,20,13507,13491,8307,3424,38729,857,739,1056,2652,41381
03-05-2015,21,13677,13518,8794,3406,39395,856,733,1008,2597,41992
03-05-2015,22,13636,13155,8825,3178,38794,786,657,871,2314,41108
03-05-2015,23,13158,12715,8385,2962,37220,723,594,777,2094,39314
04-05-2015,0,12790,12523,8113,2802,36228,702,551,730,1983,38211
04-05-2015,1,12532,12421,7966,2702,35621,690,529,709,1928,37549
04-05-2015,2,12421,12386,7899,2672,35378,688,519,705,1912,37290
04-05-2015,3,12255,12554,7908,2689,35406,686,521,713,1920,37326
04-05-2015,4,12445,12587,8059,2781,35872,691,499,747,1937,37809
04-05-2015,5,12693,13279,8855,2949,37776,801,528,930,2259,40035
04-05-2015,6,14092,14759,9410,3512,41773,926,592,1108,2626,44399
04-05-2015,7,15396,16605,9585,4182,45768,1021,674,1232,2927,48695
04-05-2015,8,16054,17001,9627,4450,47132,1052,729,1277,3058,50190
04-05-2015,9,16018,16947,9548,4506,47019,1049,757,1266,3072,50091
04-05-2015,10,15886,16968,9489,4607,46950,1036,757,1246,3039,49989
04-05-2015,11,15944,17045,9391,4576,46956,1022,740,1226,2988,49944
04-05-2015,12,15621,16806,9251,4505,46183,1034,735,1245,3014,49197
04-05-2015,13,15530,16680,9105,4531,45846,1016,728,1238,2982,48828
04-05-2015,14,15530,16715,9021,4386,45652,994,718,1221,2933,48585
04-05-2015,15,15460,16664,8932,4256,45312,965,720,1194,2879,48191
04-05-2015,16,15265,16509,8799,4297,44870,945,726,1162,2833,47703
04-05-2015,17,15166,16603,8736,4571,45076,936,731,1159,2826,47902
04-05-2015,18,14969,16455,8851,4541,44816,924,733,1150,2807,47623
04-05-2015,19,15009,16284,8853,4244,44390,907,752,1157,2816,47206
04-05-2015,20,14935,16215,8664,3789,43603,908,776,1169,2853,46456
04-05-2015,21,14947,16141,8920,3753,43761,881,732,1058,2671,46432
04-05-2015,22,14387,15020,8765,3527,41699,792,636,911,2339,44038
04-05-2015,23,13556,13868,8197,3151,38772,724,577,828,2129,40901
05-05-2015,0,12993,12964,7852,2905,36714,696,548,794,2038,38752
05-05-2015,1,12551,12622,7639,2797,35609,676,532,775,1983,37592
05-05-2015,2,12373,12431,7553,2785,35142,668,526,768,1962,37104
05-05-2015,3,12407,12413,7506,2775,35101,672,534,777,1983,37084
05-05-2015,4,12425,12406,7607,2840,35278,671,541,814,2026,37304
05-05-2015,5,12654,12739,8433,2994,36820,776,639,981,2396,39216
05-05-2015,6,14019,14432,8986,3492,40929,916,781,1152,2849,43778
05-05-2015,7,15544,15949,9333,4065,44891,1031,903,1270,3204,48095
05-05-2015,8,15877,16528,9412,4390,46207,1069,952,1297,3318,49525
05-05-2015,9,15588,16584,9408,4497,46077,1071,956,1282,3309,49386
05-05-2015,10,15366,16379,9376,4640,45761,1064,946,1268,3278,49039
05-05-2015,11,15103,16348,9205,4672,45328,1043,911,1243,3197,48525
05-05-2015,12,15022,16034,9002,4622,44680,1060,935,1257,3252,47932
05-05-2015,13,14945,15684,8930,4591,44150,1044,927,1240,3211,47361
05-05-2015,14,14827,15613,8909,4533,43882,1032,905,1216,3153,47035
05-05-2015,15,14689,15724,8810,4400,43623,991,888,1182,3061,46684
05-05-2015,16,14690,15521,8831,4316,43358,957,850,1147,2954,46312
05-05-2015,17,14662,15876,8731,4467,43736,941,830,1142,2913,46649
05-05-2015,18,14641,15663,8786,4351,43441,917,807,1127,2851,46292
05-05-2015,19,14477,15617,8740,4158,42992,898,802,1127,2827,45819
05-05-2015,20,14374,15625,8466,4000,42465,892,824,1163,2879,45344
05-05-2015,21,14027,15264,8635,3870,41796,878,789,1081,2748,44544
05-05-2015,22,13366,14121,8534,3548,39569,791,686,933,2410,41979
05-05-2015,23,12657,13148,7997,3187,36989,729,618,834,2181,39170
06-05-2015,0,12194,12420,7698,2952,35264,694,577,785,2056,37320
06-05-2015,1,11822,12190,7451,2835,34298,673,557,755,1985,36283
06-05-2015,2,11684,12173,7336,2752,33945,665,550,745,1960,35905
06-05-2015,3,11528,11968,7266,2802,33564,655,572,756,1983,35547
06-05-2015,4,11691,12069,7255,2842,33857,648,565,790,2003,35860
06-05-2015,5,11883,12284,7991,2965,35123,759,667,964,2390,37513
06-05-2015,6,13035,14335,8577,3513,39460,891,795,1155,2841,42301
06-05-2015,7,14491,15922,8883,4132,43428,995,918,1287,3200,46628
06-05-2015,8,14524,16444,9030,4381,44379,1033,983,1342,3358,47737
06-05-2015,9,14558,16360,8993,4466,44377,1032,992,1354,3378,47755
06-05-2015,10,14526,16403,9032,4512,44473,1031,988,1348,3367,47840
06-05-2015,11,14169,15978,9077,4501,43725,1015,957,1323,3295,47020
06-05-2015,12,13932,15833,8936,4418,43119,1053,984,1338,3375,46494
06-05-2015,13,13937,15560,8809,4435,42741,1041,968,1322,3331,46072
06-05-2015,14,14024,15265,8761,4349,42399,1028,955,1313,3296,45695
06-05-2015,15,13809,15297,8649,4186,41941,995,942,1274,3211,45152
06-05-2015,16,13787,15100,8656,4104,41647,969,898,1221,3088,44735
06-05-2015,17,13738,14983,8683,4328,41732,958,877,1210,3045,44777
06-05-2015,18,13772,14750,8777,4243,41542,940,849,1195,2984,44526
06-05-2015,19,13748,14821,8824,4079,41472,920,841,1181,2942,44414
06-05-2015,20,13693,14413,8501,3846,40453,913,842,1182,2937,43390
06-05-2015,21,13854,14273,8575,3756,40458,873,804,1084,2761,43219
06-05-2015,22,13443,13638,8382,3507,38970,785,706,940,2431,41401
06-05-2015,23,12565,12717,7874,3214,36370,722,637,844,2203,38573
07-05-2015,0,12114,12185,7389,2944,34632,690,596,800,2086,36718
07-05-2015,1,11765,11634,7228,2880,33507,673,578,775,2026,35533
07-05-2015,2,11607,11697,7215,2871,33390,667,574,768,2009,35399
07-05-2015,3,11655,11761,7242,2899,33557,665,576,775,2016,35573
07-05-2015,4,11904,11769,7320,2944,33937,661,571,801,2033,35970
07-05-2015,5,12245,12147,8138,3100,35630,766,671,966,2403,38033
07-05-2015,6,13493,13708,8865,3617,39683,902,801,1143,2846,42529
07-05-2015,7,14729,15398,9028,4235,43390,1017,916,1257,3190,46580
07-05-2015,8,15036,15689,9060,4533,44318,1050,967,1263,3280,47598
07-05-2015,9,15223,15665,9076,4551,44515,1051,968,1248,3267,47782
07-05-2015,10,15098,15699,9097,4640,44534,1041,959,1238,3238,47772
07-05-2015,11,14739,15467,9049,4622,43877,1024,917,1219,3160,47037
07-05-2015,12,14805,15580,9068,4479,43932,1058,938,1221,3217,47149
07-05-2015,13,14520,15670,9002,4499,43691,1048,931,1210,3189,46880
07-05-2015,14,14419,15369,8965,4380,43133,1040,911,1185,3136,46269
07-05-2015,15,14442,15475,8897,4202,43016,1007,890,1153,3050,46066
07-05-2015,16,14377,15182,8864,4138,42561,972,861,1124,2957,45518
07-05-2015,17,14325,15177,8831,4349,42682,941,844,1121,2906,45588
07-05-2015,18,14226,14893,8857,4222,42198,917,824,1116,2857,45055
07-05-2015,19,14127,14668,8881,4018,41694,898,845,1115,2858,44552
07-05-2015,20,13948,14823,8597,3852,41220,890,867,1148,2905,44125
07-05-2015,21,13986,14689,8654,3802,41131,885,848,1078,2811,43942
07-05-2015,22,13763,13733,8399,3566,39461,794,751,924,2469,41930
07-05-2015,23,13078,13269,7858,3167,37372,726,672,823,2221,39593
08-05-2015,0,12698,12515,7421,2943,35577,691,638,787,2116,37693
08-05-2015,1,12417,12067,7299,2789,34572,673,610,763,2046,36618
08-05-2015,2,12284,12043,7265,2805,34397,663,595,750,2008,36405
08-05-2015,3,12380,12093,7268,2836,34577,659,613,758,2030,36607
08-05-2015,4,12523,12244,7426,2924,35117,661,585,780,2026,37143
08-05-2015,5,12742,12588,8294,3072,36696,775,683,946,2404,39100
08-05-2015,6,13850,14199,9044,3612,40705,908,803,1111,2822,43527
08-05-2015,7,15136,15879,9378,4247,44640,1006,909,1214,3129,47769
08-05-2015,8,15474,16361,9578,4421,45834,1045,954,1243,3242,49076
08-05-2015,9,15166,16184,9609,4444,45403,1040,952,1228,3220,48623
08-05-2015,10,14949,16119,9575,4480,45123,1037,935,1213,3185,48308
08-05-2015,11,14809,16300,9556,4483,45148,1024,898,1190,3112,48260
08-05-2015,12,14563,16122,9392,4331,44408,1039,922,1199,3160,47568
08-05-2015,13,14328,15275,9211,4212,43026,1020,954,1181,3155,46181
08-05-2015,14,14229,14792,9139,4005,42165,1008,925,1151,3084,45249
08-05-2015,15,13952,14543,9087,3855,41437,970,905,1118,2993,44430
08-05-2015,16,13757,14059,8945,3805,40566,938,873,1096,2907,43473
08-05-2015,17,13829,14470,8808,3978,41085,918,872,1087,2877,43962
08-05-2015,18,13776,14064,8890,3952,40682,901,857,1079,2837,43519
08-05-2015,19,13775,13834,8866,3713,40188,884,836,1072,2792,42980
08-05-2015,20,13643,13660,8509,3490,39302,870,843,1096,2809,42111
08-05-2015,21,13615,13870,8727,3434,39646,879,854,1072,2805,42451
08-05-2015,22,13670,13495,8646,3320,39131,798,751,942,2491,41622
08-05-2015,23,13298,12959,8105,3055,37417,731,659,850,2240,39657
09-05-2015,0,13101,12458,7671,2813,36043,696,608,795,2099,38142
09-05-2015,1,12773,12236,7451,2660,35120,673,618,769,2060,37180
09-05-2015,2,12605,12180,7402,2580,34767,661,604,757,2022,36789
09-05-2015,3,12580,12144,7394,2598,34716,646,601,753,2000,36716
09-05-2015,4,12676,12059,7276,2603,34614,628,544,735,1907,36521
09-05-2015,5,12605,11786,7460,2564,34415,655,573,788,2016,36431
09-05-2015,6,12862,12215,7700,2733,35510,707,637,883,2227,37737
09-05-2015,7,13038,12772,8013,3016,36839,754,719,979,2452,39291
09-05-2015,8,13444,13451,8238,3330,38463,804,778,1040,2622,41085
09-05-2015,9,13916,13855,8422,3566,39759,832,793,1052,2677,42436
09-05-2015,10,14192,13861,8469,3714,40236,826,780,1037,2643,42879
09-05-2015,11,14036,13597,8471,3735,39839,822,762,1026,2610,42449
09-05-2015,12,13929,13617,8355,3666,39567,817,753,1014,2584,42151
09-05-2015,13,13658,13474,8226,3677,39035,812,778,990,2580,41615
09-05-2015,14,13515,13309,8174,3644,38642,799,760,971,2530,41172
09-05-2015,15,13511,13322,8269,3594,38696,794,772,967,2533,41229
09-05-2015,16,13587,13424,8398,3623,39032,789,772,967,2528,41560
09-05-2015,17,13811,13641,8465,3873,39790,784,764,972,2520,42310
09-05-2015,18,13954,13690,8609,3871,40124,785,741,974,2500,42624
09-05-2015,19,14064,13660,8548,3614,39886,780,748,971,2499,42385
09-05-2015,20,13989,13367,8296,3395,39047,782,759,1008,2549,41596
09-05-2015,21,13840,13298,8583,3345,39066,806,764,1005,2575,41641
09-05-2015,22,13648,12849,8554,3212,38263,752,693,897,2342,40605
09-05-2015,23,13385,12425,8141,3024,36975,684,647,804,2135,39110
10-05-2015,0,12960,12269,7774,2817,35820,634,601,743,1978,37798
10-05-2015,1,12759,12130,7598,2711,35198,624,578,712,1914,37112
10-05-2015,2,12634,11763,7460,2657,34514,632,571,697,1900,36414
10-05-2015,3,12583,11620,7337,2634,34174,627,561,691,1879,36053
10-05-2015,4,12507,11385,7278,2659,33829,607,499,667,1773,35602
10-05-2015,5,12385,11358,7355,2691,33789,629,512,711,1852,35641
10-05-2015,6,12592,11793,7424,2790,34599,671,559,787,2017,36616
10-05-2015,7,12865,12472,7593,2999,35929,736,636,882,2254,38183
10-05-2015,8,13171,13066,7796,3331,37364,791,704,960,2455,39819
10-05-2015,9,13404,13220,7885,3505,38014,809,735,1000,2544,40558
10-05-2015,10,13641,14109,7898,3648,39296,804,737,1009,2550,41846
10-05-2015,11,13598,13984,7883,3669,39134,791,732,1009,2532,41666
10-05-2015,12,13469,14175,7772,3587,39003,783,723,1008,2514,41517
10-05-2015,13,13337,14296,7673,3511,38817,773,711,1003,2487,41304
10-05-2015,14,13140,14281,7667,3401,38489,769,709,992,2470,40959
10-05-2015,15,12991,14184,7705,3329,38209,767,716,990,2473,40682
10-05-2015,16,12947,14268,7776,3352,38343,779,717,1002,2498,40841
10-05-2015,17,12945,14449,7904,3575,38873,787,717,1010,2514,41387
10-05-2015,18,12983,14475,8064,3610,39132,803,724,1026,2553,41685
10-05-2015,19,13191,14886,8098,3467,39642,814,743,1040,2597,42239
10-05-2015,20,13387,14823,8068,3361,39639,821,752,1066,2639,42278
10-05-2015,21,13430,14899,8417,3347,40093,810,732,1009,2551,42644
10-05-2015,22,13450,14489,8321,3235,39495,742,653,877,2272,41767
10-05-2015,23,12857,13523,7865,2963,37208,682,582,789,2053,39261
11-05-2015,0,12368,12727,7490,2747,35332,648,538,743,1929,37261
11-05-2015,1,12063,12524,7372,2667,34626,634,520,727,1881,36507
11-05-2015,2,12018,12532,7292,2641,34483,631,514,727,1872,36355
11-05-2015,3,12146,12917,7283,2677,35023,629,520,737,1886,36909
11-05-2015,4,12188,12904,7441,2758,35291,628,519,767,1914,37205
11-05-2015,5,12363,13423,8331,2890,37007,744,624,961,2329,39336
11-05-2015,6,13636,14635,9111,3431,40813,889,762,1147,2798,43611
11-05-2015,7,15177,16095,9335,4065,44672,1018,883,1267,3168,47840
11-05-2015,8,15473,16185,9477,4356,45491,1042,940,1336,3318,48809
11-05-2015,9,15276,15685,9438,4399,44798,1042,950,1331,3323,48121
11-05-2015,10,15343,15660,9387,4466,44856,1041,953,1323,3317,48173
11-05-2015,11,15217,15388,9313,4435,44353,1033,916,1298,3247,47600
11-05-2015,12,15087,15300,9198,4340,43925,1066,953,1308,3327,47252
11-05-2015,13,15011,15302,9100,4384,43797,1050,962,1288,3300,47097
11-05-2015,14,15023,15038,8884,4260,43205,1023,916,1261,3200,46405
11-05-2015,15,14973,14961,8827,4071,42832,992,912,1214,3118,45950
11-05-2015,16,14910,14741,8742,4028,42421,956,864,1171,2991,45412
11-05-2015,17,14791,14707,8643,4229,42370,936,832,1162,2930,45300
11-05-2015,18,14652,14533,8661,4158,42004,914,825,1151,2890,44894
11-05-2015,19,14649,14569,8761,3962,41941,900,828,1137,2865,44806
11-05-2015,20,14513,14489,8547,3779,41328,891,841,1151,2883,44211
11-05-2015,21,14260,14326,8742,3709,41037,887,835,1107,2829,43866
11-05-2015,22,13744,13509,8604,3499,39356,803,742,957,2502,41858
11-05-2015,23,13066,12593,8036,3101,36796,733,672,862,2267,39063
12-05-2015,0,12271,12100,7740,2865,34976,704,631,816,2151,37127
12-05-2015,1,12204,11967,7545,2773,34489,685,617,783,2085,36574
12-05-2015,2,12092,11985,7474,2700,34251,684,610,772,2066,36317
12-05-2015,3,12018,11902,7422,2711,34053,670,598,774,2042,36095
12-05-2015,4,12011,12070,7492,2775,34348,671,590,795,2056,36404
12-05-2015,5,12251,12509,8296,2936,35992,784,660,965,2409,38401
12-05-2015,6,13361,13963,8864,3493,39681,921,791,1147,2859,42540
12-05-2015,7,14736,15647,9172,4132,43687,1024,895,1254,3173,46860
12-05-2015,8,15223,16074,9264,4438,44999,1044,941,1281,3266,48265
12-05-2015,9,15174,16150,9250,4473,45047,1025,933,1267,3225,48272
12-05-2015,10,15001,16269,9239,4571,45080,1021,921,1248,3190,48270
12-05-2015,11,14835,16280,9310,4555,44980,999,883,1244,3126,48106
12-05-2015,12,14649,16097,9192,4514,44452,1018,912,1261,3191,47643
12-05-2015,13,14531,16069,9099,4623,44322,1000,941,1237,3178,47500
12-05-2015,14,14530,15873,9115,4487,44005,987,928,1219,3134,47139
12-05-2015,15,14472,16080,9029,4337,43918,960,914,1184,3058,46976
12-05-2015,16,14517,16034,8917,4298,43766,934,890,1146,2970,46736
12-05-2015,17,14391,15842,8903,4537,43673,920,870,1143,2933,46606
12-05-2015,18,14257,15688,9025,4443,43413,900,828,1133,2861,46274
12-05-2015,19,14298,15496,9035,4202,43031,886,814,1129,2829,45860
12-05-2015,20,14192,15072,8675,3969,41908,861,832,1150,2843,44751
12-05-2015,21,14117,14828,8788,3831,41564,835,831,1088,2754,44318
12-05-2015,22,13897,14136,8720,3562,40315,744,717,932,2393,42708
12-05-2015,23,13338,13189,8174,3181,37882,677,657,831,2165,40047
13-05-2015,0,12771,12750,7766,2960,36247,647,581,776,2004,38251
13-05-2015,1,12340,12369,7541,2858,35108,632,570,751,1953,37061
13-05-2015,2,12238,12207,7466,2826,34737,624,559,749,1932,36669
13-05-2015,3,12235,12309,7454,2836,34834,613,550,753,1916,36750
13-05-2015,4,12307,12260,7674,2898,35139,619,564,782,1965,37104
13-05-2015,5,12514,12800,8480,2992,36786,733,665,958,2356,39142
13-05-2015,6,13690,14319,9128,3580,40717,879,799,1145,2823,43540
13-05-2015,7,15052,15908,9493,4179,44632,991,908,1256,3155,47787
13-05-2015,8,15416,16597,9667,4517,46197,1039,955,1287,3281,49478
13-05-2015,9,14994,16460,9623,4578,45655,1039,956,1274,3269,48924
13-05-2015,10,14885,16337,9675,4656,45553,1031,943,1262,3236,48789
13-05-2015,11,14694,16122,9696,4612,45124,1011,898,1238,3147,48271
13-05-2015,12,14532,16123,9638,4508,44801,1036,941,1256,3233,48034
13-05-2015,13,14344,16116,9523,4487,44470,1033,966,1242,3241,47711
13-05-2015,14,14166,15970,9452,4414,44002,1034,928,1225,3187,47189
13-05-2015,15,13978,15567,9380,4252,43177,1008,931,1191,3130,46307
13-05-2015,16,13785,15191,9480,4212,42668,976,909,1158,3043,45711
13-05-2015,17,13631,15371,9513,4325,42840,944,885,1154,2983,45823
13-05-2015,18,13600,15543,9550,4274,42967,918,870,1145,2933,45900
13-05-2015,19,13588,15382,9497,4030,42497,898,860,1141,2899,45396
13-05-2015,20,13420,15059,9198,3852,41529,893,852,1146,2891,44420
13-05-2015,21,13345,14837,9265,3718,41165,871,825,1077,2773,43938
13-05-2015,22,13262,14273,9029,3498,40062,784,725,932,2441,42503
13-05-2015,23,12969,13356,8456,3166,37947,716,654,837,2207,40154
14-05-2015,0,12527,12599,8136,2912,36174,683,629,784,2096,38270
14-05-2015,1,12175,12175,7855,2755,34960,662,609,763,2034,36994
14-05-2015,2,12074,12154,7691,2672,34591,656,598,757,2011,36602
14-05-2015,3,12175,12309,7664,2649,34797,643,601,758,2002,36799
14-05-2015,4,12080,12167,7553,2655,34455,644,579,788,2011,36466
14-05-2015,5,12146,12234,7823,2649,34852,757,660,971,2388,37240
14-05-2015,6,12410,12486,8055,2809,35760,894,801,1147,2842,38602
14-05-2015,7,12810,13135,8141,3156,37242,993,917,1256,3166,40408
14-05-2015,8,13274,13731,8360,3451,38816,1030,978,1295,3303,42119
14-05-2015,9,13727,14244,8593,3589,40153,1025,987,1292,3304,43457
14-05-2015,10,13867,14445,8702,3653,40667,1018,969,1282,3269,43936
14-05-2015,11,13792,14436,8663,3613,40504,998,923,1260,3181,43685
14-05-2015,12,13554,14321,8631,3540,40046,1018,943,1271,3232,43278
14-05-2015,13,13535,13974,8519,3438,39466,1003,963,1268,3234,42700
14-05-2015,14,13354,13718,8480,3341,38893,991,950,1248,3189,42082
14-05-2015,15,13248,13829,8492,3303,38872,966,935,1209,3110,41982
14-05-2015,16,13147,13835,8481,3331,38794,939,888,1172,2999,41793
14-05-2015,17,13061,14337,8458,3603,39459,924,874,1159,2957,42416
14-05-2015,18,13244,14278,8572,3623,39717,905,851,1149,2905,42622
14-05-2015,19,13242,14250,8544,3451,39487,885,855,1140,2880,42367
14-05-2015,20,13264,14244,8300,3310,39118,877,848,1150,2875,41993
14-05-2015,21,13387,14269,8709,3256,39621,870,829,1099,2798,42419
14-05-2015,22,13487,14027,8819,3162,39495,800,742,955,2497,41992
14-05-2015,23,13188,13429,8373,2945,37935,729,671,860,2260,40195
15-05-2015,0,12652,12659,7971,2704,35986,694,628,810,2132,38118
15-05-2015,1,12373,12363,7796,2566,35098,680,609,786,2075,37173
15-05-2015,2,12378,12229,7706,2519,34832,675,595,780,2050,36882
15-05-2015,3,12376,12312,7617,2518,34823,653,591,781,2025,36848
15-05-2015,4,12406,12178,7783,2555,34922,672,572,806,2050,36972
15-05-2015,5,12628,12346,8433,2605,36012,780,654,978,2412,38424
15-05-2015,6,13376,13648,8904,2905,38833,900,776,1160,2836,41669
15-05-2015,7,14330,14657,9172,3347,41506,1000,883,1279,3162,44668
15-05-2015,8,14892,15390,9225,3685,43192,1030,932,1321,3283,46475
15-05-2015,9,15065,15710,9163,3842,43780,1034,943,1311,3288,47068
15-05-2015,10,15104,15361,9156,3891,43512,1027,932,1291,3250,46762
15-05-2015,11,14678,15385,9107,3872,43042,1019,896,1248,3163,46205
15-05-2015,12,14257,15246,8977,3793,42273,1044,912,1249,3205,45478
15-05-2015,13,14080,15104,8926,3744,41854,1027,935,1239,3201,45055
15-05-2015,14,13980,15096,8913,3639,41628,1012,924,1197,3133,44761
15-05-2015,15,13804,15088,8827,3530,41249,983,905,1154,3042,44291
15-05-2015,16,13577,14950,8752,3555,40834,960,879,1122,2961,43795
15-05-2015,17,13524,15085,8676,3709,40994,944,874,1113,2931,43925
15-05-2015,18,13519,14768,8751,3722,40760,920,846,1096,2862,43622
15-05-2015,19,13532,14512,8685,3485,40214,900,843,1090,2833,43047
15-05-2015,20,13382,14048,8529,3299,39258,880,830,1087,2797,42055
15-05-2015,21,13317,13922,8745,3232,39216,871,822,1064,2757,41973
15-05-2015,22,13252,13911,8831,3168,39162,811,751,941,2503,41665
15-05-2015,23,12895,13363,8367,2905,37530,746,658,849,2253,39783
16-05-2015,0,12442,12760,8024,2706,35932,710,634,795,2139,38071
16-05-2015,1,12170,12545,7806,2573,35094,693,597,770,2060,37154
16-05-2015,2,12017,12513,7677,2496,34703,680,588,760,2028,36731
16-05-2015,3,11877,12433,7494,2481,34285,655,574,749,1978,36263
16-05-2015,4,11822,12234,7488,2459,34003,642,528,733,1903,35906
16-05-2015,5,11701,12013,7722,2456,33892,668,559,799,2026,35918
16-05-2015,6,11850,12157,7831,2600,34438,719,616,897,2232,36670
16-05-2015,7,12299,12643,8089,2933,35964,789,699,992,2480,38444
16-05-2015,8,12901,13204,8209,3233,37547,848,766,1065,2679,40226
16-05-2015,9,13585,13672,8228,3436,38921,864,795,1084,2743,41664
16-05-2015,10,13998,13762,8258,3565,39583,854,795,1090,2739,42322
16-05-2015,11,14002,13799,8298,3570,39669,845,787,1085,2717,42386
16-05-2015,12,13883,13696,8219,3536,39334,839,781,1073,2693,42027
16-05-2015,13,13690,13507,8157,3499,38853,827,765,1042,2634,41487
16-05-2015,14,13518,13395,8241,3464,38618,815,749,1016,2580,41198
16-05-2015,15,13469,13468,8253,3415,38605,809,734,1007,2550,41155
16-05-2015,16,13457,13396,8414,3470,38737,805,728,1006,2539,41276
16-05-2015,17,13473,13981,8522,3775,39751,800,724,1007,2531,42282
16-05-2015,18,13539,13768,8551,3735,39593,796,712,1009,2517,42110
16-05-2015,19,13612,13897,8430,3470,39409,788,715,1004,2507,41916
16-05-2015,20,13489,13619,8192,3277,38577,783,711,1020,2514,41091
16-05-2015,21,13495,13702,8487,3186,38870,799,722,1029,2550,41420
16-05-2015,22,13393,13440,8574,3149,38556,762,672,933,2367,40923
16-05-2015,23,13037,12744,8166,2915,36862,707,614,837,2158,39020
17-05-2015,0,12522,12175,7801,2719,35217,674,570,786,2030,37247
17-05-2015,1,12222,11867,7557,2622,34268,660,549,755,1964,36232
17-05-2015,2,12072,12215,7484,2580,34351,651,534,745,1930,36281
17-05-2015,3,12007,12147,7335,2627,34116,619,523,736,1878,35994
17-05-2015,4,11926,12078,7250,2593,33847,614,502,717,1833,35680
17-05-2015,5,11812,11891,7330,2554,33587,636,528,746,1910,35497
17-05-2015,6,12083,12061,7367,2648,34159,672,582,810,2064,36223
17-05-2015,7,12730,12685,7530,2842,35787,734,646,894,2274,38061
17-05-2015,8,13544,13300,7701,3135,37680,791,700,978,2469,40149
17-05-2015,9,13701,13769,7810,3334,38614,815,745,1027,2587,41201
17-05-2015,10,13565,14290,7946,3448,39249,811,759,1040,2610,41859
17-05-2015,11,13210,14567,7978,3468,39223,801,764,1033,2598,41821
17-05-2015,12,12953,14502,7911,3449,38815,797,760,1012,2569,41384
17-05-2015,13,12805,14357,7844,3449,38455,796,755,995,2546,41001
17-05-2015,14,12616,14246,7858,3474,38194,792,743,975,2510,40704
17-05-2015,15,12525,14329,7886,3384,38124,800,740,962,2502,40626
17-05-2015,16,12497,14580,7967,3484,38528,815,739,967,2521,41049
17-05-2015,17,12544,14872,8008,3738,39162,830,739,983,2552,41714
17-05-2015,18,12606,14747,8116,3660,39129,842,739,1003,2584,41713
17-05-2015,19,12953,14915,8085,3460,39413,830,744,1013,2587,42000
17-05-2015,20,12794,14933,7916,3311,38954,817,750,1031,2598,41552
17-05-2015,21,12913,14788,8223,3259,39183,812,745,1006,2563,41746
17-05-2015,22,12924,14361,8271,3158,38714,753,677,881,2311,41025
17-05-2015,23,12664,13575,7861,2852,36952,693,609,784,2086,39038
18-05-2015,0,12279,12825,7547,2694,35345,658,554,731,1943,37288
18-05-2015,1,12041,12527,7337,2619,34524,639,534,709,1882,36406
18-05-2015,2,12001,12492,7255,2569,34317,637,527,700,1864,36181
18-05-2015,3,12095,12467,7112,2585,34259,619,528,703,1850,36109
18-05-2015,4,12176,12370,7374,2658,34578,631,535,733,1899,36477
18-05-2015,5,12576,12873,8258,2794,36501,745,636,926,2307,38808
18-05-2015,6,13988,14915,8906,3391,41200,888,774,1108,2770,43970
18-05-2015,7,15335,16388,9213,4023,44959,1003,896,1243,3142,48101
18-05-2015,8,15436,16716,9255,4323,45730,1050,968,1305,3323,49053
18-05-2015,9,15178,16612,9350,4361,45501,1061,976,1310,3347,48848
18-05-2015,10,14890,16512,9335,4483,45220,1059,972,1298,3329,48549
18-05-2015,11,14707,16454,9263,4485,44909,1040,944,1276,3260,48169
18-05-2015,12,14485,16297,9195,4420,44397,1058,966,1288,3312,47709
18-05-2015,13,14294,16097,9189,4460,44040,1036,954,1262,3252,47292
18-05-2015,14,14277,15801,9063,4387,43528,1024,938,1237,3199,46727
18-05-2015,15,14082,15548,8984,4222,42836,994,924,1189,3107,45943
18-05-2015,16,13896,15429,8958,4194,42477,967,886,1151,3004,45481
18-05-2015,17,13818,15427,8915,4416,42576,966,867,1145,2978,45554
18-05-2015,18,13878,15343,8972,4347,42540,943,850,1140,2933,45473
18-05-2015,19,13839,15114,8983,4110,42046,923,839,1137,2899,44945
18-05-2015,20,13844,14894,8619,3879,41236,903,827,1136,2866,44102
18-05-2015,21,13783,14462,8716,3784,40745,869,797,1098,2764,43509
18-05-2015,22,13550,13911,8596,3529,39586,798,701,961,2460,42046
18-05-2015,23,12858,13015,8092,3186,37151,738,640,875,2253,39404
19-05-2015,0,12230,12554,7831,2989,35604,701,596,832,2129,37733
19-05-2015,1,11898,12275,7506,2812,34491,677,578,810,2065,36556
19-05-2015,2,11711,12303,7399,2764,34177,681,574,801,2056,36233
19-05-2015,3,11772,12355,7326,2738,34191,663,567,795,2025,36216
19-05-2015,4,11797,12409,7441,2858,34505,677,567,818,2062,36567
19-05-2015,5,12269,12667,8250,2989,36175,783,663,990,2436,38611
19-05-2015,6,13554,14169,8794,3556,40073,924,794,1169,2887,42960
19-05-2015,7,15008,16122,9017,4212,44359,1036,921,1292,3249,47608
19-05-2015,8,15200,16372,9198,4454,45224,1070,975,1327,3372,48596
19-05-2015,9,15182,16574,9205,4453,45414,1054,970,1310,3334,48748
19-05-2015,10,15086,16934,9222,4597,45839,1046,948,1294,3288,49127
19-05-2015,11,14818,16762,9191,4574,45345,1020,911,1265,3196,48541
19-05-2015,12,14773,16561,9044,4487,44865,1042,929,1263,3234,48099
19-05-2015,13,14570,16375,8960,4490,44395,1029,919,1240,3188,47583
19-05-2015,14,14307,16420,8915,4367,44009,1020,901,1205,3126,47135
19-05-2015,15,14120,16028,8820,4272,43240,985,887,1187,3059,46299
19-05-2015,16,14021,15815,8740,4105,42681,951,856,1154,2961,45642
19-05-2015,17,14066,15923,8665,4263,42917,924,847,1155,2926,45843
19-05-2015,18,14073,15618,8733,4158,42582,918,838,1151,2907,45489
19-05-2015,19,14013,15565,8771,3969,42318,905,840,1163,2908,45226
19-05-2015,20,13989,15047,8508,3900,41444,897,825,1168,2890,44334
19-05-2015,21,13937,14893,8565,3782,41177,879,794,1107,2780,43957
19-05-2015,22,13805,14402,8534,3558,40299,810,702,971,2483,42782
19-05-2015,23,13016,13389,7978,3202,37585,734,634,865,2233,39818
20-05-2015,0,12382,12717,7592,2948,35639,693,588,820,2101,37740
20-05-2015,1,12093,12683,7336,2820,34932,675,573,796,2044,36976
20-05-2015,2,11945,12781,7256,2760,34742,666,569,793,2028,36770
20-05-2015,3,11917,12566,7201,2747,34431,640,551,795,1986,36417
20-05-2015,4,11905,12567,7312,2811,34595,658,555,815,2028,36623
20-05-2015,5,12247,13096,8119,2942,36404,776,661,992,2429,38833
20-05-2015,6,13554,14400,8826,3517,40297,904,791,1136,2831,43128
20-05-2015,7,14784,16203,9210,4142,44339,1010,905,1286,3201,47540
20-05-2015,8,15060,16338,9232,4393,45023,1034,951,1346,3331,48354
20-05-2015,9,14762,16194,9266,4453,44675,1023,947,1353,3323,47998
20-05-2015,10,14522,16041,9159,4523,44245,1021,934,1347,3302,47547
20-05-2015,11,14444,15999,9116,4498,44057,1000,901,1347,3248,47305
20-05-2015,12,14371,15861,9069,4379,43680,1024,927,1361,3312,46992
20-05-2015,13,14267,15747,8905,4402,43321,1004,919,1328,3251,46572
20-05-2015,14,14112,15591,8875,4325,42903,997,914,1317,3228,46131
20-05-2015,15,13878,15563,8762,4191,42394,963,900,1264,3127,45521
20-05-2015,16,13797,15295,8676,4180,41948,928,871,1208,3007,44955
20-05-2015,17,13722,15454,8567,4388,42131,915,862,1195,2972,45103
20-05-2015,18,13553,15158,8699,4235,41645,909,849,1177,2935,44580
20-05-2015,19,13467,14957,8759,4006,41189,889,851,1164,2904,44093
20-05-2015,20,13429,14746,8439,3772,40386,876,832,1156,2864,43250
20-05-2015,21,13572,14757,8477,3626,40432,859,783,1096,2738,43170
20-05-2015,22,13524,14407,8494,3520,39945,789,694,955,2438,42383
20-05-2015,23,12986,13422,7978,3192,37578,725,630,865,2220,39798
21-05-2015,0,12112,12787,7589,2935,35423,687,581,822,2090,37513
21-05-2015,1,11899,12658,7325,2812,34694,663,568,800,2031,36725
21-05-2015,2,11844,12508,7191,2769,34312,655,562,786,2003,36315
21-05-2015,3,11885,12533,7109,2766,34293,645,554,789,1988,36281
21-05-2015,4,11902,12549,7256,2793,34500,654,571,808,2033,36533
21-05-2015,5,12175,12847,8108,2967,36097,770,671,980,2421,38518
21-05-2015,6,13378,14206,8733,3542,39859,916,805,1154,2875,42734
21-05-2015,7,14781,15824,9086,4142,43833,1042,929,1287,3258,47091
21-05-2015,8,15032,16067,9136,4386,44621,1085,986,1350,3421,48042
21-05-2015,9,14741,15807,9147,4452,44147,1087,1006,1350,3443,47590
21-05-2015,10,14608,15720,9155,4539,44022,1090,991,1340,3421,47443
21-05-2015,11,14494,15757,9180,4512,43943,1069,953,1314,3336,47279
21-05-2015,12,14365,15509,9147,4424,43445,1092,975,1341,3408,46853
21-05-2015,13,14091,15135,9004,4448,42678,1070,965,1316,3351,46029
21-05-2015,14,14256,15193,8948,4359,42756,1053,936,1283,3272,46028
21-05-2015,15,13994,14999,8748,4199,41940,1012,904,1246,3162,45102
21-05-2015,16,13851,14418,8694,4143,41106,974,862,1194,3030,44136
21-05-2015,17,13803,14590,8593,4292,41278,950,843,1182,2975,44253
21-05-2015,18,13682,14350,8694,4183,40909,926,820,1171,2917,43826
21-05-2015,19,13739,14165,8629,3996,40529,904,817,1157,2878,43407
21-05-2015,20,13606,14069,8413,3769,39857,880,795,1145,2820,42677
21-05-2015,21,13546,13600,8415,3642,39203,862,783,1108,2753,41956
21-05-2015,22,13281,12991,8431,3510,38213,817,719,998,2534,40747
21-05-2015,23,12742,12496,7938,3177,36353,751,651,892,2294,38647
22-05-2015,0,12211,12124,7587,2921,34843,713,601,833,2147,36990
22-05-2015,1,11669,11918,7364,2796,33747,690,584,804,2078,35825
22-05-2015,2,11475,11853,7255,2753,33336,673,571,794,2038,35374
22-05-2015,3,11459,11969,7139,2747,33314,646,559,789,1994,35308
22-05-2015,4,11441,11763,7402,2783,33389,669,568,809,2046,35435
22-05-2015,5,11718,12028,8302,2955,35003,779,669,977,2425,37428
22-05-2015,6,12704,13503,8885,3526,38618,903,793,1150,2846,41464
22-05-2015,7,14221,15075,9097,4127,42520,1001,901,1279,3181,45701
22-05-2015,8,14854,15313,9144,4402,43713,1038,947,1278,3263,46976
22-05-2015,9,14784,15307,9093,4460,43644,1032,950,1266,3248,46892
22-05-2015,10,14690,15541,9031,4547,43809,1020,934,1287,3241,47050
22-05-2015,11,14639,15339,9002,4494,43474,1003,893,1260,3156,46630
22-05-2015,12,14365,15332,8834,4352,42883,1026,913,1259,3198,46081
22-05-2015,13,14208,15136,8682,4254,42280,1005,901,1236,3142,45422
22-05-2015,14,14310,14902,8678,4065,41955,986,873,1198,3057,45012
22-05-2015,15,13896,14583,8566,3898,40943,949,848,1118,2915,43858
22-05-2015,16,14015,14341,8494,3854,40704,928,822,1132,2882,43586
22-05-2015,17,14066,14581,8413,4026,41086,908,810,1112,2830,43916
22-05-2015,18,13963,14226,8493,3967,40649,881,785,1097,2763,43412
22-05-2015,19,13755,13974,8428,3766,39923,860,771,1085,2716,42639
22-05-2015,20,13383,13659,8134,3550,38726,840,747,1042,2629,41355
22-05-2015,21,13213,13355,8144,3397,38109,839,752,1093,2684,40793
22-05-2015,22,13094,12825,8227,3280,37426,798,694,987,2479,39905
22-05-2015,23,12706,12101,7706,3049,35562,735,628,882,2245,37807
23-05-2015,0,12394,11597,7226,2799,34016,697,578,821,2096,36112
23-05-2015,1,11895,11391,6964,2673,32923,677,560,790,2027,34950
23-05-2015,2,11926,11208,6792,2597,32523,654,546,774,1974,34497
23-05-2015,3,11829,11020,6702,2579,32130,621,525,751,1897,34027
23-05-2015,4,11500,10617,6708,2552,31377,614,509,738,1861,33238
23-05-2015,5,11408,10469,6961,2554,31392,646,544,797,1987,33379
23-05-2015,6,11637,10867,7233,2706,32443,697,614,896,2207,34650
23-05-2015,7,11925,11298,7558,3003,33784,778,698,992,2468,36252
23-05-2015,8,12412,11811,7849,3323,35395,834,752,1056,2642,38037
23-05-2015,9,12821,12280,8023,3530,36654,859,768,1073,2700,39354
23-05-2015,10,13229,12729,8086,3629,37673,868,772,1073,2713,40386
23-05-2015,11,13006,12891,8051,3582,37530,863,761,1070,2694,40224
23-05-2015,12,13015,13108,7951,3499,37573,856,759,1068,2683,40256
23-05-2015,13,12730,12873,7935,3430,36968,832,757,1055,2644,39612
23-05-2015,14,12580,12683,7951,3360,36574,813,746,1041,2600,39174
23-05-2015,15,12410,12593,7986,3299,36288,806,746,1027,2579,38867
23-05-2015,16,12321,12475,8022,3338,36156,799,745,1027,2571,38727
23-05-2015,17,12305,12640,8197,3551,36693,793,739,1031,2563,39256
23-05-2015,18,12477,13082,8291,3577,37427,796,733,1030,2559,39986
23-05-2015,19,12521,12922,8247,3378,37068,799,736,1024,2559,39627
23-05-2015,20,12437,12685,8004,3213,36339,786,725,1030,2541,38880
23-05-2015,21,12332,12528,8121,3120,36101,777,718,1022,2517,38618
23-05-2015,22,12400,12533,8200,3122,36255,756,675,942,2373,38628
23-05-2015,23,12355,11755,7893,2935,34938,718,628,869,2215,37153
24-05-2015,0,12150,11419,7499,2738,33806,684,587,822,2093,35899
24-05-2015,1,11975,11315,7267,2574,33131,656,559,776,1991,35122
24-05-2015,2,11783,11202,7092,2488,32565,627,537,747,1911,34476
24-05-2015,3,11553,11039,6912,2444,31948,592,517,728,1837,33785
24-05-2015,4,11573,10871,6924,2385,31753,598,503,710,1811,33564
24-05-2015,5,11507,10836,6987,2367,31697,624,526,745,1895,33592
24-05-2015,6,11470,11024,7104,2478,32076,653,571,815,2039,34115
24-05-2015,7,11524,11328,7268,2739,32859,709,644,898,2251,35110
24-05-2015,8,11964,11834,7503,3029,34330,770,709,978,2457,36787
24-05-2015,9,12465,12439,7660,3217,35781,797,736,1020,2553,38334
24-05-2015,10,12806,12760,7715,3301,36582,798,732,1020,2550,39132
24-05-2015,11,12913,12848,7757,3301,36819,790,716,1008,2514,39333
24-05-2015,12,12848,12654,7688,3222,36412,786,706,994,2486,38898
24-05-2015,13,12729,12484,7589,3149,35951,778,709,985,2472,38423
24-05-2015,14,12794,12148,7547,3101,35590,774,696,971,2441,38031
24-05-2015,15,12879,12189,7469,3064,35601,772,689,967,2428,38029
24-05-2015,16,12901,12300,7461,3134,35796,784,690,975,2449,38245
24-05-2015,17,13087,12568,7520,3378,36553,791,696,992,2479,39032
24-05-2015,18,13095,12886,7643,3432,37056,801,700,1017,2518,39574
24-05-2015,19,13270,13108,7694,3318,37390,804,707,1032,2543,39933
24-05-2015,20,13052,12993,7558,3217,36820,795,708,1043,2546,39366
24-05-2015,21,12852,12735,7854,3139,36580,786,709,1038,2533,39113
24-05-2015,22,12708,12418,7958,3096,36180,746,650,916,2312,38492
24-05-2015,23,12358,11750,7607,2879,34594,692,587,803,2082,36676
25-05-2015,0,11832,11247,7316,2649,33044,653,545,760,1958,35002
25-05-2015,1,11519,11082,7130,2508,32239,629,528,739,1896,34135
25-05-2015,2,11403,11105,7055,2441,32004,612,517,733,1862,33866
25-05-2015,3,11337,11127,7013,2425,31902,584,500,720,1804,33706
25-05-2015,4,11245,11119,7261,2399,32024,599,517,762,1878,33902
25-05-2015,5,11297,11636,8071,2397,33401,715,624,953,2292,35693
25-05-2015,6,11746,13449,8780,2578,36553,864,754,1124,2742,39295
25-05-2015,7,12323,15424,9129,2839,39715,971,869,1220,3060,42775
25-05-2015,8,12770,15746,9225,3190,40931,1012,917,1256,3185,44116
25-05-2015,9,12941,15944,9244,3408,41537,1010,913,1251,3174,44711
25-05-2015,10,13178,16049,9179,3517,41923,995,906,1245,3146,45069
25-05-2015,11,13323,16187,9195,3556,42261,974,879,1232,3085,45346
25-05-2015,12,13187,15944,9074,3530,41735,995,904,1246,3145,44880
25-05-2015,13,12991,15775,8933,3489,41188,984,899,1234,3117,44305
25-05-2015,14,12944,15730,8814,3459,40947,977,874,1217,3068,44015
25-05-2015,15,12871,15593,8620,3422,40506,942,857,1180,2979,43485
25-05-2015,16,12754,15376,8655,3453,40238,922,827,1146,2895,43133
25-05-2015,17,12688,15429,8538,3732,40387,906,817,1139,2862,43249
25-05-2015,18,12746,15213,8562,3739,40260,886,792,1128,2806,43066
25-05-2015,19,12771,15071,8502,3540,39884,866,781,1123,2770,42654
25-05-2015,20,12787,14533,8219,3354,38893,845,764,1125,2734,41627
25-05-2015,21,12806,14303,8259,3250,38618,818,753,1086,2657,41275
25-05-2015,22,12724,13767,8232,3177,37900,774,686,954,2414,40314
25-05-2015,23,12287,13050,7827,2891,36055,708,605,853,2166,38221
26-05-2015,0,11774,12616,7400,2710,34500,676,559,813,2048,36548
26-05-2015,1,11599,12265,7194,2603,33661,649,538,787,1974,35635
26-05-2015,2,11519,12087,7060,2572,33238,633,533,773,1939,35177
26-05-2015,3,11628,12105,7018,2594,33345,609,519,762,1890,35235
26-05-2015,4,11561,11876,7213,2627,33277,631,522,798,1951,35228
26-05-2015,5,11881,12284,8001,2804,34970,742,622,975,2339,37309
26-05-2015,6,13165,14002,8578,3412,39157,878,755,1147,2780,41937
26-05-2015,7,14471,15663,8886,4028,43048,976,883,1243,3102,46150
26-05-2015,8,14899,15997,9009,4328,44233,1006,943,1328,3277,47510
26-05-2015,9,14759,15911,9000,4410,44080,1001,961,1338,3300,47380
26-05-2015,10,14677,15877,9010,4494,44058,1001,960,1332,3293,47351
26-05-2015,11,14268,15918,9034,4601,43821,991,928,1279,3198,47019
26-05-2015,12,14146,15736,8894,4554,43330,1025,948,1275,3248,46578
26-05-2015,13,13954,15566,8802,4379,42701,1018,937,1260,3215,45916
26-05-2015,14,14026,15425,8661,4303,42415,1016,929,1239,3184,45599
26-05-2015,15,13719,15355,8539,4110,41723,990,904,1237,3131,44854
26-05-2015,16,13635,15141,8538,4050,41364,960,877,1192,3029,44393
26-05-2015,17,13471,14911,8468,4266,41116,941,861,1168,2970,44086
26-05-2015,18,13377,14687,8555,4152,40771,922,830,1109,2861,43632
26-05-2015,19,13335,14537,8557,3937,40366,903,809,1126,2838,43204
26-05-2015,20,13323,14271,8245,3738,39577,875,786,1101,2762,42339
26-05-2015,21,13283,14104,8228,3584,39199,847,763,1068,2678,41877
26-05-2015,22,13052,13663,7978,3459,38152,772,692,943,2407,40559
26-05-2015,23,12615,13003,7520,3129,36267,710,613,840,2163,38430
27-05-2015,0,11988,12368,7225,2912,34493,678,568,802,2048,36541
27-05-2015,1,11632,12184,6958,2782,33556,654,552,787,1993,35549
27-05-2015,2,11517,12072,6845,2719,33153,641,542,780,1963,35116
27-05-2015,3,11431,12016,6727,2725,32899,616,527,777,1920,34819
27-05-2015,4,11487,11948,6887,2751,33073,636,543,806,1985,35058
27-05-2015,5,11730,12445,7750,2933,34858,747,652,975,2374,37232
27-05-2015,6,12988,13874,8401,3466,38729,888,778,1152,2818,41547
27-05-2015,7,14354,15197,8731,4046,42328,978,899,1269,3146,45474
27-05-2015,8,14445,15947,8879,4290,43561,1021,953,1318,3292,46853
27-05-2015,9,14271,15994,8886,4401,43552,1031,960,1319,3310,46862
27-05-2015,10,14132,16053,8904,4481,43570,1030,951,1309,3290,46860
27-05-2015,11,14044,16057,8860,4469,43430,1011,908,1279,3198,46628
27-05-2015,12,13856,15891,8796,4387,42930,1030,930,1294,3254,46184
27-05-2015,13,13742,15883,8668,4383,42676,1018,921,1283,3222,45898
27-05-2015,14,13698,15749,8641,4292,42380,1008,905,1263,3176,45556
27-05-2015,15,13572,15348,8477,4113,41510,981,887,1211,3079,44589
27-05-2015,16,13329,14994,8323,4038,40684,953,856,1145,2954,43638
27-05-2015,17,13231,15077,8241,4212,40761,934,844,1148,2926,43687
27-05-2015,18,13212,14638,8316,4077,40243,915,821,1137,2873,43116
27-05-2015,19,13215,14561,8340,3867,39983,892,804,1131,2827,42810
27-05-2015,20,13159,14509,7994,3702,39364,866,785,1111,2762,42126
27-05-2015,21,13115,14191,7983,3550,38839,831,766,1068,2665,41504
27-05-2015,22,12957,13897,7946,3431,38231,787,701,961,2449,40680
27-05-2015,23,12467,13058,7535,3155,36215,722,628,863,2213,38428
28-05-2015,0,12015,12389,7261,2933,34598,683,582,817,2082,36680
28-05-2015,1,11522,12265,7004,2775,33566,659,561,795,2015,35581
28-05-2015,2,11402,12216,6871,2704,33193,642,550,787,1979,35172
28-05-2015,3,11334,12140,6800,2709,32983,620,534,780,1934,34917
28-05-2015,4,11261,12161,7004,2735,33161,640,551,806,1997,35158
28-05-2015,5,11613,12603,7775,2890,34881,752,654,979,2385,37266
28-05-2015,6,12796,14269,8309,3488,38862,883,787,1133,2803,41665
28-05-2015,7,14229,15667,8699,4148,42743,991,898,1240,3129,45872
28-05-2015,8,14582,15913,8804,4456,43755,1026,939,1273,3238,46993
28-05-2015,9,14400,15798,8812,4480,43490,1021,943,1258,3222,46712
28-05-2015,10,14523,15931,8799,4638,43891,1016,932,1241,3189,47080
28-05-2015,11,14426,15729,8802,4501,43458,997,903,1220,3120,46578
28-05-2015,12,14201,15542,8686,4619,43048,1024,917,1210,3151,46199
28-05-2015,13,14472,15405,8599,4592,43068,1008,912,1222,3142,46210
28-05-2015,14,14376,15446,8576,4509,42907,995,897,1204,3096,46003
28-05-2015,15,14354,15750,8500,4687,43291,958,875,1163,2996,46287
28-05-2015,16,14332,15339,8462,4723,42856,929,843,1126,2898,45754
28-05-2015,17,14150,15245,8317,4742,42454,908,830,1124,2862,45316
28-05-2015,18,14028,15049,8367,4508,41952,883,814,1114,2811,44763
28-05-2015,19,14020,14999,8417,3955,41391,866,804,1106,2776,44167
28-05-2015,20,14044,14654,8158,3748,40604,851,777,1098,2726,43330
28-05-2015,21,13737,14352,8099,3608,39796,823,759,1065,2647,42443
28-05-2015,22,13428,13771,8094,3484,38777,786,693,966,2445,41222
28-05-2015,23,12712,13065,7661,3219,36657,724,619,860,2203,38860
29-05-2015,0,12157,12337,7313,2926,34733,685,574,803,2062,36795
29-05-2015,1,11779,12085,7090,2807,33761,663,552,777,1992,35753
29-05-2015,2,11638,11902,6926,2766,33232,640,539,768,1947,35179
29-05-2015,3,11608,11852,6863,2774,33097,613,517,757,1887,34984
29-05-2015,4,11573,11707,7053,2781,33114,633,538,786,1957,35071
29-05-2015,5,12021,12231,7965,2941,35158,744,647,956,2347,37505
29-05-2015,6,13153,13788,8640,3477,39058,868,777,1114,2759,41817
29-05-2015,7,14472,15274,8977,4051,42774,971,875,1229,3075,45849
29-05-2015,8,14785,15747,9052,4299,43883,1011,915,1261,3187,47070
29-05-2015,9,14511,15731,9089,4240,43571,1011,922,1233,3166,46737
29-05-2015,10,14426,15659,9124,4318,43527,1012,918,1235,3165,46692
29-05-2015,11,14226,15472,9069,4421,43188,999,888,1218,3105,46293
29-05-2015,12,14032,15292,8956,4253,42533,1016,907,1231,3154,45687
29-05-2015,13,13992,14860,8935,4179,41966,989,895,1193,3077,45043
29-05-2015,14,13956,14903,8834,3994,41687,979,870,1140,2989,44676
29-05-2015,15,13711,14698,8719,3860,40988,950,849,1103,2902,43890
29-05-2015,16,13666,14579,8533,3872,40650,920,820,1099,2839,43489
29-05-2015,17,13595,14551,8528,4074,40748,894,799,1071,2764,43512
29-05-2015,18,13436,14445,8666,4021,40568,867,771,1077,2715,43283
29-05-2015,19,13317,14241,8602,3760,39920,839,764,1073,2676,42596
29-05-2015,20,13113,13911,8353,3532,38909,811,732,1057,2600,41509
29-05-2015,21,12910,13493,8262,3401,38066,790,728,1048,2566,40632
29-05-2015,22,12770,13158,8188,3296,37412,767,694,966,2427,39839
29-05-2015,23,12444,12458,7761,3052,35715,711,624,869,2204,37919
30-05-2015,0,12069,12098,7331,2853,34351,675,576,806,2057,36408
30-05-2015,1,11662,11823,7127,2703,33315,646,551,774,1971,35286
30-05-2015,2,11478,11541,6988,2622,32629,626,533,752,1911,34540
30-05-2015,3,11392,11477,6865,2595,32329,597,509,724,1830,34159
30-05-2015,4,11323,11456,6911,2552,32242,597,512,716,1825,34067
30-05-2015,5,11343,11330,7179,2584,32436,630,547,768,1945,34381
30-05-2015,6,11610,11594,7504,2701,33409,682,618,864,2164,35573
30-05-2015,7,12052,12025,7725,2982,34784,751,698,962,2411,37195
30-05-2015,8,12684,12829,7883,3300,36696,797,754,1032,2583,39279
30-05-2015,9,13207,13599,7998,3525,38329,815,772,1057,2644,40973
30-05-2015,10,13577,13930,8051,3619,39177,815,770,1045,2630,41807
30-05-2015,11,13573,14153,8059,3578,39363,806,756,1037,2599,41962
30-05-2015,12,13446,14117,8035,3493,39091,799,752,1031,2582,41673
30-05-2015,13,13297,14139,7866,3434,38736,788,753,1013,2554,41290
30-05-2015,14,13169,14040,7898,3376,38483,778,750,992,2520,41003
30-05-2015,15,13043,13825,7938,3252,38058,771,739,983,2493,40551
30-05-2015,16,13065,13734,7953,3125,37877,766,731,988,2485,40362
30-05-2015,17,13288,13936,7894,3567,38685,766,733,992,2491,41176
30-05-2015,18,13158,13839,7889,3592,38478,765,740,988,2493,40971
30-05-2015,19,13043,13707,7907,3393,38050,756,738,970,2464,40514
30-05-2015,20,12817,13532,7741,3247,37337,753,719,973,2445,39782
30-05-2015,21,12577,13461,7837,3110,36985,749,698,976,2423,39408
30-05-2015,22,12460,13208,7949,3083,36700,716,664,903,2283,38983
30-05-2015,23,12257,12693,7574,2905,35429,666,599,815,2080,37509
31-05-2015,0,12251,12051,7185,2727,34214,629,557,757,1943,36157
31-05-2015,1,11642,11767,6932,2608,32949,606,539,728,1873,34822
31-05-2015,2,11467,11510,6752,2558,32287,578,527,711,1816,34103
31-05-2015,3,11403,11388,6565,2508,31864,555,502,686,1743,33607
31-05-2015,4,11335,11215,6496,2467,31513,557,508,682,1747,33260
31-05-2015,5,11265,11424,6684,2448,31821,582,531,724,1837,33658
31-05-2015,6,11402,11755,6820,2503,32480,626,586,797,2009,34489
31-05-2015,7,11464,12096,7078,2739,33377,693,649,887,2229,35606
31-05-2015,8,11902,12680,7411,3030,35023,754,706,963,2423,37446
31-05-2015,9,12200,13239,7559,3249,36247,780,732,995,2507,38754
31-05-2015,10,12497,13696,7709,3342,37244,784,734,995,2513,39757
31-05-2015,11,12639,13709,7837,3393,37578,778,730,981,2489,40067
31-05-2015,12,12569,13703,7742,3341,37355,782,730,968,2480,39835
31-05-2015,13,12460,13670,7689,3321,37140,778,727,955,2460,39600
31-05-2015,14,12331,13321,7716,3322,36690,774,710,945,2429,39119
31-05-2015,15,12246,13256,7769,3298,36569,780,708,941,2429,38998
31-05-2015,16,12159,13319,7812,3398,36688,797,699,953,2449,39137
31-05-2015,17,12224,13617,7874,3758,37473,791,707,974,2472,39945
31-05-2015,18,12377,13553,8032,3739,37701,803,714,993,2510,40211
31-05-2015,19,12484,13720,8044,3624,37872,790,718,1003,2511,40383
31-05-2015,20,12547,13799,7835,3471,37652,767,706,997,2470,40122
31-05-2015,21,12510,13574,8052,3323,37459,747,695,992,2434,39893
31-05-2015,22,12352,13345,8142,3163,37002,732,657,892,2281,39283
31-05-2015,23,11941,12699,7820,2944,35404,670,600,789,2059,37463
01-06-2015,0,11528,12047,7397,2751,33723,631,545,728,1904,35627
01-06-2015,1,11336,11701,7165,2679,32881,612,521,699,1832,34713
01-06-2015,2,11150,11619,7013,2630,32412,593,508,693,1794,34206
01-06-2015,3,11136,11612,6867,2668,32283,572,489,677,1738,34021
01-06-2015,4,11178,11568,7124,2684,32554,599,511,713,1823,34377
01-06-2015,5,11356,12355,8025,2840,34576,710,611,897,2218,36794
01-06-2015,6,12702,13771,8672,3385,38530,839,726,1066,2631,41161
01-06-2015,7,14129,15354,8947,3987,42417,952,843,1184,2979,45396
01-06-2015,8,14326,15900,9089,4282,43597,994,904,1222,3120,46717
01-06-2015,9,14284,16020,9208,4336,43848,993,909,1214,3116,46964
01-06-2015,10,14376,15971,9289,4454,44090,990,900,1209,3099,47189
01-06-2015,11,14266,16027,9270,4477,44040,977,873,1198,3048,47088
01-06-2015,12,14188,16063,9166,4400,43817,1001,901,1221,3123,46940
01-06-2015,13,14020,15908,9077,4364,43369,986,894,1212,3092,46461
01-06-2015,14,14097,15936,9039,4283,43355,977,884,1202,3063,46418
01-06-2015,15,14051,15662,8950,4102,42765,946,871,1171,2988,45753
01-06-2015,16,13823,15233,8799,4023,41878,920,844,1148,2912,44790
01-06-2015,17,13630,15054,8762,4234,41680,903,833,1144,2880,44560
01-06-2015,18,13460,14844,8821,4124,41249,886,819,1139,2844,44093
01-06-2015,19,13424,14841,8755,3913,40933,872,810,1111,2793,43726
01-06-2015,20,13593,14577,8371,3694,40235,842,796,1078,2716,42951
01-06-2015,21,13412,14395,8398,3511,39716,810,765,1050,2625,42341
01-06-2015,22,13213,13918,8338,3436,38905,756,691,930,2377,41282
01-06-2015,23,12748,13088,7918,3145,36899,696,617,841,2154,39053
02-06-2015,0,12108,12568,7581,2888,35145,661,572,793,2026,37171
02-06-2015,1,11801,12396,7368,2742,34307,641,553,770,1964,36271
02-06-2015,2,11673,12224,7213,2663,33773,633,540,762,1935,35708
02-06-2015,3,11586,12065,7107,2676,33434,613,523,749,1885,35319
02-06-2015,4,11604,12098,7376,2707,33785,627,535,777,1939,35724
02-06-2015,5,11865,12552,8210,2924,35551,731,630,932,2293,37844
02-06-2015,6,13196,14123,8764,3483,39566,850,751,1077,2678,42244
02-06-2015,7,14709,16032,8861,4093,43695,958,819,1201,2978,46673
02-06-2015,8,15232,16322,9044,4352,44950,989,869,1247,3105,48055
02-06-2015,9,15227,16411,9107,4442,45187,975,928,1253,3156,48343
02-06-2015,10,14940,16146,9162,4594,44842,968,928,1250,3146,47988
02-06-2015,11,14676,15975,9130,4627,44408,957,898,1263,3118,47526
02-06-2015,12,14519,15767,9044,4589,43919,992,924,1257,3173,47092
02-06-2015,13,14646,15750,8987,4620,44003,989,923,1246,3158,47161
02-06-2015,14,14659,15673,8943,4522,43797,984,911,1213,3108,46905
02-06-2015,15,14597,15876,8847,4402,43722,955,883,1179,3017,46739
02-06-2015,16,14471,15633,8863,4327,43294,924,845,1174,2943,46237
02-06-2015,17,14275,15636,8791,4513,43215,914,834,1138,2886,46101
02-06-2015,18,14132,15517,8816,4351,42816,892,806,1118,2816,45632
02-06-2015,19,13897,15366,8834,4144,42241,872,793,1103,2768,45009
02-06-2015,20,13837,15231,8613,3891,41572,841,768,1102,2711,44283
02-06-2015,21,13624,14761,8504,3744,40633,808,750,1067,2625,43258
02-06-2015,22,13323,13913,8412,3509,39157,773,700,953,2426,41583
02-06-2015,23,13167,13295,7925,3204,37591,702,619,852,2173,39764
03-06-2015,0,12418,12651,7507,2940,35516,669,566,787,2022,37538
03-06-2015,1,11974,12443,7319,2838,34574,648,538,760,1946,36520
03-06-2015,2,11703,12373,7234,2779,34089,634,522,752,1908,35997
03-06-2015,3,11600,12135,7183,2779,33697,614,504,735,1853,35550
03-06-2015,4,11598,11969,7427,2782,33776,628,520,767,1915,35691
03-06-2015,5,11889,12512,8187,2949,35537,735,616,930,2281,37818
03-06-2015,6,12922,14260,8783,3464,39429,862,747,1094,2703,42132
03-06-2015,7,14272,15614,9083,4046,43015,974,859,1212,3045,46060
03-06-2015,8,14588,16252,9276,4336,44452,1014,912,1278,3204,47656
03-06-2015,9,14510,16428,9248,4395,44581,1018,927,1281,3226,47807
03-06-2015,10,14391,16470,9366,4471,44698,1019,921,1262,3202,47900
03-06-2015,11,14326,16301,9336,4435,44398,1003,894,1253,3150,47548
03-06-2015,12,14199,16269,9282,4411,44161,1002,921,1260,3183,47344
03-06-2015,13,13971,16047,9123,4430,43571,978,918,1260,3156,46727
03-06-2015,14,13898,15856,8910,4315,42979,974,901,1247,3122,46101
03-06-2015,15,13757,15893,8714,4082,42446,950,879,1206,3035,45481
03-06-2015,16,13761,15657,8724,4036,42178,933,850,1172,2955,45133
03-06-2015,17,13472,15587,8825,4200,42084,910,827,1144,2881,44965
03-06-2015,18,13281,15130,8720,4077,41208,889,801,1120,2810,44018
03-06-2015,19,13267,14975,8805,3831,40878,867,783,1092,2742,43620
03-06-2015,20,13139,14674,8471,3645,39929,836,762,1077,2675,42604
03-06-2015,21,13196,14297,8431,3476,39400,810,738,1020,2568,41968
03-06-2015,22,12990,13886,8445,3356,38677,772,680,917,2369,41046
03-06-2015,23,12534,13207,8020,3114,36875,708,603,822,2133,39008
04-06-2015,0,12033,12689,7647,2838,35207,670,549,771,1990,37197
04-06-2015,1,11716,12378,7426,2710,34230,650,530,752,1932,36162
04-06-2015,2,11609,12249,7223,2678,33759,628,516,744,1888,35647
04-06-2015,3,11616,12253,7103,2705,33677,611,492,724,1827,35504
04-06-2015,4,11620,12176,7406,2726,33928,631,511,756,1898,35826
04-06-2015,5,11912,12763,8159,2885,35719,730,609,916,2255,37974
04-06-2015,6,13008,14140,8674,3433,39255,855,737,1081,2673,41928
04-06-2015,7,14275,15429,8983,4035,42722,964,851,1184,2999,45721
04-06-2015,8,14554,15760,9011,4275,43600,1004,906,1225,3135,46735
04-06-2015,9,14469,15677,8979,4303,43428,1001,914,1228,3143,46571
04-06-2015,10,14348,15610,9047,4421,43426,1002,910,1218,3130,46556
04-06-2015,11,14189,15580,9110,4368,43247,988,881,1190,3059,46306
04-06-2015,12,14046,15394,8969,4288,42697,1011,903,1181,3095,45792
04-06-2015,13,14041,15347,8917,4260,42565,1002,899,1179,3080,45645
04-06-2015,14,14028,15131,8858,4116,42133,989,875,1165,3029,45162
04-06-2015,15,13915,14973,8764,3944,41596,962,856,1136,2954,44550
04-06-2015,16,13799,14949,8682,3863,41293,926,822,1117,2865,44158
04-06-2015,17,13579,14558,8588,3966,40691,908,815,1105,2828,43519
04-06-2015,18,13459,14241,8646,3901,40247,879,792,1082,2753,43000
04-06-2015,19,13442,13942,8738,3722,39844,856,778,1049,2683,42527
04-06-2015,20,13344,13854,8417,3529,39144,835,752,1027,2614,41758
04-06-2015,21,13219,13580,8362,3383,38544,801,729,1038,2568,41112
04-06-2015,22,12891,13224,8264,3293,37672,767,687,949,2403,40075
04-06-2015,23,12612,12532,7900,3049,36093,710,619,846,2175,38268
05-06-2015,0,11951,11973,7555,2775,34254,668,570,795,2033,36287
05-06-2015,1,11593,11693,7340,2613,33239,644,547,773,1964,35203
05-06-2015,2,11422,11770,7145,2542,32879,618,527,765,1910,34789
05-06-2015,3,11429,11698,7130,2523,32780,603,503,746,1852,34632
05-06-2015,4,11355,11547,7416,2482,32800,625,518,775,1918,34718
05-06-2015,5,11613,11869,8160,2522,34164,720,617,923,2260,36424
05-06-2015,6,12910,13590,8682,2792,37974,847,739,1047,2633,40607
05-06-2015,7,14238,14894,8863,3158,41153,949,851,1166,2966,44119
05-06-2015,8,14596,15249,8914,3444,42203,977,902,1200,3079,45282
05-06-2015,9,14460,15188,8980,3565,42193,968,911,1195,3074,45267
05-06-2015,10,14276,15281,9000,3631,42188,961,906,1191,3058,45246
05-06-2015,11,14060,14953,8905,3619,41537,956,873,1171,3000,44537
05-06-2015,12,13920,14843,8760,3525,41048,987,893,1179,3059,44107
05-06-2015,13,13720,14365,8664,3436,40185,970,882,1166,3018,43203
05-06-2015,14,13588,13852,8654,3286,39380,954,863,1138,2955,42335
05-06-2015,15,13308,13549,8601,3170,38628,931,852,1102,2885,41513
05-06-2015,16,13125,13456,8631,3234,38446,904,819,1126,2849,41295
05-06-2015,17,12972,13386,8512,3477,38347,873,797,1110,2780,41127
05-06-2015,18,12854,13262,8551,3435,38102,854,780,1097,2731,40833
05-06-2015,19,12731,12962,8541,3270,37504,830,761,1038,2629,40133
05-06-2015,20,12564,12436,8264,3112,36376,806,736,1046,2588,38964
05-06-2015,21,12278,12059,8273,2999,35609,781,720,1038,2539,38148
05-06-2015,22,12257,12084,8271,2978,35590,759,694,970,2423,38013
05-06-2015,23,11937,11540,7923,2791,34191,701,621,869,2191,36382
06-06-2015,0,11382,10955,7607,2561,32505,657,571,804,2032,34537
06-06-2015,1,11163,10880,7338,2402,31783,643,546,774,1963,33746
06-06-2015,2,11050,10632,7140,2348,31170,613,520,754,1887,33057
06-06-2015,3,10858,10235,7055,2353,30501,588,489,720,1797,32298
06-06-2015,4,10735,9888,7126,2331,30080,592,491,718,1801,31881
06-06-2015,5,10793,9920,7329,2331,30373,621,527,770,1918,32291
06-06-2015,6,11069,10262,7540,2471,31342,673,595,865,2133,33475
06-06-2015,7,11427,11014,7832,2757,33030,740,675,960,2375,35405
06-06-2015,8,12151,11948,8003,3093,35195,792,732,995,2519,37714
06-06-2015,9,12629,12359,8115,3302,36405,812,757,1019,2588,38993
06-06-2015,10,13002,12776,8037,3398,37213,810,751,1011,2572,39785
06-06-2015,11,13045,12968,8133,3355,37501,801,736,1016,2553,40054
06-06-2015,12,12637,12729,8111,3332,36809,800,731,1002,2533,39342
06-06-2015,13,12453,12622,8064,3250,36389,782,727,1001,2510,38899
06-06-2015,14,12290,12298,8156,3146,35890,777,718,987,2482,38372
06-06-2015,15,12105,11913,8176,3105,35299,768,709,982,2459,37758
06-06-2015,16,12200,11848,8372,3164,35584,769,697,949,2415,37999
06-06-2015,17,12219,12129,8348,3348,36044,759,688,973,2420,38464
06-06-2015,18,12288,12176,8380,3349,36193,766,685,954,2405,38598
06-06-2015,19,12223,11973,8174,3153,35523,761,687,982,2430,37953
06-06-2015,20,12085,11769,8030,3044,34928,747,674,965,2386,37314
06-06-2015,21,11916,11605,8084,2950,34555,735,667,969,2371,36926
06-06-2015,22,11850,11592,8055,2909,34406,710,647,919,2276,36682
06-06-2015,23,11720,11544,7602,2805,33671,666,584,828,2078,35749
07-06-2015,0,11218,11140,7312,2643,32313,625,537,765,1927,34240
07-06-2015,1,10835,10901,7046,2479,31261,595,523,729,1847,33108
07-06-2015,2,10783,10726,6854,2412,30775,529,502,715,1746,32521
07-06-2015,3,10657,10550,6689,2419,30315,525,476,685,1686,32001
07-06-2015,4,10372,10317,6719,2336,29744,524,475,679,1678,31422
07-06-2015,5,10365,10364,6824,2325,29878,546,505,718,1769,31647
07-06-2015,6,10540,10735,7029,2413,30717,583,555,791,1929,32646
07-06-2015,7,10782,11229,7093,2646,31750,659,624,883,2166,33916
07-06-2015,8,11227,11946,7316,2944,33433,730,690,938,2358,35791
07-06-2015,9,11632,12582,7640,3134,34988,771,722,991,2484,37472
07-06-2015,10,12125,13114,7756,3227,36222,772,725,994,2491,38713
07-06-2015,11,12145,13432,7876,3247,36700,771,718,982,2471,39171
07-06-2015,12,12090,13515,7929,3206,36740,767,711,968,2446,39186
07-06-2015,13,12037,13130,7742,3142,36051,752,698,951,2401,38452
07-06-2015,14,12018,13139,7693,3126,35976,747,687,937,2371,38347
07-06-2015,15,12017,13341,7788,3074,36220,745,680,937,2362,38582
07-06-2015,16,12002,13419,7911,3166,36498,755,688,954,2397,38895
07-06-2015,17,11942,13530,7974,3476,36922,764,692,960,2416,39338
07-06-2015,18,12090,13588,8049,3499,37226,758,696,948,2402,39628
07-06-2015,19,12207,13665,8068,3321,37261,762,703,957,2422,39683
07-06-2015,20,12265,13658,7912,3177,37012,741,694,951,2386,39398
07-06-2015,21,12175,13477,8052,3069,36773,714,669,948,2331,39104
07-06-2015,22,12138,13133,8152,3001,36424,709,642,903,2254,38678
07-06-2015,23,11868,12550,7841,2848,35107,662,569,807,2038,37145
08-06-2015,0,11424,11966,7539,2663,33592,623,523,753,1899,35491
08-06-2015,1,11116,11528,7283,2546,32473,606,505,730,1841,34314
08-06-2015,2,10996,11413,7104,2495,32008,577,493,723,1793,33801
08-06-2015,3,10967,11318,7071,2528,31884,549,474,702,1725,33609
08-06-2015,4,10913,11173,7286,2527,31899,567,493,738,1798,33697
08-06-2015,5,11414,11920,8135,2733,34202,678,592,915,2185,36387
08-06-2015,6,12840,13704,8883,3298,38725,812,724,1047,2583,41308
08-06-2015,7,13978,15617,9128,3929,42652,922,834,1168,2924,45576
08-06-2015,8,14374,16572,9199,4278,44423,969,891,1222,3082,47505
08-06-2015,9,14148,16569,9258,4348,44323,978,899,1235,3112,47435
08-06-2015,10,14090,16357,9270,4447,44164,976,885,1233,3094,47258
08-06-2015,11,13976,16314,9243,4428,43961,962,855,1214,3031,46992
08-06-2015,12,13810,16333,9164,4359,43666,982,884,1234,3100,46766
08-06-2015,13,13784,16077,9166,4359,43386,970,875,1218,3063,46449
08-06-2015,14,13717,16102,9069,4251,43139,962,859,1200,3021,46160
08-06-2015,15,13524,15875,8918,4113,42430,931,842,1162,2935,45365
08-06-2015,16,13355,15304,8881,4038,41578,907,815,1121,2843,44421
08-06-2015,17,13310,15148,8710,4245,41413,883,804,1109,2796,44209
08-06-2015,18,13073,14712,8714,4153,40652,861,785,1099,2745,43397
08-06-2015,19,13002,14590,8769,3925,40286,844,771,1088,2703,42989
08-06-2015,20,12893,14287,8461,3688,39329,813,741,1063,2617,41946
08-06-2015,21,12787,13947,8444,3505,38683,778,713,1030,2521,41204
08-06-2015,22,12680,13696,8354,3393,38123,735,670,982,2387,40510
08-06-2015,23,12213,12908,7980,3158,36259,684,589,880,2153,38412
09-06-2015,0,11555,12151,7550,2911,34167,651,548,825,2024,36191
09-06-2015,1,11294,11912,7424,2783,33413,637,533,802,1972,35385
09-06-2015,2,11107,12016,7251,2719,33093,607,516,785,1908,35001
09-06-2015,3,11097,11948,7189,2712,32946,591,492,765,1848,34794
09-06-2015,4,11093,12065,7385,2704,33247,615,522,795,1932,35179
09-06-2015,5,11632,12442,8161,2865,35100,721,622,952,2295,37395
09-06-2015,6,12735,14064,8813,3402,39014,837,742,1069,2648,41662
09-06-2015,7,13898,15457,9072,4003,42430,943,855,1190,2988,45418
09-06-2015,8,14126,16049,9209,4267,43651,986,904,1230,3120,46771
09-06-2015,9,13983,15806,9245,4323,43357,990,916,1224,3130,46487
09-06-2015,10,13969,15683,9273,4389,43314,971,902,1224,3097,46411
09-06-2015,11,13843,15657,9211,4398,43109,949,873,1207,3029,46138
09-06-2015,12,13814,15982,9089,4324,43209,970,898,1228,3096,46305
09-06-2015,13,13840,15659,9009,4349,42857,952,891,1213,3056,45913
09-06-2015,14,13833,15737,8939,4277,42786,940,874,1198,3012,45798
09-06-2015,15,13676,15223,8757,4093,41749,902,859,1164,2925,44674
09-06-2015,16,13532,14644,8661,4005,40842,873,821,1123,2817,43659
09-06-2015,17,13300,14562,8571,4175,40608,851,806,1110,2767,43375
09-06-2015,18,13084,14158,8647,4067,39956,834,781,1098,2713,42669
09-06-2015,19,13057,14109,8642,3838,39646,819,764,1086,2669,42315
09-06-2015,20,13013,14129,8294,3652,39088,800,739,1060,2599,41687
09-06-2015,21,12850,13940,8277,3458,38525,763,718,1015,2496,41021
09-06-2015,22,12669,13528,8237,3361,37795,725,674,964,2363,40158
09-06-2015,23,12088,12547,7916,3116,35667,669,597,870,2136,37803
10-06-2015,0,11657,11636,7529,2868,33690,637,549,815,2001,35691
10-06-2015,1,11212,11366,7289,2736,32603,619,527,789,1935,34538
10-06-2015,2,10968,11320,7061,2681,32030,597,518,779,1894,33924
10-06-2015,3,10882,11471,7018,2691,32062,577,494,757,1828,33890
10-06-2015,4,10733,11332,7295,2689,32049,596,518,790,1904,33953
10-06-2015,5,11020,11871,8073,2842,33806,703,615,948,2266,36072
10-06-2015,6,12194,13719,8633,3385,37931,816,740,1066,2622,40553
10-06-2015,7,13601,15324,9028,4017,41970,915,858,1177,2950,44920
10-06-2015,8,14114,15750,9105,4282,43251,953,908,1221,3082,46333
10-06-2015,9,14027,15556,9104,4348,43035,954,924,1221,3099,46134
10-06-2015,10,13806,15803,9097,4425,43131,954,909,1216,3079,46210
10-06-2015,11,13842,15599,9105,4409,42955,942,882,1200,3024,45979
10-06-2015,12,13782,15665,9075,4334,42856,961,902,1216,3079,45935
10-06-2015,13,13779,15605,8962,4314,42660,950,891,1207,3048,45708
10-06-2015,14,13680,15541,8680,4196,42097,938,879,1188,3005,45102
10-06-2015,15,13515,14945,8633,4089,41182,909,859,1158,2926,44108
10-06-2015,16,13272,14736,8631,3970,40609,881,823,1168,2872,43481
10-06-2015,17,13100,14573,8600,4094,40367,863,815,1154,2832,43199
10-06-2015,18,12923,14125,8688,3963,39699,845,798,1145,2788,42487
10-06-2015,19,12843,13908,8699,3764,39214,823,782,1089,2694,41908
10-06-2015,20,12841,13881,8296,3589,38607,798,758,1077,2633,41240
10-06-2015,21,12627,13318,8214,3405,37564,773,731,1064,2568,40132
10-06-2015,22,12340,13058,8216,3313,36927,730,688,981,2399,39326
10-06-2015,23,11907,12496,7780,3045,35228,673,600,862,2135,37363
11-06-2015,0,11239,11882,7468,2831,33420,638,543,807,1988,35408
11-06-2015,1,10998,11432,7212,2702,32344,617,523,773,1913,34257
11-06-2015,2,10846,11488,7111,2609,32054,598,511,756,1865,33919
11-06-2015,3,10815,11473,7037,2603,31928,576,491,730,1797,33725
11-06-2015,4,10616,11283,7265,2610,31774,596,514,762,1872,33646
11-06-2015,5,10910,11970,7969,2784,33633,696,613,925,2234,35867
11-06-2015,6,11938,13684,8477,3366,37465,816,735,1091,2642,40107
11-06-2015,7,13253,15177,8849,3981,41260,915,859,1211,2985,44245
11-06-2015,8,13574,15454,9175,4276,42479,938,909,1240,3087,45566
11-06-2015,9,13486,15630,9267,4748,43131,941,922,1205,3068,46199
11-06-2015,10,13448,15519,9237,4454,42658,950,917,1211,3078,45736
11-06-2015,11,13441,15477,9231,4455,42604,935,891,1218,3044,45648
11-06-2015,12,13310,15421,9179,4395,42305,967,911,1199,3077,45382
11-06-2015,13,13305,15467,9068,4523,42363,954,913,1189,3056,45419
11-06-2015,14,13319,15509,8880,4293,42001,945,895,1182,3022,45023
11-06-2015,15,13245,15186,8860,4140,41431,922,869,1153,2944,44375
11-06-2015,16,13070,15118,8840,4042,41070,897,841,1116,2854,43924
11-06-2015,17,12819,14914,8735,4153,40621,869,830,1110,2809,43430
11-06-2015,18,12724,14447,8873,4041,40085,847,801,1102,2750,42835
11-06-2015,19,12669,14105,8915,3822,39511,826,788,1089,2703,42214
11-06-2015,20,12508,14077,8602,3628,38815,801,768,1107,2676,41491
11-06-2015,21,12559,13740,8480,3458,38237,764,738,1080,2582,40819
11-06-2015,22,12161,13128,8521,3358,37168,727,690,1001,2418,39586
11-06-2015,23,11835,12466,8148,3116,35565,672,610,898,2180,37745
12-06-2015,0,11376,11797,7792,2866,33831,639,564,844,2047,35878
12-06-2015,1,10995,11441,7563,2743,32742,616,544,814,1974,34716
12-06-2015,2,10837,11423,7386,2679,32325,583,521,798,1902,34227
12-06-2015,3,10729,11281,7325,2657,31992,573,500,777,1850,33842
12-06-2015,4,10650,11382,7586,2640,32258,595,522,807,1924,34182
12-06-2015,5,10924,11800,8389,2829,33942,697,621,962,2280,36222
12-06-2015,6,12148,13324,8982,3347,37801,812,747,1119,2678,40479
12-06-2015,7,13431,15084,9300,3951,41766,914,860,1245,3019,44785
12-06-2015,8,14089,15492,9429,4260,43270,960,908,1284,3152,46422
12-06-2015,9,13950,15579,9441,4335,43305,968,912,1286,3166,46471
12-06-2015,10,13929,15559,9401,4415,43304,966,905,1288,3159,46463
12-06-2015,11,13767,15232,9353,4372,42724,952,881,1274,3107,45831
12-06-2015,12,13425,15119,9202,4230,41976,973,905,1284,3162,45138
12-06-2015,13,13380,14867,9119,4130,41496,956,912,1269,3137,44633
12-06-2015,14,13205,14670,8973,3942,40790,945,884,1244,3073,43863
12-06-2015,15,13095,14242,8809,3775,39921,916,871,1203,2990,42911
12-06-2015,16,12748,14115,8722,3733,39318,883,844,1174,2901,42219
12-06-2015,17,12677,14102,8637,3798,39214,854,830,1156,2840,42054
12-06-2015,18,12562,13694,8655,3729,38640,827,801,1141,2769,41409
12-06-2015,19,12457,13328,8575,3520,37880,807,782,1118,2707,40587
12-06-2015,20,12211,12980,8292,3335,36818,771,748,1080,2599,39417
12-06-2015,21,11937,12658,8277,3202,36074,733,723,1054,2510,38584
12-06-2015,22,11775,12433,8245,3145,35598,703,698,994,2395,37993
12-06-2015,23,11553,11949,7884,2993,34379,654,631,888,2173,36552
13-06-2015,0,11236,11299,7587,2745,32867,624,572,820,2016,34883
13-06-2015,1,11082,11003,7222,2564,31871,598,539,785,1922,33793
13-06-2015,2,10788,10792,7095,2479,31154,578,520,770,1868,33022
13-06-2015,3,10610,10487,6956,2448,30501,546,495,752,1793,32294
13-06-2015,4,10372,10210,7015,2355,29952,544,510,751,1805,31757
13-06-2015,5,10457,10425,7217,2364,30463,589,546,803,1938,32401
13-06-2015,6,10670,10891,7474,2537,31572,633,608,890,2131,33703
13-06-2015,7,11048,11474,7703,2855,33080,712,689,985,2386,35466
13-06-2015,8,11797,12225,7987,3202,35211,773,751,1060,2584,37795
13-06-2015,9,12332,12760,8072,3415,36579,788,773,1098,2659,39238
13-06-2015,10,12569,12959,8131,3536,37195,796,773,1104,2673,39868
13-06-2015,11,12579,13079,8104,3536,37298,794,767,1096,2657,39955
13-06-2015,12,12455,13023,8038,3478,36994,787,767,1082,2636,39630
13-06-2015,13,12232,12959,7925,3440,36556,779,758,1058,2595,39151
13-06-2015,14,12108,12848,8021,3394,36371,765,747,1034,2546,38917
13-06-2015,15,12032,12713,7992,3358,36095,753,740,1026,2519,38614
13-06-2015,16,12024,12468,8069,3384,35945,748,729,1023,2500,38445
13-06-2015,17,12216,12675,8058,3643,36592,736,717,1023,2476,39068
13-06-2015,18,12335,12763,8186,3687,36971,736,711,1019,2466,39437
13-06-2015,19,12162,12485,8108,3480,36235,724,707,1010,2441,38676
13-06-2015,20,11953,12323,7869,3262,35407,702,691,990,2383,37790
13-06-2015,21,11752,12198,8017,3122,35089,683,676,975,2334,37423
13-06-2015,22,11595,12096,8059,2988,34738,672,660,944,2276,37014
13-06-2015,23,11490,11614,7760,2813,33677,640,596,855,2091,35768
14-06-2015,0,11077,11097,7459,2594,32227,612,546,793,1951,34178
14-06-2015,1,10863,10707,7201,2426,31197,595,525,759,1879,33076
14-06-2015,2,10646,10622,7015,2353,30636,562,497,739,1798,32434
14-06-2015,3,10507,10452,6831,2305,30095,538,476,696,1710,31805
14-06-2015,4,10358,10121,6857,2288,29624,544,484,687,1715,31339
14-06-2015,5,10343,10030,6935,2250,29558,570,511,730,1811,31369
14-06-2015,6,10538,10388,7079,2368,30373,590,562,800,1952,32325
14-06-2015,7,10730,10783,7310,2646,31469,655,638,904,2197,33666
14-06-2015,8,11163,11478,7577,2952,33170,710,707,988,2405,35575
14-06-2015,9,11654,12159,7766,3148,34727,744,739,1039,2522,37249
14-06-2015,10,12076,12823,7934,3295,36128,752,743,1052,2547,38675
14-06-2015,11,12154,13483,8015,3290,36942,758,741,1060,2559,39501
14-06-2015,12,12108,13438,7899,3273,36718,767,737,1036,2540,39258
14-06-2015,13,12015,13508,7925,3235,36683,765,738,1018,2521,39204
14-06-2015,14,11844,13029,8019,3199,36091,757,726,1002,2485,38576
14-06-2015,15,11892,12916,8082,3150,36040,762,722,1005,2489,38529
14-06-2015,16,11938,12809,8166,3208,36121,768,720,1001,2489,38610
14-06-2015,17,12081,12772,8201,3485,36539,770,723,1010,2503,39042
14-06-2015,18,12230,13348,8279,3541,37398,777,728,1019,2524,39922
14-06-2015,19,12266,12979,8325,3362,36932,774,737,1029,2540,39472
14-06-2015,20,12311,13030,8090,3206,36637,744,725,1015,2484,39121
14-06-2015,21,12268,12601,8208,3070,36147,717,686,996,2399,38546
14-06-2015,22,12099,12145,8259,2993,35496,685,640,931,2256,37752
14-06-2015,23,11798,11662,7879,2804,34143,648,569,829,2046,36189
15-06-2015,0,11452,11601,7509,2623,33185,625,530,773,1928,35113
15-06-2015,1,11189,11651,7293,2519,32652,609,505,744,1858,34510
15-06-2015,2,11042,11537,7173,2486,32238,572,491,729,1792,34030
15-06-2015,3,10980,11456,7113,2509,32058,552,476,705,1733,33791
15-06-2015,4,11056,11353,7318,2478,32205,574,495,746,1815,34020
15-06-2015,5,11452,11983,8151,2655,34241,682,588,910,2180,36421
15-06-2015,6,12606,13692,8792,3236,38326,795,696,1070,2561,40887
15-06-2015,7,14055,15129,9164,3886,42234,908,827,1189,2924,45158
15-06-2015,8,14461,15612,9308,4190,43571,958,887,1245,3090,46661
15-06-2015,9,14297,15490,9287,4266,43340,969,904,1252,3125,46465
15-06-2015,10,14225,15618,9321,4353,43517,971,904,1249,3124,46641
15-06-2015,11,14100,15672,9374,4344,43490,962,868,1233,3063,46553
15-06-2015,12,14025,15634,9309,4272,43240,987,884,1252,3123,46363
15-06-2015,13,13900,15754,9250,4288,43192,974,878,1239,3091,46283
15-06-2015,14,13796,15736,9121,4213,42866,965,863,1222,3050,45916
15-06-2015,15,13784,15465,8962,4043,42254,938,849,1184,2971,45225
15-06-2015,16,13575,15225,8883,3948,41631,901,817,1147,2865,44496
15-06-2015,17,13267,15047,8722,4181,41217,873,808,1136,2817,44034
15-06-2015,18,13035,14757,8716,4061,40569,851,786,1126,2763,43332
15-06-2015,19,13032,14642,8708,3846,40228,832,781,1104,2717,42945
15-06-2015,20,12868,14379,8389,3616,39252,801,755,1080,2636,41888
15-06-2015,21,12852,13973,8310,3445,38580,747,719,1042,2508,41088
15-06-2015,22,12604,13450,8255,3306,37615,705,678,957,2340,39955
15-06-2015,23,12289,13019,7873,3072,36253,659,596,861,2116,38369
16-06-2015,0,11777,12223,7513,2839,34352,616,550,802,1968,36320
16-06-2015,1,11305,12060,7250,2730,33345,601,526,769,1896,35241
16-06-2015,2,11130,11948,6958,2661,32697,566,506,761,1833,34530
16-06-2015,3,11032,11593,6977,2666,32268,553,488,739,1780,34048
16-06-2015,4,11087,11448,7214,2658,32407,577,515,768,1860,34267
16-06-2015,5,11395,12189,7979,2831,34394,679,614,924,2217,36611
16-06-2015,6,12476,13618,8525,3418,38037,789,731,1085,2605,40642
16-06-2015,7,13880,14867,8850,4024,41621,896,842,1207,2945,44566
16-06-2015,8,14204,15213,8995,4327,42739,934,886,1260,3080,45819
16-06-2015,9,13988,15005,8987,4306,42286,944,902,1257,3103,45389
16-06-2015,10,13911,15570,8994,4406,42881,945,900,1254,3099,45980
16-06-2015,11,13689,15785,9122,4443,43039,932,876,1241,3049,46088
16-06-2015,12,13961,15805,9006,4349,43121,956,900,1256,3112,46233
16-06-2015,13,13743,16025,8944,4356,43068,938,894,1242,3074,46142
16-06-2015,14,13729,15867,8875,4299,42770,932,877,1225,3034,45804
16-06-2015,15,13484,15600,8683,4096,41863,903,864,1195,2962,44825
16-06-2015,16,13270,15341,8624,4007,41242,870,836,1155,2861,44103
16-06-2015,17,13238,15122,8371,4179,40910,851,817,1142,2810,43720
16-06-2015,18,12995,14857,8443,4057,40352,827,792,1125,2744,43096
16-06-2015,19,12865,14500,8585,3826,39776,806,779,1114,2699,42475
16-06-2015,20,12836,14274,8233,3620,38963,778,760,1094,2632,41595
16-06-2015,21,12725,13974,8183,3417,38299,742,721,1058,2521,40820
16-06-2015,22,12534,13643,8035,3314,37526,705,674,976,2355,39881
16-06-2015,23,12189,13095,7573,3062,35919,655,602,874,2131,38050
17-06-2015,0,11559,12335,7267,2824,33985,623,554,821,1998,35983
17-06-2015,1,11314,12114,6915,2695,33038,602,531,788,1921,34959
17-06-2015,2,11186,12038,6684,2630,32538,573,513,775,1861,34399
17-06-2015,3,11192,12353,6660,2650,32855,557,497,753,1807,34662
17-06-2015,4,11189,12548,6829,2635,33201,572,519,781,1872,35073
17-06-2015,5,11332,12795,7689,2813,34629,676,616,937,2229,36858
17-06-2015,6,12438,14249,8224,3388,38299,791,739,1096,2626,40925
17-06-2015,7,13699,15606,8456,4005,41766,892,854,1208,2954,44720
17-06-2015,8,14301,15783,8564,4248,42896,935,907,1243,3085,45981
17-06-2015,9,14244,15911,8584,4257,42996,938,921,1246,3105,46101
17-06-2015,10,14339,16194,8569,4435,43537,945,912,1244,3101,46638
17-06-2015,11,14326,16255,8584,4433,43598,931,877,1240,3048,46646
17-06-2015,12,14344,15964,8539,4350,43197,935,908,1257,3100,46297
17-06-2015,13,14384,16011,8482,4376,43253,925,906,1242,3073,46326
17-06-2015,14,14362,15874,8418,4357,43011,918,886,1229,3033,46044
17-06-2015,15,14241,15698,8258,4228,42425,896,870,1199,2965,45390
17-06-2015,16,14241,15548,8168,4222,42179,866,834,1165,2865,45044
17-06-2015,17,13968,15367,8144,4412,41891,846,820,1152,2818,44709
17-06-2015,18,13627,15090,8143,4234,41094,829,792,1139,2760,43854
17-06-2015,19,13304,15094,8125,4001,40524,808,788,1113,2709,43233
17-06-2015,20,13170,14867,7794,3732,39563,786,771,1095,2652,42215
17-06-2015,21,13028,14478,7788,3540,38834,744,732,1058,2534,41368
17-06-2015,22,12784,13882,7754,3381,37801,704,680,982,2366,40167
17-06-2015,23,12409,13107,7373,3091,35980,646,598,882,2126,38106
18-06-2015,0,11757,12565,6970,2840,34132,604,553,824,1981,36113
18-06-2015,1,11446,12406,6766,2739,33357,579,529,795,1903,35260
18-06-2015,2,11226,12344,6564,2665,32799,559,512,780,1851,34650
18-06-2015,3,11167,12190,6495,2657,32509,540,498,766,1804,34313
18-06-2015,4,11110,11975,6713,2664,32462,562,513,788,1863,34325
18-06-2015,5,11247,12331,7425,2823,33826,674,607,932,2213,36039
18-06-2015,6,12483,13893,8077,3402,37855,778,726,1091,2595,40450
18-06-2015,7,13723,15437,8398,4028,41586,897,846,1214,2957,44543
18-06-2015,8,14198,16474,8541,4293,43506,951,900,1254,3105,46611
18-06-2015,9,14055,16343,8586,4354,43338,958,913,1245,3116,46454
18-06-2015,10,14058,16351,8613,4470,43492,970,913,1273,3156,46648
18-06-2015,11,13910,16369,8568,4446,43293,964,891,1260,3115,46408
18-06-2015,12,13880,16244,8450,4371,42945,991,916,1263,3170,46115
18-06-2015,13,13665,15901,8255,4338,42159,972,907,1281,3160,45319
18-06-2015,14,13728,15559,8180,4256,41723,960,888,1228,3076,44799
18-06-2015,15,13502,15389,8050,4065,41006,945,865,1213,3023,44029
18-06-2015,16,13348,15037,7980,3996,40361,922,830,1170,2922,43283
18-06-2015,17,13332,15208,7957,4177,40674,896,820,1175,2891,43565
18-06-2015,18,13051,15110,8014,4054,40229,875,804,1140,2819,43048
18-06-2015,19,12852,14616,8000,3864,39332,841,803,1115,2759,42091
18-06-2015,20,12740,14031,7671,3698,38140,803,772,1106,2681,40821
18-06-2015,21,12720,13596,7695,3528,37539,761,736,1055,2552,40091
18-06-2015,22,12497,13068,7587,3397,36549,714,683,977,2374,38923
18-06-2015,23,12051,12396,7215,3207,34869,666,607,879,2152,37021
19-06-2015,0,11554,11577,6776,2978,32885,631,559,827,2017,34902
19-06-2015,1,11230,11199,6555,2838,31822,610,540,799,1949,33771
19-06-2015,2,10961,10843,6361,2690,30855,589,521,783,1893,32748
19-06-2015,3,10863,10585,6223,2671,30342,561,511,768,1840,32182
19-06-2015,4,10841,10310,6319,2666,30136,586,531,789,1906,32042
19-06-2015,5,11129,10576,6571,2812,31088,686,628,939,2253,33341
19-06-2015,6,12243,11163,6861,3343,33610,803,742,1097,2642,36252
19-06-2015,7,13677,11881,7073,3972,36603,909,857,1214,2980,39583
19-06-2015,8,14030,12676,7273,4247,38226,947,909,1262,3118,41344
19-06-2015,9,13795,13220,7379,4326,38720,965,914,1275,3154,41874
19-06-2015,10,13846,13499,7501,4438,39284,984,905,1279,3168,42452
19-06-2015,11,13728,13389,7408,4435,38960,969,876,1259,3104,42064
19-06-2015,12,13523,13445,7330,4275,38573,987,891,1281,3159,41732
19-06-2015,13,13261,13024,7308,4154,37747,962,881,1252,3095,40842
19-06-2015,14,13209,12750,7409,3961,37329,947,864,1223,3034,40363
19-06-2015,15,12889,12470,7429,3810,36598,925,845,1187,2957,39555
19-06-2015,16,12776,12534,7409,3803,36522,894,819,1166,2879,39401
19-06-2015,17,12658,12447,7370,3941,36416,863,804,1141,2808,39224
19-06-2015,18,12480,12164,7291,3881,35816,833,781,1119,2733,38549
19-06-2015,19,12370,11956,7112,3634,35072,814,776,1095,2685,37757
19-06-2015,20,12162,11723,6957,3430,34272,772,757,1061,2590,36862
19-06-2015,21,12037,11606,7131,3247,34021,735,727,1023,2485,36506
19-06-2015,22,11843,11583,7227,3156,33809,713,688,960,2361,36170
19-06-2015,23,11662,11337,6929,2990,32918,665,613,876,2154,35072
20-06-2015,0,11241,10992,6697,2756,31686,641,558,817,2016,33702
20-06-2015,1,10995,10875,6454,2604,30928,620,535,789,1944,32872
20-06-2015,2,10798,10667,6240,2517,30222,591,517,771,1879,32101
20-06-2015,3,10591,10436,6078,2483,29588,566,495,747,1808,31396
20-06-2015,4,10421,10133,6037,2417,29008,565,509,740,1814,30822
20-06-2015,5,10468,10079,6147,2418,29112,606,549,793,1948,31060
20-06-2015,6,10662,10429,6241,2589,29921,661,622,879,2162,32083
20-06-2015,7,10998,10852,6394,2878,31122,732,705,971,2408,33530
20-06-2015,8,11732,11149,6553,3213,32647,799,774,1043,2616,35263
20-06-2015,9,12342,11328,6717,3410,33797,824,792,1070,2686,36483
20-06-2015,10,12625,12147,6790,3506,35068,822,797,1076,2695,37763
20-06-2015,11,12651,12280,6869,3529,35329,811,782,1074,2667,37996
20-06-2015,12,12421,12121,6845,3452,34839,814,779,1067,2660,37499
20-06-2015,13,12215,11914,6895,3382,34406,803,766,1041,2610,37016
20-06-2015,14,12023,11815,6844,3293,33975,781,750,1022,2553,36528
20-06-2015,15,11868,11676,6894,3235,33673,764,740,1007,2511,36184
20-06-2015,16,11768,11814,6946,3233,33761,756,728,1000,2484,36245
20-06-2015,17,11862,11841,7015,3403,34121,741,718,999,2458,36579
20-06-2015,18,11860,11903,7046,3399,34208,728,709,992,2429,36637
20-06-2015,19,11796,11899,7005,3266,33966,720,702,981,2403,36369
20-06-2015,20,11699,11767,6881,3090,33437,699,688,970,2357,35794
20-06-2015,21,11507,11694,7035,2976,33212,671,667,961,2299,35511
20-06-2015,22,11407,11745,7019,2955,33126,664,652,920,2236,35362
20-06-2015,23,11325,11730,6750,2867,32672,639,591,839,2069,34741
21-06-2015,0,11003,10771,6525,2687,30986,612,543,781,1936,32922
21-06-2015,1,10793,10498,6270,2527,30088,599,524,751,1874,31962
21-06-2015,2,10659,10458,6062,2495,29674,567,504,735,1806,31480
21-06-2015,3,10527,10376,5948,2472,29323,537,476,708,1721,31044
21-06-2015,4,10378,10150,5929,2415,28872,541,480,701,1722,30594
21-06-2015,5,10324,10190,6095,2429,29038,566,508,738,1812,30850
21-06-2015,6,10470,10387,6201,2584,29642,608,561,805,1974,31616
21-06-2015,7,10657,10701,6322,2822,30502,655,631,866,2152,32654
21-06-2015,8,11050,11372,6526,3130,32078,720,690,966,2376,34454
21-06-2015,9,11499,12103,6718,3288,33608,757,717,1019,2493,36101
21-06-2015,10,11788,12471,6871,3373,34503,761,724,1034,2519,37022
21-06-2015,11,11879,12638,6980,3415,34912,749,717,1033,2499,37411
21-06-2015,12,11798,12587,6943,3391,34719,745,721,1029,2495,37214
21-06-2015,13,11732,12552,6923,3355,34562,744,725,1016,2485,37047
21-06-2015,14,11612,12261,6933,3292,34098,737,722,1002,2461,36559
21-06-2015,15,11564,12164,6938,3237,33903,735,715,999,2449,36352
21-06-2015,16,11587,12273,6946,3264,34070,733,713,997,2443,36513
21-06-2015,17,11596,12627,6979,3553,34755,734,714,1010,2458,37213
21-06-2015,18,11682,12595,6980,3624,34881,736,717,1011,2464,37345
21-06-2015,19,11806,12713,6976,3490,34985,729,713,1015,2457,37442
21-06-2015,20,11849,12562,6908,3361,34680,710,697,1000,2407,37087
21-06-2015,21,11845,12433,7059,3215,34552,693,674,966,2333,36885
21-06-2015,22,11689,12243,7066,3099,34097,675,638,901,2214,36311
21-06-2015,23,11352,12027,6730,2896,33005,630,575,810,2015,35020
22-06-2015,0,10863,11418,6453,2710,31444,590,541,759,1890,33334
22-06-2015,1,10578,11168,6272,2615,30633,575,525,738,1838,32471
22-06-2015,2,10518,11032,6119,2557,30226,555,506,729,1790,32016
22-06-2015,3,10405,10961,6059,2563,29988,536,489,708,1733,31721
22-06-2015,4,10359,10844,6303,2574,30080,543,494,742,1779,31859
22-06-2015,5,10590,11501,7111,2777,31979,607,532,900,2039,34018
22-06-2015,6,11897,12898,7786,3335,35916,679,600,1059,2338,38254
22-06-2015,7,12930,14743,8161,3958,39792,764,680,1191,2635,42427
22-06-2015,8,13421,15240,8369,4246,41276,792,739,1219,2750,44026
22-06-2015,9,13444,15376,8389,4357,41566,808,766,1212,2786,44352
22-06-2015,10,13311,15772,8445,4468,41996,809,761,1213,2783,44779
22-06-2015,11,13346,15885,8486,4446,42163,805,749,1203,2757,44920
22-06-2015,12,13218,15735,8410,4328,41691,799,753,1217,2769,44460
22-06-2015,13,13144,15613,8188,4383,41328,790,740,1230,2760,44088
22-06-2015,14,13071,15551,8131,4298,41051,782,732,1186,2700,43751
22-06-2015,15,12998,15561,7939,4172,40670,755,729,1149,2633,43303
22-06-2015,16,12984,15352,7915,4057,40308,750,729,1101,2580,42888
22-06-2015,17,12807,15070,7920,4236,40033,732,725,1133,2590,42623
22-06-2015,18,12593,14660,7933,4127,39313,715,712,1120,2547,41860
22-06-2015,19,12515,14509,7894,3922,38840,697,698,1089,2484,41324
22-06-2015,20,12497,14220,7680,3700,38097,667,672,1081,2420,40517
22-06-2015,21,12418,13859,7727,3516,37520,644,652,1035,2331,39851
22-06-2015,22,12185,13622,7674,3378,36859,641,641,953,2235,39094
22-06-2015,23,11857,12914,7323,3152,35246,619,569,852,2040,37286
23-06-2015,0,11280,12271,7082,2876,33509,575,522,794,1891,35400
23-06-2015,1,10918,12029,6817,2739,32503,551,501,765,1817,34320
23-06-2015,2,10715,12012,6641,2694,32062,530,480,754,1764,33826
23-06-2015,3,10651,11765,6584,2695,31695,503,454,735,1692,33387
23-06-2015,4,10597,11554,6786,2660,31597,507,460,764,1731,33328
23-06-2015,5,10741,12037,7603,2834,33215,531,495,906,1932,35147
23-06-2015,6,11544,13454,8238,3375,36611,564,552,1058,2174,38785
23-06-2015,7,12731,14849,8457,4000,40037,625,618,1175,2418,42455
23-06-2015,8,13176,15357,8620,4260,41413,676,670,1203,2549,43962
23-06-2015,9,13288,15602,8748,4317,41955,705,705,1219,2629,44584
23-06-2015,10,13229,15772,8748,4423,42172,707,712,1225,2644,44816
23-06-2015,11,13136,15755,8794,4416,42101,704,715,1209,2628,44729
23-06-2015,12,13024,15612,8673,4381,41690,699,712,1213,2624,44314
23-06-2015,13,13255,15536,8664,4424,41879,693,706,1186,2585,44464
23-06-2015,14,13142,15229,8551,4346,41268,694,685,1161,2540,43808
23-06-2015,15,12875,15124,8464,4119,40582,685,673,1136,2494,43076
23-06-2015,16,12668,14876,8439,4013,39996,683,659,1145,2487,42483
23-06-2015,17,12436,14987,8343,4093,39859,665,641,1128,2434,42293
23-06-2015,18,12350,14598,8382,3881,39211,639,623,1105,2367,41578
23-06-2015,19,12426,14401,8393,3531,38751,618,604,1080,2302,41053
23-06-2015,20,12260,14112,8125,3483,37980,603,590,1027,2220,40200
23-06-2015,21,12112,13564,8094,3353,37123,594,587,976,2157,39280
23-06-2015,22,11979,13247,7944,3290,36460,609,592,926,2127,38587
23-06-2015,23,11562,12668,7602,3103,34935,596,565,857,2018,36953
24-06-2015,0,11020,11919,7283,2862,33084,573,534,811,1918,35002
24-06-2015,1,10680,11519,7017,2724,31940,559,503,775,1837,33777
24-06-2015,2,10532,11324,6889,2657,31402,536,482,749,1767,33169
24-06-2015,3,10424,11167,6806,2628,31025,507,450,719,1676,32701
24-06-2015,4,10340,11056,7046,2624,31066,503,445,707,1655,32721
24-06-2015,5,10469,11604,7742,2800,32615,521,461,742,1724,34339
24-06-2015,6,11536,12821,8419,3274,36050,552,480,806,1838,37888
24-06-2015,7,12743,14597,8755,3825,39920,588,521,885,1994,41914
24-06-2015,8,13188,15151,9003,4164,41506,628,564,943,2135,43641
24-06-2015,9,13318,15307,9110,4272,42007,656,591,988,2235,44242
24-06-2015,10,13411,15408,9192,4356,42367,673,611,999,2283,44650
24-06-2015,11,13306,15397,9213,4346,42262,681,616,1000,2297,44559
24-06-2015,12,13356,15373,9106,4264,42099,682,615,996,2293,44392
24-06-2015,13,13192,15339,9000,4287,41818,683,621,979,2283,44101
24-06-2015,14,13212,15171,8933,4094,41410,679,622,966,2267,43677
24-06-2015,15,13022,14983,8744,4090,40839,679,629,962,2270,43109
24-06-2015,16,12936,14459,8678,4027,40100,683,631,963,2277,42377
24-06-2015,17,12734,14738,8626,4230,40328,686,634,976,2296,42624
24-06-2015,18,12642,14557,8735,4109,40043,689,637,979,2305,42348
24-06-2015,19,12657,14387,8692,3865,39601,685,648,980,2313,41914
24-06-2015,20,12548,14159,8382,3663,38752,674,644,967,2285,41037
24-06-2015,21,12370,13939,8332,3543,38184,650,626,943,2219,40403
24-06-2015,22,12149,13961,8261,3356,37727,634,601,896,2131,39858
24-06-2015,23,11843,13426,7833,3124,36226,599,538,810,1947,38173
25-06-2015,0,11202,12867,7451,2943,34463,566,491,761,1818,36281
25-06-2015,1,10870,11691,7065,2815,32441,541,470,734,1745,34186
25-06-2015,2,10660,11653,6828,2753,31894,524,453,721,1698,33592
25-06-2015,3,10636,11571,6869,2719,31795,508,438,705,1651,33446
25-06-2015,4,10606,11393,7095,2708,31802,530,462,732,1724,33526
25-06-2015,5,10571,12068,7889,2843,33371,619,550,887,2056,35427
25-06-2015,6,12098,13462,8484,3350,37394,735,670,1043,2448,39842
25-06-2015,7,13297,14947,8867,3919,41030,846,786,1168,2800,43830
25-06-2015,8,13459,15766,8987,4182,42394,884,839,1192,2915,45309
25-06-2015,9,13543,15899,9063,4293,42798,905,874,1205,2984,45782
25-06-2015,10,13530,16025,9185,4388,43128,916,867,1204,2987,46115
25-06-2015,11,13597,15985,9228,4361,43171,913,821,1187,2921,46092
25-06-2015,12,13639,15889,9128,4311,42967,936,821,1227,2984,45951
25-06-2015,13,13644,15817,9052,4328,42841,928,812,1225,2965,45806
25-06-2015,14,13458,15538,8975,4237,42208,916,815,1206,2937,45145
25-06-2015,15,13345,15455,8820,4068,41688,890,817,1170,2877,44565
25-06-2015,16,13286,14965,8759,4020,41030,863,792,1128,2783,43813
25-06-2015,17,13158,14877,8696,4174,40905,841,788,1110,2739,43644
25-06-2015,18,13168,14623,8717,4092,40600,817,772,1093,2682,43282
25-06-2015,19,12977,14411,8725,3872,39985,793,754,1083,2630,42615
25-06-2015,20,12843,13901,8466,3663,38873,777,728,1068,2573,41446
25-06-2015,21,12756,13615,8410,3467,38248,745,690,1032,2467,40715
25-06-2015,22,12464,13361,8366,3306,37497,714,650,949,2313,39810
25-06-2015,23,12208,12930,7978,3097,36213,665,580,851,2096,38309
26-06-2015,0,11736,12186,7560,2846,34328,629,539,798,1966,36294
26-06-2015,1,11442,11824,7349,2705,33320,606,518,769,1893,35213
26-06-2015,2,11262,11674,7233,2666,32835,585,500,752,1837,34672
26-06-2015,3,11096,11458,7170,2651,32375,571,480,725,1776,34151
26-06-2015,4,10986,11126,7360,2619,32091,672,501,750,1923,34014
26-06-2015,5,11077,11857,8109,2774,33817,770,590,888,2248,36065
26-06-2015,6,12057,13502,8626,3301,37486,862,697,1028,2587,40073
26-06-2015,7,13154,15025,8898,3920,40997,891,798,1127,2816,43813
26-06-2015,8,13610,15602,9047,4181,42440,927,845,1187,2959,45399
26-06-2015,9,13539,15647,9160,4237,42583,921,867,1193,2981,45564
26-06-2015,10,13688,16063,9121,4343,43215,923,881,1185,2989,46204
26-06-2015,11,13678,15832,9080,4320,42910,915,859,1171,2945,45855
26-06-2015,12,13399,15521,9009,4155,42084,934,875,1186,2995,45079
26-06-2015,13,13158,15276,8835,4079,41348,932,873,1165,2970,44318
26-06-2015,14,13082,14931,8733,3926,40672,918,856,1139,2913,43585
26-06-2015,15,12863,14576,8738,3794,39971,878,839,1133,2850,42821
26-06-2015,16,12696,14433,8735,3751,39615,864,811,1112,2787,42402
26-06-2015,17,12571,14282,8621,3883,39357,847,795,1098,2740,42097
26-06-2015,18,12542,13980,8565,3833,38920,821,768,1085,2674,41594
26-06-2015,19,12324,13595,8482,3610,38011,800,753,1057,2610,40621
26-06-2015,20,12220,13106,8289,3399,37014,776,733,1041,2550,39564
26-06-2015,21,11939,12719,8230,3255,36143,737,710,1010,2457,38600
26-06-2015,22,11748,12368,8171,3154,35441,716,677,955,2348,37789
26-06-2015,23,11412,12184,7825,2969,34390,668,617,864,2149,36539
27-06-2015,0,11327,11680,7514,2764,33285,624,563,802,1989,35274
27-06-2015,1,10850,11387,7277,2606,32120,595,535,768,1898,34018
27-06-2015,2,10579,11034,7061,2509,31183,570,513,741,1824,33007
27-06-2015,3,10340,10614,7015,2447,30416,546,489,712,1747,32163
27-06-2015,4,10228,10549,7053,2386,30216,549,509,713,1771,31987
27-06-2015,5,10331,10947,7304,2369,30951,591,576,774,1941,32892
27-06-2015,6,10458,11393,7512,2583,31946,640,662,858,2160,34106
27-06-2015,7,10772,11600,7756,2871,32999,705,758,953,2416,35415
27-06-2015,8,11281,12184,7978,3179,34622,761,823,1021,2605,37227
27-06-2015,9,11844,13005,8155,3406,36410,786,832,1053,2671,39081
27-06-2015,10,12141,13414,8223,3537,37315,790,837,1054,2681,39996
27-06-2015,11,12143,13402,8175,3546,37266,789,823,1050,2662,39928
27-06-2015,12,12066,13316,8133,3490,37005,784,823,1045,2652,39657
27-06-2015,13,11902,13101,8034,3430,36467,768,805,1024,2597,39064
27-06-2015,14,11765,12746,7994,3354,35859,766,785,997,2548,38407
27-06-2015,15,11549,12613,8076,3309,35547,761,771,989,2521,38068
27-06-2015,16,11496,12618,8162,3355,35631,751,756,982,2489,38120
27-06-2015,17,11625,12745,8167,3566,36103,748,749,980,2477,38580
27-06-2015,18,11641,12732,8192,3564,36129,743,736,975,2454,38583
27-06-2015,19,11515,12551,8109,3372,35547,741,721,966,2428,37975
27-06-2015,20,11342,12239,7867,3212,34660,716,698,949,2363,37023
27-06-2015,21,11190,11983,7836,3081,34090,682,674,933,2289,36379
27-06-2015,22,11039,11787,7892,2981,33699,665,654,907,2226,35925
27-06-2015,23,10943,11492,7590,2811,32836,641,595,821,2057,34893
28-06-2015,0,10664,10946,7215,2625,31450,612,547,766,1925,33375
28-06-2015,1,10407,10556,6903,2484,30350,586,518,741,1845,32195
28-06-2015,2,10295,10414,6762,2410,29881,554,495,724,1773,31654
28-06-2015,3,10192,10077,6634,2366,29269,535,476,692,1703,30972
28-06-2015,4,10052,9841,6664,2324,28881,522,483,689,1694,30575
28-06-2015,5,10039,10052,6829,2311,29231,542,508,727,1777,31008
28-06-2015,6,10176,10522,6944,2431,30073,580,557,788,1925,31998
28-06-2015,7,10342,10885,7173,2666,31066,642,632,875,2149,33215
28-06-2015,8,10732,11762,7382,2967,32843,693,699,953,2345,35188
28-06-2015,9,11200,12368,7590,3192,34350,731,732,985,2448,36798
28-06-2015,10,11588,12533,7787,3307,35215,744,738,990,2472,37687
28-06-2015,11,11686,12595,7853,3350,35484,738,728,988,2454,37938
28-06-2015,12,11640,12391,7824,3334,35189,743,724,982,2449,37638
28-06-2015,13,11530,12294,7788,3279,34891,732,713,973,2418,37309
28-06-2015,14,11432,12196,7794,3234,34656,719,706,956,2381,37037
28-06-2015,15,11532,12266,7769,3207,34774,714,703,949,2366,37140
28-06-2015,16,11595,12203,7824,3292,34914,710,703,956,2369,37283
28-06-2015,17,11656,12365,7757,3549,35327,714,710,972,2396,37723
28-06-2015,18,11757,12531,7820,3613,35721,718,707,986,2411,38132
28-06-2015,19,11843,12585,7861,3483,35772,720,714,995,2429,38201
28-06-2015,20,11889,12460,7813,3352,35514,702,707,982,2391,37905
28-06-2015,21,11799,12141,7992,3217,35149,680,683,967,2330,37479
28-06-2015,22,11639,11673,7982,3098,34392,662,655,915,2232,36624
28-06-2015,23,11243,11085,7589,2926,32843,625,584,813,2022,34865
29-06-2015,0,10914,11379,7304,2748,32345,590,544,759,1893,34238
29-06-2015,1,10527,11063,7053,2619,31262,580,523,734,1837,33099
29-06-2015,2,10222,10998,6877,2581,30678,551,508,723,1782,32460
29-06-2015,3,10221,10799,6838,2580,30438,539,495,702,1736,32174
29-06-2015,4,10180,10696,7092,2577,30545,554,508,737,1799,32344
29-06-2015,5,10474,11196,7849,2758,32277,649,596,896,2141,34418
29-06-2015,6,11341,12656,8373,3254,35624,767,714,1044,2525,38149
29-06-2015,7,12601,14308,8741,3855,39505,875,830,1179,2884,42389
29-06-2015,8,13176,15061,8823,4192,41252,927,888,1206,3021,44273
29-06-2015,9,13352,15573,8892,4268,42085,942,907,1221,3070,45155
29-06-2015,10,13451,15650,8966,4389,42456,941,911,1225,3077,45533
29-06-2015,11,13430,15735,8951,4414,42530,935,880,1217,3032,45562
29-06-2015,12,13218,15558,8881,4330,41987,962,904,1234,3100,45087
29-06-2015,13,13192,15535,8829,4340,41896,945,901,1216,3062,44958
29-06-2015,14,13054,15401,8825,4258,41538,934,888,1199,3021,44559
29-06-2015,15,12909,15431,8735,4099,41174,905,877,1158,2940,44114
29-06-2015,16,12788,14853,8677,3983,40301,882,845,1148,2875,43176
29-06-2015,17,12630,14875,8493,4145,40143,859,833,1129,2821,42964
29-06-2015,18,12502,14447,8501,4039,39489,843,812,1112,2767,42256
29-06-2015,19,12458,14170,8531,3817,38976,817,801,1083,2701,41677
29-06-2015,20,12333,13885,8243,3625,38086,799,778,1071,2648,40734
29-06-2015,21,12261,13368,8288,3442,37359,769,744,1031,2544,39903
29-06-2015,22,12029,12949,8216,3312,36506,735,710,948,2393,38899
29-06-2015,23,11607,12533,7878,3096,35114,687,626,859,2172,37286
30-06-2015,0,11067,11543,7561,2871,33042,644,577,776,1997,35039
30-06-2015,1,10786,11049,7320,2742,31897,620,557,779,1956,33853
30-06-2015,2,10606,10838,7189,2678,31311,593,530,763,1886,33197
30-06-2015,3,10453,10627,7047,2684,30811,573,505,747,1825,32636
30-06-2015,4,10351,10553,7162,2652,30718,600,524,772,1896,32614
30-06-2015,5,10553,11085,7873,2779,32290,687,609,912,2208,34498
30-06-2015,6,11442,12579,8442,3288,35751,796,715,1037,2548,38299
30-06-2015,7,12505,14070,8684,3867,39126,886,830,1165,2881,42007
30-06-2015,8,13021,14789,8768,4176,40754,925,884,1214,3023,43777
30-06-2015,9,13129,15089,8855,4266,41339,936,904,1223,3063,44402
30-06-2015,10,13242,15382,8905,4386,41915,938,903,1228,3069,44984
30-06-2015,11,13283,15447,8993,4416,42139,927,879,1215,3021,45160
30-06-2015,12,13178,15088,8936,4341,41543,954,905,1236,3095,44638
30-06-2015,13,13068,15022,8899,4334,41323,953,905,1224,3082,44405
30-06-2015,14,13033,14931,8820,4254,41038,949,883,1207,3039,44077
30-06-2015,15,12996,14820,8710,4081,40607,919,867,1170,2956,43563
30-06-2015,16,12923,14540,8724,3974,40161,898,838,1131,2867,43028
30-06-2015,17,12681,14499,8689,4151,40020,870,823,1116,2809,42829
30-06-2015,18,12564,14101,8752,4104,39521,841,804,1099,2744,42265
30-06-2015,19,12453,14002,8727,3825,39007,820,789,1086,2695,41702
30-06-2015,20,12408,13648,8404,3661,38121,798,773,1059,2630,40751
30-06-2015,21,12185,13413,8363,3503,37464,761,735,1015,2511,39975
30-06-2015,22,11890,13001,8231,3372,36494,724,690,969,2383,38877
30-06-2015,23,11556,12473,7835,3171,35035,668,624,875,2167,37202
01-07-2015,0,11090,11722,7498,2928,33238,630,570,820,2020,35258
01-07-2015,1,10720,11402,7247,2763,32132,612,548,791,1951,34083
01-07-2015,2,10518,11139,7051,2700,31408,588,527,777,1892,33300
01-07-2015,3,10412,10918,6909,2718,30957,571,508,764,1843,32800
01-07-2015,4,10322,10791,7036,2681,30830,592,520,786,1898,32728
01-07-2015,5,10537,11237,7721,2833,32328,671,609,924,2204,34532
01-07-2015,6,11275,12641,8277,3343,35536,787,722,1064,2573,38109
01-07-2015,7,12332,14196,8571,3964,39063,898,839,1160,2897,41960
01-07-2015,8,12864,14987,8678,4312,40841,952,891,1218,3061,43902
01-07-2015,9,12979,15419,8701,4389,41488,962,910,1228,3100,44588
01-07-2015,10,13128,15491,8697,4485,41801,959,903,1227,3089,44890
01-07-2015,11,12972,15423,8700,4455,41550,944,872,1209,3025,44575
01-07-2015,12,12963,15130,8700,4390,41183,962,904,1218,3084,44267
01-07-2015,13,12785,14802,8765,4423,40775,948,907,1203,3058,43833
01-07-2015,14,12841,14616,8720,4305,40482,938,885,1180,3003,43485
01-07-2015,15,12786,14586,8639,4074,40085,909,866,1148,2923,43008
01-07-2015,16,12843,14667,8577,3936,40023,882,837,1144,2863,42886
01-07-2015,17,12697,14278,8505,3984,39464,863,824,1123,2810,42274
01-07-2015,18,12392,13793,8498,3866,38549,835,801,1112,2748,41297
01-07-2015,19,12227,13457,8521,3665,37870,812,781,1102,2695,40565
01-07-2015,20,12104,13022,8229,3612,36967,792,759,1071,2622,39589
01-07-2015,21,11836,12496,8156,3489,35977,757,730,1030,2517,38494
01-07-2015,22,11688,12291,8007,3361,35347,725,704,961,2390,37737
01-07-2015,23,11471,12124,7700,3169,34464,678,621,869,2168,36632
02-07-2015,0,10983,11135,7407,2900,32425,638,570,810,2018,34443
02-07-2015,1,10389,10833,7156,2760,31138,617,547,782,1946,33084
02-07-2015,2,10199,10415,6979,2699,30292,590,528,768,1886,32178
02-07-2015,3,10181,10102,6945,2680,29908,568,507,748,1823,31731
02-07-2015,4,10065,10033,7124,2639,29861,584,517,773,1874,31735
02-07-2015,5,10354,10497,7783,2815,31449,667,604,920,2191,33640
02-07-2015,6,11162,11982,8232,3313,34689,784,724,1040,2548,37237
02-07-2015,7,12045,13569,8463,3897,37974,894,851,1165,2910,40884
02-07-2015,8,12630,14564,8675,4179,40048,945,905,1226,3076,43124
02-07-2015,9,12815,14624,8766,4314,40519,955,927,1232,3114,43633
02-07-2015,10,12928,14815,8787,4440,40970,951,925,1233,3109,44079
02-07-2015,11,12846,14686,8898,4422,40852,939,891,1224,3054,43906
02-07-2015,12,12916,14635,8814,4339,40704,963,916,1242,3121,43825
02-07-2015,13,12933,14560,8766,4367,40626,951,912,1232,3095,43721
02-07-2015,14,12707,14459,8732,4282,40180,943,900,1214,3057,43237
02-07-2015,15,12564,14515,8550,4072,39701,917,885,1188,2990,42691
02-07-2015,16,12439,14233,8539,3944,39155,898,858,1146,2902,42057
02-07-2015,17,12410,14203,8474,3999,39086,875,843,1131,2849,41935
02-07-2015,18,12322,13836,8541,3906,38605,850,811,1113,2774,41379
02-07-2015,19,12255,13399,8553,3743,37950,824,794,1096,2714,40664
02-07-2015,20,12045,13150,8343,3600,37138,807,771,1052,2630,39768
02-07-2015,21,11763,12792,8356,3443,36354,779,744,1018,2541,38895
02-07-2015,22,11528,12134,8272,3327,35261,743,714,992,2449,37710
02-07-2015,23,11262,11387,7912,3155,33716,688,634,894,2216,35932
03-07-2015,0,10703,10979,7509,2938,32129,644,587,829,2060,34189
03-07-2015,1,10416,11049,7275,2801,31541,617,558,796,1971,33512
03-07-2015,2,10220,10643,7010,2760,30633,588,535,778,1901,32534
03-07-2015,3,10056,10678,6945,2738,30417,570,509,761,1840,32257
03-07-2015,4,9811,9991,7196,2693,29691,592,526,789,1907,31598
03-07-2015,5,10092,10300,7921,2830,31143,682,608,929,2219,33362
03-07-2015,6,11116,12111,8446,3330,35003,796,732,1043,2571,37574
03-07-2015,7,12194,13796,8810,3885,38685,902,857,1174,2933,41618
03-07-2015,8,12509,14600,9011,4177,40297,957,919,1230,3106,43403
03-07-2015,9,12604,14861,9134,4287,40886,968,934,1242,3144,44030
03-07-2015,10,12806,15195,9221,4411,41633,968,942,1246,3156,44789
03-07-2015,11,12889,14972,9182,4412,41455,956,919,1236,3111,44566
03-07-2015,12,12597,14594,9041,4309,40541,962,939,1246,3147,43688
03-07-2015,13,12666,14468,8984,4234,40352,934,934,1230,3098,43450
03-07-2015,14,12580,14219,8875,4069,39743,918,920,1202,3040,42783
03-07-2015,15,12394,13863,8774,3940,38971,887,899,1165,2951,41922
03-07-2015,16,12178,13560,8711,3879,38328,861,865,1141,2867,41195
03-07-2015,17,12051,13641,8569,3907,38168,829,841,1124,2794,40962
03-07-2015,18,12005,13502,8531,3823,37861,803,820,1109,2732,40593
03-07-2015,19,11958,13183,8313,3596,37050,783,795,1085,2663,39713
03-07-2015,20,11680,12488,8059,3415,35642,769,773,1045,2587,38229
03-07-2015,21,11525,11653,8068,3289,34535,748,740,1024,2512,37047
03-07-2015,22,11307,11342,8081,3238,33968,722,722,1008,2452,36420
03-07-2015,23,11010,10987,7749,3127,32873,678,643,915,2236,35109
04-07-2015,0,10730,10293,7486,2906,31415,645,588,847,2080,33495
04-07-2015,1,10348,10195,7188,2740,30471,615,558,805,1978,32449
04-07-2015,2,10141,10095,6963,2646,29845,584,534,778,1896,31741
04-07-2015,3,10005,9733,6838,2605,29181,560,505,745,1810,30991
04-07-2015,4,9836,9389,6849,2517,28591,562,514,751,1827,30418
04-07-2015,5,9743,9279,7107,2504,28633,594,564,806,1964,30597
04-07-2015,6,9941,9650,7309,2661,29561,635,620,894,2149,31710
04-07-2015,7,10371,10513,7627,2952,31463,709,707,996,2412,33875
04-07-2015,8,10785,11151,7847,3278,33061,770,768,1061,2599,35660
04-07-2015,9,11261,11901,8023,3487,34672,791,794,1087,2672,37344
04-07-2015,10,11648,12264,8098,3593,35603,795,797,1086,2678,38281
04-07-2015,11,11730,12411,8134,3593,35868,792,797,1077,2666,38534
04-07-2015,12,11603,12366,8091,3542,35602,794,799,1061,2654,38256
04-07-2015,13,11439,12225,8038,3489,35191,786,790,1038,2614,37805
04-07-2015,14,11370,11939,8054,3413,34776,772,774,1016,2562,37338
04-07-2015,15,11270,11955,8060,3368,34653,765,767,1008,2540,37193
04-07-2015,16,11324,11967,8084,3374,34749,757,754,1008,2519,37268
04-07-2015,17,11324,12093,8060,3465,34942,746,746,1014,2506,37448
04-07-2015,18,11290,12066,8037,3455,34848,740,732,1013,2485,37333
04-07-2015,19,11217,12132,7960,3323,34632,725,728,1005,2458,37090
04-07-2015,20,11057,12018,7707,3219,34001,701,707,981,2389,36390
04-07-2015,21,10887,11631,7857,3118,33493,683,688,969,2340,35833
04-07-2015,22,10792,11311,7812,3093,33008,679,688,934,2301,35309
04-07-2015,23,10711,10831,7509,2998,32049,642,624,860,2126,34175
05-07-2015,0,10366,10434,7215,2790,30805,612,570,794,1976,32781
05-07-2015,1,10179,10193,7005,2655,30032,586,546,759,1891,31923
05-07-2015,2,10172,10263,6741,2562,29738,552,528,742,1822,31560
05-07-2015,3,9860,10866,6583,2521,29830,523,503,715,1741,31571
05-07-2015,4,9720,9675,6660,2435,28490,527,507,707,1741,30231
05-07-2015,5,9651,9256,6824,2421,28152,548,539,747,1834,29986
05-07-2015,6,9761,9648,6907,2530,28846,583,588,817,1988,30834
05-07-2015,7,9990,10483,7093,2779,30345,640,654,904,2198,32543
05-07-2015,8,10213,11198,7321,3078,31810,699,717,981,2397,34207
05-07-2015,9,10656,11827,7571,3308,33362,740,756,1004,2500,35862
05-07-2015,10,10888,12215,7784,3439,34326,742,763,1010,2515,36841
05-07-2015,11,11007,12441,7791,3480,34719,741,757,1004,2502,37221
05-07-2015,12,10969,12383,7711,3450,34513,736,756,999,2491,37004
05-07-2015,13,10973,12358,7639,3424,34394,721,752,992,2465,36859
05-07-2015,14,10929,12242,7704,3400,34275,717,743,989,2449,36724
05-07-2015,15,10836,12350,7708,3377,34271,716,735,981,2432,36703
05-07-2015,16,10942,12229,7736,3436,34343,723,734,984,2441,36784
05-07-2015,17,10984,12373,7675,3603,34635,724,734,991,2449,37084
05-07-2015,18,10993,12398,7709,3627,34727,730,733,994,2457,37184
05-07-2015,19,11017,12251,7759,3515,34542,734,737,984,2455,36997
05-07-2015,20,11029,11760,7712,3440,33941,720,728,962,2410,36351
05-07-2015,21,11020,11816,7837,3366,34039,698,706,952,2356,36395
05-07-2015,22,10993,11585,7854,3270,33702,690,673,933,2296,35998
05-07-2015,23,10866,11266,7575,3018,32725,643,602,838,2083,34808
06-07-2015,0,10394,10480,7308,2807,30989,601,553,775,1929,32918
06-07-2015,1,10002,10005,7094,2680,29781,564,534,739,1837,31618
06-07-2015,2,9799,10124,6959,2571,29453,543,519,719,1781,31234
06-07-2015,3,9709,9939,6848,2575,29071,525,501,694,1720,30791
06-07-2015,4,9593,9654,7096,2584,28927,538,512,685,1735,30662
06-07-2015,5,9734,9858,7758,2683,30033,627,602,733,1962,31995
06-07-2015,6,10523,11047,8232,3081,32883,731,717,807,2255,35138
06-07-2015,7,11485,12431,8575,3645,36136,844,841,865,2550,38686
06-07-2015,8,12135,13463,8699,3976,38273,900,915,943,2758,41031
06-07-2015,9,12269,13896,8805,4153,39123,911,941,1005,2857,41980
06-07-2015,10,12585,14456,8788,4287,40116,915,940,1026,2881,42997
06-07-2015,11,12534,14316,8696,4265,39811,913,913,1018,2844,42655
06-07-2015,12,12412,14138,8727,4189,39466,932,939,1022,2893,42359
06-07-2015,13,12375,14171,8692,4224,39462,934,950,1011,2895,42357
06-07-2015,14,12214,14066,8666,4156,39102,928,927,1004,2859,41961
06-07-2015,15,12244,14100,8578,3954,38876,900,917,1011,2828,41704
06-07-2015,16,12109,13964,8507,3865,38445,874,887,999,2760,41205
06-07-2015,17,12053,13706,8439,4017,38215,848,876,986,2710,40925
06-07-2015,18,12011,13701,8500,3939,38151,823,840,974,2637,40788
06-07-2015,19,11952,13522,8480,3761,37715,804,821,958,2583,40298
06-07-2015,20,11842,13097,8202,3569,36710,787,795,943,2525,39235
06-07-2015,21,11668,12480,8231,3426,35805,753,746,927,2426,38231
06-07-2015,22,11410,12362,8138,3305,35215,704,685,874,2263,37478
06-07-2015,23,11009,11706,7745,3096,33556,645,606,792,2043,35599
07-07-2015,0,10534,10933,7398,2879,31744,614,554,737,1905,33649
07-07-2015,1,10421,10911,7161,2761,31254,607,524,714,1845,33099
07-07-2015,2,10239,10694,7121,2709,30763,596,509,711,1816,32579
07-07-2015,3,10158,10598,7080,2674,30510,576,486,693,1755,32265
07-07-2015,4,9925,10389,7194,2647,30155,574,506,718,1798,31953
07-07-2015,5,10171,10618,7838,2763,31390,650,584,864,2098,33488
07-07-2015,6,10812,11787,8314,3204,34117,748,712,1018,2478,36595
07-07-2015,7,11779,12949,8578,3748,37054,847,830,1131,2808,39862
07-07-2015,8,12355,13730,8723,4016,38824,904,857,1165,2926,41750
07-07-2015,9,12763,14157,8819,4204,39943,922,897,1177,2996,42939
07-07-2015,10,12823,14220,8838,4307,40188,928,894,1182,3004,43192
07-07-2015,11,12653,14206,8828,4265,39952,910,870,1163,2943,42895
07-07-2015,12,12589,14164,8818,4234,39805,937,902,1180,3019,42824
07-07-2015,13,12644,14061,8737,4302,39744,936,894,1172,3002,42746
07-07-2015,14,12697,13995,8723,4256,39671,921,877,1157,2955,42626
07-07-2015,15,12723,14118,8644,4113,39598,909,865,1129,2903,42501
07-07-2015,16,12597,13908,8639,4051,39195,889,830,1124,2843,42038
07-07-2015,17,12487,13742,8625,4211,39065,859,808,1120,2787,41852
07-07-2015,18,12369,13460,8656,4192,38677,835,787,1109,2731,41408
07-07-2015,19,12265,13378,8609,3878,38130,821,777,1099,2697,40827
07-07-2015,20,12193,13101,8317,3675,37286,805,745,1083,2633,39919
07-07-2015,21,12078,12806,8284,3524,36692,767,721,1050,2538,39230
07-07-2015,22,11842,12323,8161,3394,35720,716,701,991,2408,38128
07-07-2015,23,11491,11887,7766,3153,34297,647,617,887,2151,36448
08-07-2015,0,11026,11268,7477,2911,32682,613,571,827,2011,34693
08-07-2015,1,10708,11037,7260,2820,31825,592,552,793,1937,33762
08-07-2015,2,10501,10700,7150,2737,31088,574,534,782,1890,32978
08-07-2015,3,10395,10591,6980,2709,30675,552,514,762,1828,32503
08-07-2015,4,10307,10509,7057,2686,30559,577,533,776,1886,32445
08-07-2015,5,10397,10835,7695,2804,31731,658,617,905,2180,33911
08-07-2015,6,11032,11982,8106,3210,34330,764,726,1014,2504,36834
08-07-2015,7,12024,13126,8354,3761,37265,859,843,1156,2858,40123
08-07-2015,8,12580,13750,8489,4053,38872,901,908,1223,3032,41904
08-07-2015,9,12919,14216,8605,4128,39868,923,921,1250,3094,42962
08-07-2015,10,12891,14541,8674,4215,40321,932,924,1244,3100,43421
08-07-2015,11,12956,14711,8671,4234,40572,936,893,1221,3050,43622
08-07-2015,12,12821,14595,8646,4144,40206,966,920,1245,3131,43337
08-07-2015,13,12669,14455,8570,4139,39833,959,915,1241,3115,42948
08-07-2015,14,12590,14367,8572,4097,39626,961,899,1224,3084,42710
08-07-2015,15,12518,14192,8520,3930,39160,939,888,1191,3018,42178
08-07-2015,16,12363,14074,8634,3825,38896,912,872,1159,2943,41839
08-07-2015,17,12221,14080,8651,4004,38956,882,851,1152,2885,41841
08-07-2015,18,12228,13915,8694,3952,38789,848,815,1142,2805,41594
08-07-2015,19,12182,13591,8643,3726,38142,817,801,1088,2706,40848
08-07-2015,20,11898,13108,8351,3512,36869,799,779,1095,2673,39542
08-07-2015,21,11913,12792,8312,3359,36376,772,755,1073,2600,38976
08-07-2015,22,11800,12453,8194,3253,35700,728,708,986,2422,38122
08-07-2015,23,11437,11844,7751,3037,34069,667,626,880,2173,36242
09-07-2015,0,10907,11108,7461,2820,32296,631,578,821,2030,34326
09-07-2015,1,10601,10559,7213,2667,31040,606,553,790,1949,32989
09-07-2015,2,10362,10291,7085,2643,30381,576,535,770,1881,32262
09-07-2015,3,10230,10056,7014,2611,29911,561,517,755,1833,31744
09-07-2015,4,10121,9905,7138,2611,29775,578,533,773,1884,31659
09-07-2015,5,10383,10205,7750,2707,31045,654,611,909,2174,33219
09-07-2015,6,11046,11328,8257,3092,33723,761,727,1035,2523,36246
09-07-2015,7,11883,12474,8519,3643,36519,869,855,1130,2854,39373
09-07-2015,8,12206,13437,8769,3938,38350,920,914,1190,3024,41374
09-07-2015,9,12513,13709,8753,4084,39059,927,931,1198,3056,42115
09-07-2015,10,12824,14342,8835,4207,40208,931,930,1195,3056,43264
09-07-2015,11,12750,14427,8886,4221,40284,896,899,1192,2987,43271
09-07-2015,12,12731,14552,8934,4192,40409,920,922,1210,3052,43461
09-07-2015,13,12639,14296,8857,4216,40008,917,915,1200,3032,43040
09-07-2015,14,12670,14145,8799,4117,39731,900,895,1181,2976,42707
09-07-2015,15,12414,14043,8675,3920,39052,887,878,1152,2917,41969
09-07-2015,16,12299,13729,8629,3845,38502,875,842,1145,2862,41364
09-07-2015,17,12090,13570,8491,3982,38133,845,825,1128,2798,40931
09-07-2015,18,12048,13387,8572,3890,37897,820,804,1120,2744,40641
09-07-2015,19,12064,13223,8584,3650,37521,799,784,1088,2671,40192
09-07-2015,20,11957,12900,8269,3462,36588,772,765,1074,2611,39199
09-07-2015,21,11745,12437,8243,3297,35722,742,739,1043,2524,38246
09-07-2015,22,11534,12192,8233,3161,35120,714,689,960,2363,37483
09-07-2015,23,11300,11534,7842,2975,33651,662,607,858,2127,35778
10-07-2015,0,10785,11004,7417,2723,31929,621,563,795,1979,33908
10-07-2015,1,10481,10774,7165,2603,31023,598,542,760,1900,32923
10-07-2015,2,10363,10785,7038,2531,30717,578,521,747,1846,32563
10-07-2015,3,10259,10816,6977,2523,30575,556,508,738,1802,32377
10-07-2015,4,10154,10675,7176,2509,30514,561,517,758,1836,32350
10-07-2015,5,10366,10869,7792,2604,31631,634,596,889,2119,33750
10-07-2015,6,11161,11878,8298,3016,34353,743,715,1037,2495,36848
10-07-2015,7,12093,13061,8575,3536,37265,849,833,1147,2829,40094
10-07-2015,8,12443,13647,8688,3860,38638,903,887,1196,2986,41624
10-07-2015,9,12730,14143,8796,3968,39637,918,896,1205,3019,42656
10-07-2015,10,12881,14512,8832,4047,40272,922,890,1200,3012,43284
10-07-2015,11,12754,14522,8839,3980,40095,917,861,1182,2960,43055
10-07-2015,12,12583,14493,8751,3875,39702,946,891,1191,3028,42730
10-07-2015,13,12477,14059,8630,3749,38915,935,880,1163,2978,41893
10-07-2015,14,12280,13908,8610,3676,38474,911,859,1135,2905,41379
10-07-2015,15,12141,13866,8535,3608,38150,879,842,1099,2820,40970
10-07-2015,16,11908,13627,8518,3587,37640,854,818,1077,2749,40389
10-07-2015,17,11848,13588,8419,3734,37589,828,802,1075,2705,40294
10-07-2015,18,11833,13221,8411,3688,37153,801,777,1070,2648,39801
10-07-2015,19,11708,12981,8333,3456,36478,777,768,1020,2565,39043
10-07-2015,20,11628,12494,8062,3260,35444,753,754,999,2506,37950
10-07-2015,21,11484,12107,8066,3111,34768,725,718,973,2416,37184
10-07-2015,22,11463,11883,8059,3057,34462,697,672,931,2300,36762
10-07-2015,23,11209,11338,7682,2907,33136,646,597,848,2091,35227
11-07-2015,0,10654,10997,7337,2682,31670,612,553,797,1962,33632
11-07-2015,1,10408,10585,7065,2519,30577,589,532,767,1888,32465
11-07-2015,2,10189,10371,7007,2479,30046,569,513,747,1829,31875
11-07-2015,3,10125,10103,6884,2464,29576,541,491,733,1765,31341
11-07-2015,4,10030,9727,6895,2391,29043,539,492,722,1753,30796
11-07-2015,5,10037,9688,7099,2376,29200,570,527,769,1866,31066
11-07-2015,6,10225,10026,7343,2509,30103,616,589,842,2047,32150
11-07-2015,7,10468,10792,7586,2771,31617,679,671,934,2284,33901
11-07-2015,8,10898,11465,7771,3065,33199,739,741,978,2458,35657
11-07-2015,9,11415,12027,7932,3257,34631,770,771,1010,2551,37182
11-07-2015,10,11685,12339,7980,3357,35361,772,767,1013,2552,37913
11-07-2015,11,11692,12316,7999,3349,35356,765,761,1039,2565,37921
11-07-2015,12,11555,12210,7989,3293,35047,764,757,1033,2554,37601
11-07-2015,13,11427,12097,7907,3260,34691,753,751,972,2476,37167
11-07-2015,14,11369,11887,7921,3199,34376,739,736,981,2456,36832
11-07-2015,15,11258,11753,8026,3159,34196,730,718,966,2414,36610
11-07-2015,16,11265,11816,8090,3175,34346,731,717,935,2383,36729
11-07-2015,17,11314,11914,8064,3352,34644,727,714,932,2373,37017
11-07-2015,18,11308,11872,8068,3372,34620,735,700,962,2397,37017
11-07-2015,19,11260,11802,8008,3243,34313,719,695,970,2384,36697
11-07-2015,20,11160,11546,7809,3101,33616,703,676,958,2337,35953
11-07-2015,21,10986,11368,7932,3007,33293,686,669,948,2303,35596
11-07-2015,22,10849,11375,7976,2936,33136,674,645,881,2200,35336
11-07-2015,23,10691,11095,7621,2781,32188,627,583,810,2020,34208
12-07-2015,0,10466,10545,7311,2595,30917,594,539,754,1887,32804
12-07-2015,1,10193,10304,7083,2470,30050,571,513,726,1810,31860
12-07-2015,2,10064,10135,6951,2400,29550,553,501,714,1768,31318
12-07-2015,3,9927,9955,6813,2364,29059,525,484,699,1708,30767
12-07-2015,4,9743,9686,6780,2308,28517,519,483,681,1683,30200
12-07-2015,5,9700,9556,6939,2289,28484,542,515,719,1776,30260
12-07-2015,6,9816,9658,7085,2392,28951,573,560,781,1914,30865
12-07-2015,7,9976,10083,7238,2606,29903,635,631,862,2128,32031
12-07-2015,8,10286,10686,7421,2857,31250,693,691,934,2318,33568
12-07-2015,9,10687,11408,7688,3074,32857,730,725,978,2433,35290
12-07-2015,10,10996,11822,7889,3191,33898,738,734,992,2464,36362
12-07-2015,11,11111,12114,7929,3225,34379,739,729,989,2457,36836
12-07-2015,12,11086,12179,7911,3196,34372,734,721,949,2404,36776
12-07-2015,13,10984,12128,7842,3166,34120,729,716,954,2399,36519
12-07-2015,14,10976,11949,7859,3119,33903,725,709,923,2357,36260
12-07-2015,15,10958,11978,7846,3095,33877,719,706,964,2389,36266
12-07-2015,16,11019,12005,7883,3147,34054,724,706,967,2397,36451
12-07-2015,17,11031,12214,7854,3382,34481,722,702,981,2405,36886
12-07-2015,18,11134,12098,7943,3432,34607,728,701,948,2377,36984
12-07-2015,19,11109,12045,7975,3291,34420,723,706,977,2406,36826
12-07-2015,20,11069,11884,7859,3163,33975,706,700,967,2373,36348
12-07-2015,21,10981,11748,8010,3057,33796,688,688,964,2340,36136
12-07-2015,22,10909,11522,7936,2973,33340,657,658,900,2215,35555
12-07-2015,23,10771,11094,7596,2781,32242,604,585,810,1999,34241
13-07-2015,0,10401,10511,7388,2590,30890,561,535,758,1854,32744
13-07-2015,1,10080,10312,7171,2484,30047,542,519,735,1796,31843
13-07-2015,2,9869,10160,7068,2429,29526,538,510,723,1771,31297
13-07-2015,3,9791,9981,6957,2423,29152,511,486,714,1711,30863
13-07-2015,4,9715,9876,7120,2433,29144,526,499,732,1757,30901
13-07-2015,5,9871,10153,7712,2513,30249,599,578,869,2046,32295
13-07-2015,6,10508,11035,8146,2882,32571,704,695,986,2385,34956
13-07-2015,7,11419,12208,8369,3359,35355,805,806,1118,2729,38084
13-07-2015,8,11923,12835,8425,3654,36837,867,877,1188,2932,39769
13-07-2015,9,12598,13364,8494,3842,38298,896,897,1204,2997,41295
13-07-2015,10,12755,13643,8607,3959,38964,894,896,1210,3000,41964
13-07-2015,11,12426,13684,8617,3956,38683,885,869,1205,2959,41642
13-07-2015,12,12259,13605,8530,3924,38318,903,889,1227,3019,41337
13-07-2015,13,12291,13247,8472,3920,37930,891,883,1213,2987,40917
13-07-2015,14,12179,13159,8395,3863,37596,882,867,1207,2956,40552
13-07-2015,15,12165,13187,8376,3715,37443,861,852,1167,2880,40323
13-07-2015,16,12220,13267,8310,3650,37447,836,837,1121,2794,40241
13-07-2015,17,12022,13171,8200,3824,37217,810,824,1103,2737,39954
13-07-2015,18,11730,12810,8245,3771,36556,790,798,1085,2673,39229
13-07-2015,19,11658,12641,8247,3586,36132,775,786,1067,2628,38760
13-07-2015,20,11528,12488,8086,3378,35480,757,771,1055,2583,38063
13-07-2015,21,11416,12073,8148,3218,34855,734,746,1018,2498,37353
13-07-2015,22,11246,11900,8098,3142,34386,700,700,964,2364,36750
13-07-2015,23,10938,11338,7746,2922,32944,639,617,871,2127,35071
14-07-2015,0,10485,10585,7443,2701,31214,607,570,818,1995,33209
14-07-2015,1,10157,10236,7272,2567,30232,588,551,792,1931,32163
14-07-2015,2,10002,10140,7184,2503,29829,576,529,779,1884,31713
14-07-2015,3,9928,10026,7065,2492,29511,554,506,769,1829,31340
14-07-2015,4,9903,9842,7209,2507,29461,567,524,781,1872,31333
14-07-2015,5,10083,10013,7738,2584,30418,637,599,909,2145,32563
14-07-2015,6,10833,10787,8204,2942,32766,727,704,1037,2468,35234
14-07-2015,7,11415,11900,8492,3418,35225,826,823,1169,2818,38043
14-07-2015,8,11995,12718,8667,3737,37117,881,885,1238,3004,40121
14-07-2015,9,12401,13022,8718,3905,38046,894,902,1259,3055,41101
14-07-2015,10,12700,13352,8763,4025,38840,895,895,1228,3018,41858
14-07-2015,11,12637,13457,8823,4012,38929,883,871,1209,2963,41892
14-07-2015,12,12376,13342,8824,3936,38478,899,894,1224,3017,41495
14-07-2015,13,12365,13289,8711,3919,38284,893,888,1212,2993,41277
14-07-2015,14,12265,13219,8695,3853,38032,889,871,1191,2951,40983
14-07-2015,15,12125,13300,8619,3765,37809,864,851,1167,2882,40691
14-07-2015,16,11946,13109,8548,3697,37300,840,826,1139,2805,40105
14-07-2015,17,11836,13124,8463,3818,37241,814,809,1129,2752,39993
14-07-2015,18,11734,12975,8499,3774,36982,787,780,1122,2689,39671
14-07-2015,19,11696,12746,8483,3590,36515,765,761,1080,2606,39121
14-07-2015,20,11590,12343,8281,3433,35647,754,737,1076,2567,38214
14-07-2015,21,11379,11941,8231,3325,34876,737,719,1048,2504,37380
14-07-2015,22,11248,11628,8181,3252,34309,706,674,940,2320,36629
14-07-2015,23,10935,11157,7784,3013,32889,645,591,846,2082,34971
15-07-2015,0,10470,10574,7426,2795,31265,604,543,791,1938,33203
15-07-2015,1,10118,10252,7263,2662,30295,580,518,760,1858,32153
15-07-2015,2,9935,10132,7149,2586,29802,570,504,742,1816,31618
15-07-2015,3,9838,10048,7005,2576,29467,542,489,728,1759,31226
15-07-2015,4,9718,9705,7192,2563,29178,557,515,738,1810,30988
15-07-2015,5,9827,9972,7736,2645,30180,632,593,877,2102,32282
15-07-2015,6,10423,11090,8152,3021,32686,730,704,1023,2457,35143
15-07-2015,7,11294,12345,8426,3513,35578,829,825,1148,2802,38380
15-07-2015,8,11980,13052,8636,3782,37450,884,885,1204,2973,40423
15-07-2015,9,12061,13336,8723,3920,38040,897,904,1217,3018,41058
15-07-2015,10,12210,13547,8732,4014,38503,896,897,1219,3012,41515
15-07-2015,11,12189,13721,8742,4015,38667,887,869,1208,2964,41631
15-07-2015,12,12078,13686,8695,3956,38415,896,904,1219,3019,41434
15-07-2015,13,12017,13563,8613,3930,38123,877,895,1206,2978,41101
15-07-2015,14,11983,13365,8569,3859,37776,864,876,1179,2919,40695
15-07-2015,15,11901,13178,8504,3725,37308,833,858,1153,2844,40152
15-07-2015,16,11799,12923,8446,3692,36860,826,835,1110,2771,39631
15-07-2015,17,11610,13036,8388,3833,36867,814,816,1089,2719,39586
15-07-2015,18,11630,12807,8364,3813,36614,791,797,1085,2673,39287
15-07-2015,19,11561,12527,8392,3630,36110,768,781,1054,2603,38713
15-07-2015,20,11450,12376,8166,3439,35431,759,765,1049,2573,38004
15-07-2015,21,11340,12083,8165,3307,34895,739,745,1026,2510,37405
15-07-2015,22,11208,11793,8110,3180,34291,706,694,924,2324,36615
15-07-2015,23,10992,11217,7756,2973,32938,644,610,839,2093,35031
16-07-2015,0,10512,10626,7402,2745,31285,604,558,777,1939,33224
16-07-2015,1,10226,10442,7213,2619,30500,581,538,752,1871,32371
16-07-2015,2,10090,10408,7067,2559,30124,574,531,743,1848,31972
16-07-2015,3,10017,10345,6921,2553,29836,548,511,738,1797,31633
16-07-2015,4,9917,10107,7043,2550,29617,554,526,745,1825,31442
16-07-2015,5,10063,10216,7582,2609,30470,621,606,861,2088,32558
16-07-2015,6,10667,11154,8024,2983,32828,719,714,1014,2447,35275
16-07-2015,7,11378,12254,8339,3460,35431,822,835,1138,2795,38226
16-07-2015,8,11960,12990,8498,3773,37221,883,900,1218,3001,40222
16-07-2015,9,12231,13510,8548,3975,38264,899,916,1243,3058,41322
16-07-2015,10,12499,13778,8604,4032,38913,898,911,1243,3052,41965
16-07-2015,11,12435,13756,8610,4029,38830,885,887,1220,2992,41822
16-07-2015,12,12324,13598,8543,3961,38426,907,909,1233,3049,41475
16-07-2015,13,12275,13432,8486,3944,38137,900,907,1222,3029,41166
16-07-2015,14,12224,13158,8446,3868,37696,896,892,1201,2989,40685
16-07-2015,15,12106,12933,8369,3752,37160,869,872,1169,2910,40070
16-07-2015,16,12023,12745,8338,3669,36775,848,848,1136,2832,39607
16-07-2015,17,11924,12788,8325,3789,36826,824,831,1115,2770,39596
16-07-2015,18,11791,12542,8319,3730,36382,801,803,1104,2708,39090
16-07-2015,19,11763,12227,8360,3563,35913,787,788,1089,2664,38577
16-07-2015,20,11722,11991,8117,3421,35251,767,768,1089,2624,37875
16-07-2015,21,11521,11775,8203,3286,34785,740,748,1074,2562,37347
16-07-2015,22,11478,11409,8130,3221,34238,698,692,970,2360,36598
16-07-2015,23,11239,10818,7709,3003,32769,642,611,878,2131,34900
17-07-2015,0,10885,10075,7382,2760,31102,604,565,825,1994,33096
17-07-2015,1,10510,9684,7204,2636,30034,585,544,794,1923,31957
17-07-2015,2,10316,9425,7130,2566,29437,577,536,778,1891,31328
17-07-2015,3,10283,9374,6950,2521,29128,549,515,767,1831,30959
17-07-2015,4,10222,9263,7086,2506,29077,557,523,778,1858,30935
17-07-2015,5,10279,9531,7621,2529,29960,623,599,898,2120,32080
17-07-2015,6,10748,10670,8034,2875,32327,719,713,1024,2456,34783
17-07-2015,7,11528,11967,8401,3344,35240,831,836,1144,2811,38051
17-07-2015,8,11911,12582,8478,3690,36661,876,891,1202,2969,39630
17-07-2015,9,12271,13164,8493,3847,37775,893,901,1214,3008,40783
17-07-2015,10,12388,13388,8567,3926,38269,901,916,1209,3026,41295
17-07-2015,11,12275,13285,8557,3893,38010,907,886,1186,2979,40989
17-07-2015,12,12186,13067,8491,3814,37558,921,897,1191,3009,40567
17-07-2015,13,11984,12902,8465,3747,37098,898,888,1174,2960,40058
17-07-2015,14,11786,12706,8431,3666,36589,864,861,1149,2874,39463
17-07-2015,15,11651,12423,8385,3550,36009,843,836,1110,2789,38798
17-07-2015,16,11558,12300,8334,3577,35769,820,814,1084,2718,38487
17-07-2015,17,11590,12332,8234,3738,35894,798,797,1091,2686,38580
17-07-2015,18,11610,12237,8208,3690,35745,771,771,1098,2640,38385
17-07-2015,19,11433,12003,8132,3453,35021,747,756,1065,2568,37589
17-07-2015,20,11273,11612,7916,3284,34085,728,734,1063,2525,36610
17-07-2015,21,11144,11339,7879,3165,33527,709,726,1051,2486,36013
17-07-2015,22,11009,11009,7914,3078,33010,688,684,981,2353,35363
17-07-2015,23,10731,10624,7505,2916,31776,640,606,890,2136,33912
18-07-2015,0,10303,10115,7165,2727,30310,598,552,829,1979,32289
18-07-2015,1,10088,9761,6951,2591,29391,580,528,800,1908,31299
18-07-2015,2,9968,9509,6820,2523,28820,565,516,785,1866,30686
18-07-2015,3,9873,9416,6650,2476,28415,535,495,769,1799,30214
18-07-2015,4,9761,9247,6680,2429,28117,530,490,753,1773,29890
18-07-2015,5,9696,9153,6926,2399,28174,557,526,807,1890,30064
18-07-2015,6,9805,9401,7128,2514,28848,599,588,887,2074,30922
18-07-2015,7,10070,10151,7384,2758,30363,658,664,980,2302,32665
18-07-2015,8,10511,10810,7649,3031,32001,718,726,1052,2496,34497
18-07-2015,9,10937,11513,7806,3238,33494,741,758,1078,2577,36071
18-07-2015,10,11194,11933,7876,3319,34322,746,759,1081,2586,36908
18-07-2015,11,11344,12024,7906,3313,34587,744,748,1072,2564,37151
18-07-2015,12,11320,12049,7869,3268,34506,743,745,1068,2556,37062
18-07-2015,13,11129,11791,7832,3243,33995,746,737,1062,2545,36540
18-07-2015,14,11163,11673,7900,3172,33908,737,727,1053,2517,36425
18-07-2015,15,11162,11522,7996,3138,33818,730,721,1051,2502,36320
18-07-2015,16,11108,11457,8140,3166,33871,730,725,1049,2504,36375
18-07-2015,17,11157,11398,8117,3321,33993,727,716,1040,2483,36476
18-07-2015,18,11241,11624,8127,3335,34327,731,707,1035,2473,36800
18-07-2015,19,11168,11295,8007,3186,33656,726,701,1025,2452,36108
18-07-2015,20,11033,11001,7856,3079,32969,714,688,1009,2411,35380
18-07-2015,21,10903,10794,7928,2970,32595,700,675,988,2363,34958
18-07-2015,22,10827,11051,7950,2982,32810,651,641,927,2219,35029
18-07-2015,23,10720,10673,7578,2820,31791,609,578,849,2036,33827
19-07-2015,0,10398,10290,7204,2612,30504,566,538,793,1897,32401
19-07-2015,1,10077,9945,7008,2458,29488,560,518,767,1845,31333
19-07-2015,2,9950,9833,6908,2387,29078,549,501,743,1793,30871
19-07-2015,3,9868,9764,6743,2361,28736,520,482,722,1724,30460
19-07-2015,4,9763,9431,6610,2332,28136,512,475,706,1693,29829
19-07-2015,5,9657,9191,6745,2273,27866,518,500,743,1761,29627
19-07-2015,6,9762,9421,6895,2365,28443,557,543,811,1911,30354
19-07-2015,7,9979,9794,7081,2587,29441,624,615,898,2137,31578
19-07-2015,8,10221,10462,7312,2841,30836,670,677,975,2322,33158
19-07-2015,9,10681,11107,7499,3059,32346,704,708,1003,2415,34761
19-07-2015,10,10925,11557,7724,3165,33371,716,717,1001,2434,35805
19-07-2015,11,11039,11953,7757,3201,33950,700,711,994,2405,36355
19-07-2015,12,11083,12034,7723,3203,34043,694,706,987,2387,36430
19-07-2015,13,11105,12102,7711,3196,34114,683,700,985,2368,36482
19-07-2015,14,11091,11981,7689,3195,33956,677,692,987,2356,36312
19-07-2015,15,11142,11842,7720,3207,33911,672,688,992,2352,36263
19-07-2015,16,11122,11834,7743,3253,33952,672,691,1002,2365,36317
19-07-2015,17,11145,11900,7739,3485,34269,683,692,1018,2393,36662
19-07-2015,18,11194,11947,7772,3492,34405,694,693,1028,2415,36820
19-07-2015,19,11160,11917,7811,3365,34253,701,705,1046,2452,36705
19-07-2015,20,11125,11879,7757,3250,34011,691,708,1054,2453,36464
19-07-2015,21,11070,11638,7919,3143,33770,684,696,1016,2396,36166
19-07-2015,22,11090,11354,7966,3051,33461,647,641,912,2200,35661
19-07-2015,23,10843,10799,7605,2827,32074,600,567,833,2000,34074
20-07-2015,0,10368,9969,7265,2603,30205,560,526,790,1876,32081
20-07-2015,1,10092,9778,7069,2477,29416,547,511,772,1830,31246
20-07-2015,2,9721,9622,7016,2434,28793,533,504,760,1797,30590
20-07-2015,3,9669,9553,6898,2416,28536,515,498,760,1773,30309
20-07-2015,4,9628,9527,7033,2403,28591,521,507,774,1802,30393
20-07-2015,5,9614,9669,7573,2472,29328,591,577,903,2071,31399
20-07-2015,6,10346,10639,7991,2807,31783,684,683,1017,2384,34167
20-07-2015,7,11273,11669,8212,3247,34401,795,803,1160,2758,37159
20-07-2015,8,11794,12646,8385,3570,36395,860,878,1236,2974,39369
20-07-2015,9,12116,13106,8471,3730,37423,876,902,1252,3030,40453
20-07-2015,10,12433,13347,8473,3822,38075,882,902,1239,3023,41098
20-07-2015,11,12277,13381,8468,3825,37951,870,875,1204,2949,40900
20-07-2015,12,12137,13224,8449,3780,37590,896,895,1219,3010,40600
20-07-2015,13,11969,13013,8403,3747,37132,892,882,1200,2974,40106
20-07-2015,14,11884,12768,8328,3686,36666,880,860,1175,2915,39581
20-07-2015,15,12083,12802,8336,3572,36793,859,842,1146,2847,39640
20-07-2015,16,11982,12857,8262,3517,36618,833,813,1111,2757,39375
20-07-2015,17,11798,13363,8182,3676,37019,820,804,1136,2760,39779
20-07-2015,18,11760,12978,8228,3681,36647,790,774,1124,2688,39335
20-07-2015,19,11664,12527,8269,3461,35921,771,758,1068,2597,38518
20-07-2015,20,11544,12081,8050,3243,34918,749,746,1085,2580,37498
20-07-2015,21,11367,11732,8087,3137,34323,731,736,1070,2537,36860
20-07-2015,22,11305,11633,8089,3092,34119,696,672,961,2329,36448
20-07-2015,23,11142,11067,7668,2836,32713,639,590,871,2100,34813
21-07-2015,0,10677,10618,7331,2590,31216,599,552,822,1973,33189
21-07-2015,1,10352,10317,7091,2463,30223,577,532,797,1906,32129
21-07-2015,2,10125,10129,6996,2402,29652,571,521,788,1880,31532
21-07-2015,3,9983,10105,6881,2395,29364,553,506,779,1838,31202
21-07-2015,4,9897,9747,6932,2432,29008,539,512,789,1840,30848
21-07-2015,5,9964,9741,7498,2531,29734,612,588,916,2116,31850
21-07-2015,6,10505,10294,7998,2871,31668,708,707,1068,2483,34151
21-07-2015,7,11306,11260,8315,3323,34204,808,822,1156,2786,36990
21-07-2015,8,11722,12127,8499,3648,35996,854,877,1214,2945,38941
21-07-2015,9,12178,12635,8620,3869,37302,873,897,1219,2989,40291
21-07-2015,10,12445,12972,8642,3944,38003,869,890,1214,2973,40976
21-07-2015,11,12437,13058,8707,3967,38169,855,867,1207,2929,41098
21-07-2015,12,12453,13145,8664,3850,38112,871,890,1223,2984,41096
21-07-2015,13,12245,12982,8596,3804,37627,859,882,1215,2956,40583
21-07-2015,14,12244,12793,8556,3770,37363,848,866,1192,2906,40269
21-07-2015,15,12113,12988,8415,3636,37152,827,856,1163,2846,39998
21-07-2015,16,11961,12766,8418,3589,36734,805,832,1163,2800,39534
21-07-2015,17,11823,12790,8340,3713,36666,782,811,1113,2706,39372
21-07-2015,18,11677,12617,8358,3665,36317,763,792,1101,2656,38973
21-07-2015,19,11681,12385,8386,3456,35908,749,776,1087,2612,38520
21-07-2015,20,11644,12081,8165,3273,35163,733,762,1076,2571,37734
21-07-2015,21,11508,11923,8217,3152,34800,726,749,1083,2558,37358
21-07-2015,22,11407,11846,8131,3117,34501,677,675,981,2333,36834
21-07-2015,23,11090,11171,7697,2877,32835,625,592,871,2088,34923
22-07-2015,0,10497,10386,7363,2634,30880,589,547,806,1942,32822
22-07-2015,1,10162,10188,7133,2484,29967,574,525,779,1878,31845
22-07-2015,2,10024,9993,7042,2422,29481,567,506,770,1843,31324
22-07-2015,3,9980,9925,7002,2412,29319,553,495,772,1820,31139
22-07-2015,4,9904,9866,7078,2412,29260,546,499,784,1829,31089
22-07-2015,5,9910,9957,7607,2477,29951,622,580,916,2118,32069
22-07-2015,6,10483,10959,8004,2800,32246,720,692,1064,2476,34722
22-07-2015,7,11391,12017,8378,3259,35045,833,816,1188,2837,37882
22-07-2015,8,11885,12590,8537,3594,36606,888,877,1200,2965,39571
22-07-2015,9,12127,13056,8693,3771,37647,925,900,1207,3032,40679
22-07-2015,10,12381,13448,8763,3904,38496,912,891,1206,3009,41505
22-07-2015,11,12213,13326,8696,3903,38138,924,863,1188,2975,41113
22-07-2015,12,12076,13480,8754,3851,38161,940,886,1210,3036,41197
22-07-2015,13,12055,13551,8661,3853,38120,926,881,1202,3009,41129
22-07-2015,14,11868,13184,8580,3793,37425,920,859,1186,2965,40390
22-07-2015,15,11871,13017,8489,3675,37052,901,844,1163,2908,39960
22-07-2015,16,11742,12862,8494,3593,36691,873,824,1123,2820,39511
22-07-2015,17,11610,12780,8436,3724,36550,855,809,1113,2777,39327
22-07-2015,18,11499,12545,8430,3643,36117,829,795,1097,2721,38838
22-07-2015,19,11467,12274,8396,3491,35628,813,778,1093,2684,38312
22-07-2015,20,11476,12131,8174,3310,35091,795,762,1120,2677,37768
22-07-2015,21,11437,11924,8122,3232,34715,775,751,1096,2622,37337
22-07-2015,22,11375,11692,8108,3164,34339,732,694,990,2416,36755
22-07-2015,23,11200,11061,7705,2911,32877,671,609,895,2175,35052
23-07-2015,0,10603,10486,7353,2655,31097,624,554,791,1969,33066
23-07-2015,1,10234,10235,7183,2518,30170,608,532,793,1933,32103
23-07-2015,2,9997,9960,7072,2450,29479,602,526,789,1917,31396
23-07-2015,3,9881,9784,6920,2431,29016,0,514,784,1298,30314
23-07-2015,4,9796,9765,7030,2431,29022,0,515,792,1307,30329
23-07-2015,5,9876,9871,7572,2471,29790,0,587,904,1491,31281
23-07-2015,6,10357,10532,7955,2771,31615,0,700,1017,1717,33332
23-07-2015,7,11062,11740,8257,3219,34278,876,825,1146,2847,37125
23-07-2015,8,11593,12463,8468,3573,36097,907,890,1228,3025,39122
23-07-2015,9,12015,12956,8510,3743,37224,925,908,1263,3096,40320
23-07-2015,10,12272,13230,8596,3836,37934,931,913,1287,3131,41065
23-07-2015,11,12313,13160,8664,3834,37971,922,890,1281,3093,41064
23-07-2015,12,12191,13108,8633,3795,37727,936,913,1290,3139,40866
23-07-2015,13,12112,13033,8607,3741,37493,930,908,1248,3086,40579
23-07-2015,14,12038,12936,8522,3670,37166,922,896,1223,3041,40207
23-07-2015,15,11948,12842,8481,3545,36816,904,873,1181,2958,39774
23-07-2015,16,11856,12703,8542,3490,36591,883,845,1138,2866,39457
23-07-2015,17,11765,12593,8438,3655,36451,847,832,1106,2785,39236
23-07-2015,18,11678,12460,8463,3589,36190,811,810,1089,2710,38900
23-07-2015,19,11655,12251,8424,3392,35722,788,796,1076,2660,38382
23-07-2015,20,11527,11990,8155,3230,34902,763,769,1047,2579,37481
23-07-2015,21,11448,11897,8233,3096,34674,734,750,1031,2515,37189
23-07-2015,22,11439,11814,8204,3066,34523,677,694,927,2298,36821
23-07-2015,23,11154,11260,7732,2840,32986,627,618,863,2108,35094
24-07-2015,0,10702,10589,7377,2577,31245,583,570,807,1960,33205
24-07-2015,1,10430,10310,7141,2446,30327,572,548,784,1904,32231
24-07-2015,2,10212,10048,7054,2384,29698,577,542,772,1891,31589
24-07-2015,3,10126,9919,6972,2366,29383,552,520,765,1837,31220
24-07-2015,4,10043,9658,7111,2382,29194,554,517,778,1849,31043
24-07-2015,5,10154,9966,7626,2434,30180,631,592,908,2131,32311
24-07-2015,6,10727,10980,7969,2777,32453,716,708,1012,2436,34889
24-07-2015,7,11376,12085,8320,3228,35009,810,820,1137,2767,37776
24-07-2015,8,11893,12893,8459,3569,36814,857,875,1193,2925,39739
24-07-2015,9,12217,13203,8568,3763,37751,855,900,1202,2957,40708
24-07-2015,10,12361,13188,8586,3852,37987,856,896,1194,2946,40933
24-07-2015,11,12327,13069,8594,3816,37806,857,868,1178,2903,40709
24-07-2015,12,12323,13157,8542,3742,37764,874,886,1187,2947,40711
24-07-2015,13,12208,13141,8449,3674,37472,862,877,1175,2914,40386
24-07-2015,14,12078,12959,8473,3578,37088,841,861,1155,2857,39945
24-07-2015,15,11900,12885,8423,3487,36695,818,844,1128,2790,39485
24-07-2015,16,11813,12770,8347,3459,36389,806,821,1103,2730,39119
24-07-2015,17,11781,12796,8248,3555,36380,780,802,1084,2666,39046
24-07-2015,18,11757,12616,8282,3554,36209,744,775,1070,2589,38798
24-07-2015,19,11714,12278,8307,3315,35614,720,753,1049,2522,38136
24-07-2015,20,11572,11828,8024,3119,34543,698,735,1025,2458,37001
24-07-2015,21,11328,11724,8064,3036,34152,688,724,1024,2436,36588
24-07-2015,22,11286,11592,8168,2992,34038,661,693,938,2292,36330
24-07-2015,23,11068,11132,7716,2775,32691,612,611,883,2106,34797
25-07-2015,0,10598,10585,7411,2591,31185,587,561,795,1943,33128
25-07-2015,1,10321,10362,7170,2433,30286,570,531,783,1884,32170
25-07-2015,2,10199,10365,7058,2372,29994,557,514,775,1846,31840
25-07-2015,3,10139,10190,6839,2383,29551,520,499,761,1780,31331
25-07-2015,4,10042,9925,6807,2362,29136,508,496,740,1744,30880
25-07-2015,5,9950,9242,7029,2369,28590,535,539,786,1860,30450
25-07-2015,6,10070,9136,7143,2470,28819,579,592,822,1993,30812
25-07-2015,7,10349,10056,7386,2621,30412,644,669,924,2237,32649
25-07-2015,8,10753,10894,7608,2919,32174,698,736,1007,2441,34615
25-07-2015,9,11187,11483,7794,3211,33675,724,759,1038,2521,36196
25-07-2015,10,11574,12095,7884,3379,34932,725,764,1038,2527,37459
25-07-2015,11,11543,12103,7851,3394,34891,716,747,1030,2493,37384
25-07-2015,12,11510,12135,7836,3355,34836,712,747,1009,2468,37304
25-07-2015,13,11454,12289,7760,3272,34775,711,744,989,2444,37219
25-07-2015,14,11368,12225,7720,3183,34496,694,734,978,2406,36902
25-07-2015,15,11194,12266,7825,3157,34442,683,725,976,2384,36826
25-07-2015,16,11428,12663,7887,3203,35181,679,714,965,2358,37539
25-07-2015,17,11420,12725,7914,3447,35506,676,714,957,2347,37853
25-07-2015,18,11545,12401,7932,3441,35319,671,705,952,2328,37647
25-07-2015,19,11408,12405,7860,3308,34981,661,700,944,2305,37286
25-07-2015,20,11341,11990,7747,3117,34195,644,689,953,2286,36481
25-07-2015,21,11216,11952,7934,3031,34133,653,697,959,2309,36442
25-07-2015,22,11082,11707,7953,2933,33675,623,661,880,2164,35839
25-07-2015,23,10818,11045,7543,2753,32159,571,593,844,2008,34167
26-07-2015,0,10548,10819,7317,2524,31208,537,552,788,1877,33085
26-07-2015,1,10259,10435,7063,2443,30200,520,532,762,1814,32014
26-07-2015,2,10135,10119,6944,2448,29646,522,522,744,1788,31434
26-07-2015,3,10058,10026,6829,2443,29356,510,505,734,1749,31105
26-07-2015,4,9951,9740,6658,2402,28751,498,497,716,1711,30462
26-07-2015,5,9789,9626,6767,2370,28552,517,522,754,1793,30345
26-07-2015,6,9915,10021,6881,2377,29194,553,570,805,1928,31122
26-07-2015,7,10156,10353,7115,2609,30233,612,639,857,2108,32341
26-07-2015,8,10460,10981,7357,2870,31668,677,710,941,2328,33996
26-07-2015,9,10852,11610,7610,3121,33193,717,753,987,2457,35650
26-07-2015,10,11024,12070,7853,3254,34201,727,759,995,2481,36682
26-07-2015,11,11122,12392,7931,3270,34715,729,751,996,2476,37191
26-07-2015,12,11213,12528,7927,3265,34933,725,748,996,2469,37402
26-07-2015,13,11121,12352,7958,3218,34649,722,739,983,2444,37093
26-07-2015,14,11161,12341,7914,3159,34575,717,725,968,2410,36985
26-07-2015,15,11184,12573,7923,3155,34835,709,716,961,2386,37221
26-07-2015,16,11266,12686,8008,3167,35127,703,717,955,2375,37502
26-07-2015,17,11309,12721,7898,3386,35314,700,716,960,2376,37690
26-07-2015,18,11254,12686,8021,3397,35358,700,718,963,2381,37739
26-07-2015,19,11467,12686,8096,3256,35505,685,720,971,2376,37881
26-07-2015,20,11415,12532,7869,3073,34889,670,708,975,2353,37242
26-07-2015,21,11383,12391,8046,2952,34772,686,703,963,2352,37124
26-07-2015,22,11391,12257,7871,2898,34417,649,649,861,2159,36576
26-07-2015,23,11048,11332,7486,2694,32560,590,576,810,1976,34536
27-07-2015,0,10469,10642,7204,2468,30783,554,534,755,1843,32626
27-07-2015,1,10239,10290,7028,2342,29899,535,514,735,1784,31683
27-07-2015,2,10101,10244,7017,2284,29646,527,510,725,1762,31408
27-07-2015,3,10045,10163,6914,2297,29419,512,500,731,1743,31162
27-07-2015,4,9978,9788,7039,2331,29136,498,501,741,1740,30876
27-07-2015,5,10077,10075,7605,2461,30218,570,581,877,2028,32246
27-07-2015,6,10728,11039,8142,2817,32726,679,701,990,2370,35096
27-07-2015,7,11490,12267,8444,3342,35543,788,812,1116,2716,38259
27-07-2015,8,12110,13132,8678,3718,37638,849,878,1174,2901,40539
27-07-2015,9,12276,13548,8777,3901,38502,861,899,1188,2948,41450
27-07-2015,10,12404,13759,8830,4038,39031,879,899,1189,2967,41998
27-07-2015,11,12330,13708,8844,4020,38902,870,877,1188,2935,41837
27-07-2015,12,12181,13737,8773,3943,38634,879,904,1203,2986,41620
27-07-2015,13,12127,13966,8589,3965,38647,880,897,1195,2972,41619
27-07-2015,14,12022,13758,8666,3891,38337,870,881,1181,2932,41269
27-07-2015,15,11847,13653,8526,3755,37781,846,865,1150,2861,40642
27-07-2015,16,11674,13546,8445,3706,37371,823,837,1109,2769,40140
27-07-2015,17,11725,13649,8386,3908,37668,810,817,1093,2720,40388
27-07-2015,18,11758,13506,8441,3882,37587,782,795,1082,2659,40246
27-07-2015,19,11724,13109,8445,3673,36951,764,781,1073,2618,39569
27-07-2015,20,11638,12731,8212,3442,36023,747,771,1072,2590,38613
27-07-2015,21,11476,12434,8362,3309,35581,745,767,1029,2541,38122
27-07-2015,22,11423,11952,8264,3148,34787,695,680,903,2278,37065
27-07-2015,23,11001,11160,7815,2863,32839,634,599,847,2080,34919
28-07-2015,0,10635,10749,7447,2630,31461,602,554,791,1947,33408
28-07-2015,1,10452,10453,7265,2515,30685,586,530,759,1875,32560
28-07-2015,2,10242,10355,7225,2457,30279,574,519,746,1839,32118
28-07-2015,3,10151,10283,7115,2438,29987,559,501,750,1810,31797
28-07-2015,4,10069,10035,7232,2468,29804,560,495,762,1817,31621
28-07-2015,5,10126,10094,7766,2576,30562,632,575,882,2089,32651
28-07-2015,6,10774,10975,8175,2948,32872,730,689,1016,2435,35307
28-07-2015,7,11642,12104,8445,3454,35645,830,816,1155,2801,38446
28-07-2015,8,12254,13143,8615,3832,37844,882,877,1229,2988,40832
28-07-2015,9,12488,13740,8720,3994,38942,911,894,1252,3057,41999
28-07-2015,10,12780,13943,8815,4109,39647,922,899,1249,3070,42717
28-07-2015,11,12764,13837,8876,4122,39599,908,869,1231,3008,42607
28-07-2015,12,12609,13902,8809,4062,39382,927,891,1253,3071,42453
28-07-2015,13,12359,13649,8777,4042,38827,914,887,1246,3047,41874
28-07-2015,14,12140,13553,8762,3956,38411,904,876,1239,3019,41430
28-07-2015,15,12140,13485,8601,3794,38020,878,858,1214,2950,40970
28-07-2015,16,12070,13231,8467,3737,37505,854,831,1169,2854,40359
28-07-2015,17,11967,13070,8385,3892,37314,835,822,1143,2800,40114
28-07-2015,18,11856,12662,8403,3861,36782,809,809,1132,2750,39532
28-07-2015,19,11874,12665,8395,3592,36526,794,817,1124,2735,39261
28-07-2015,20,11764,12441,8147,3390,35742,778,785,1100,2663,38405
28-07-2015,21,11609,12362,8206,3317,35494,768,755,1048,2571,38065
28-07-2015,22,11494,12189,8141,3199,35023,703,675,924,2302,37325
28-07-2015,23,11093,11220,7692,2896,32901,642,598,827,2067,34968
29-07-2015,0,10472,10785,7345,2648,31250,599,555,782,1936,33186
29-07-2015,1,10216,10557,7155,2511,30439,579,530,788,1897,32336
29-07-2015,2,10115,10430,7035,2453,30033,567,519,770,1856,31889
29-07-2015,3,10056,10293,6977,2450,29776,558,514,775,1847,31623
29-07-2015,4,10013,10157,7024,2455,29649,560,513,785,1858,31507
29-07-2015,5,10062,10356,7641,2541,30600,633,593,907,2133,32733
29-07-2015,6,10574,11103,8113,2913,32703,737,711,1012,2460,35163
29-07-2015,7,11342,12320,8472,3425,35559,844,828,1145,2817,38376
29-07-2015,8,11856,13045,8670,3779,37350,906,885,1210,3001,40351
29-07-2015,9,12276,13561,8776,3932,38545,922,903,1225,3050,41595
29-07-2015,10,12609,14029,8810,4064,39512,924,902,1223,3049,42561
29-07-2015,11,12593,13896,8753,4066,39308,895,870,1207,2972,42280
29-07-2015,12,12453,13644,8753,4021,38871,936,899,1226,3061,41932
29-07-2015,13,12393,13747,8764,3988,38892,919,898,1216,3033,41925
29-07-2015,14,12191,13458,8738,3903,38290,907,880,1200,2987,41277
29-07-2015,15,12239,13418,8644,3739,38040,880,866,1171,2917,40957
29-07-2015,16,12135,13500,8618,3644,37897,861,840,1140,2841,40738
29-07-2015,17,12060,13640,8529,3832,38061,844,829,1129,2802,40863
29-07-2015,18,12049,13344,8473,3810,37676,823,804,1114,2741,40417
29-07-2015,19,11971,13133,8445,3589,37138,802,785,1097,2684,39822
29-07-2015,20,11882,12932,8185,3371,36370,789,768,1103,2660,39030
29-07-2015,21,11732,12586,8252,3278,35848,782,762,1073,2617,38465
29-07-2015,22,11542,12192,8208,3194,35136,715,690,945,2350,37486
29-07-2015,23,11130,11509,7731,2902,33272,650,606,844,2100,35372
30-07-2015,0,10633,10929,7359,2660,31581,610,562,790,1962,33543
30-07-2015,1,10233,10466,7175,2508,30382,591,538,794,1923,32305
30-07-2015,2,10088,10219,7111,2437,29855,573,532,792,1897,31752
30-07-2015,3,10048,10155,7037,2478,29718,562,518,786,1866,31584
30-07-2015,4,10048,9982,7016,2495,29541,536,518,807,1861,31402
30-07-2015,5,10091,10069,7538,2538,30236,613,587,932,2132,32368
30-07-2015,6,10671,10810,7977,2911,32369,732,713,1019,2464,34833
30-07-2015,7,11494,12045,8258,3429,35226,841,833,1134,2808,38034
30-07-2015,8,11953,12803,8460,3770,36986,902,897,1197,2996,39982
30-07-2015,9,12341,13278,8554,3942,38115,916,910,1216,3042,41157
30-07-2015,10,12508,13590,8606,4061,38765,928,911,1213,3052,41817
30-07-2015,11,12443,13653,8616,4093,38805,925,877,1199,3001,41806
30-07-2015,12,12349,13527,8544,4030,38450,935,901,1221,3057,41507
30-07-2015,13,12305,13312,8498,4017,38132,932,900,1215,3047,41179
30-07-2015,14,12214,13078,8537,3933,37762,920,878,1192,2990,40752
30-07-2015,15,12072,13068,8442,3781,37363,892,866,1154,2912,40275
30-07-2015,16,11913,12902,8405,3684,36904,874,842,1127,2843,39747
30-07-2015,17,11953,12932,8407,3874,37166,847,825,1109,2781,39947
30-07-2015,18,11822,12551,8413,3849,36635,821,805,1094,2720,39355
30-07-2015,19,11663,12471,8416,3651,36201,801,804,1075,2680,38881
30-07-2015,20,11570,12376,8205,3486,35637,791,787,1091,2669,38306
30-07-2015,21,11410,12168,8318,3337,35233,778,774,1065,2617,37850
30-07-2015,22,11298,11897,8225,3217,34637,717,695,942,2354,36991
30-07-2015,23,10862,11438,7793,2947,33040,655,606,850,2111,35151
31-07-2015,0,10459,10210,7402,2723,30794,610,561,801,1972,32766
31-07-2015,1,10103,10092,7205,2625,30025,576,542,778,1896,31921
31-07-2015,2,9844,9950,7108,2554,29456,563,532,765,1860,31316
31-07-2015,3,9863,9916,7085,2517,29381,569,520,764,1853,31234
31-07-2015,4,9873,9831,7162,2525,29391,579,517,779,1875,31266
31-07-2015,5,10008,10046,7754,2612,30420,641,596,893,2130,32550
31-07-2015,6,10613,11087,8152,2937,32789,749,716,977,2442,35231
31-07-2015,7,11484,12317,8437,3429,35667,860,829,1108,2797,38464
31-07-2015,8,12028,13254,8614,3735,37631,922,895,1178,2995,40626
31-07-2015,9,12372,13473,8644,3906,38395,946,910,1198,3054,41449
31-07-2015,10,12536,13691,8690,4004,38921,941,909,1199,3049,41970
31-07-2015,11,12543,13630,8683,3950,38806,927,877,1186,2990,41796
31-07-2015,12,12332,13374,8681,3882,38269,934,897,1222,3053,41322
31-07-2015,13,12286,13220,8584,3757,37847,908,885,1208,3001,40848
31-07-2015,14,12126,12962,8587,3639,37314,888,871,1167,2926,40240
31-07-2015,15,12009,12918,8533,3501,36961,856,853,1125,2834,39795
31-07-2015,16,11811,12813,8449,3485,36558,835,821,1098,2754,39312
31-07-2015,17,11698,12722,8318,3648,36386,809,806,1087,2702,39088
31-07-2015,18,11761,12661,8350,3634,36406,786,785,1061,2632,39038
31-07-2015,19,11654,12482,8276,3414,35826,768,758,1045,2571,38397
31-07-2015,20,11493,12050,8018,3203,34764,744,742,1041,2527,37291
31-07-2015,21,11536,12035,8183,3092,34846,740,745,1074,2559,37405
31-07-2015,22,11507,11877,8095,3004,34483,683,682,976,2341,36824
31-07-2015,23,11261,11190,7596,2780,32827,626,613,843,2082,34909
01-08-2015,0,10784,10545,7247,2569,31145,586,554,796,1936,33081
01-08-2015,1,10490,10261,7021,2432,30204,580,532,764,1876,32080
01-08-2015,2,10300,10064,6943,2367,29674,570,518,748,1836,31510
01-08-2015,3,10165,9961,6841,2340,29307,554,514,751,1819,31126
01-08-2015,4,10082,9890,6774,2337,29083,532,500,737,1769,30852
01-08-2015,5,10083,9813,6961,2281,29138,559,530,781,1870,31008
01-08-2015,6,10245,10086,7154,2415,29900,608,598,864,2070,31970
01-08-2015,7,10500,10637,7410,2696,31243,666,664,915,2245,33488
01-08-2015,8,11018,11383,7699,3014,33114,727,729,1036,2492,35606
01-08-2015,9,11555,12152,7803,3226,34736,759,755,1048,2562,37298
01-08-2015,10,11917,12441,7845,3324,35527,761,751,1048,2560,38087
01-08-2015,11,11841,12349,7862,3296,35348,763,744,1065,2572,37920
01-08-2015,12,11792,12379,7816,3236,35223,766,741,1054,2561,37784
01-08-2015,13,11716,12042,7819,3177,34754,757,731,1010,2498,37252
01-08-2015,14,11469,11848,7845,3113,34275,736,720,988,2444,36719
01-08-2015,15,11425,11731,7910,3076,34142,719,707,981,2407,36549
01-08-2015,16,11585,11774,7970,3076,34405,716,702,984,2402,36807
01-08-2015,17,11485,11798,7950,3241,34474,706,700,988,2394,36868
01-08-2015,18,11547,11754,7984,3267,34552,695,687,989,2371,36923
01-08-2015,19,11557,11839,7941,3128,34465,684,689,968,2341,36806
01-08-2015,20,11507,11711,7794,3012,34024,672,686,965,2323,36347
01-08-2015,21,11401,11676,7966,2962,34005,681,690,971,2342,36347
01-08-2015,22,11318,11613,7947,2903,33781,641,640,882,2163,35944
01-08-2015,23,11034,11099,7510,2692,32335,587,573,841,2001,34336
02-08-2015,0,10496,10742,7139,2488,30865,567,532,788,1887,32752
02-08-2015,1,10308,10580,6897,2354,30139,552,512,759,1823,31962
02-08-2015,2,10200,10563,6821,2284,29868,540,497,743,1780,31648
02-08-2015,3,10165,10434,6751,2282,29632,520,485,737,1742,31374
02-08-2015,4,10146,10280,6579,2268,29273,500,469,713,1682,30955
02-08-2015,5,10005,9812,6673,2230,28720,524,489,743,1756,30476
02-08-2015,6,10021,10056,6768,2314,29159,562,543,811,1916,31075
02-08-2015,7,10219,10276,6970,2529,29994,617,611,904,2132,32126
02-08-2015,8,10578,10969,7228,2864,31639,674,672,955,2301,33940
02-08-2015,9,10972,11732,7413,3097,33214,704,707,984,2395,35609
02-08-2015,10,11334,12073,7571,3202,34180,714,712,988,2414,36594
02-08-2015,11,11459,12187,7667,3235,34548,712,702,980,2394,36942
02-08-2015,12,11405,12098,7629,3241,34373,708,699,971,2378,36751
02-08-2015,13,11407,12102,7637,3189,34335,702,699,959,2360,36695
02-08-2015,14,11331,11991,7592,3135,34049,703,695,953,2351,36400
02-08-2015,15,11308,11864,7611,3090,33873,696,693,955,2344,36217
02-08-2015,16,11273,11704,7568,3132,33677,697,696,964,2357,36034
02-08-2015,17,11314,12184,7560,3365,34423,702,700,981,2383,36806
02-08-2015,18,11347,12323,7602,3416,34688,707,698,995,2400,37088
02-08-2015,19,11363,12441,7690,3280,34774,707,709,999,2415,37189
02-08-2015,20,11480,12373,7606,3153,34612,693,712,1019,2424,37036
02-08-2015,21,11564,12070,7904,3093,34631,700,709,1002,2411,37042
02-08-2015,22,11587,11943,7864,3034,34428,652,639,875,2166,36594
02-08-2015,23,11189,11365,7424,2778,32756,590,566,812,1968,34724
03-08-2015,0,10652,10519,7083,2573,30827,563,528,764,1855,32682
03-08-2015,1,10345,10316,6908,2463,30032,530,510,739,1779,31811
03-08-2015,2,10173,10287,6883,2409,29752,527,498,727,1752,31504
03-08-2015,3,10216,10309,6853,2412,29790,517,493,734,1744,31534
03-08-2015,4,10164,10149,6978,2448,29739,520,504,758,1782,31521
03-08-2015,5,10308,10429,7796,2571,31104,603,583,896,2082,33186
03-08-2015,6,11193,11603,8323,3062,34181,723,699,1013,2435,36616
03-08-2015,7,12241,13013,8551,3661,37466,833,812,1156,2801,40267
03-08-2015,8,12820,13804,8739,4044,39407,898,882,1238,3018,42425
03-08-2015,9,13241,14301,8907,4160,40609,915,908,1246,3069,43678
03-08-2015,10,13355,14892,8985,4284,41516,916,909,1271,3096,44612
03-08-2015,11,13125,14574,9015,4268,40982,903,881,1257,3041,44023
03-08-2015,12,12940,14452,8886,4247,40525,927,903,1277,3107,43632
03-08-2015,13,12941,14250,8663,4249,40103,916,905,1257,3078,43181
03-08-2015,14,12796,14204,8727,4146,39873,901,889,1251,3041,42914
03-08-2015,15,12546,14174,8604,3965,39289,872,875,1228,2975,42264
03-08-2015,16,12389,13954,8529,3875,38747,844,845,1185,2874,41621
03-08-2015,17,12229,13850,8442,4001,38522,821,827,1169,2817,41339
03-08-2015,18,12104,13521,8458,3947,38030,794,800,1150,2744,40774
03-08-2015,19,12040,13013,8456,3730,37239,779,789,1126,2694,39933
03-08-2015,20,11911,12865,8212,3525,36513,768,778,1126,2672,39185
03-08-2015,21,11818,12582,8359,3431,36190,764,785,1102,2651,38841
03-08-2015,22,11785,12333,8300,3319,35737,700,693,959,2352,38089
03-08-2015,23,11360,11419,7791,2998,33568,635,604,891,2130,35698
04-08-2015,0,10823,10824,7412,2770,31829,599,557,835,1991,33820
04-08-2015,1,10482,10542,7220,2685,30929,579,535,804,1918,32847
04-08-2015,2,10393,10402,7115,2623,30533,571,522,791,1884,32417
04-08-2015,3,10352,10390,7035,2631,30408,564,523,793,1880,32288
04-08-2015,4,10425,10376,7100,2683,30584,561,512,802,1875,32459
04-08-2015,5,10468,10360,7777,2800,31405,643,592,932,2167,33572
04-08-2015,6,11111,11633,8220,3191,34155,754,719,1052,2525,36680
04-08-2015,7,12119,13169,8523,3763,37574,859,842,1202,2903,40477
04-08-2015,8,12659,13728,8727,4153,39267,908,904,1276,3088,42355
04-08-2015,9,12825,13967,8793,4318,39903,923,926,1287,3136,43039
04-08-2015,10,13016,14018,8811,4431,40276,932,919,1288,3139,43415
04-08-2015,11,13106,14172,8830,4470,40578,916,893,1281,3090,43668
04-08-2015,12,13107,14130,8758,4416,40411,932,926,1308,3166,43577
04-08-2015,13,12972,14065,8634,4419,40090,919,924,1296,3139,43229
04-08-2015,14,12878,14171,8590,4310,39949,892,901,1286,3079,43028
04-08-2015,15,12821,14129,8454,4147,39551,859,888,1252,2999,42550
04-08-2015,16,12706,13880,8411,4077,39074,834,862,1216,2912,41986
04-08-2015,17,12621,13988,8321,4269,39199,812,849,1193,2854,42053
04-08-2015,18,12552,13789,8399,4150,38890,800,817,1172,2789,41679
04-08-2015,19,12446,13339,8339,3940,38064,792,799,1143,2734,40798
04-08-2015,20,12240,12927,8210,3790,37167,784,788,1138,2710,39877
04-08-2015,21,12047,12609,8352,3652,36660,778,789,1109,2676,39336
04-08-2015,22,11887,12464,8218,3430,35999,715,699,962,2376,38375
04-08-2015,23,11314,11737,7717,3125,33893,649,613,895,2157,36050
05-08-2015,0,10755,11091,7374,2863,32083,609,562,834,2005,34088
05-08-2015,1,10357,10808,7186,2718,31069,589,539,806,1934,33003
05-08-2015,2,10169,10715,7101,2622,30607,583,524,793,1900,32507
05-08-2015,3,10128,10436,7034,2602,30200,569,522,798,1889,32089
05-08-2015,4,10251,10333,7181,2622,30387,568,532,811,1911,32298
05-08-2015,5,10312,10692,7794,2743,31541,642,608,941,2191,33732
05-08-2015,6,11014,11814,8275,3169,34272,731,721,1054,2506,36778
05-08-2015,7,12048,13393,8604,3792,37837,848,852,1204,2904,40741
05-08-2015,8,12489,14163,8803,4123,39578,914,918,1285,3117,42695
05-08-2015,9,12657,14464,8841,4253,40215,932,940,1309,3181,43396
05-08-2015,10,12820,14700,8904,4361,40785,937,945,1322,3204,43989
05-08-2015,11,12751,14780,8980,4361,40872,924,926,1311,3161,44033
05-08-2015,12,12747,14967,8871,4287,40872,948,957,1338,3243,44115
05-08-2015,13,12661,14875,8831,4307,40674,936,958,1324,3218,43892
05-08-2015,14,12561,14684,8721,4237,40203,927,949,1315,3191,43394
05-08-2015,15,12563,14571,8675,4059,39868,899,947,1282,3128,42996
05-08-2015,16,12513,14378,8578,3981,39450,877,912,1229,3018,42468
05-08-2015,17,12355,14394,8446,4119,39314,852,887,1220,2959,42273
05-08-2015,18,12158,14134,8554,3995,38841,824,857,1191,2872,41713
05-08-2015,19,12120,13920,8572,3780,38392,802,842,1164,2808,41200
05-08-2015,20,12052,13496,8317,3604,37469,792,836,1160,2788,40257
05-08-2015,21,11959,13458,8311,3534,37262,788,830,1130,2748,40010
05-08-2015,22,11894,12990,8096,3402,36382,711,734,989,2434,38816
05-08-2015,23,11195,12153,7589,3084,34021,641,658,913,2212,36233
06-08-2015,0,10790,11101,7282,2858,32031,605,600,865,2070,34101
06-08-2015,1,10492,10800,7103,2716,31111,585,577,832,1994,33105
06-08-2015,2,10265,10590,7075,2649,30579,576,565,820,1961,32540
06-08-2015,3,10158,10472,7055,2625,30310,575,558,827,1960,32270
06-08-2015,4,10186,10395,7069,2673,30323,566,557,843,1966,32289
06-08-2015,5,10322,10696,7697,2788,31503,647,641,964,2252,33755
06-08-2015,6,11181,12065,8226,3211,34683,754,756,1081,2591,37274
06-08-2015,7,12341,13450,8599,3840,38230,875,891,1230,2996,41226
06-08-2015,8,12786,14295,8780,4198,40059,932,965,1308,3205,43264
06-08-2015,9,12962,14683,8856,4332,40833,955,984,1332,3271,44104
06-08-2015,10,13078,14924,8951,4465,41418,960,987,1338,3285,44703
06-08-2015,11,13013,14836,8950,4433,41232,949,962,1331,3242,44474
06-08-2015,12,12777,14652,8865,4368,40662,972,986,1363,3321,43983
06-08-2015,13,12887,14601,8785,4378,40651,960,976,1352,3288,43939
06-08-2015,14,12856,14573,8700,4296,40425,945,957,1333,3235,43660
06-08-2015,15,12702,14412,8670,4119,39903,919,933,1302,3154,43057
06-08-2015,16,12559,14056,8600,4000,39215,891,893,1261,3045,42260
06-08-2015,17,12472,13881,8448,4106,38907,864,873,1240,2977,41884
06-08-2015,18,12446,13743,8460,3976,38625,836,843,1214,2893,41518
06-08-2015,19,12399,13546,8514,3793,38252,815,827,1188,2830,41082
06-08-2015,20,12234,13242,8316,3599,37391,802,819,1192,2813,40204
06-08-2015,21,12048,13098,8405,3529,37080,794,817,1168,2779,39859
06-08-2015,22,12002,12669,8235,3421,36327,726,733,1028,2487,38814
06-08-2015,23,11305,11613,7730,3104,33752,657,659,951,2267,36019
07-08-2015,0,10745,10988,7388,2863,31984,616,607,860,2083,34067
07-08-2015,1,10459,10602,7145,2683,30889,596,586,867,2049,32938
07-08-2015,2,10210,10529,7085,2620,30444,585,576,860,2021,32465
07-08-2015,3,10093,10408,7091,2607,30199,580,577,861,2018,32217
07-08-2015,4,10142,10383,7099,2664,30288,569,573,877,2019,32307
07-08-2015,5,10299,10459,7750,2784,31292,651,645,997,2293,33585
07-08-2015,6,11012,11725,8313,3190,34240,760,760,1106,2626,36866
07-08-2015,7,12017,13132,8636,3765,37550,863,879,1254,2996,40546
07-08-2015,8,12421,14058,8877,4125,39481,919,945,1332,3196,42677
07-08-2015,9,12544,14649,8940,4281,40414,932,958,1345,3235,43649
07-08-2015,10,12728,14846,9019,4406,40999,936,961,1348,3245,44244
07-08-2015,11,12690,14591,8962,4403,40646,925,935,1336,3196,43842
07-08-2015,12,12588,14520,8846,4269,40223,944,957,1364,3265,43488
07-08-2015,13,12370,14186,8756,4165,39477,926,950,1343,3219,42696
07-08-2015,14,12188,14041,8680,3997,38906,913,928,1317,3158,42064
07-08-2015,15,12008,13836,8587,3844,38275,880,912,1285,3077,41352
07-08-2015,16,11944,13864,8483,3821,38112,859,887,1250,2996,41108
07-08-2015,17,11843,13860,8393,3937,38033,833,865,1228,2926,40959
07-08-2015,18,11858,13541,8331,3859,37589,802,827,1194,2823,40412
07-08-2015,19,11848,13047,8317,3612,36824,780,812,1164,2756,39580
07-08-2015,20,11625,12616,8047,3409,35697,768,804,1159,2731,38428
07-08-2015,21,11452,12506,8173,3374,35505,775,803,1134,2712,38217
07-08-2015,22,11386,12491,8038,3279,35194,707,727,1009,2443,37637
07-08-2015,23,11001,11773,7496,2991,33261,649,650,938,2237,35498
08-08-2015,0,10459,10655,7066,2750,30930,612,596,847,2055,32985
08-08-2015,1,10146,10117,6872,2607,29742,592,567,845,2004,31746
08-08-2015,2,10009,10087,6805,2516,29417,574,554,828,1956,31373
08-08-2015,3,9894,10180,6704,2485,29263,568,550,823,1941,31204
08-08-2015,4,9838,10052,6583,2475,28948,552,533,814,1899,30847
08-08-2015,5,9721,9568,6744,2484,28517,571,557,854,1982,30499
08-08-2015,6,9918,9902,6936,2572,29328,614,629,938,2181,31509
08-08-2015,7,10255,10521,7237,2818,30831,683,712,1013,2408,33239
08-08-2015,8,10773,11436,7520,3148,32877,747,781,1105,2633,35510
08-08-2015,9,11340,12149,7710,3369,34568,783,816,1138,2737,37305
08-08-2015,10,11689,12551,7771,3501,35512,788,828,1149,2765,38277
08-08-2015,11,11678,12571,7840,3496,35585,783,822,1143,2748,38333
08-08-2015,12,11629,12343,7812,3438,35222,780,820,1137,2737,37959
08-08-2015,13,11493,12202,7829,3377,34901,774,817,1117,2708,37609
08-08-2015,14,11325,12042,7834,3293,34494,764,805,1110,2679,37173
08-08-2015,15,11161,11884,7803,3238,34086,758,798,1105,2661,36747
08-08-2015,16,11278,11725,7878,3235,34116,753,785,1101,2639,36755
08-08-2015,17,11327,11785,7852,3407,34371,745,780,1105,2630,37001
08-08-2015,18,11425,11688,7874,3469,34456,741,769,1089,2599,37055
08-08-2015,19,11441,11553,7805,3271,34070,728,755,1067,2550,36620
08-08-2015,20,11394,11443,7649,3101,33587,720,758,1070,2548,36135
08-08-2015,21,11409,11537,7840,3081,33867,716,751,1058,2525,36392
08-08-2015,22,11364,11193,7753,2985,33295,661,689,960,2310,35605
08-08-2015,23,11045,10830,7372,2755,32002,610,625,894,2129,34131
09-08-2015,0,10540,10113,6930,2575,30158,580,581,801,1962,32120
09-08-2015,1,10278,9922,6693,2441,29334,559,562,802,1923,31257
09-08-2015,2,10150,9816,6590,2378,28934,551,553,791,1895,30829
09-08-2015,3,10171,9888,6556,2352,28967,547,549,786,1882,30849
09-08-2015,4,10208,9739,6323,2359,28629,517,543,777,1837,30466
09-08-2015,5,10145,9640,6451,2306,28542,528,554,813,1895,30437
09-08-2015,6,10097,9731,6577,2376,28781,565,595,867,2027,30808
09-08-2015,7,10277,10642,6783,2611,30313,631,667,926,2224,32537
09-08-2015,8,10675,11161,7088,2956,31880,698,741,1012,2451,34331
09-08-2015,9,11110,11604,7249,3184,33147,734,771,1066,2571,35718
09-08-2015,10,11483,12111,7472,3305,34371,739,780,1077,2596,36967
09-08-2015,11,11600,12128,7575,3325,34628,732,777,1069,2578,37206
09-08-2015,12,11564,11929,7490,3298,34281,732,772,1063,2567,36848
09-08-2015,13,11475,11823,7517,3238,34053,722,768,1054,2544,36597
09-08-2015,14,11462,11745,7460,3187,33854,716,758,1045,2519,36373
09-08-2015,15,11499,11831,7500,3160,33990,715,757,1044,2516,36506
09-08-2015,16,11545,12155,7531,3186,34417,721,756,1048,2525,36942
09-08-2015,17,11616,12425,7569,3434,35044,721,754,1055,2530,37574
09-08-2015,18,11608,12682,7663,3517,35470,722,749,1051,2522,37992
09-08-2015,19,11684,12874,7720,3415,35693,720,755,1056,2531,38224
09-08-2015,20,11780,12536,7664,3305,35285,719,773,1086,2578,37863
09-08-2015,21,11807,12534,7947,3278,35566,726,760,1049,2535,38101
09-08-2015,22,11760,12420,7852,3133,35165,668,679,928,2275,37440
09-08-2015,23,11245,11612,7378,2845,33080,610,610,868,2088,35168
10-08-2015,0,10678,10972,7056,2663,31369,570,564,795,1929,33298
10-08-2015,1,10384,10648,6891,2553,30476,551,546,795,1892,32368
10-08-2015,2,10251,10684,6870,2511,30316,529,538,789,1856,32172
10-08-2015,3,10260,10722,6836,2536,30354,529,547,796,1872,32226
10-08-2015,4,10290,10572,6837,2585,30284,526,544,819,1889,32173
10-08-2015,5,10408,10796,7610,2751,31565,617,620,922,2159,33724
10-08-2015,6,11343,12210,8259,3229,35041,726,735,1067,2528,37569
10-08-2015,7,12317,13768,8618,3840,38543,845,866,1229,2940,41483
10-08-2015,8,12874,14284,8738,4192,40088,909,934,1311,3154,43242
10-08-2015,9,12989,14752,8857,4306,40904,932,969,1341,3242,44146
10-08-2015,10,13095,15231,8894,4441,41661,943,960,1349,3252,44913
10-08-2015,11,13055,15288,8941,4447,41731,948,939,1337,3224,44955
10-08-2015,12,12941,15134,8921,4417,41413,976,960,1365,3301,44714
10-08-2015,13,13011,15120,8832,4439,41402,966,958,1355,3279,44681
10-08-2015,14,12948,15066,8759,4375,41148,955,948,1342,3245,44393
10-08-2015,15,12845,15119,8561,4201,40726,928,928,1311,3167,43893
10-08-2015,16,12700,14755,8413,4106,39974,890,887,1263,3040,43014
10-08-2015,17,12493,14752,8293,4279,39817,864,863,1241,2968,42785
10-08-2015,18,12422,14393,8291,4179,39285,844,834,1215,2893,42178
10-08-2015,19,12341,14165,8275,3958,38739,830,821,1184,2835,41574
10-08-2015,20,12243,13905,8045,3756,37949,823,824,1196,2843,40792
10-08-2015,21,12192,13754,8161,3671,37778,817,817,1156,2790,40568
10-08-2015,22,12064,13201,7939,3433,36637,728,724,1000,2452,39089
10-08-2015,23,11457,12130,7452,3110,34149,658,630,907,2195,36344
11-08-2015,0,10885,11104,7100,2860,31949,616,580,843,2039,33988
11-08-2015,1,10480,11102,6895,2735,31212,594,558,813,1965,33177
11-08-2015,2,10313,11075,6861,2685,30934,584,547,832,1963,32897
11-08-2015,3,10266,10914,6886,2677,30743,586,556,838,1980,32723
11-08-2015,4,10186,10888,6914,2741,30729,581,553,857,1991,32720
11-08-2015,5,10337,10961,7637,2920,31855,668,625,973,2266,34121
11-08-2015,6,11219,12108,8321,3445,35093,794,754,1098,2646,37739
11-08-2015,7,12406,13792,8657,4039,38894,906,878,1254,3038,41932
11-08-2015,8,12760,14445,8747,4334,40286,958,951,1338,3247,43533
11-08-2015,9,13010,14734,8822,4431,40997,974,973,1362,3309,44306
11-08-2015,10,13189,15201,8891,4519,41800,975,974,1369,3318,45118
11-08-2015,11,13047,15243,8835,4505,41630,961,956,1362,3279,44909
11-08-2015,12,12988,15197,8794,4448,41427,989,980,1401,3370,44797
11-08-2015,13,12848,15233,8760,4456,41297,979,969,1393,3341,44638
11-08-2015,14,12708,15054,8620,4378,40760,972,956,1379,3307,44067
11-08-2015,15,12645,14827,8548,4229,40249,933,939,1349,3221,43470
11-08-2015,16,12522,14654,8507,4151,39834,906,903,1307,3116,42950
11-08-2015,17,12213,14639,8435,4281,39568,878,880,1286,3044,42612
11-08-2015,18,12048,14178,8452,4159,38837,851,848,1253,2952,41789
11-08-2015,19,12123,13747,8436,3923,38229,831,835,1227,2893,41122
11-08-2015,20,12125,13560,8287,3761,37733,837,841,1236,2914,40647
11-08-2015,21,12093,13444,8345,3707,37589,827,829,1189,2845,40434
11-08-2015,22,11913,12678,8001,3461,36053,739,736,1037,2512,38565
11-08-2015,23,11365,11658,7509,3131,33663,670,648,925,2243,35906
12-08-2015,0,10815,11524,7165,2879,32383,625,592,867,2084,34467
12-08-2015,1,10486,11294,6975,2766,31521,602,576,838,2016,33537
12-08-2015,2,10435,11179,6903,2696,31213,606,569,822,1997,33210
12-08-2015,3,10392,10919,6884,2691,30886,603,576,828,2007,32893
12-08-2015,4,10429,10742,6909,2737,30817,586,579,890,2055,32872
12-08-2015,5,10515,11172,7569,2910,32166,670,651,992,2313,34479
12-08-2015,6,11305,12452,8221,3401,35379,784,771,1132,2687,38066
12-08-2015,7,12306,14568,8585,3975,39434,910,902,1281,3093,42527
12-08-2015,8,12783,15159,8782,4242,40966,967,976,1362,3305,44271
12-08-2015,9,13237,15180,8863,4359,41639,983,997,1387,3367,45006
12-08-2015,10,12909,15284,8893,4464,41550,986,1000,1394,3380,44930
12-08-2015,11,12965,15421,8917,4446,41749,976,982,1386,3344,45093
12-08-2015,12,12877,15318,8773,4384,41352,1002,1008,1416,3426,44778
12-08-2015,13,12771,15342,8683,4393,41189,990,998,1402,3390,44579
12-08-2015,14,12733,15103,8603,4313,40752,981,981,1391,3353,44105
12-08-2015,15,12807,14953,8530,4147,40437,948,965,1358,3271,43708
12-08-2015,16,12549,14535,8494,4017,39595,927,923,1312,3162,42757
12-08-2015,17,12397,14579,8442,4118,39536,911,898,1283,3092,42628
12-08-2015,18,12419,14504,8459,4007,39389,872,868,1241,2981,42370
12-08-2015,19,12435,14239,8522,3868,39064,860,850,1223,2933,41997
12-08-2015,20,12360,14093,8193,3725,38371,851,853,1238,2942,41313
12-08-2015,21,12396,13824,8198,3642,38060,815,815,1163,2793,40853
12-08-2015,22,12443,12861,7923,3447,36674,731,722,1009,2462,39136
12-08-2015,23,11732,11905,7471,3087,34195,662,644,908,2214,36409
13-08-2015,0,11073,11402,7164,2844,32483,627,591,856,2074,34557
13-08-2015,1,10730,11110,7004,2733,31577,608,566,826,2000,33577
13-08-2015,2,10699,11075,6999,2679,31452,601,560,822,1983,33435
13-08-2015,3,10697,11102,6953,2666,31418,604,573,817,1994,33412
13-08-2015,4,10778,11169,7021,2711,31679,591,576,884,2051,33730
13-08-2015,5,10907,11186,7823,2861,32777,673,636,985,2294,35071
13-08-2015,6,11741,12667,8490,3348,36246,782,755,1099,2636,38882
13-08-2015,7,12899,14157,8766,3947,39769,898,877,1245,3020,42789
13-08-2015,8,13275,14710,8878,4240,41103,953,943,1308,3204,44307
13-08-2015,9,13244,14700,8875,4337,41156,964,954,1326,3244,44400
13-08-2015,10,13329,14850,8783,4444,41406,972,947,1322,3241,44647
13-08-2015,11,13416,14785,8839,4442,41482,955,926,1301,3182,44664
13-08-2015,12,13298,14796,8772,4342,41208,974,942,1317,3233,44441
13-08-2015,13,13191,14831,8716,4346,41084,959,929,1315,3203,44287
13-08-2015,14,13050,14661,8651,4287,40649,950,904,1302,3156,43805
13-08-2015,15,12886,14478,8597,4148,40109,923,883,1272,3078,43187
13-08-2015,16,12755,14156,8511,4056,39478,891,852,1232,2975,42453
13-08-2015,17,12652,14145,8415,4176,39388,868,836,1210,2914,42302
13-08-2015,18,12479,14011,8491,4098,39079,843,809,1184,2836,41915
13-08-2015,19,12442,13642,8496,3900,38480,830,796,1163,2789,41269
13-08-2015,20,12374,13375,8248,3720,37717,827,804,1180,2811,40528
13-08-2015,21,12449,13029,8378,3688,37544,823,778,1119,2720,40264
13-08-2015,22,12270,12407,8104,3467,36248,737,683,970,2390,38638
13-08-2015,23,11723,11348,7617,3146,33834,674,616,879,2169,36003
14-08-2015,0,11043,11000,7314,2890,32247,632,566,818,2016,34263
14-08-2015,1,10604,10383,7107,2747,30841,610,545,802,1957,32798
14-08-2015,2,10452,10643,7140,2691,30926,598,533,812,1943,32869
14-08-2015,3,10469,10711,7224,2675,31079,600,538,812,1950,33029
14-08-2015,4,10524,10704,7271,2740,31239,591,539,845,1975,33214
14-08-2015,5,10579,11160,8038,2870,32647,681,605,952,2238,34885
14-08-2015,6,11383,12492,8634,3363,35872,793,728,1070,2591,38463
14-08-2015,7,12559,13955,8931,3947,39392,912,859,1225,2996,42388
14-08-2015,8,12969,14633,9073,4226,40901,967,930,1302,3199,44100
14-08-2015,9,13102,14766,9047,4346,41261,975,946,1294,3215,44476
14-08-2015,10,13205,15008,9085,4379,41677,977,938,1295,3210,44887
14-08-2015,11,13117,14920,9045,4399,41481,964,919,1281,3164,44645
14-08-2015,12,12984,14752,8983,4317,41036,980,941,1312,3233,44269
14-08-2015,13,12688,14207,8850,4231,39976,964,937,1296,3197,43173
14-08-2015,14,12684,13818,8794,4067,39363,950,906,1247,3103,42466
14-08-2015,15,12345,13584,8687,3935,38551,916,892,1236,3044,41595
14-08-2015,16,12208,13215,8579,3909,37911,891,867,1210,2968,40879
14-08-2015,17,12059,13158,8506,4026,37749,865,844,1181,2890,40639
14-08-2015,18,11881,12938,8472,3947,37238,833,815,1148,2796,40034
14-08-2015,19,11835,12697,8421,3651,36604,810,803,1115,2728,39332
14-08-2015,20,11684,12514,8220,3447,35865,808,812,1117,2737,38602
14-08-2015,21,11673,12437,8333,3429,35872,797,782,1067,2646,38518
14-08-2015,22,11525,11959,8073,3254,34811,721,701,941,2363,37174
14-08-2015,23,11195,11133,7569,2967,32864,661,632,869,2162,35026
15-08-2015,0,10736,10767,7183,2754,31440,615,579,812,2006,33446
15-08-2015,1,10312,10525,6976,2621,30434,598,546,777,1921,32355
15-08-2015,2,10113,10532,6945,2536,30126,589,532,764,1885,32011
15-08-2015,3,10028,10346,6943,2512,29829,593,531,760,1884,31713
15-08-2015,4,10033,10160,6809,2499,29501,562,525,751,1838,31339
15-08-2015,5,10008,9854,6965,2514,29341,584,545,768,1897,31238
15-08-2015,6,10073,9780,7194,2618,29665,636,607,853,2096,31761
15-08-2015,7,10474,10671,7514,2924,31583,715,691,933,2339,33922
15-08-2015,8,10993,11827,7666,3245,33731,778,763,1004,2545,36276
15-08-2015,9,11749,12494,7808,3504,35555,805,798,1038,2641,38196
15-08-2015,10,12026,12840,7868,3622,36356,808,798,1035,2641,38997
15-08-2015,11,12015,12631,7840,3625,36111,800,790,1032,2622,38733
15-08-2015,12,11852,12372,7777,3506,35507,797,787,1035,2619,38126
15-08-2015,13,11704,12334,7762,3472,35272,783,779,1021,2583,37855
15-08-2015,14,11540,12149,7775,3417,34881,769,768,1014,2551,37432
15-08-2015,15,11442,12094,7819,3403,34758,759,757,1011,2527,37285
15-08-2015,16,11518,12211,7888,3427,35044,755,748,1012,2515,37559
15-08-2015,17,11593,12427,7903,3616,35539,750,741,1016,2507,38046
15-08-2015,18,11575,12389,7945,3613,35522,744,728,1006,2478,38000
15-08-2015,19,11459,12207,7859,3453,34978,730,724,990,2444,37422
15-08-2015,20,11371,11908,7731,3305,34315,741,739,1012,2492,36807
15-08-2015,21,11301,11990,7999,3265,34555,738,724,972,2434,36989
15-08-2015,22,11173,11397,7821,3058,33449,681,660,871,2212,35661
15-08-2015,23,10888,10914,7372,2829,32003,627,602,818,2047,34050
16-08-2015,0,10287,10389,7000,2647,30323,597,560,764,1921,32244
16-08-2015,1,10081,10246,6805,2520,29652,580,534,756,1870,31522
16-08-2015,2,9916,10245,6793,2447,29401,572,519,742,1833,31234
16-08-2015,3,9801,10220,6759,2412,29192,570,519,738,1827,31019
16-08-2015,4,9748,10090,6613,2407,28858,542,508,732,1782,30640
16-08-2015,5,9672,9860,6676,2430,28638,551,508,752,1811,30449
16-08-2015,6,9596,9633,6784,2491,28504,591,560,826,1977,30481
16-08-2015,7,9761,10144,7004,2720,29629,666,638,929,2233,31862
16-08-2015,8,10175,11075,7219,3040,31509,726,710,987,2423,33932
16-08-2015,9,10540,11850,7432,3280,33102,759,747,1027,2533,35635
16-08-2015,10,10944,12409,7586,3407,34346,759,750,1030,2539,36885
16-08-2015,11,11112,12581,7613,3459,34765,753,748,1024,2525,37290
16-08-2015,12,11132,12499,7590,3435,34656,750,744,1015,2509,37165
16-08-2015,13,11117,12296,7547,3432,34392,747,742,1011,2500,36892
16-08-2015,14,11119,12171,7542,3393,34225,740,733,1008,2481,36706
16-08-2015,15,11164,12113,7559,3343,34179,739,727,1008,2474,36653
16-08-2015,16,11213,12196,7610,3396,34415,743,733,1013,2489,36904
16-08-2015,17,11254,12339,7624,3669,34886,746,735,1027,2508,37394
16-08-2015,18,11263,12359,7735,3689,35046,747,737,1039,2523,37569
16-08-2015,19,11386,12608,7828,3549,35371,746,743,1043,2532,37903
16-08-2015,20,11369,12463,7775,3421,35028,759,762,1081,2602,37630
16-08-2015,21,11494,12311,8097,3395,35297,749,738,1018,2505,37802
16-08-2015,22,11244,11565,7940,3141,33890,679,652,888,2219,36109
16-08-2015,23,10664,10802,7524,2867,31857,624,580,818,2022,33879
17-08-2015,0,10129,10460,7188,2678,30455,598,540,773,1911,32366
17-08-2015,1,9844,10330,7072,2586,29832,585,523,747,1855,31687
17-08-2015,2,9686,10306,7056,2543,29591,580,516,738,1834,31425
17-08-2015,3,9698,10276,7092,2519,29585,584,526,743,1853,31438
17-08-2015,4,9734,10468,7165,2590,29957,586,531,770,1887,31844
17-08-2015,5,9954,10872,7962,2823,31611,656,587,901,2144,33755
17-08-2015,6,10894,12349,8576,3350,35169,775,711,1023,2509,37678
17-08-2015,7,12191,14072,8870,4005,39138,885,834,1163,2882,42020
17-08-2015,8,12888,14855,9010,4339,41092,938,908,1229,3075,44167
17-08-2015,9,12875,15102,9079,4440,41496,952,928,1232,3112,44608
17-08-2015,10,12668,15011,9081,4555,41315,950,918,1238,3106,44421
17-08-2015,11,12563,15063,9044,4571,41241,951,893,1264,3108,44349
17-08-2015,12,12466,14969,8951,4495,40881,979,917,1283,3179,44060
17-08-2015,13,12450,14697,8853,4481,40481,961,904,1269,3134,43615
17-08-2015,14,12428,14622,8807,4422,40279,953,882,1254,3089,43368
17-08-2015,15,12310,14575,8687,4230,39802,920,867,1220,3007,42809
17-08-2015,16,12385,14132,8610,4149,39276,892,835,1175,2902,42178
17-08-2015,17,12203,14082,8449,4388,39122,872,821,1162,2855,41977
17-08-2015,18,12034,13734,8474,4253,38495,847,802,1157,2806,41301
17-08-2015,19,11949,13646,8513,3984,38092,830,784,1149,2763,40855
17-08-2015,20,11965,13364,8363,3799,37491,843,797,1156,2796,40287
17-08-2015,21,12051,13124,8522,3747,37444,820,759,1055,2634,40078
17-08-2015,22,11806,12481,8232,3456,35975,729,675,916,2320,38295
17-08-2015,23,11104,11743,7744,3122,33713,667,597,864,2128,35841
18-08-2015,0,10462,10957,7378,2897,31694,629,550,822,2001,33695
18-08-2015,1,10135,10753,7199,2809,30896,620,533,794,1947,32843
18-08-2015,2,9916,10654,7192,2743,30505,604,521,788,1913,32418
18-08-2015,3,10032,10623,7215,2694,30564,607,529,794,1930,32494
18-08-2015,4,10182,10566,7290,2729,30767,613,529,822,1964,32731
18-08-2015,5,10335,11033,7947,2928,32243,685,599,940,2224,34467
18-08-2015,6,11126,12432,8540,3451,35549,795,727,1081,2603,38152
18-08-2015,7,12548,13782,8783,4054,39167,909,844,1213,2966,42133
18-08-2015,8,12772,14206,8987,4338,40303,953,895,1275,3123,43426
18-08-2015,9,12805,14232,8976,4419,40432,970,918,1273,3161,43593
18-08-2015,10,12813,14608,9077,4518,41016,975,914,1272,3161,44177
18-08-2015,11,12651,14557,9105,4526,40839,965,887,1260,3112,43951
18-08-2015,12,12671,14530,9027,4454,40682,988,904,1279,3171,43853
18-08-2015,13,12655,14439,8944,4476,40514,977,905,1268,3150,43664
18-08-2015,14,12554,14670,8813,4374,40411,970,891,1256,3117,43528
18-08-2015,15,12609,14460,8705,4225,39999,937,873,1228,3038,43037
18-08-2015,16,12554,14361,8644,4137,39696,906,845,1187,2938,42634
18-08-2015,17,12314,14474,8512,4289,39589,887,838,1178,2903,42492
18-08-2015,18,12195,13872,8590,4212,38869,864,814,1176,2854,41723
18-08-2015,19,12095,13577,8669,3979,38320,838,801,1165,2804,41124
18-08-2015,20,11993,13416,8545,3793,37747,857,812,1193,2862,40609
18-08-2015,21,12180,12845,8676,3781,37482,823,772,1100,2695,40177
18-08-2015,22,11932,11874,8308,3499,35613,725,671,950,2346,37959
18-08-2015,23,11127,11021,7709,3137,32994,665,586,869,2120,35114
19-08-2015,0,10679,10637,7409,2899,31624,630,544,810,1984,33608
19-08-2015,1,10319,10473,7270,2779,30841,610,532,787,1929,32770
19-08-2015,2,10219,10458,7207,2732,30616,597,521,775,1893,32509
19-08-2015,3,10180,10705,7212,2723,30820,607,533,777,1917,32737
19-08-2015,4,10276,10660,7318,2796,31050,603,542,807,1952,33002
19-08-2015,5,10408,11097,8000,2963,32468,689,606,925,2220,34688
19-08-2015,6,11360,12713,8494,3446,36013,794,736,1082,2612,38625
19-08-2015,7,12647,14659,8817,4016,40139,913,849,1215,2977,43116
19-08-2015,8,12804,14924,8853,4288,40869,958,903,1269,3130,43999
19-08-2015,9,12832,15042,8903,4411,41188,959,923,1259,3141,44329
19-08-2015,10,12727,15110,8993,4494,41324,955,911,1262,3128,44452
19-08-2015,11,12608,14675,9110,4471,40864,938,886,1249,3073,43937
19-08-2015,12,12572,14729,9007,4288,40596,964,912,1272,3148,43744
19-08-2015,13,12578,15018,8963,4399,40958,952,914,1259,3125,44083
19-08-2015,14,12548,14939,8890,4344,40721,944,907,1238,3089,43810
19-08-2015,15,12453,14905,8746,4180,40284,916,897,1210,3023,43307
19-08-2015,16,12354,14578,8711,4130,39773,886,862,1176,2924,42697
19-08-2015,17,12184,14599,8595,4261,39639,857,843,1157,2857,42496
19-08-2015,18,12146,14201,8642,4133,39122,832,824,1144,2800,41922
19-08-2015,19,12099,14055,8680,4000,38834,815,820,1138,2773,41607
19-08-2015,20,12061,13792,8569,3903,38325,837,837,1174,2848,41173
19-08-2015,21,12206,13310,8581,3884,37981,803,785,1074,2662,40643
19-08-2015,22,11876,12235,8228,3612,35951,714,683,923,2320,38271
19-08-2015,23,11028,11111,7685,3226,33050,653,600,837,2090,35140
20-08-2015,0,10476,10845,7353,2981,31655,608,561,797,1966,33621
20-08-2015,1,10221,10661,7118,2847,30847,582,541,772,1895,32742
20-08-2015,2,10131,10562,7095,2771,30559,572,528,761,1861,32420
20-08-2015,3,10104,10574,7165,2784,30627,575,528,768,1871,32498
20-08-2015,4,10163,10807,7232,2836,31038,558,544,796,1898,32936
20-08-2015,5,10328,11324,7855,3037,32544,579,608,913,2100,34644
20-08-2015,6,11248,12784,8559,3529,36120,644,726,1066,2436,38556
20-08-2015,7,12359,14406,8823,4115,39703,711,847,1207,2765,42468
20-08-2015,8,12561,14965,8912,4372,40810,789,904,1270,2963,43773
20-08-2015,9,12524,15090,8995,4460,41069,804,916,1273,2993,44062
20-08-2015,10,12745,15100,9058,4588,41491,808,917,1268,2993,44484
20-08-2015,11,12538,14979,9040,4584,41141,800,894,1258,2952,44093
20-08-2015,12,12536,14978,8977,4494,40985,800,916,1275,2991,43976
20-08-2015,13,12560,14984,8919,4531,40994,792,914,1271,2977,43971
20-08-2015,14,12559,14718,8824,4455,40556,782,903,1258,2943,43499
20-08-2015,15,12552,14600,8755,4327,40234,770,885,1228,2883,43117
20-08-2015,16,12403,14416,8641,4288,39748,768,851,1195,2814,42562
20-08-2015,17,12457,14483,8493,4418,39851,761,836,1180,2777,42628
20-08-2015,18,12228,14181,8552,4305,39266,754,814,1165,2733,41999
20-08-2015,19,12087,13747,8593,4113,38540,753,820,1154,2727,41267
20-08-2015,20,12016,13582,8525,3974,38097,779,842,1203,2824,40921
20-08-2015,21,12131,13369,8571,3970,38041,749,784,1098,2631,40672
20-08-2015,22,11781,12200,8235,3658,35874,678,686,950,2314,38188
20-08-2015,23,11136,11398,7727,3267,33528,622,604,855,2081,35609
21-08-2015,0,10554,10836,7458,3005,31853,579,556,781,1916,33769
21-08-2015,1,10351,10866,7244,2918,31379,565,539,761,1865,33244
21-08-2015,2,10160,10671,7176,2871,30878,559,534,771,1864,32742
21-08-2015,3,10108,10671,7215,2877,30871,566,540,772,1878,32749
21-08-2015,4,10184,10703,7327,2932,31146,562,550,803,1915,33061
21-08-2015,5,10358,11277,8025,3133,32793,623,610,912,2145,34938
21-08-2015,6,11139,12710,8704,3587,36140,722,728,1036,2486,38626
21-08-2015,7,12416,14385,8922,4144,39867,819,840,1170,2829,42696
21-08-2015,8,12825,14913,9135,4384,41257,877,905,1231,3013,44270
21-08-2015,9,12886,15082,9164,4463,41595,892,925,1239,3056,44651
21-08-2015,10,12861,15284,9163,4591,41899,892,922,1244,3058,44957
21-08-2015,11,12504,15229,9176,4559,41468,884,900,1237,3021,44489
21-08-2015,12,12488,15010,9065,4427,40990,896,924,1253,3073,44063
21-08-2015,13,12520,14730,8916,4306,40472,892,916,1238,3046,43518
21-08-2015,14,12431,14387,8896,4130,39844,887,900,1211,2998,42842
21-08-2015,15,12399,14211,8755,3991,39356,866,880,1177,2923,42279
21-08-2015,16,12231,13834,8629,3950,38644,846,850,1152,2848,41492
21-08-2015,17,12073,13917,8620,4066,38676,817,832,1126,2775,41451
21-08-2015,18,11977,13552,8665,4027,38221,796,804,1111,2711,40932
21-08-2015,19,12033,13146,8581,3805,37565,792,801,1097,2690,40255
21-08-2015,20,11747,12979,8434,3622,36782,809,823,1133,2765,39547
21-08-2015,21,11717,12722,8512,3632,36583,766,778,1032,2576,39159
21-08-2015,22,11348,11757,8166,3366,34637,689,685,905,2279,36916
21-08-2015,23,10874,11029,7638,3080,32621,647,610,847,2104,34725
22-08-2015,0,10466,10602,7341,2857,31266,615,567,799,1981,33247
22-08-2015,1,10207,10364,7133,2726,30430,598,544,769,1911,32341
22-08-2015,2,10099,10527,7069,2652,30347,590,534,753,1877,32224
22-08-2015,3,9993,10511,7007,2629,30140,586,533,751,1870,32010
22-08-2015,4,9919,10401,6908,2643,29871,574,537,755,1866,31737
22-08-2015,5,9844,10305,7038,2676,29863,580,547,780,1907,31770
22-08-2015,6,9867,10505,7339,2751,30462,623,607,865,2095,32557
22-08-2015,7,10189,11134,7613,3045,31981,689,695,973,2357,34338
22-08-2015,8,10864,12188,7804,3396,34252,750,767,1053,2570,36822
22-08-2015,9,11405,13061,7954,3607,36027,781,805,1072,2658,38685
22-08-2015,10,11682,13119,8027,3711,36539,778,817,1075,2670,39209
22-08-2015,11,11581,12609,7998,3667,35855,771,808,1070,2649,38504
22-08-2015,12,11309,12483,7897,3578,35267,772,796,1060,2628,37895
22-08-2015,13,11285,12344,7851,3517,34997,762,781,1039,2582,37579
22-08-2015,14,11137,12073,7942,3426,34578,756,768,1018,2542,37120
22-08-2015,15,11153,12152,7942,3373,34620,751,759,1011,2521,37141
22-08-2015,16,11145,12174,7995,3398,34712,751,756,1004,2511,37223
22-08-2015,17,11178,12393,7968,3578,35117,746,749,997,2492,37609
22-08-2015,18,11078,12232,7958,3560,34828,741,743,985,2469,37297
22-08-2015,19,11148,12053,7941,3399,34541,735,741,981,2457,36998
22-08-2015,20,11036,11972,8058,3309,34375,765,770,1031,2566,36941
22-08-2015,21,11166,12100,8249,3374,34889,734,725,956,2415,37304
22-08-2015,22,10951,11619,7993,3160,33723,664,658,841,2163,35886
22-08-2015,23,10544,11123,7532,2916,32115,604,591,778,1973,34088
23-08-2015,0,10286,10671,7219,2721,30897,578,552,730,1860,32757
23-08-2015,1,10046,10371,6963,2582,29962,580,536,707,1823,31785
23-08-2015,2,9789,10217,6893,2523,29422,557,524,696,1777,31199
23-08-2015,3,9671,10075,6847,2500,29093,561,521,687,1769,30862
23-08-2015,4,9621,10059,6736,2494,28910,549,528,691,1768,30678
23-08-2015,5,9527,9841,6711,2482,28561,533,522,701,1756,30317
23-08-2015,6,9537,9881,6858,2546,28822,558,570,771,1899,30721
23-08-2015,7,9758,10365,7067,2787,29977,642,652,879,2173,32150
23-08-2015,8,10159,11131,7323,3124,31737,710,727,958,2395,34132
23-08-2015,9,10758,11776,7479,3334,33347,738,766,1003,2507,35854
23-08-2015,10,10905,12102,7728,3428,34163,744,769,1009,2522,36685
23-08-2015,11,10925,12140,7829,3442,34336,747,763,1008,2518,36854
23-08-2015,12,10853,12145,7788,3443,34229,746,757,1005,2508,36737
23-08-2015,13,10769,12096,7786,3414,34065,738,756,998,2492,36557
23-08-2015,14,10654,12066,7770,3405,33895,734,750,986,2470,36365
23-08-2015,15,10609,11998,7822,3364,33793,743,741,985,2469,36262
23-08-2015,16,10788,12025,7872,3436,34121,745,745,987,2477,36598
23-08-2015,17,10985,12303,7885,3685,34858,741,746,999,2486,37344
23-08-2015,18,11181,12626,7926,3716,35449,742,751,1006,2499,37948
23-08-2015,19,11280,12615,7981,3610,35486,738,763,1022,2523,38009
23-08-2015,20,11417,12662,8081,3487,35647,766,804,1078,2648,38295
23-08-2015,21,11735,12454,8202,3486,35877,729,742,972,2443,38320
23-08-2015,22,11467,11554,7931,3249,34201,657,658,838,2153,36354
23-08-2015,23,10782,10902,7554,2968,32206,595,585,765,1945,34151
24-08-2015,0,10227,10711,7324,2778,31040,563,548,721,1832,32872
24-08-2015,1,9905,10452,7116,2703,30176,550,533,700,1783,31959
24-08-2015,2,9765,10512,7069,2629,29975,536,530,692,1758,31733
24-08-2015,3,9720,10543,7097,2633,29993,553,524,700,1777,31770
24-08-2015,4,9791,10781,7211,2696,30479,558,533,740,1831,32310
24-08-2015,5,10089,11479,7849,2928,32345,631,597,848,2076,34421
24-08-2015,6,10869,12606,8506,3460,35441,765,721,1013,2499,37940
24-08-2015,7,12432,14124,8863,4066,39485,883,846,1158,2887,42372
24-08-2015,8,12719,14957,9068,4365,41109,952,911,1238,3101,44210
24-08-2015,9,12589,15368,9198,4413,41568,969,938,1269,3176,44744
24-08-2015,10,12668,15457,9248,4517,41890,975,938,1274,3187,45077
24-08-2015,11,12472,15497,9218,4521,41708,972,920,1276,3168,44876
24-08-2015,12,12460,15557,9078,4435,41530,1002,948,1298,3248,44778
24-08-2015,13,12620,15587,8972,4435,41614,993,949,1291,3233,44847
24-08-2015,14,12607,15268,8754,4414,41043,978,934,1275,3187,44230
24-08-2015,15,12630,15303,8735,4220,40888,943,919,1236,3098,43986
24-08-2015,16,12740,15188,8688,4228,40844,919,889,1192,3000,43844
24-08-2015,17,12484,15016,8509,4492,40501,894,869,1171,2934,43435
24-08-2015,18,12243,14757,8551,4382,39933,862,841,1149,2852,42785
24-08-2015,19,12204,14560,8501,4152,39417,849,835,1148,2832,42249
24-08-2015,20,12103,14262,8523,3946,38834,876,861,1190,2927,41761
24-08-2015,21,12045,13920,8443,3855,38263,827,786,1057,2670,40933
24-08-2015,22,11548,12529,8110,3527,35714,728,685,925,2338,38052
24-08-2015,23,10830,11964,7650,3221,33665,657,607,834,2098,35763
25-08-2015,0,10517,11273,7299,3000,32089,626,578,785,1989,34078
25-08-2015,1,10195,10922,7138,2869,31124,612,558,758,1928,33052
25-08-2015,2,9992,10758,7060,2837,30647,598,554,749,1901,32548
25-08-2015,3,9877,10828,7121,2811,30637,602,548,752,1902,32539
25-08-2015,4,9977,10864,7251,2825,30917,611,555,785,1951,32868
25-08-2015,5,10214,11337,7902,3071,32524,682,617,899,2198,34722
25-08-2015,6,11102,12749,8522,3599,35972,805,744,1048,2597,38569
25-08-2015,7,12428,14600,8846,4194,40068,917,867,1194,2978,43046
25-08-2015,8,12734,15265,8957,4406,41362,967,929,1264,3160,44522
25-08-2015,9,12743,15316,9068,4474,41601,963,948,1294,3205,44806
25-08-2015,10,12647,15605,9099,4594,41945,965,955,1300,3220,45165
25-08-2015,11,12758,15454,9103,4560,41875,958,942,1290,3190,45065
25-08-2015,12,12704,15322,9022,4503,41551,1001,973,1314,3288,44839
25-08-2015,13,12615,15241,8946,4509,41311,1007,973,1305,3285,44596
25-08-2015,14,12629,15146,8829,4414,41018,993,967,1293,3253,44271
25-08-2015,15,12838,15093,8790,4295,41016,967,945,1265,3177,44193
25-08-2015,16,12650,14598,8689,4227,40164,937,908,1221,3066,43230
25-08-2015,17,12698,14597,8489,4388,40172,899,892,1197,2988,43160
25-08-2015,18,12368,14141,8505,4315,39329,866,866,1174,2906,42235
25-08-2015,19,12291,14012,8664,4146,39113,864,874,1191,2929,42042
25-08-2015,20,12269,13770,8647,4060,38746,893,881,1212,2986,41732
25-08-2015,21,12202,13324,8482,3971,37979,821,800,1066,2687,40666
25-08-2015,22,11661,12282,8099,3579,35621,725,702,945,2372,37993
25-08-2015,23,10966,11477,7551,3102,33096,662,626,877,2165,35261
26-08-2015,0,10431,11161,7196,2907,31695,627,596,829,2052,33747
26-08-2015,1,10101,10891,7090,2815,30897,607,572,799,1978,32875
26-08-2015,2,9979,10916,7004,2756,30655,598,561,787,1946,32601
26-08-2015,3,10003,10867,7109,2773,30752,596,565,787,1948,32700
26-08-2015,4,10138,10737,7318,2798,30991,610,582,839,2031,33022
26-08-2015,5,10323,11289,8001,2999,32612,656,644,955,2255,34867
26-08-2015,6,11126,12581,8678,3509,35894,781,761,1096,2638,38532
26-08-2015,7,12482,14494,9078,4149,40203,904,881,1224,3009,43212
26-08-2015,8,12713,14918,9231,4396,41258,955,924,1287,3166,44424
26-08-2015,9,12671,14980,9239,4505,41395,985,943,1298,3226,44621
26-08-2015,10,12752,14813,9353,4596,41514,988,929,1293,3210,44724
26-08-2015,11,12656,15010,9329,4578,41573,974,892,1279,3145,44718
26-08-2015,12,12459,14988,9249,4487,41183,995,927,1304,3226,44409
26-08-2015,13,12443,14964,9056,4501,40964,989,925,1290,3204,44168
26-08-2015,14,12601,14892,8993,4432,40918,974,914,1281,3169,44087
26-08-2015,15,12552,15096,8868,4278,40794,936,892,1255,3083,43877
26-08-2015,16,12628,14839,8750,4223,40440,912,867,1214,2993,43433
26-08-2015,17,12603,14797,8643,4423,40466,882,850,1197,2929,43395
26-08-2015,18,12510,14573,8681,4289,40053,851,826,1175,2852,42905
26-08-2015,19,12470,14346,8746,4106,39668,850,833,1185,2868,42536
26-08-2015,20,12512,14287,8695,3961,39455,878,860,1235,2973,42428
26-08-2015,21,12411,13691,8517,3833,38452,815,790,1103,2708,41160
26-08-2015,22,11811,12374,8102,3495,35782,745,698,955,2398,38180
26-08-2015,23,10970,11830,7529,3149,33478,682,611,876,2169,35647
27-08-2015,0,10615,10891,7270,2918,31694,646,570,829,2045,33739
27-08-2015,1,10194,10523,7104,2811,30632,626,555,804,1985,32617
27-08-2015,2,10116,10471,7116,2801,30504,627,551,795,1973,32477
27-08-2015,3,9965,10468,7168,2759,30360,629,547,796,1972,32332
27-08-2015,4,10136,10492,7421,2819,30868,644,560,833,2037,32905
27-08-2015,5,10324,11004,7960,3029,32317,707,627,950,2284,34601
27-08-2015,6,11189,12781,8588,3581,36139,830,744,1089,2663,38802
27-08-2015,7,12617,14418,8924,4184,40143,937,863,1226,3026,43169
27-08-2015,8,12964,15252,9083,4452,41751,982,922,1292,3196,44947
27-08-2015,9,13046,15350,9146,4546,42088,994,946,1311,3251,45339
27-08-2015,10,13018,15367,9173,4640,42198,995,954,1314,3263,45461
27-08-2015,11,12870,15444,9203,4639,42156,993,925,1305,3223,45379
27-08-2015,12,12669,15342,9113,4560,41684,1021,952,1326,3299,44983
27-08-2015,13,12652,15251,9080,4573,41556,1009,954,1320,3283,44839
27-08-2015,14,12619,15073,9013,4442,41147,1003,937,1304,3244,44391
27-08-2015,15,12758,14920,8939,4264,40881,969,923,1276,3168,44049
27-08-2015,16,12918,14818,8885,4214,40835,920,887,1238,3045,43880
27-08-2015,17,12611,14829,8814,4431,40685,896,868,1225,2989,43674
27-08-2015,18,12531,14461,8882,4315,40189,886,849,1199,2934,43123
27-08-2015,19,12433,14204,9006,4086,39729,903,865,1209,2977,42706
27-08-2015,20,12479,14380,8922,3981,39762,927,892,1238,3057,42819
27-08-2015,21,12611,14128,8720,3845,39304,850,816,1096,2762,42066
27-08-2015,22,12148,13076,8350,3513,37087,756,712,956,2424,39511
27-08-2015,23,11265,12057,7851,3152,34325,687,633,884,2204,36529
28-08-2015,0,10528,11335,7529,2931,32323,652,591,837,2080,34403
28-08-2015,1,10373,10830,7319,2818,31340,637,569,818,2024,33364
28-08-2015,2,10191,10753,7308,2762,31014,622,556,803,1981,32995
28-08-2015,3,10137,10607,7385,2745,30874,630,561,804,1995,32869
28-08-2015,4,10149,10707,7633,2812,31301,657,577,846,2080,33381
28-08-2015,5,10371,11509,8272,3003,33155,724,647,958,2329,35484
28-08-2015,6,11277,13137,8963,3469,36846,842,761,1096,2699,39545
28-08-2015,7,12558,14831,9378,4043,40810,961,887,1236,3084,43894
28-08-2015,8,12907,15361,9564,4303,42135,1015,945,1305,3265,45400
28-08-2015,9,12857,15085,9582,4363,41887,1027,956,1326,3309,45196
28-08-2015,10,12810,15060,9458,4434,41762,1034,950,1339,3323,45085
28-08-2015,11,12784,14778,9493,4410,41465,1029,927,1324,3280,44745
28-08-2015,12,12755,14580,9407,4279,41021,1055,944,1344,3343,44364
28-08-2015,13,12647,14320,9246,4201,40414,1036,933,1321,3290,43704
28-08-2015,14,12506,14191,9182,4047,39926,1015,907,1282,3204,43130
28-08-2015,15,12341,14094,9062,3868,39365,980,885,1239,3104,42469
28-08-2015,16,12102,13677,8937,3861,38577,935,850,1200,2985,41562
28-08-2015,17,12022,13496,8850,4023,38391,907,824,1167,2898,41289
28-08-2015,18,11964,13515,8890,3966,38335,876,798,1155,2829,41164
28-08-2015,19,11888,13244,8925,3763,37820,861,803,1153,2817,40637
28-08-2015,20,11773,13221,8992,3567,37553,890,834,1172,2896,40449
28-08-2015,21,11801,12887,8709,3522,36919,822,763,1051,2636,39555
28-08-2015,22,11287,11746,8335,3271,34639,740,676,923,2339,36978
28-08-2015,23,10602,10697,7756,2981,32036,674,592,861,2127,34163
29-08-2015,0,10428,10212,7357,2781,30778,639,551,818,2008,32786
29-08-2015,1,10311,10126,7184,2641,30262,617,527,782,1926,32188
29-08-2015,2,10190,9980,7103,2536,29809,606,515,772,1893,31702
29-08-2015,3,10127,9821,7165,2517,29630,606,518,769,1893,31523
29-08-2015,4,10206,9880,7171,2534,29791,605,532,782,1919,31710
29-08-2015,5,10326,10068,7191,2568,30153,608,536,799,1943,32096
29-08-2015,6,10464,10406,7402,2640,30912,657,595,886,2138,33050
29-08-2015,7,10807,11176,7690,2933,32606,738,680,998,2416,35022
29-08-2015,8,11312,12380,7901,3285,34878,800,743,1069,2612,37490
29-08-2015,9,11698,12847,8028,3489,36062,829,768,1080,2677,38739
29-08-2015,10,11954,12932,8044,3573,36503,835,768,1081,2684,39187
29-08-2015,11,11786,12648,8041,3553,36028,831,761,1071,2663,38691
29-08-2015,12,11693,12762,7989,3496,35940,833,756,1060,2649,38589
29-08-2015,13,11607,12341,7943,3455,35346,826,758,1032,2616,37962
29-08-2015,14,11495,12028,7988,3423,34934,812,748,1003,2563,37497
29-08-2015,15,11527,12204,8022,3367,35120,798,729,988,2515,37635
29-08-2015,16,11547,12176,8106,3386,35215,787,723,989,2499,37714
29-08-2015,17,11618,12277,8133,3579,35607,766,723,992,2481,38088
29-08-2015,18,11778,12381,8144,3611,35914,746,716,995,2457,38371
29-08-2015,19,11737,12412,8134,3419,35702,751,731,1024,2506,38208
29-08-2015,20,11596,12519,8282,3386,35783,777,760,1077,2614,38397
29-08-2015,21,11465,12294,8299,3356,35414,742,698,982,2422,37836
29-08-2015,22,11201,11575,8019,3114,33909,681,640,884,2205,36114
29-08-2015,23,10904,10909,7614,2877,32304,633,576,821,2030,34334
30-08-2015,0,10723,10575,7312,2683,31293,610,540,773,1923,33216
30-08-2015,1,10400,10443,7114,2567,30524,596,522,749,1867,32391
30-08-2015,2,10196,10306,7098,2505,30105,580,515,733,1828,31933
30-08-2015,3,10177,10259,7128,2472,30036,583,514,724,1821,31857
30-08-2015,4,10187,10194,7081,2467,29929,576,521,732,1829,31758
30-08-2015,5,10165,10148,6995,2515,29823,569,512,741,1822,31645
30-08-2015,6,10084,10009,7071,2566,29730,605,560,805,1970,31700
30-08-2015,7,10248,10733,7342,2774,31097,669,628,893,2190,33287
30-08-2015,8,10828,11615,7569,3101,33113,740,700,974,2414,35527
30-08-2015,9,11273,12417,7712,3341,34743,776,742,1018,2536,37279
30-08-2015,10,11662,12839,7805,3469,35775,790,748,1026,2564,38339
30-08-2015,11,11710,13217,7868,3516,36311,785,748,1027,2560,38871
30-08-2015,12,11536,12916,7854,3494,35800,792,746,1027,2565,38365
30-08-2015,13,11294,12604,7797,3456,35151,795,738,1014,2547,37698
30-08-2015,14,11366,12404,7738,3435,34943,783,736,1012,2531,37474
30-08-2015,15,11618,12470,7737,3415,35240,781,734,1009,2524,37764
30-08-2015,16,11489,12556,7885,3508,35438,777,733,1006,2516,37954
30-08-2015,17,11435,12792,7957,3793,35977,776,732,1013,2521,38498
30-08-2015,18,11484,12978,8077,3824,36363,778,733,1026,2537,38900
30-08-2015,19,11686,13251,8237,3672,36846,800,773,1083,2656,39502
30-08-2015,20,11919,13482,8423,3620,37444,827,793,1119,2739,40183
30-08-2015,21,11918,13125,8368,3488,36899,767,726,992,2485,39384
30-08-2015,22,11495,12336,8170,3198,35199,699,640,865,2204,37403
30-08-2015,23,10975,11411,7731,2924,33041,638,569,800,2007,35048
31-08-2015,0,10650,10967,7395,2733,31745,610,536,755,1901,33646
31-08-2015,1,10481,10822,7272,2634,31209,596,524,736,1856,33065
31-08-2015,2,10354,10880,7269,2590,31093,592,522,727,1841,32934
31-08-2015,3,10298,10913,7367,2605,31183,593,526,733,1852,33035
31-08-2015,4,10368,10945,7607,2669,31589,608,542,777,1927,33516
31-08-2015,5,10755,11558,8188,2887,33388,682,606,895,2183,35571
31-08-2015,6,11731,13165,8807,3449,37152,810,729,1042,2581,39733
31-08-2015,7,12899,14844,9154,4030,40927,922,859,1186,2967,43894
31-08-2015,8,13220,15272,9278,4331,42101,968,921,1255,3144,45245
31-08-2015,9,13222,15354,9312,4403,42291,980,938,1273,3191,45482
31-08-2015,10,13284,15420,9308,4500,42512,983,928,1276,3187,45699
31-08-2015,11,13014,15517,9295,4556,42382,973,905,1266,3144,45526
31-08-2015,12,13125,15409,9208,4506,42248,1003,939,1292,3234,45482
31-08-2015,13,13096,15369,9086,4507,42058,992,939,1288,3219,45277
31-08-2015,14,13055,15198,9077,4405,41735,974,927,1280,3181,44916
31-08-2015,15,12749,14967,8921,4236,40873,935,907,1245,3087,43960
31-08-2015,16,12822,14726,8867,4237,40652,908,868,1207,2983,43635
31-08-2015,17,12771,15085,8742,4486,41084,886,849,1190,2925,44009
31-08-2015,18,12524,15230,8874,4416,41044,876,836,1181,2893,43937
31-08-2015,19,12532,14979,8902,4214,40627,899,873,1226,2998,43625
31-08-2015,20,12687,14947,8913,4088,40635,923,884,1247,3054,43689
31-08-2015,21,12727,14331,8689,3862,39609,851,792,1083,2726,42335
31-08-2015,22,12003,13028,8316,3508,36855,752,690,922,2364,39219
31-08-2015,23,11307,11823,7814,3141,34085,677,602,846,2125,36210
01-09-2015,0,10923,11373,7496,2958,32750,638,554,795,1987,34737
01-09-2015,1,10588,11171,7279,2846,31884,621,535,764,1920,33804
01-09-2015,2,10495,11130,7300,2815,31740,610,528,754,1892,33632
01-09-2015,3,10563,11065,7307,2801,31736,613,537,759,1909,33645
01-09-2015,4,10666,11042,7560,2863,32131,637,550,804,1991,34122
01-09-2015,5,10854,11824,8129,3092,33899,707,634,945,2286,36185
01-09-2015,6,11930,13197,8766,3667,37560,842,775,1101,2718,40278
01-09-2015,7,13193,15008,9081,4211,41493,961,874,1236,3071,44564
01-09-2015,8,13557,15793,9210,4485,43045,1002,924,1264,3190,46235
01-09-2015,9,13500,15883,9163,4524,43070,1013,934,1252,3199,46269
01-09-2015,10,13381,15901,9105,4590,42977,1009,941,1266,3216,46193
01-09-2015,11,13496,15966,9192,4569,43223,988,927,1269,3184,46407
01-09-2015,12,13448,15951,9066,4453,42918,1020,940,1310,3270,46188
01-09-2015,13,13278,15880,9046,4530,42734,1010,931,1308,3249,45983
01-09-2015,14,13155,15621,8996,4432,42204,1001,917,1300,3218,45422
01-09-2015,15,13331,15580,8938,4282,42131,960,893,1275,3128,45259
01-09-2015,16,13299,15512,8913,4252,41976,921,860,1235,3016,44992
01-09-2015,17,13195,15619,8804,4478,42096,906,840,1215,2961,45057
01-09-2015,18,13026,15255,8901,4330,41512,893,822,1190,2905,44417
01-09-2015,19,13017,15037,9050,4097,41201,910,841,1226,2977,44178
01-09-2015,20,13149,15085,9132,4033,41399,910,844,1233,2987,44386
01-09-2015,21,13027,14442,8702,3852,40023,829,763,1067,2659,42682
01-09-2015,22,12444,12952,8403,3555,37354,741,674,930,2345,39699
01-09-2015,23,11580,11812,7820,3203,34415,677,597,859,2133,36548
02-09-2015,0,11086,11413,7539,2972,33010,648,562,823,2033,35043
02-09-2015,1,10736,11174,7411,2875,32196,628,545,801,1974,34170
02-09-2015,2,10600,11017,7397,2813,31827,621,539,794,1954,33781
02-09-2015,3,10660,11152,7477,2826,32115,622,538,792,1952,34067
02-09-2015,4,10689,11268,7691,2868,32516,647,566,837,2050,34566
02-09-2015,5,10963,12106,8106,3107,34282,725,657,1005,2387,36669
02-09-2015,6,12054,13528,8761,3638,37981,869,795,1155,2819,40800
02-09-2015,7,13444,15231,9116,4194,41985,969,910,1270,3149,45134
02-09-2015,8,13862,15884,9250,4297,43293,1015,963,1330,3308,46601
02-09-2015,9,13693,15686,9286,4364,43029,1027,977,1353,3357,46386
02-09-2015,10,13464,15723,9279,4504,42970,1029,957,1364,3350,46320
02-09-2015,11,13378,15760,9298,4486,42922,1008,931,1341,3280,46202
02-09-2015,12,13402,15763,9259,4370,42794,1040,963,1330,3333,46127
02-09-2015,13,13417,15638,9165,4476,42696,1023,963,1309,3295,45991
02-09-2015,14,13306,15421,9121,4354,42202,1015,952,1297,3264,45466
02-09-2015,15,13147,15530,9085,4214,41976,981,936,1269,3186,45162
02-09-2015,16,13105,15207,9102,4133,41547,958,902,1219,3079,44626
02-09-2015,17,13129,15116,9165,4319,41729,945,890,1206,3041,44770
02-09-2015,18,12832,15088,9208,4208,41336,936,874,1211,3021,44357
02-09-2015,19,12812,14863,9401,4002,41078,948,883,1243,3074,44152
02-09-2015,20,12986,14985,9162,3962,41095,919,871,1214,3004,44099
02-09-2015,21,12945,14155,8841,3816,39757,838,781,1051,2670,42427
02-09-2015,22,12402,13080,8464,3458,37404,747,687,903,2337,39741
02-09-2015,23,11634,12015,8008,3103,34760,671,609,842,2122,36882
03-09-2015,0,11084,11440,7555,2878,32957,639,565,805,2009,34966
03-09-2015,1,10883,11144,7393,2763,32183,626,551,795,1972,34155
03-09-2015,2,10750,11185,7433,2716,32084,619,545,787,1951,34035
03-09-2015,3,10770,11244,7503,2723,32240,626,549,798,1973,34213
03-09-2015,4,10884,11319,7807,2783,32793,655,576,854,2085,34878
03-09-2015,5,11084,11881,8504,3020,34489,749,664,1021,2434,36923
03-09-2015,6,12125,13149,9122,3542,37938,880,800,1168,2848,40786
03-09-2015,7,13393,14773,9440,4083,41689,985,914,1279,3178,44867
03-09-2015,8,13617,15228,9525,4309,42679,1027,955,1320,3302,45981
03-09-2015,9,13609,15191,9571,4385,42756,1027,956,1318,3301,46057
03-09-2015,10,13394,15269,9516,4459,42638,1037,953,1305,3295,45933
03-09-2015,11,13050,15240,9433,4430,42153,1008,923,1290,3221,45374
03-09-2015,12,13039,15250,9356,4331,41976,1025,947,1316,3288,45264
03-09-2015,13,12943,15207,9221,4364,41735,1012,944,1305,3261,44996
03-09-2015,14,12905,14968,9205,4298,41376,1007,930,1284,3221,44597
03-09-2015,15,12649,14904,9125,4190,40868,971,906,1249,3126,43994
03-09-2015,16,12887,14799,9104,4211,41001,933,865,1205,3003,44004
03-09-2015,17,12811,14776,9081,4289,40957,913,854,1194,2961,43918
03-09-2015,18,12645,14424,9191,4180,40440,899,836,1185,2920,43360
03-09-2015,19,12558,14487,9372,4001,40418,921,881,1245,3047,43465
03-09-2015,20,12877,14787,9226,3950,40840,931,895,1253,3079,43919
03-09-2015,21,12941,14205,8989,3793,39928,832,797,1092,2721,42649
03-09-2015,22,12396,13237,8643,3460,37736,734,690,951,2375,40111
03-09-2015,23,11736,12219,8098,3104,35157,674,613,869,2156,37313
04-09-2015,0,11271,11624,7690,2889,33474,654,569,832,2055,35529
04-09-2015,1,10838,11180,7530,2785,32333,636,554,808,1998,34331
04-09-2015,2,10721,11108,7444,2737,32010,618,550,801,1969,33979
04-09-2015,3,10733,11164,7543,2748,32188,630,545,806,1981,34169
04-09-2015,4,10973,11436,7839,2792,33040,658,575,858,2091,35131
04-09-2015,5,11290,11922,8517,3023,34752,738,663,1013,2414,37166
04-09-2015,6,12222,13563,9079,3564,38428,861,788,1134,2783,41211
04-09-2015,7,13408,15085,9383,4076,41952,962,885,1241,3088,45040
04-09-2015,8,13833,15657,9518,4322,43330,998,934,1280,3212,46542
04-09-2015,9,13707,15725,9475,4393,43300,998,932,1283,3213,46513
04-09-2015,10,13639,15728,9542,4460,43369,991,926,1280,3197,46566
04-09-2015,11,13589,15698,9512,4409,43208,975,891,1265,3131,46339
04-09-2015,12,13501,15342,9368,4290,42501,999,908,1286,3193,45694
04-09-2015,13,13221,15074,9182,4214,41691,984,910,1272,3166,44857
04-09-2015,14,13166,14953,9109,4055,41283,970,890,1252,3112,44395
04-09-2015,15,13073,14615,9070,3931,40689,940,875,1218,3033,43722
04-09-2015,16,13020,14169,9024,3921,40134,912,848,1196,2956,43090
04-09-2015,17,12772,14193,8948,4151,40064,886,840,1176,2902,42966
04-09-2015,18,12801,14120,8920,4070,39911,880,836,1173,2889,42800
04-09-2015,19,12738,13946,9082,3873,39639,906,860,1204,2970,42609
04-09-2015,20,12749,13953,8962,3770,39434,907,850,1170,2927,42361
04-09-2015,21,12557,13295,8661,3586,38099,829,777,1038,2644,40743
04-09-2015,22,12058,12413,8268,3321,36060,744,689,919,2352,38412
04-09-2015,23,11445,11700,7737,3037,33919,685,616,858,2159,36078
05-09-2015,0,10956,11137,7389,2799,32281,651,579,813,2043,34324
05-09-2015,1,10610,10909,7187,2666,31372,627,556,790,1973,33345
05-09-2015,2,10413,10643,7159,2587,30802,620,541,775,1936,32738
05-09-2015,3,10345,10723,7166,2541,30775,609,539,774,1922,32697
05-09-2015,4,10361,10780,7258,2527,30926,608,549,790,1947,32873
05-09-2015,5,10559,10762,7257,2576,31154,618,565,822,2005,33159
05-09-2015,6,10736,10933,7440,2755,31864,671,620,897,2188,34052
05-09-2015,7,11091,11454,7746,3002,33293,749,705,988,2442,35735
05-09-2015,8,11663,12122,8044,3345,35174,810,777,1072,2659,37833
05-09-2015,9,12243,13056,8228,3542,37069,847,807,1092,2746,39815
05-09-2015,10,12547,13375,8304,3618,37844,848,803,1085,2736,40580
05-09-2015,11,12515,13323,8282,3596,37716,841,791,1076,2708,40424
05-09-2015,12,12338,13289,8319,3569,37515,841,786,1056,2683,40198
05-09-2015,13,12124,13379,8305,3486,37294,828,776,1044,2648,39942
05-09-2015,14,12028,13170,8331,3426,36955,818,769,1028,2615,39570
05-09-2015,15,11950,12924,8352,3421,36647,811,762,1018,2591,39238
05-09-2015,16,11988,12885,8460,3489,36822,807,759,1020,2586,39408
05-09-2015,17,12275,13101,8513,3693,37582,803,754,1041,2598,40180
05-09-2015,18,12292,13149,8592,3685,37718,805,748,1058,2611,40329
05-09-2015,19,12312,13146,8629,3509,37596,837,781,1101,2719,40315
05-09-2015,20,12349,13306,8591,3479,37725,840,781,1094,2715,40440
05-09-2015,21,12248,12788,8385,3292,36713,776,719,1002,2497,39210
05-09-2015,22,11925,12060,8238,3063,35286,703,642,899,2244,37530
05-09-2015,23,11585,11642,7758,2879,33864,655,582,820,2057,35921
06-09-2015,0,11083,10834,7456,2722,32095,627,552,771,1950,34045
06-09-2015,1,10860,10710,7253,2605,31428,609,536,750,1895,33323
06-09-2015,2,10720,10429,7149,2529,30827,594,523,737,1854,32681
06-09-2015,3,10649,10392,7164,2488,30693,595,522,733,1850,32543
06-09-2015,4,10642,10515,7274,2513,30944,605,535,746,1886,32830
06-09-2015,5,10725,10463,7134,2566,30888,594,539,769,1902,32790
06-09-2015,6,10766,10462,7224,2623,31075,625,572,819,2016,33091
06-09-2015,7,10923,10855,7467,2840,32085,696,647,902,2245,34330
06-09-2015,8,11415,11851,7724,3172,34162,757,713,989,2459,36621
06-09-2015,9,11840,12570,7956,3349,35715,790,746,1027,2563,38278
06-09-2015,10,11985,12908,8120,3440,36453,791,748,1032,2571,39024
06-09-2015,11,11960,13109,8146,3481,36696,793,742,1035,2570,39266
06-09-2015,12,11987,13186,8085,3482,36740,794,738,1031,2563,39303
06-09-2015,13,11838,13365,8034,3446,36683,790,739,1021,2550,39233
06-09-2015,14,11748,13272,8046,3391,36457,795,738,1013,2546,39003
06-09-2015,15,11662,13063,8000,3374,36099,791,739,1020,2550,38649
06-09-2015,16,11667,13186,8058,3406,36317,792,735,1038,2565,38882
06-09-2015,17,11761,13277,8175,3709,36922,801,734,1062,2597,39519
06-09-2015,18,11960,13435,8387,3738,37520,823,741,1072,2636,40156
06-09-2015,19,12044,13790,8696,3568,38098,871,805,1153,2829,40927
06-09-2015,20,12583,13905,8584,3598,38670,855,811,1145,2811,41481
06-09-2015,21,12708,13405,8484,3432,38029,783,724,994,2501,40530
06-09-2015,22,12347,12630,8280,3122,36379,702,635,885,2222,38601
06-09-2015,23,11716,11688,7817,2834,34055,647,571,808,2026,36081
07-09-2015,0,11100,11376,7578,2673,32727,613,537,768,1918,34645
07-09-2015,1,10907,11162,7416,2569,32054,602,522,757,1881,33935
07-09-2015,2,10827,11149,7310,2538,31824,594,516,750,1860,33684
07-09-2015,3,10899,11109,7455,2537,32000,599,528,760,1887,33887
07-09-2015,4,10883,11163,7770,2584,32400,636,567,819,2022,34422
07-09-2015,5,11352,12058,8517,2854,34781,721,661,1019,2401,37182
07-09-2015,6,12506,13799,9042,3428,38775,854,785,1150,2789,41564
07-09-2015,7,13920,15612,9332,3983,42847,971,886,1258,3115,45962
07-09-2015,8,14058,16365,9493,4284,44200,1017,936,1309,3262,47462
07-09-2015,9,13944,16413,9522,4348,44227,1029,941,1299,3269,47496
07-09-2015,10,13761,16267,9577,4369,43974,1031,928,1291,3250,47224
07-09-2015,11,13529,16016,9566,4349,43460,1023,902,1271,3196,46656
07-09-2015,12,13530,15900,9473,4314,43217,1052,924,1288,3264,46481
07-09-2015,13,13481,15640,9398,4342,42861,1043,931,1282,3256,46117
07-09-2015,14,13337,15435,9281,4277,42330,1040,900,1267,3207,45537
07-09-2015,15,13116,15171,9196,4106,41589,1011,879,1226,3116,44705
07-09-2015,16,13122,15026,9191,4086,41425,986,855,1186,3027,44452
07-09-2015,17,13011,15007,9155,4289,41462,979,867,1187,3033,44495
07-09-2015,18,13030,14888,9238,4174,41330,965,853,1201,3019,44349
07-09-2015,19,12960,15020,9465,3961,41406,986,887,1257,3130,44536
07-09-2015,20,13158,15436,9366,3938,41898,957,853,1204,3014,44912
07-09-2015,21,13088,14284,9074,3758,40204,866,761,1042,2669,42873
07-09-2015,22,12514,13083,8713,3398,37708,764,659,923,2346,40054
07-09-2015,23,11786,12064,8233,3059,35142,703,586,851,2140,37282
08-09-2015,0,11150,11700,7962,2853,33665,674,555,815,2044,35709
08-09-2015,1,10905,11567,7661,2740,32873,654,542,795,1991,34864
08-09-2015,2,10845,11238,7655,2682,32420,645,531,792,1968,34388
08-09-2015,3,10888,11271,7743,2683,32585,650,542,803,1995,34580
08-09-2015,4,10980,11532,8056,2753,33321,679,575,862,2116,35437
08-09-2015,5,11354,12108,8816,3004,35282,774,664,1041,2479,37761
08-09-2015,6,12373,13796,9334,3566,39069,897,786,1152,2835,41904
08-09-2015,7,13608,15378,9583,4077,42646,1007,894,1268,3169,45815
08-09-2015,8,13850,15939,9746,4289,43824,1046,947,1327,3320,47144
08-09-2015,9,13648,15982,9708,4327,43665,1049,949,1317,3315,46980
08-09-2015,10,13497,15822,9730,4332,43381,1045,939,1302,3286,46667
08-09-2015,11,13301,15735,9726,4395,43157,1031,895,1279,3205,46362
08-09-2015,12,13249,15654,9561,4373,42837,1056,923,1295,3274,46111
08-09-2015,13,13247,15569,9506,4421,42743,1039,917,1287,3243,45986
08-09-2015,14,13002,15544,9403,4302,42251,1034,899,1272,3205,45456
08-09-2015,15,12891,15465,9311,4165,41832,998,881,1238,3117,44949
08-09-2015,16,12910,15275,9260,4151,41596,961,840,1192,2993,44589
08-09-2015,17,12850,15381,9176,4330,41737,945,836,1187,2968,44705
08-09-2015,18,12726,15430,9304,4253,41713,939,828,1189,2956,44669
08-09-2015,19,12773,15434,9580,4054,41841,971,868,1255,3094,44935
08-09-2015,20,13178,15700,9393,4064,42335,952,851,1214,3017,45352
08-09-2015,21,13096,15051,9199,3840,41186,860,757,1048,2665,43851
08-09-2015,22,12628,13960,8875,3492,38955,776,656,915,2347,41302
08-09-2015,23,11810,13182,8339,3127,36458,703,577,871,2151,38609
09-09-2015,0,11110,12321,8077,2893,34401,678,542,836,2056,36457
09-09-2015,1,10936,12119,7890,2787,33732,644,531,817,1992,35724
09-09-2015,2,10859,12108,7838,2738,33543,637,520,806,1963,35506
09-09-2015,3,10808,12092,7889,2746,33535,654,534,819,2007,35542
09-09-2015,4,10856,12292,8147,2795,34090,697,575,882,2154,36244
09-09-2015,5,11200,13060,8764,3074,36098,777,668,1063,2508,38606
09-09-2015,6,12264,14525,9351,3631,39771,904,790,1178,2872,42643
09-09-2015,7,13578,16125,9567,4150,43420,990,890,1296,3176,46596
09-09-2015,8,13693,16404,9662,4408,44167,1019,936,1335,3290,47457
09-09-2015,9,13794,16396,9593,4442,44225,1017,951,1326,3294,47519
09-09-2015,10,13431,16343,9507,4535,43816,1029,936,1312,3277,47093
09-09-2015,11,13289,16112,9473,4555,43429,1011,897,1282,3190,46619
09-09-2015,12,13197,15843,9405,4435,42880,1033,920,1300,3253,46133
09-09-2015,13,13018,15679,9277,4438,42412,1029,917,1292,3238,45650
09-09-2015,14,13052,15517,9195,4358,42122,1021,901,1230,3152,45274
09-09-2015,15,12845,15498,9074,4217,41634,981,882,993,2856,44490
09-09-2015,16,12789,15412,9057,4154,41412,948,847,954,2749,44161
09-09-2015,17,12775,14986,9000,4351,41112,941,843,936,2720,43832
09-09-2015,18,12593,14947,9225,4262,41027,920,799,942,2661,43688
09-09-2015,19,12731,15103,9542,4085,41461,973,840,1266,3079,44540
09-09-2015,20,13092,15277,9319,4076,41764,957,862,1232,3051,44815
09-09-2015,21,13019,14391,9056,3857,40323,875,771,1070,2716,43039
09-09-2015,22,12452,13448,8633,3492,38025,785,673,961,2419,40444
09-09-2015,23,11717,12701,8131,3127,35676,721,597,884,2202,37878
10-09-2015,0,11263,12301,7924,2895,34383,693,564,838,2095,36478
10-09-2015,1,10905,12115,7724,2759,33503,672,539,819,2030,35533
10-09-2015,2,10743,12096,7658,2710,33207,666,534,814,2014,35221
10-09-2015,3,10824,12078,7721,2698,33321,673,541,821,2035,35356
10-09-2015,4,10963,12179,8029,2746,33917,705,584,880,2169,36086
10-09-2015,5,11175,12946,8686,3017,35824,793,677,1064,2534,38358
10-09-2015,6,12337,14408,9183,3630,39558,907,786,1195,2888,42446
10-09-2015,7,13514,15915,9408,4163,43000,1011,886,1294,3191,46191
10-09-2015,8,13742,15920,9491,4390,43543,1034,931,1329,3294,46837
10-09-2015,9,13593,15882,9474,4430,43379,1032,939,1312,3283,46662
10-09-2015,10,13540,15911,9419,4489,43359,1022,927,1294,3243,46602
10-09-2015,11,13230,15826,9355,4489,42900,995,886,1270,3151,46051
10-09-2015,12,13169,15612,9188,4418,42387,1014,911,1291,3216,45603
10-09-2015,13,13127,15468,9092,4426,42113,1015,912,1258,3185,45298
10-09-2015,14,13088,15342,9113,4327,41870,1012,900,1246,3158,45028
10-09-2015,15,12971,15511,9046,4185,41713,981,883,1218,3082,44795
10-09-2015,16,12895,15140,8943,4160,41138,947,845,1186,2978,44116
10-09-2015,17,12630,15266,8947,4343,41186,930,836,1178,2944,44130
10-09-2015,18,12559,15130,9092,4233,41014,927,830,1179,2936,43950
10-09-2015,19,12778,15198,9521,4054,41551,990,893,1271,3154,44705
10-09-2015,20,13281,15353,9346,4055,42035,970,872,1235,3077,45112
10-09-2015,21,13118,14527,9081,3822,40548,880,774,1078,2732,43280
10-09-2015,22,12469,13355,8761,3454,38039,779,677,944,2400,40439
10-09-2015,23,11762,12462,8220,3113,35557,719,598,892,2209,37766
11-09-2015,0,11065,12091,7954,2897,34007,692,558,851,2101,36108
11-09-2015,1,10754,11670,7821,2789,33034,676,540,830,2046,35080
11-09-2015,2,10682,11662,7801,2710,32855,673,539,821,2033,34888
11-09-2015,3,10754,11709,7812,2714,32989,675,543,830,2048,35037
11-09-2015,4,10894,11956,8231,2775,33856,708,580,882,2170,36026
11-09-2015,5,11102,12676,8846,3030,35654,800,671,1043,2514,38168
11-09-2015,6,12037,14051,9321,3620,39029,921,790,1143,2854,41883
11-09-2015,7,13443,15558,9582,4151,42734,1009,890,1244,3143,45877
11-09-2015,8,13838,16137,9711,4337,44023,1050,940,1281,3271,47294
11-09-2015,9,13521,16013,9626,4405,43565,1049,942,1273,3264,46829
11-09-2015,10,13354,15896,9594,4457,43301,1037,927,1263,3227,46528
11-09-2015,11,13096,15483,9545,4422,42546,1027,893,1243,3163,45709
11-09-2015,12,12998,15093,9452,4301,41844,1052,913,1269,3234,45078
11-09-2015,13,12917,14698,9290,4151,41056,1028,905,1250,3183,44239
11-09-2015,14,12784,14372,9163,4082,40401,1013,884,1224,3121,43522
11-09-2015,15,12659,14193,9073,3976,39901,983,875,1191,3049,42950
11-09-2015,16,12529,14169,9021,3980,39699,957,843,1164,2964,42663
11-09-2015,17,12373,14091,8978,4171,39613,949,830,1147,2926,42539
11-09-2015,18,12289,14118,9101,4076,39584,932,821,1156,2909,42493
11-09-2015,19,12460,14111,9375,3872,39818,966,872,1231,3069,42887
11-09-2015,20,12644,13799,9203,3717,39363,947,843,1181,2971,42334
11-09-2015,21,12429,13015,8922,3487,37853,872,757,1043,2672,40525
11-09-2015,22,12019,12294,8662,3263,36238,777,674,915,2366,38604
11-09-2015,23,11459,11724,8190,2992,34365,720,599,870,2189,36554
12-09-2015,0,10999,11299,7814,2758,32870,685,562,831,2078,34948
12-09-2015,1,10673,10913,7580,2634,31800,661,538,811,2010,33810
12-09-2015,2,10533,10751,7562,2547,31393,654,530,794,1978,33371
12-09-2015,3,10505,10675,7540,2515,31235,653,530,791,1974,33209
12-09-2015,4,10522,10734,7616,2528,31400,665,550,808,2023,33423
12-09-2015,5,10559,10854,7707,2596,31716,667,562,847,2076,33792
12-09-2015,6,10705,10950,7745,2754,32154,718,614,917,2249,34403
12-09-2015,7,10928,11440,8078,3006,33452,789,704,1029,2522,35974
12-09-2015,8,11544,12198,8281,3359,35382,844,764,1094,2702,38084
12-09-2015,9,12260,12859,8348,3563,37030,865,782,1071,2718,39748
12-09-2015,10,12523,13177,8354,3633,37687,863,775,1064,2702,40389
12-09-2015,11,12469,13262,8353,3577,37661,856,764,1060,2680,40341
12-09-2015,12,12244,13189,8302,3490,37225,857,762,1060,2679,39904
12-09-2015,13,12052,13102,8258,3463,36875,847,757,1044,2648,39523
12-09-2015,14,12063,12864,8271,3418,36616,834,747,1027,2608,39224
12-09-2015,15,12054,12973,8313,3372,36712,826,741,1026,2593,39305
12-09-2015,16,12088,12824,8371,3433,36716,822,738,1024,2584,39300
12-09-2015,17,12280,13018,8450,3671,37419,830,745,1025,2600,40019
12-09-2015,18,12335,13147,8623,3716,37821,843,761,1044,2648,40469
12-09-2015,19,12364,13188,8919,3543,38014,896,812,1124,2832,40846
12-09-2015,20,12407,13102,8766,3533,37808,873,790,1084,2747,40555
12-09-2015,21,12145,12456,8591,3344,36536,806,712,971,2489,39025
12-09-2015,22,11620,11813,8360,3102,34895,740,636,896,2272,37167
12-09-2015,23,11173,11284,7908,2870,33235,698,573,828,2099,35334
13-09-2015,0,10837,11011,7556,2668,32072,664,537,787,1988,34060
13-09-2015,1,10596,10711,7377,2567,31251,646,522,769,1937,33188
13-09-2015,2,10512,10623,7339,2512,30986,635,513,754,1902,32888
13-09-2015,3,10444,10562,7374,2490,30870,634,516,753,1903,32773
13-09-2015,4,10385,10540,7453,2448,30826,645,531,769,1945,32771
13-09-2015,5,10350,10742,7374,2517,30983,645,549,799,1993,32976
13-09-2015,6,10425,10807,7440,2669,31341,676,579,848,2103,33444
13-09-2015,7,10588,10997,7686,2875,32146,749,654,955,2358,34504
13-09-2015,8,10979,11650,7864,3223,33716,808,722,1007,2537,36253
13-09-2015,9,11496,12236,8068,3456,35256,839,754,1043,2636,37892
13-09-2015,10,11935,12620,8160,3550,36265,837,758,1040,2635,38900
13-09-2015,11,12157,13103,8163,3616,37039,826,744,1034,2604,39643
13-09-2015,12,12011,13157,8110,3600,36878,823,739,1030,2592,39470
13-09-2015,13,12028,13211,8104,3537,36880,818,738,1018,2574,39454
13-09-2015,14,11961,13072,8123,3507,36663,819,730,1007,2556,39219
13-09-2015,15,12053,13081,8133,3468,36735,824,729,1012,2565,39300
13-09-2015,16,12022,13340,8170,3553,37085,829,735,1029,2593,39678
13-09-2015,17,11997,13666,8283,3873,37819,843,747,1051,2641,40460
13-09-2015,18,11939,13760,8484,3874,38057,859,776,1102,2737,40794
13-09-2015,19,12307,14093,8809,3762,38971,915,844,1203,2962,41933
13-09-2015,20,12517,14000,8591,3688,38796,890,813,1147,2850,41646
13-09-2015,21,12246,13179,8507,3453,37385,811,718,992,2521,39906
13-09-2015,22,11788,12281,8338,3163,35570,738,628,913,2279,37849
13-09-2015,23,11263,11457,7825,2894,33439,689,562,823,2074,35513
14-09-2015,0,10864,11178,7577,2707,32326,665,528,767,1960,34286
14-09-2015,1,10518,10950,7496,2615,31579,659,517,748,1924,33503
14-09-2015,2,10365,10973,7501,2579,31418,652,513,742,1907,33325
14-09-2015,3,10359,11042,7600,2582,31583,658,528,754,1940,33523
14-09-2015,4,10465,11275,7953,2634,32327,685,562,817,2064,34391
14-09-2015,5,10699,11932,8703,2887,34221,777,659,1003,2439,36660
14-09-2015,6,11757,13467,9241,3537,38002,884,780,1122,2786,40788
14-09-2015,7,13112,14752,9449,4121,41434,989,888,1236,3113,44547
14-09-2015,8,13428,15360,9455,4368,42611,1035,937,1279,3251,45862
14-09-2015,9,13521,15327,9490,4483,42821,1036,943,1252,3231,46052
14-09-2015,10,13558,15418,9465,4550,42991,1034,928,1229,3191,46182
14-09-2015,11,13473,15268,9355,4541,42637,1029,891,1204,3124,45761
14-09-2015,12,13281,15331,9361,4487,42460,1057,912,1216,3185,45645
14-09-2015,13,13366,15338,9405,4493,42602,1049,912,1208,3169,45771
14-09-2015,14,13438,15371,9307,4402,42518,1035,906,1198,3139,45657
14-09-2015,15,13449,15237,9195,4286,42167,998,890,1156,3044,45211
14-09-2015,16,13215,14887,9160,4314,41576,964,858,1117,2939,44515
14-09-2015,17,13135,14923,9015,4622,41695,946,846,1124,2916,44611
14-09-2015,18,13000,14617,9208,4562,41387,952,848,1143,2943,44330
14-09-2015,19,13124,15158,9478,4424,42184,1005,908,1238,3151,45335
14-09-2015,20,13414,14915,9112,4183,41624,969,852,1169,2990,44614
14-09-2015,21,13135,13794,8870,3859,39658,874,749,1039,2662,42320
14-09-2015,22,12537,12831,8554,3508,37430,766,643,891,2300,39730
14-09-2015,23,11753,11885,8065,3168,34871,707,576,818,2101,36972
15-09-2015,0,11227,11105,7726,2966,33024,673,547,787,2007,35031
15-09-2015,1,10814,10929,7650,2839,32232,662,533,768,1963,34195
15-09-2015,2,10702,11163,7617,2808,32290,659,526,767,1952,34242
15-09-2015,3,10600,11099,7568,2822,32089,654,534,777,1965,34054
15-09-2015,4,10613,11319,7903,2884,32719,686,571,826,2083,34802
15-09-2015,5,10938,11920,8703,3127,34688,777,665,1016,2458,37146
15-09-2015,6,12155,13529,9128,3788,38600,891,787,1146,2824,41424
15-09-2015,7,13480,14991,9482,4256,42209,983,900,1283,3166,45375
15-09-2015,8,13862,15763,9490,4399,43514,1016,954,1346,3316,46830
15-09-2015,9,13943,15679,9537,4413,43572,1014,973,1356,3343,46915
15-09-2015,10,13814,15575,9514,4523,43426,1017,963,1346,3326,46752
15-09-2015,11,13735,15319,9390,4521,42965,1005,938,1312,3255,46220
15-09-2015,12,13646,15223,9326,4359,42554,1021,969,1316,3306,45860
15-09-2015,13,13724,15235,9244,4422,42625,1023,964,1296,3283,45908
15-09-2015,14,13643,14731,9208,4396,41978,1026,947,1280,3253,45231
15-09-2015,15,13649,14830,9258,4250,41987,1010,925,1246,3181,45168
15-09-2015,16,13598,14498,9290,4230,41616,986,885,1199,3070,44686
15-09-2015,17,13586,14825,9262,4461,42134,977,881,1187,3045,45179
15-09-2015,18,13543,14779,9450,4417,42189,969,891,1205,3065,45254
15-09-2015,19,13524,15080,9628,4200,42432,989,930,1293,3212,45644
15-09-2015,20,13760,15300,9199,4114,42373,934,876,1218,3028,45401
15-09-2015,21,13490,14270,8862,3836,40458,835,780,1053,2668,43126
15-09-2015,22,12716,13198,8587,3463,37964,746,683,944,2373,40337
15-09-2015,23,11796,12083,8030,3118,35027,679,604,858,2141,37168
16-09-2015,0,11253,11607,8030,2891,33781,651,569,823,2043,35824
16-09-2015,1,10835,11278,7482,2771,32366,637,558,807,2002,34368
16-09-2015,2,10771,11214,7430,2752,32167,633,546,804,1983,34150
16-09-2015,3,10764,11158,7473,2750,32145,634,554,814,2002,34147
16-09-2015,4,10918,11271,7813,2781,32783,662,597,877,2136,34919
16-09-2015,5,11190,11841,8693,3020,34744,771,709,1055,2535,37279
16-09-2015,6,12414,13515,9203,3626,38758,893,837,1176,2906,41664
16-09-2015,7,13664,15151,9468,4155,42438,1009,947,1290,3246,45684
16-09-2015,8,14017,15825,9647,4392,43881,1055,998,1328,3381,47262
16-09-2015,9,13952,15660,9623,4423,43658,1063,996,1323,3382,47040
16-09-2015,10,13734,15811,9608,4508,43661,1059,984,1312,3355,47016
16-09-2015,11,13757,16085,9616,4500,43958,1053,946,1297,3296,47254
16-09-2015,12,13478,15709,9531,4448,43166,1076,975,1310,3361,46527
16-09-2015,13,13265,15527,9509,4439,42740,1065,969,1302,3336,46076
16-09-2015,14,13493,15612,9377,4379,42861,1054,958,1292,3304,46165
16-09-2015,15,13612,15502,9368,4251,42733,1017,938,1258,3213,45946
16-09-2015,16,13649,15149,9318,4258,42374,990,908,1216,3114,45488
16-09-2015,17,13766,15256,9321,4516,42859,980,906,1204,3090,45949
16-09-2015,18,13703,14866,9546,4411,42526,998,911,1225,3134,45660
16-09-2015,19,13592,15211,9705,4281,42789,995,947,1315,3257,46046
16-09-2015,20,13776,14856,9257,4138,42027,951,899,1234,3084,45111
16-09-2015,21,13302,14050,8942,3862,40156,869,800,1098,2767,42923
16-09-2015,22,12766,13187,8602,3499,38054,762,696,985,2443,40497
16-09-2015,23,11963,11975,8066,3189,35193,702,618,897,2217,37410
17-09-2015,0,11468,11570,7730,2973,33741,676,579,847,2102,35843
17-09-2015,1,11543,11218,7486,2847,33094,656,558,825,2039,35133
17-09-2015,2,10954,11111,7490,2794,32349,651,551,817,2019,34368
17-09-2015,3,10910,11155,7559,2761,32385,655,557,818,2030,34415
17-09-2015,4,11016,11236,7884,2798,32934,697,594,872,2163,35097
17-09-2015,5,11411,11582,8643,3016,34652,804,709,1023,2536,37188
17-09-2015,6,12287,13212,9085,3651,38235,922,835,1165,2922,41157
17-09-2015,7,13629,14721,9381,4209,41940,1023,950,1280,3253,45193
17-09-2015,8,14046,14984,9527,4391,42948,1063,991,1344,3398,46346
17-09-2015,9,14006,15237,9526,4440,43209,1067,993,1343,3403,46612
17-09-2015,10,14035,15361,9494,4518,43408,1057,981,1333,3371,46779
17-09-2015,11,13891,15336,9478,4503,43208,1036,955,1316,3307,46515
17-09-2015,12,13625,15104,9423,4402,42554,1059,982,1337,3378,45932
17-09-2015,13,13644,14875,9302,4498,42319,1046,981,1334,3361,45680
17-09-2015,14,13843,14764,9263,4364,42234,1034,968,1318,3320,45554
17-09-2015,15,13476,14764,9156,4231,41627,1006,948,1289,3243,44870
17-09-2015,16,13541,14746,9088,4243,41618,982,917,1256,3155,44773
17-09-2015,17,13361,14785,9005,4466,41617,956,898,1242,3096,44713
17-09-2015,18,13325,14514,9262,4368,41469,965,896,1242,3103,44572
17-09-2015,19,13498,14761,9285,4284,41828,1014,966,1329,3309,45137
17-09-2015,20,13691,14310,8782,4168,40951,964,912,1252,3128,44079
17-09-2015,21,13463,13529,8455,3849,39296,870,807,1075,2752,42048
17-09-2015,22,12808,12133,7976,3496,36413,771,700,972,2443,38856
17-09-2015,23,11803,11330,7244,3173,33550,704,622,883,2209,35759
18-09-2015,0,11308,10754,6753,2976,31791,684,588,842,2114,33905
18-09-2015,1,10871,10533,6183,2864,30451,666,569,821,2056,32507
18-09-2015,2,10691,10613,5903,2811,30018,658,562,814,2034,32052
18-09-2015,3,10746,10517,5794,2815,29872,657,561,813,2031,31903
18-09-2015,4,10800,10489,5898,2869,30056,690,600,876,2166,32222
18-09-2015,5,11184,11336,6493,3102,32115,794,708,1050,2552,34667
18-09-2015,6,12219,12723,6879,3715,35536,895,815,1141,2851,38387
18-09-2015,7,13530,14195,7214,4238,39177,999,919,1250,3168,42345
18-09-2015,8,13876,14653,7405,4417,40351,1027,974,1293,3294,43645
18-09-2015,9,13782,15048,7444,4466,40740,1045,974,1289,3308,44048
18-09-2015,10,13792,15311,7366,4519,40988,1039,950,1275,3264,44252
18-09-2015,11,13436,14884,7358,4468,40146,1022,914,1249,3185,43331
18-09-2015,12,13284,14900,7208,4328,39720,1037,927,1252,3216,42936
18-09-2015,13,13070,14579,7093,4176,38918,1013,906,1234,3153,42071
18-09-2015,14,12988,14340,6977,4020,38325,987,886,1202,3075,41400
18-09-2015,15,12766,14143,6987,3872,37768,967,884,1161,3012,40780
18-09-2015,16,12726,13882,6989,3847,37444,957,853,1144,2954,40398
18-09-2015,17,12782,13673,6979,4033,37467,947,843,1134,2924,40391
18-09-2015,18,12912,13859,7177,4049,37997,970,845,1160,2975,40972
18-09-2015,19,13098,13802,7276,3882,38058,975,902,1247,3124,41182
18-09-2015,20,13041,13341,6851,3814,37047,919,847,1179,2945,39992
18-09-2015,21,12512,12680,6634,3529,35355,844,760,1040,2644,37999
18-09-2015,22,12181,11946,6317,3265,33709,759,677,937,2373,36082
18-09-2015,23,11651,11098,5788,2982,31519,698,608,906,2212,33731
19-09-2015,0,11413,11219,5423,2776,30831,665,569,837,2071,32902
19-09-2015,1,11085,10896,5257,2665,29903,644,548,797,1989,31892
19-09-2015,2,10902,10716,5230,2605,29453,640,535,783,1958,31411
19-09-2015,3,10871,10608,5225,2568,29272,635,539,782,1956,31228
19-09-2015,4,10909,10663,5347,2575,29494,647,561,800,2008,31502
19-09-2015,5,11027,10821,5690,2592,30130,664,594,847,2105,32235
19-09-2015,6,11196,11016,5866,2749,30827,694,636,882,2212,33039
19-09-2015,7,11419,11251,6316,2990,31976,769,717,973,2459,34435
19-09-2015,8,12046,12105,6731,3330,34212,829,782,1045,2656,36868
19-09-2015,9,12622,13037,7031,3526,36216,838,807,1065,2710,38926
19-09-2015,10,12815,13380,7143,3620,36958,833,802,1063,2698,39656
19-09-2015,11,12765,12985,7268,3618,36636,827,790,1053,2670,39306
19-09-2015,12,12666,12808,7293,3561,36328,825,785,1045,2655,38983
19-09-2015,13,12478,12926,7329,3478,36211,817,774,1021,2612,38823
19-09-2015,14,12372,12430,7541,3423,35766,814,767,1008,2589,38355
19-09-2015,15,12226,12272,7691,3370,35559,805,763,1005,2573,38132
19-09-2015,16,12238,12461,7844,3404,35947,812,754,1005,2571,38518
19-09-2015,17,12351,12881,8027,3651,36910,826,755,1012,2593,39503
19-09-2015,18,12649,12841,8294,3685,37469,844,778,1047,2669,40138
19-09-2015,19,12796,13150,8563,3597,38106,879,841,1140,2860,40966
19-09-2015,20,12740,13147,8192,3550,37629,833,809,1084,2726,40355
19-09-2015,21,12395,12549,8102,3325,36371,766,730,964,2460,38831
19-09-2015,22,12135,11826,7857,3078,34896,708,652,850,2210,37106
19-09-2015,23,11675,11380,7383,2855,33293,660,587,816,2063,35356
20-09-2015,0,11293,10912,7039,2677,31921,637,550,780,1967,33888
20-09-2015,1,11101,10519,6873,2546,31039,619,527,761,1907,32946
20-09-2015,2,10944,10447,6788,2474,30653,613,520,750,1883,32536
20-09-2015,3,10923,10467,6859,2445,30694,615,523,749,1887,32581
20-09-2015,4,10894,10444,7030,2477,30845,623,541,764,1928,32773
20-09-2015,5,11021,10640,7160,2520,31341,638,567,793,1998,33339
20-09-2015,6,11120,10763,7045,2685,31613,648,589,828,2065,33678
20-09-2015,7,11292,11118,7245,2849,32504,724,664,892,2280,34784
20-09-2015,8,11690,11888,7428,3154,34160,789,730,983,2502,36662
20-09-2015,9,12128,12425,7637,3337,35527,818,760,1022,2600,38127
20-09-2015,10,12416,12931,7812,3420,36579,820,761,1035,2616,39195
20-09-2015,11,12481,13260,7829,3465,37035,813,755,1040,2608,39643
20-09-2015,12,12378,13236,7766,3464,36844,815,753,1053,2621,39465
20-09-2015,13,12217,13120,7779,3426,36542,810,750,1054,2614,39156
20-09-2015,14,12167,12973,7815,3395,36350,811,745,1053,2609,38959
20-09-2015,15,12187,12715,7810,3365,36077,814,741,1054,2609,38686
20-09-2015,16,12179,12903,7860,3431,36373,826,751,1066,2643,39016
20-09-2015,17,12313,13348,7944,3730,37335,836,783,1092,2711,40046
20-09-2015,18,12464,13663,8185,3837,38149,882,818,1169,2869,41018
20-09-2015,19,12854,14051,8513,3778,39196,926,869,1200,2995,42191
20-09-2015,20,13143,14021,8218,3740,39122,879,818,1107,2804,41926
20-09-2015,21,12837,13075,8187,3449,37548,796,722,997,2515,40063
20-09-2015,22,12446,12245,8050,3146,35887,722,635,868,2225,38112
20-09-2015,23,11901,11660,7648,2880,34089,669,570,828,2067,36156
21-09-2015,0,11356,11169,7452,2675,32652,645,545,794,1984,34636
21-09-2015,1,11188,10948,7297,2590,32023,622,531,778,1931,33954
21-09-2015,2,11108,10957,7247,2532,31844,620,522,771,1913,33757
21-09-2015,3,11138,11026,7292,2543,31999,624,529,782,1935,33934
21-09-2015,4,11252,11240,7680,2609,32781,659,565,848,2072,34853
21-09-2015,5,11659,11808,8503,2890,34860,783,688,1020,2491,37351
21-09-2015,6,12782,13782,9046,3574,39184,905,808,1176,2889,42073
21-09-2015,7,14159,15062,9255,4080,42556,1013,918,1294,3225,45781
21-09-2015,8,14483,15942,9356,4283,44064,1057,977,1348,3382,47446
21-09-2015,9,14515,16051,9346,4333,44245,1055,985,1348,3388,47633
21-09-2015,10,14423,15911,9330,4423,44087,1055,971,1335,3361,47448
21-09-2015,11,14113,15870,9268,4440,43691,1042,941,1304,3287,46978
21-09-2015,12,13743,15627,9249,4370,42989,1063,966,1313,3342,46331
21-09-2015,13,13821,15595,9075,4373,42864,1050,963,1300,3313,46177
21-09-2015,14,13733,15535,8999,4296,42563,1050,950,1273,3273,45836
21-09-2015,15,13644,15584,8869,4144,42241,1024,927,1229,3180,45421
21-09-2015,16,13659,15346,8894,4193,42092,999,888,1196,3083,45175
21-09-2015,17,13533,15495,8941,4500,42469,993,880,1201,3074,45543
21-09-2015,18,13536,15614,9283,4397,42830,1016,907,1238,3161,45991
21-09-2015,19,13996,15859,9487,4316,43658,1027,942,1304,3273,46931
21-09-2015,20,14062,15599,9043,4096,42800,966,875,1211,3052,45852
21-09-2015,21,13711,14621,8723,3797,40852,874,774,1046,2694,43546
21-09-2015,22,13094,13646,8453,3435,38628,781,679,904,2364,40992
21-09-2015,23,12368,12282,7922,3089,35661,715,600,869,2184,37845
22-09-2015,0,11691,11743,7618,2879,33931,688,563,834,2085,36016
22-09-2015,1,11378,11570,7367,2738,33053,668,548,821,2037,35090
22-09-2015,2,11253,11674,7410,2691,33028,657,536,815,2008,35036
22-09-2015,3,11286,11747,7445,2692,33170,657,546,824,2027,35197
22-09-2015,4,11377,11573,7803,2756,33509,694,585,880,2159,35668
22-09-2015,5,11720,12054,8759,3003,35536,812,704,1034,2550,38086
22-09-2015,6,12832,14020,9104,3660,39616,917,816,1176,2909,42525
22-09-2015,7,14255,15253,9398,4250,43156,1024,923,1289,3236,46392
22-09-2015,8,14602,15900,9526,4441,44469,1048,966,1329,3343,47812
22-09-2015,9,14512,15903,9528,4501,44444,1036,965,1318,3319,47763
22-09-2015,10,14412,16037,9478,4576,44503,1032,949,1302,3283,47786
22-09-2015,11,14475,16070,9464,4577,44586,1034,911,1270,3215,47801
22-09-2015,12,14200,15901,9331,4518,43950,1049,939,1279,3267,47217
22-09-2015,13,14274,15870,9196,4507,43847,1038,926,1258,3222,47069
22-09-2015,14,14142,15768,9202,4434,43546,1033,913,1247,3193,46739
22-09-2015,15,14067,15717,8968,4297,43049,1009,903,1212,3124,46173
22-09-2015,16,14170,15411,8983,4278,42842,976,867,1180,3023,45865
22-09-2015,17,13953,15706,8975,4512,43146,966,862,1191,3019,46165
22-09-2015,18,13889,15751,9320,4367,43327,993,892,1246,3131,46458
22-09-2015,19,14114,15975,9577,4308,43974,1024,929,1316,3269,47243
22-09-2015,20,14128,15577,9156,4145,43006,969,867,1215,3051,46057
22-09-2015,21,13769,14454,8877,3831,40931,877,771,1049,2697,43628
22-09-2015,22,13070,13410,8482,3468,38430,778,676,909,2363,40793
22-09-2015,23,12261,12527,7901,3113,35802,729,600,864,2193,37995
23-09-2015,0,11547,11729,7611,2874,33761,704,566,829,2099,35860
23-09-2015,1,11307,11438,7488,2776,33009,680,551,813,2044,35053
23-09-2015,2,11209,11437,7436,2729,32811,672,541,802,2015,34826
23-09-2015,3,11191,11408,7505,2740,32844,676,548,810,2034,34878
23-09-2015,4,11207,11389,7825,2801,33222,704,589,867,2160,35382
23-09-2015,5,11516,11991,8721,3053,35281,827,712,1027,2566,37847
23-09-2015,6,12665,13900,9099,3732,39396,928,823,1170,2921,42317
23-09-2015,7,14008,15416,9382,4317,43123,1035,934,1276,3245,46368
23-09-2015,8,14425,15943,9536,4509,44413,1062,968,1307,3337,47750
23-09-2015,9,14316,16032,9552,4525,44425,1063,965,1302,3330,47755
23-09-2015,10,14245,16087,9574,4581,44487,1063,952,1294,3309,47796
23-09-2015,11,14052,16193,9595,4546,44386,1053,917,1274,3244,47630
23-09-2015,12,13975,16178,9446,4441,44040,1066,952,1296,3314,47354
23-09-2015,13,13893,15871,9362,4443,43569,1050,944,1290,3284,46853
23-09-2015,14,13792,15912,9224,4330,43258,1039,928,1280,3247,46505
23-09-2015,15,13649,15739,9198,4184,42770,1013,914,1251,3178,45948
23-09-2015,16,13625,15482,9226,4166,42499,990,878,1214,3082,45581
23-09-2015,17,13613,15540,9164,4443,42760,974,885,1211,3070,45830
23-09-2015,18,13529,15325,9496,4366,42716,1008,916,1269,3193,45909
23-09-2015,19,13745,15421,9648,4310,43124,1032,950,1333,3315,46439
23-09-2015,20,13886,15070,9163,4128,42247,979,885,1234,3098,45345
23-09-2015,21,13544,14396,8800,3782,40522,879,787,1067,2733,43255
23-09-2015,22,13022,13254,8468,3415,38159,782,688,928,2398,40557
23-09-2015,23,12335,12153,7984,3064,35536,721,608,885,2214,37750
24-09-2015,0,11559,11692,7639,2848,33738,705,576,847,2128,35866
24-09-2015,1,11173,11345,7455,2727,32700,676,561,829,2066,34766
24-09-2015,2,10954,11409,7431,2700,32494,669,548,826,2043,34537
24-09-2015,3,10955,11468,7344,2697,32464,672,555,837,2064,34528
24-09-2015,4,11052,11396,7667,2763,32878,709,594,895,2198,35076
24-09-2015,5,11398,12093,8591,3019,35101,831,716,1055,2602,37703
24-09-2015,6,12565,13851,9041,3668,39125,931,831,1201,2963,42088
24-09-2015,7,13660,15755,9292,4209,42916,1032,935,1305,3272,46188
24-09-2015,8,14064,16031,9395,4450,43940,1071,975,1341,3387,47327
24-09-2015,9,13899,15771,9443,4480,43593,1062,966,1329,3357,46950
24-09-2015,10,13844,15664,9424,4557,43489,1050,955,1317,3322,46811
24-09-2015,11,13714,15673,9376,4565,43328,1031,930,1299,3260,46588
24-09-2015,12,13652,15599,9296,4457,43004,1051,954,1318,3323,46327
24-09-2015,13,13668,15493,9283,4425,42869,1043,943,1311,3297,46166
24-09-2015,14,13537,15330,9243,4396,42506,1041,940,1297,3278,45784
24-09-2015,15,13532,15253,9207,4191,42183,1010,922,1265,3197,45380
24-09-2015,16,13489,15025,9189,4165,41868,994,876,1230,3100,44968
24-09-2015,17,13510,15051,9264,4435,42260,993,871,1225,3089,45349
24-09-2015,18,13526,15140,9608,4400,42674,1016,906,1288,3210,45884
24-09-2015,19,13882,15291,9655,4371,43199,1028,951,1354,3333,46532
24-09-2015,20,13887,15068,9169,4168,42292,972,890,1256,3118,45410
24-09-2015,21,13457,14401,8871,3904,40633,878,781,1088,2747,43380
24-09-2015,22,12882,13394,8578,3465,38319,787,680,949,2416,40735
24-09-2015,23,12208,12345,7988,3100,35641,730,613,903,2246,37887
25-09-2015,0,11508,11707,7681,2883,33779,702,570,866,2138,35917
25-09-2015,1,11143,11439,7528,2757,32867,679,553,850,2082,34949
25-09-2015,2,11003,11443,7470,2712,32628,668,545,841,2054,34682
25-09-2015,3,11146,11304,7574,2694,32718,671,548,847,2066,34784
25-09-2015,4,11319,11349,7902,2754,33324,699,583,878,2160,35484
25-09-2015,5,11707,12063,8706,2986,35462,822,700,1057,2579,38041
25-09-2015,6,12802,13562,9013,3652,39029,926,816,1198,2940,41969
25-09-2015,7,14090,14897,9280,4171,42438,1028,920,1305,3253,45691
25-09-2015,8,14278,15305,9343,4388,43314,1063,965,1355,3383,46697
25-09-2015,9,14310,15250,9350,4421,43331,1063,964,1350,3377,46708
25-09-2015,10,14199,15278,9314,4473,43264,1059,947,1346,3352,46616
25-09-2015,11,13928,15150,9395,4414,42887,1038,914,1330,3282,46169
25-09-2015,12,13765,14820,9271,4297,42153,1051,932,1344,3327,45480
25-09-2015,13,13601,14648,9118,4266,41633,1027,925,1308,3260,44893
25-09-2015,14,13550,14286,9025,4126,40987,1019,911,1288,3218,44205
25-09-2015,15,13289,14236,8904,3921,40350,989,898,1251,3138,43488
25-09-2015,16,13236,14309,8884,3962,40391,971,875,1225,3071,43462
25-09-2015,17,13233,14547,8894,4381,41055,963,876,1231,3070,44125
25-09-2015,18,13216,14519,9162,4084,40981,995,899,1279,3173,44154
25-09-2015,19,13694,14354,9273,3931,41252,991,920,1294,3205,44457
25-09-2015,20,13403,13893,8918,3709,39923,952,859,1206,3017,42940
25-09-2015,21,13094,13447,8689,3460,38690,866,768,1060,2694,41384
25-09-2015,22,12772,12760,8428,3212,37172,782,676,942,2400,39572
25-09-2015,23,12155,11945,7929,2931,34960,728,606,906,2240,37200
26-09-2015,0,11840,11342,7548,2718,33448,698,573,859,2130,35578
26-09-2015,1,11439,11099,7235,2565,32338,676,553,833,2062,34400
26-09-2015,2,11279,11179,7197,2496,32151,665,542,820,2027,34178
26-09-2015,3,11224,10987,7268,2458,31937,661,541,822,2024,33961
26-09-2015,4,11340,10987,7387,2472,32186,678,559,842,2079,34265
26-09-2015,5,11419,11170,7664,2546,32799,709,600,903,2212,35011
26-09-2015,6,11726,11549,7724,2754,33753,730,638,927,2295,36048
26-09-2015,7,12029,11778,8002,2975,34784,817,721,1056,2594,37378
26-09-2015,8,12596,12756,8268,3316,36936,873,792,1113,2778,39714
26-09-2015,9,13098,13600,8355,3501,38554,887,812,1141,2840,41394
26-09-2015,10,13267,13582,8322,3569,38740,877,804,1143,2824,41564
26-09-2015,11,13132,13372,8293,3562,38359,871,790,1134,2795,41154
26-09-2015,12,12901,12917,8229,3471,37518,871,783,1121,2775,40293
26-09-2015,13,12727,12977,8171,3414,37289,858,774,1094,2726,40015
26-09-2015,14,12425,12832,8230,3327,36814,849,762,1077,2688,39502
26-09-2015,15,12361,12827,8306,3279,36773,844,753,1078,2675,39448
26-09-2015,16,12490,13026,8409,3349,37274,844,749,1080,2673,39947
26-09-2015,17,12795,13479,8618,3645,38537,846,749,1066,2661,41198
26-09-2015,18,13037,13699,9006,3678,39420,897,796,1136,2829,42249
26-09-2015,19,13459,13901,9057,3634,40051,927,843,1179,2949,43000
26-09-2015,20,13310,13459,8671,3490,38930,872,793,1107,2772,41702
26-09-2015,21,12878,12901,8508,3264,37551,794,718,990,2502,40053
26-09-2015,22,12523,12458,8324,3043,36348,730,642,888,2260,38608
26-09-2015,23,12222,12038,8023,2818,35101,691,578,847,2116,37217
27-09-2015,0,11870,11556,7646,2628,33700,656,548,807,2011,35711
27-09-2015,1,11568,11305,7406,2488,32767,635,530,785,1950,34717
27-09-2015,2,11533,11290,7348,2435,32606,627,521,772,1920,34526
27-09-2015,3,11528,11317,7381,2405,32631,626,520,773,1919,34550
27-09-2015,4,11555,11383,7422,2411,32771,639,541,792,1972,34743
27-09-2015,5,11649,11675,7633,2465,33422,660,570,840,2070,35492
27-09-2015,6,11798,11878,7517,2614,33807,672,590,873,2135,35942
27-09-2015,7,12073,11915,7700,2783,34471,755,663,931,2349,36820
27-09-2015,8,12368,12609,7920,3116,36013,819,733,1026,2578,38591
27-09-2015,9,12766,13104,8043,3332,37245,845,764,1045,2654,39899
27-09-2015,10,12954,13511,8224,3414,38103,840,761,1041,2642,40745
27-09-2015,11,12905,13453,8285,3418,38061,836,753,1039,2628,40689
27-09-2015,12,12707,13168,8243,3386,37504,834,748,1032,2614,40118
27-09-2015,13,12626,13178,8229,3341,37374,829,742,1038,2609,39983
27-09-2015,14,12500,13069,8234,3303,37106,817,737,1014,2568,39674
27-09-2015,15,12429,13064,8308,3289,37090,825,730,1016,2571,39661
27-09-2015,16,12422,13167,8397,3358,37344,824,736,1032,2592,39936
27-09-2015,17,12493,13757,8505,3712,38467,846,749,1089,2684,41151
27-09-2015,18,12684,14003,8899,3804,39390,921,815,1162,2898,42288
27-09-2015,19,13174,14238,9016,3823,40251,941,865,1222,3028,43279
27-09-2015,20,13342,14118,8605,3652,39717,881,814,1137,2832,42549
27-09-2015,21,13124,13306,8606,3384,38420,798,728,1016,2542,40962
27-09-2015,22,12755,12554,8384,3068,36761,716,629,866,2211,38972
27-09-2015,23,12190,11853,7992,2810,34845,666,566,819,2051,36896
28-09-2015,0,11782,11736,7747,2637,33902,640,536,784,1960,35862
28-09-2015,1,11531,11567,7598,2537,33233,616,520,769,1905,35138
28-09-2015,2,11443,11399,7561,2506,32909,620,516,765,1901,34810
28-09-2015,3,11532,11464,7659,2521,33176,631,529,777,1937,35113
28-09-2015,4,11691,11543,8012,2599,33845,664,571,837,2072,35917
28-09-2015,5,12044,12302,8895,2863,36104,792,691,1019,2502,38606
28-09-2015,6,13077,14215,9307,3573,40172,917,816,1165,2898,43070
28-09-2015,7,14405,15929,9586,4108,44028,1028,919,1271,3218,47246
28-09-2015,8,14826,16437,9678,4357,45298,1073,977,1309,3359,48657
28-09-2015,9,14690,16414,9653,4413,45170,1072,982,1299,3353,48523
28-09-2015,10,14408,16389,9613,4489,44899,1064,967,1287,3318,48217
28-09-2015,11,14115,16024,9606,4462,44207,1043,925,1273,3241,47448
28-09-2015,12,14040,15818,9470,4372,43700,1073,941,1292,3306,47006
28-09-2015,13,16637,15749,9387,4383,46156,1054,930,1277,3261,49417
28-09-2015,14,13765,15642,9331,4294,43032,1052,920,1264,3236,46268
28-09-2015,15,13591,15474,9225,4127,42417,1018,904,1224,3146,45563
28-09-2015,16,13442,15306,9253,4082,42083,990,867,1188,3045,45128
28-09-2015,17,13361,15286,9232,4320,42199,988,874,1201,3063,45262
28-09-2015,18,13428,15475,9673,4260,42836,1025,918,1278,3221,46057
28-09-2015,19,14029,16275,9777,4282,44363,1017,932,1316,3265,47628
28-09-2015,20,14028,15941,9307,4039,43315,963,865,1212,3040,46355
28-09-2015,21,13741,15028,9091,3732,41592,871,764,1041,2676,44268
28-09-2015,22,13025,13750,8828,3362,38965,772,663,901,2336,41301
28-09-2015,23,12294,12871,8367,2994,36526,718,587,864,2169,38695
29-09-2015,0,11817,12502,8067,2799,35185,677,558,828,2063,37248
29-09-2015,1,11575,12093,7866,2686,34220,678,542,813,2033,36253
29-09-2015,2,11457,11997,7841,2650,33945,669,534,810,2013,35958
29-09-2015,3,11400,11989,7899,2669,33957,683,541,821,2045,36002
29-09-2015,4,11542,12132,8245,2745,34664,699,580,879,2158,36822
29-09-2015,5,11828,12943,9129,3008,36908,805,707,1043,2555,39463
29-09-2015,6,13000,15013,9597,3731,41341,906,835,1196,2937,44278
29-09-2015,7,14219,16516,9773,4264,44772,1009,933,1309,3251,48023
29-09-2015,8,14545,16461,9769,4459,45234,1041,984,1347,3372,48606
29-09-2015,9,14429,16208,9684,4504,44825,1037,976,1337,3350,48175
29-09-2015,10,15208,16217,9548,4558,45531,1028,961,1319,3308,48839
29-09-2015,11,13929,15712,9551,4500,43692,1012,937,1296,3245,46937
29-09-2015,12,13830,15576,9413,4484,43303,1040,955,1316,3311,46614
29-09-2015,13,13813,15294,9357,4432,42896,1028,944,1304,3276,46172
29-09-2015,14,13732,15170,9307,4341,42550,1016,927,1295,3238,45788
29-09-2015,15,13683,15162,9254,4168,42267,999,910,1257,3166,45433
29-09-2015,16,13555,14789,9281,4109,41734,973,875,1222,3070,44804
29-09-2015,17,13510,14974,9330,4351,42165,967,870,1231,3068,45233
29-09-2015,18,13642,15051,9793,4279,42765,1021,921,1317,3259,46024
29-09-2015,19,14043,15393,9982,4295,43713,1035,945,1339,3319,47032
29-09-2015,20,14034,15259,9544,4108,42945,975,879,1231,3085,46030
29-09-2015,21,13690,14428,9269,3805,41192,883,778,1061,2722,43914
29-09-2015,22,13151,13275,8932,3416,38774,790,677,923,2390,41164
29-09-2015,23,12392,12320,8376,3028,36116,735,603,883,2221,38337
30-09-2015,0,11839,11931,8069,2835,34674,705,570,848,2123,36797
30-09-2015,1,11529,11623,7886,2707,33745,688,556,830,2074,35819
30-09-2015,2,11448,11616,7781,2671,33516,692,545,827,2064,35580
30-09-2015,3,11567,11828,7881,2672,33948,684,560,835,2079,36027
30-09-2015,4,11632,11955,8185,2749,34521,714,600,887,2201,36722
30-09-2015,5,12032,12679,9097,3004,36812,841,728,1061,2630,39442
30-09-2015,6,13058,14401,9480,3723,40662,942,842,1215,2999,43661
30-09-2015,7,14249,15902,9561,4241,43953,1020,945,1309,3274,47227
30-09-2015,8,14622,16161,9718,4403,44904,1052,991,1337,3380,48284
30-09-2015,9,14666,16164,9651,4415,44896,1072,984,1312,3368,48264
30-09-2015,10,14496,15735,9649,4464,44344,1060,960,1286,3306,47650
30-09-2015,11,14331,15527,9534,4444,43836,1044,922,1244,3210,47046
30-09-2015,12,14207,15421,9406,4391,43425,1074,935,1262,3271,46696
30-09-2015,13,13997,15567,9383,4380,43327,1058,925,1247,3230,46557
30-09-2015,14,13947,15088,9243,4291,42569,1043,905,1230,3178,45747
30-09-2015,15,13972,15251,9145,4139,42507,1005,884,1195,3084,45591
30-09-2015,16,13800,15104,9231,4109,42244,982,847,1168,2997,45241
30-09-2015,17,13696,15245,9225,4368,42534,991,855,1181,3027,45561
30-09-2015,18,13663,15272,9682,4290,42907,1032,916,1272,3220,46127
30-09-2015,19,14065,15539,9839,4303,43746,1023,938,1323,3284,47030
30-09-2015,20,13866,15211,9311,4082,42470,974,879,1216,3069,45539
30-09-2015,21,13500,14391,9000,3793,40684,886,782,1048,2716,43400
30-09-2015,22,12917,13439,8785,3418,38559,800,683,910,2393,40952
30-09-2015,23,12390,12284,8154,3056,35884,746,609,868,2223,38107
01-10-2015,0,11729,10735,7803,2841,33108,721,564,830,2115,35223
01-10-2015,1,11398,11394,7667,2712,33171,708,551,810,2069,35240
01-10-2015,2,11183,11386,7570,2666,32805,689,538,807,2034,34839
01-10-2015,3,11279,11400,7657,2660,32996,696,544,813,2053,35049
01-10-2015,4,11355,11583,7960,2737,33635,727,582,873,2182,35817
01-10-2015,5,11730,12537,8845,2998,36110,853,707,1027,2587,38697
01-10-2015,6,12709,13903,9357,3690,39659,962,836,1182,2980,42639
01-10-2015,7,14078,15355,9459,4292,43184,1053,938,1290,3281,46465
01-10-2015,8,14423,15688,9598,4452,44161,1087,984,1329,3400,47561
01-10-2015,9,14390,15712,9557,4492,44151,1088,989,1316,3393,47544
01-10-2015,10,14283,15837,9585,4544,44249,1079,965,1311,3355,47604
01-10-2015,11,14278,15801,9587,4552,44218,1065,926,1286,3277,47495
01-10-2015,12,14076,15743,9439,4388,43646,1087,949,1295,3331,46977
01-10-2015,13,13987,15468,9222,4479,43156,1075,943,1279,3297,46453
01-10-2015,14,13930,15073,9251,4387,42641,1058,920,1264,3242,45883
01-10-2015,15,13804,15122,9250,4218,42394,1032,905,1236,3173,45567
01-10-2015,16,13847,14980,9213,4142,42182,1005,889,1201,3095,45277
01-10-2015,17,13859,15009,9219,4389,42476,1006,910,1212,3128,45604
01-10-2015,18,13921,15256,9692,4333,43202,1052,954,1295,3301,46503
01-10-2015,19,14218,15439,9753,4345,43755,1033,942,1297,3272,47027
01-10-2015,20,13915,15066,9257,4139,42377,956,873,1196,3025,45402
01-10-2015,21,13520,14176,8940,3808,40444,873,781,1030,2684,43128
01-10-2015,22,12986,13146,8741,3388,38261,783,677,896,2356,40617
01-10-2015,23,12466,12393,8267,3047,36173,718,600,860,2178,38351
02-10-2015,0,11947,11961,7912,2801,34621,686,564,828,2078,36699
02-10-2015,1,11589,11540,7718,2688,33535,663,544,807,2014,35549
02-10-2015,2,11523,11387,7700,2621,33231,650,536,803,1989,35220
02-10-2015,3,11485,11532,7792,2631,33440,652,534,809,1995,35435
02-10-2015,4,11468,11601,8153,2696,33918,690,570,864,2124,36042
02-10-2015,5,11921,12364,8986,2940,36211,810,695,1026,2531,38742
02-10-2015,6,12998,14228,9490,3617,40333,936,818,1189,2943,43276
02-10-2015,7,14212,15432,9571,4191,43406,1023,916,1296,3235,46641
02-10-2015,8,14584,16026,9792,4396,44798,1056,964,1341,3361,48159
02-10-2015,9,14488,16062,9833,4401,44784,1052,960,1296,3308,48092
02-10-2015,10,14422,16042,9856,4432,44752,1055,940,1319,3314,48066
02-10-2015,11,14302,15782,9877,4374,44335,1034,897,1286,3217,47552
02-10-2015,12,13926,15592,9719,4246,43483,1053,917,1297,3267,46750
02-10-2015,13,13712,15228,9564,4133,42637,1031,912,1273,3216,45853
02-10-2015,14,13584,15124,9475,3980,42163,1013,884,1239,3136,45299
02-10-2015,15,13353,14791,9361,3833,41338,986,863,1193,3042,44380
02-10-2015,16,13440,14562,9337,3811,41150,969,835,1175,2979,44129
02-10-2015,17,13678,14912,9353,4041,41984,963,842,1178,2983,44967
02-10-2015,18,13602,15524,9786,4037,42949,1033,895,1263,3191,46140
02-10-2015,19,13634,15608,9668,4026,42936,1012,907,1262,3181,46117
02-10-2015,20,13492,14875,9208,3815,41390,956,850,1169,2975,44365
02-10-2015,21,13215,14003,9029,3650,39897,872,762,1077,2711,42608
02-10-2015,22,12803,13480,8745,3506,38534,786,674,957,2417,40951
02-10-2015,23,12333,12788,8282,3308,36711,728,597,881,2206,38917
03-10-2015,0,11948,11901,7908,3067,34824,693,552,839,2084,36908
03-10-2015,1,11640,11399,7703,2829,33571,673,534,817,2024,35595
03-10-2015,2,11591,11234,7651,2751,33227,661,527,809,1997,35224
03-10-2015,3,11603,11210,7671,2725,33209,659,533,809,2001,35210
03-10-2015,4,11657,11463,7784,2753,33657,675,555,832,2062,35719
03-10-2015,5,11870,11821,8124,2876,34691,714,597,899,2210,36901
03-10-2015,6,12145,12267,8044,3112,35568,737,642,968,2347,37915
03-10-2015,7,12428,12627,8353,3395,36803,809,723,1074,2606,39409
03-10-2015,8,12914,13642,8643,3726,38925,869,785,1107,2761,41686
03-10-2015,9,13472,14205,8713,3806,40196,889,811,1140,2840,43036
03-10-2015,10,13590,14380,8655,3689,40314,887,800,1144,2831,43145
03-10-2015,11,13445,14297,8641,3592,39975,877,782,1155,2814,42789
03-10-2015,12,13125,14059,8575,3506,39265,874,777,1139,2790,42055
03-10-2015,13,12908,13764,8526,3433,38631,866,767,1067,2700,41331
03-10-2015,14,12840,13356,8524,3373,38093,858,755,1050,2663,40756
03-10-2015,15,12858,13501,8620,3331,38310,850,746,1053,2649,40959
03-10-2015,16,12960,13732,8808,3378,38878,858,747,1043,2648,41526
03-10-2015,17,13103,14057,9096,3682,39938,880,764,1069,2713,42651
03-10-2015,18,13453,14360,9562,3803,41178,957,847,1188,2992,44170
03-10-2015,19,13708,14456,9474,3781,41419,948,853,1203,3004,44423
03-10-2015,20,13298,13762,9097,3568,39725,896,800,1121,2817,42542
03-10-2015,21,13012,13227,9030,3346,38615,828,725,1027,2580,41195
03-10-2015,22,12695,12357,8894,3092,37038,762,647,934,2343,39381
03-10-2015,23,12310,12311,8498,2861,35980,713,587,854,2154,38134
04-10-2015,0,11887,11841,8136,2697,34561,679,549,806,2034,36595
04-10-2015,1,11637,11595,7923,2561,33716,661,531,784,1976,35692
04-10-2015,2,11486,11412,7869,2499,33266,651,524,775,1950,35216
04-10-2015,3,11418,11307,7857,2473,33055,651,522,774,1947,35002
04-10-2015,4,11458,11176,7921,2470,33025,662,541,790,1993,35018
04-10-2015,5,11541,11321,8117,2525,33504,685,574,843,2102,35606
04-10-2015,6,11744,11712,8055,2684,34195,698,603,882,2183,36378
04-10-2015,7,12061,12064,8088,2888,35101,768,670,971,2409,37510
04-10-2015,8,12501,12900,8310,3199,36910,820,747,1062,2629,39539
04-10-2015,9,13012,13519,8575,3433,38539,851,774,1059,2684,41223
04-10-2015,10,13198,13949,8709,3558,39414,859,772,1053,2684,42098
04-10-2015,11,13099,13898,8598,3593,39188,856,763,1054,2673,41861
04-10-2015,12,12982,13847,8581,3552,38962,851,754,1073,2678,41640
04-10-2015,13,12865,13882,8514,3500,38761,846,747,1078,2671,41432
04-10-2015,14,12798,13828,8529,3436,38591,841,739,1070,2650,41241
04-10-2015,15,12815,13928,8602,3398,38743,846,737,1070,2653,41396
04-10-2015,16,12910,13987,8676,3470,39043,859,745,1081,2685,41728
04-10-2015,17,12998,14476,8850,3844,40168,894,779,1079,2752,42920
04-10-2015,18,13289,15235,9425,3967,41916,979,869,1222,3070,44986
04-10-2015,19,13942,15682,9357,4009,42990,956,880,1241,3077,46067
04-10-2015,20,13890,15179,9021,3774,41864,898,823,1150,2871,44735
04-10-2015,21,13612,14377,8924,3507,40420,825,733,1005,2563,42983
04-10-2015,22,13207,13564,8828,3196,38795,747,643,909,2299,41094
04-10-2015,23,12662,12688,8406,2915,36671,692,574,838,2104,38775
05-10-2015,0,12085,12109,8103,2731,35028,657,537,799,1993,37021
05-10-2015,1,11856,11895,7884,2625,34260,644,522,783,1949,36209
05-10-2015,2,11701,11798,7811,2600,33910,644,520,779,1943,35853
05-10-2015,3,11769,11844,7956,2614,34183,654,529,789,1972,36155
05-10-2015,4,11974,12016,8324,2677,34991,690,571,852,2113,37104
05-10-2015,5,12276,13243,9291,2958,37768,829,700,1043,2572,40340
05-10-2015,6,13559,15187,9812,3667,42225,951,837,1215,3003,45228
05-10-2015,7,15134,16576,9958,4294,45962,1046,931,1328,3305,49267
05-10-2015,8,15749,17249,10013,4461,47472,1080,983,1372,3435,50907
05-10-2015,9,15582,17290,10069,4499,47440,1079,985,1362,3426,50866
05-10-2015,10,15230,17183,10017,4540,46970,1079,964,1346,3389,50359
05-10-2015,11,14985,16799,9848,4503,46135,1052,923,1321,3296,49431
05-10-2015,12,14614,16670,9795,4395,45474,1074,942,1335,3351,48825
05-10-2015,13,14475,16428,9633,4395,44931,1064,934,1321,3319,48250
05-10-2015,14,14269,16213,9604,4328,44414,1049,915,1305,3269,47683
05-10-2015,15,14248,16175,9517,4177,44117,1022,893,1270,3185,47302
05-10-2015,16,14314,16000,9521,4159,43994,992,860,1233,3085,47079
05-10-2015,17,14262,16211,9631,4438,44542,1007,873,1258,3138,47680
05-10-2015,18,14326,16619,10235,4435,45615,1080,950,1341,3371,48986
05-10-2015,19,14707,17076,10203,4417,46403,1060,944,1322,3326,49729
05-10-2015,20,14498,16454,9859,4091,44902,999,874,1208,3081,47983
05-10-2015,21,14159,15760,9653,3803,43375,909,769,1040,2718,46093
05-10-2015,22,13567,14543,9398,3409,40917,818,671,902,2391,43308
05-10-2015,23,12717,13588,8911,3068,38284,753,595,862,2210,40494
06-10-2015,0,12304,12892,8569,2810,36575,730,559,824,2113,38688
06-10-2015,1,12035,12614,8449,2713,35811,714,544,815,2073,37884
06-10-2015,2,11868,12337,8429,2621,35255,708,533,812,2053,37308
06-10-2015,3,11801,12239,8523,2651,35214,716,538,818,2072,37286
06-10-2015,4,11908,12680,8876,2692,36156,731,582,871,2184,38340
06-10-2015,5,12224,13505,9839,2938,38506,885,706,1041,2632,41138
06-10-2015,6,13451,15636,10301,3629,43017,1011,839,1210,3060,46077
06-10-2015,7,14891,16969,10379,4288,46527,1096,933,1323,3352,49879
06-10-2015,8,15113,17161,10473,4441,47188,1124,976,1354,3454,50642
06-10-2015,9,15047,17180,10331,4503,47061,1118,971,1321,3410,50471
06-10-2015,10,15006,17031,10191,4563,46791,1103,949,1296,3348,50139
06-10-2015,11,14841,16725,10150,4565,46281,1088,910,1289,3287,49568
06-10-2015,12,14607,16501,9945,4479,45532,1110,931,1294,3335,48867
06-10-2015,13,14467,16180,9786,4371,44804,1105,923,1278,3306,48110
06-10-2015,14,14371,16076,9779,4405,44631,1095,900,1255,3250,47881
06-10-2015,15,14407,16116,9709,4274,44506,1063,881,1201,3145,47651
06-10-2015,16,14563,16089,9739,4287,44678,1044,847,1177,3068,47746
06-10-2015,17,14483,16366,9901,4549,45299,1055,870,1206,3131,48430
06-10-2015,18,14689,16923,10476,4504,46592,1118,950,1334,3402,49994
06-10-2015,19,14955,17143,10445,4403,46946,1100,940,1331,3371,50317
06-10-2015,20,14717,16587,10040,4048,45392,1039,874,1224,3137,48529
06-10-2015,21,14406,15870,9842,3765,43883,944,774,1059,2777,46660
06-10-2015,22,13769,14700,9633,3433,41535,848,670,920,2438,43973
06-10-2015,23,13028,13637,9176,3099,38940,798,585,885,2268,41208
07-10-2015,0,12472,13411,8852,2851,37586,768,552,848,2168,39754
07-10-2015,1,12201,13076,8671,2765,36713,748,537,831,2116,38829
07-10-2015,2,12130,12968,8716,2695,36509,744,526,823,2093,38602
07-10-2015,3,12143,12977,8797,2676,36593,755,539,834,2128,38721
07-10-2015,4,12208,13023,9144,2726,37101,778,596,891,2265,39366
07-10-2015,5,12562,13849,10146,2969,39526,916,728,1075,2719,42245
07-10-2015,6,13811,15540,10551,3623,43525,1036,860,1243,3139,46664
07-10-2015,7,15022,17257,10504,4317,47100,1123,961,1348,3432,50532
07-10-2015,8,15378,17506,10409,4510,47803,1143,1002,1379,3524,51327
07-10-2015,9,15266,17480,10225,4582,47553,1130,1002,1361,3493,51046
07-10-2015,10,15270,17079,10146,4630,47125,1117,980,1334,3431,50556
07-10-2015,11,15156,17008,10022,4582,46768,1089,934,1285,3308,50076
07-10-2015,12,15036,16594,9842,4532,46004,1115,959,1292,3366,49370
07-10-2015,13,14973,16561,9693,4507,45734,1110,952,1287,3349,49083
07-10-2015,14,14939,16666,9661,4424,45690,1094,931,1274,3299,48989
07-10-2015,15,14995,16786,9624,4279,45684,1060,910,1242,3212,48896
07-10-2015,16,15073,16641,9693,4259,45666,1039,879,1215,3133,48799
07-10-2015,17,15018,17123,9856,4546,46543,1047,900,1248,3195,49738
07-10-2015,18,15149,17491,10493,4518,47651,1096,972,1373,3441,51092
07-10-2015,19,15343,17442,10474,4390,47649,1072,961,1361,3394,51043
07-10-2015,20,15136,16924,10085,4082,46227,1021,901,1250,3172,49399
07-10-2015,21,14817,16115,9828,3767,44527,935,794,1080,2809,47336
07-10-2015,22,14202,15051,9732,3396,42381,842,694,936,2472,44853
07-10-2015,23,13467,14257,9242,3044,40010,790,610,894,2294,42304
08-10-2015,0,12786,13394,8966,2834,37980,761,570,865,2196,40176
08-10-2015,1,12379,12848,8814,2721,36762,748,554,850,2152,38914
08-10-2015,2,12311,12909,8728,2669,36617,744,548,847,2139,38756
08-10-2015,3,12259,12927,8868,2676,36730,750,556,859,2165,38895
08-10-2015,4,12414,13137,9191,2750,37492,788,612,915,2315,39807
08-10-2015,5,12886,13908,10115,3033,39942,926,747,1099,2772,42714
08-10-2015,6,13937,16039,10449,3714,44139,1054,883,1285,3222,47361
08-10-2015,7,15444,17587,10450,4442,47923,1140,984,1401,3525,51448
08-10-2015,8,15771,17896,10450,4666,48783,1175,1028,1427,3630,52413
08-10-2015,9,15710,17763,10302,4686,48461,1168,1031,1406,3605,52066
08-10-2015,10,15658,17604,10143,4755,48160,1157,1009,1375,3541,51701
08-10-2015,11,15453,17382,10195,4777,47807,1127,962,1331,3420,51227
08-10-2015,12,15339,16971,10063,4723,47096,1145,983,1357,3485,50581
08-10-2015,13,15259,17119,9922,4707,47007,1131,980,1349,3460,50467
08-10-2015,14,15160,17168,9854,4672,46854,1120,971,1334,3425,50279
08-10-2015,15,15212,17322,9820,4547,46901,1085,946,1294,3325,50226
08-10-2015,16,15061,17337,9886,4461,46745,1064,906,1258,3228,49973
08-10-2015,17,15148,17720,10040,4667,47575,1089,940,1294,3323,50898
08-10-2015,18,15338,18161,10657,4696,48852,1152,1025,1407,3584,52436
08-10-2015,19,15602,18143,10669,4550,48964,1125,977,1387,3489,52453
08-10-2015,20,15268,17591,10251,4217,47327,1065,911,1275,3251,50578
08-10-2015,21,14883,16520,10112,3866,45381,972,811,1107,2890,48271
08-10-2015,22,14317,15407,9918,3511,43153,882,709,967,2558,45711
08-10-2015,23,13537,14282,9481,3177,40477,820,630,920,2370,42847
09-10-2015,0,13123,13666,9179,2943,38911,790,613,885,2288,41199
09-10-2015,1,12832,13530,8987,2812,38161,773,597,864,2234,40395
09-10-2015,2,12585,13418,8961,2728,37692,770,588,859,2217,39909
09-10-2015,3,12599,13391,9051,2722,37763,769,595,867,2231,39994
09-10-2015,4,12685,13556,9413,2790,38444,810,647,919,2376,40820
09-10-2015,5,13002,14374,10401,3030,40807,939,781,1095,2815,43622
09-10-2015,6,14024,16438,10762,3734,44958,1071,913,1280,3264,48222
09-10-2015,7,15436,17694,10811,4374,48315,1146,999,1386,3531,51846
09-10-2015,8,15914,18121,10773,4486,49294,1181,1050,1417,3648,52942
09-10-2015,9,15857,18110,10650,4455,49072,1179,1039,1391,3609,52681
09-10-2015,10,16009,17718,10579,4507,48813,1166,1025,1362,3553,52366
09-10-2015,11,15822,17536,10430,4575,48363,1155,982,1330,3467,51830
09-10-2015,12,15547,17141,10303,4423,47414,1166,998,1337,3501,50915
09-10-2015,13,15195,16824,10202,4330,46551,1158,988,1317,3463,50014
09-10-2015,14,15144,16464,10177,4155,45940,1143,971,1285,3399,49339
09-10-2015,15,14978,16424,10118,4057,45577,1111,948,1250,3309,48886
09-10-2015,16,14901,16370,10171,4076,45518,1097,925,1232,3254,48772
09-10-2015,17,14869,16605,10349,4355,46178,1099,946,1258,3303,49481
09-10-2015,18,15153,17083,10787,4409,47432,1131,998,1375,3504,50936
09-10-2015,19,15203,17140,10627,4269,47239,1092,979,1350,3421,50660
09-10-2015,20,14705,16432,10259,3919,45315,1038,920,1248,3206,48521
09-10-2015,21,14241,15566,10096,3644,43547,955,822,1102,2879,46426
09-10-2015,22,13816,14938,9832,3412,41998,867,731,971,2569,44567
09-10-2015,23,13296,14163,9341,3120,39920,820,653,931,2404,42324
10-10-2015,0,12780,13782,8939,2872,38373,778,609,876,2263,40636
10-10-2015,1,12384,13296,8751,2715,37146,759,589,848,2196,39342
10-10-2015,2,12103,13190,8674,2638,36605,746,579,837,2162,38767
10-10-2015,3,12131,13198,8674,2604,36607,740,581,835,2156,38763
10-10-2015,4,12218,13397,8838,2605,37058,757,616,857,2230,39288
10-10-2015,5,12248,13682,9121,2683,37734,794,665,924,2383,40117
10-10-2015,6,12623,14118,9150,2885,38776,838,720,964,2522,41298
10-10-2015,7,13101,14741,9257,3173,40272,898,788,1073,2759,43031
10-10-2015,8,13615,15449,9455,3454,41973,960,858,1145,2963,44936
10-10-2015,9,14238,16056,9525,3653,43472,990,885,1188,3063,46535
10-10-2015,10,14511,16104,9512,3721,43848,992,883,1173,3048,46896
10-10-2015,11,14384,15909,9471,3682,43446,987,861,1164,3012,46458
10-10-2015,12,14137,15643,9379,3642,42801,987,857,1162,3006,45807
10-10-2015,13,13838,15530,9283,3605,42256,981,843,1131,2955,45211
10-10-2015,14,13811,15369,9282,3551,42013,973,834,1112,2919,44932
10-10-2015,15,13708,15191,9356,3524,41779,954,832,1111,2897,44676
10-10-2015,16,13782,15422,9549,3585,42338,978,839,1123,2940,45278
10-10-2015,17,14112,15975,9923,3899,43909,998,867,1170,3035,46944
10-10-2015,18,14460,16518,10436,4042,45456,1057,923,1264,3244,48700
10-10-2015,19,14601,16230,10145,3986,44962,1027,903,1231,3161,48123
10-10-2015,20,14146,15881,9762,3698,43487,983,854,1136,2973,46460
10-10-2015,21,13847,15215,9725,3442,42229,902,778,1027,2707,44936
10-10-2015,22,13484,14501,9579,3182,40746,838,703,918,2459,43205
10-10-2015,23,12987,13915,9248,2966,39116,780,630,880,2290,41406
11-10-2015,0,12313,13230,8942,2762,37247,748,590,826,2164,39411
11-10-2015,1,12200,13064,8749,2630,36643,727,569,799,2095,38738
11-10-2015,2,12028,12800,8689,2537,36054,717,558,790,2065,38119
11-10-2015,3,11919,12783,8706,2509,35917,722,562,788,2072,37989
11-10-2015,4,11988,12764,8767,2522,36041,730,594,807,2131,38172
11-10-2015,5,11999,12846,8962,2590,36397,760,632,864,2256,38653
11-10-2015,6,12172,13314,8928,2772,37186,782,666,912,2360,39546
11-10-2015,7,12522,13778,8888,2969,38157,843,728,963,2534,40691
11-10-2015,8,13123,14396,9091,3225,39835,904,798,1050,2752,42587
11-10-2015,9,13552,15075,9229,3423,41279,924,831,1088,2843,44122
11-10-2015,10,13707,15230,9145,3508,41590,915,825,1091,2831,44421
11-10-2015,11,13719,15004,9099,3511,41333,902,812,1090,2804,44137
11-10-2015,12,13575,14843,8939,3486,40843,894,803,1087,2784,43627
11-10-2015,13,13468,14686,8870,3436,40460,882,795,1077,2754,43214
11-10-2015,14,13495,14504,8858,3390,40247,877,785,1066,2728,42975
11-10-2015,15,13472,14334,8880,3392,40078,881,783,1067,2731,42809
11-10-2015,16,13660,14611,8991,3500,40762,897,798,1089,2784,43546
11-10-2015,17,13931,15292,9276,3821,42320,957,840,1157,2954,45274
11-10-2015,18,14393,16640,9708,4037,44778,1049,932,1296,3277,48055
11-10-2015,19,14693,16781,9671,4015,45160,1015,935,1270,3220,48380
11-10-2015,20,14349,16124,9332,3765,43570,961,882,1191,3034,46604
11-10-2015,21,14074,15501,9348,3536,42459,889,789,1045,2723,45182
11-10-2015,22,13546,14716,9288,3265,40815,816,699,938,2453,43268
11-10-2015,23,12868,13834,8940,2998,38640,764,621,861,2246,40886
12-10-2015,0,12279,13360,8578,2762,36979,732,585,825,2142,39121
12-10-2015,1,12061,13097,8473,2672,36303,712,576,806,2094,38397
12-10-2015,2,11986,13082,8450,2626,36144,707,575,804,2086,38230
12-10-2015,3,11997,13338,8578,2630,36543,711,591,817,2119,38662
12-10-2015,4,12083,13618,8926,2734,37361,749,639,890,2278,39639
12-10-2015,5,12515,14548,9849,2959,39871,890,770,1098,2758,42629
12-10-2015,6,14019,16519,10393,3544,44475,1028,916,1286,3230,47705
12-10-2015,7,15592,18246,10409,4175,48422,1122,1007,1414,3543,51965
12-10-2015,8,15870,18454,10469,4460,49253,1160,1074,1454,3688,52941
12-10-2015,9,15692,18519,10444,4587,49242,1156,1074,1439,3669,52911
12-10-2015,10,15756,18290,10342,4704,49092,1149,1046,1406,3601,52693
12-10-2015,11,15416,17798,10279,4680,48173,1122,1008,1354,3484,51657
12-10-2015,12,15233,17604,10178,4577,47592,1137,1019,1354,3510,51102
12-10-2015,13,15112,17442,9957,4628,47139,1124,1004,1336,3464,50603
12-10-2015,14,15148,17217,9870,4549,46784,1113,989,1314,3416,50200
12-10-2015,15,15011,17231,9758,4354,46354,1083,964,1279,3326,49680
12-10-2015,16,15023,16990,9736,4322,46071,1068,936,1257,3261,49332
12-10-2015,17,15025,17660,9946,4590,47221,1092,971,1306,3369,50590
12-10-2015,18,15316,18026,10362,4675,48379,1128,1028,1416,3572,51951
12-10-2015,19,15505,17799,10288,4534,48126,1090,998,1374,3462,51588
12-10-2015,20,15094,17042,9773,4194,46103,1020,929,1258,3207,49310
12-10-2015,21,14750,16358,9628,3926,44662,933,832,1092,2857,47519
12-10-2015,22,14187,15295,9429,3562,42473,846,728,989,2563,45036
12-10-2015,23,13328,14107,8932,3233,39600,778,644,918,2340,41940
13-10-2015,0,12779,13584,8594,2956,37913,735,619,871,2225,40138
13-10-2015,1,12485,13451,8411,2837,37184,712,604,851,2167,39351
13-10-2015,2,12390,13363,8324,2802,36879,707,595,846,2148,39027
13-10-2015,3,12414,13289,8459,2818,36980,714,607,856,2177,39157
13-10-2015,4,12529,13459,8827,2843,37658,746,651,914,2311,39969
13-10-2015,5,12792,14406,9759,3102,40059,880,781,1094,2755,42814
13-10-2015,6,14237,16237,10292,3639,44405,1018,923,1287,3228,47633
13-10-2015,7,15993,17498,10315,4300,48106,1101,1015,1398,3514,51620
13-10-2015,8,16271,17725,10366,4588,48950,1141,1065,1431,3637,52587
13-10-2015,9,16025,17630,10317,4694,48666,1136,1057,1409,3602,52268
13-10-2015,10,15885,17622,10166,4799,48472,1136,1031,1369,3536,52008
13-10-2015,11,15679,17431,9982,4756,47848,1121,992,1318,3431,51279
13-10-2015,12,15282,17377,9829,4665,47153,1139,1015,1324,3478,50631
13-10-2015,13,15140,17172,9696,4631,46639,1115,995,1314,3424,50063
13-10-2015,14,15154,17250,9692,4596,46692,1110,978,1301,3389,50081
13-10-2015,15,15097,17045,9650,4420,46212,1098,961,1265,3324,49536
13-10-2015,16,15018,16864,9658,4388,45928,1078,941,1241,3260,49188
13-10-2015,17,15110,17145,9994,4652,46901,1105,980,1287,3372,50273
13-10-2015,18,15546,17574,10371,4700,48191,1130,1038,1390,3558,51749
13-10-2015,19,15704,17556,10202,4559,48021,1093,1011,1343,3447,51468
13-10-2015,20,15546,17015,9654,4274,46489,1020,937,1241,3198,49687
13-10-2015,21,15098,16159,9481,3998,44736,923,831,1086,2840,47576
13-10-2015,22,14589,15515,9263,3647,43014,832,738,990,2560,45574
13-10-2015,23,13873,14452,8789,3292,40406,776,669,921,2366,42772
14-10-2015,0,13383,13735,8391,3027,38536,743,630,876,2249,40785
14-10-2015,1,12953,13437,8193,2869,37452,728,622,855,2205,39657
14-10-2015,2,12855,13330,8176,2852,37213,724,612,851,2187,39400
14-10-2015,3,12930,13265,8264,2864,37323,731,617,865,2213,39536
14-10-2015,4,13031,13244,8653,2880,37808,767,663,932,2362,40170
14-10-2015,5,13413,14237,9615,3148,40413,908,798,1146,2852,43265
14-10-2015,6,14811,16532,10200,3675,45218,1042,937,1299,3278,48496
14-10-2015,7,16616,17872,10193,4295,48976,1106,1013,1396,3515,52491
14-10-2015,8,16838,17813,10247,4573,49471,1167,1054,1426,3647,53118
14-10-2015,9,16597,17956,10155,4677,49385,1166,1060,1399,3625,53010
14-10-2015,10,16391,18016,10075,4786,49268,1149,1042,1364,3555,52823
14-10-2015,11,15939,17456,9996,4798,48189,1113,993,1320,3426,51615
14-10-2015,12,15540,17606,9868,4728,47742,1135,1008,1324,3467,51209
14-10-2015,13,15315,17450,9714,4692,47171,1129,998,1307,3434,50605
14-10-2015,14,15270,17114,9721,4608,46713,1118,982,1289,3389,50102
14-10-2015,15,15100,17001,9712,4454,46267,1083,960,1254,3297,49564
14-10-2015,16,14886,16959,9704,4433,45982,1069,933,1235,3237,49219
14-10-2015,17,15062,17222,10079,4675,47038,1086,975,1288,3349,50387
14-10-2015,18,15594,17670,10547,4686,48497,1141,1035,1392,3568,52065
14-10-2015,19,15899,17658,10380,4497,48434,1108,1005,1344,3457,51891
14-10-2015,20,15642,17162,9874,4150,46828,1032,939,1234,3205,50033
14-10-2015,21,15233,16330,9616,3899,45078,933,833,1071,2837,47915
14-10-2015,22,14657,15415,9437,3522,43031,845,741,949,2535,45566
14-10-2015,23,13862,14457,8918,3183,40420,794,664,906,2364,42784
15-10-2015,0,13364,13950,8583,2963,38860,749,627,870,2246,41106
15-10-2015,1,13066,13517,8430,2882,37895,732,613,850,2195,40090
15-10-2015,2,12907,13277,8457,2841,37482,729,603,843,2175,39657
15-10-2015,3,12906,13317,8560,2826,37609,736,616,857,2209,39818
15-10-2015,4,13000,13800,8884,2863,38547,781,663,923,2367,40914
15-10-2015,5,13465,14570,9762,3082,40879,919,800,1091,2810,43689
15-10-2015,6,14863,16533,10297,3603,45296,1065,948,1278,3291,48587
15-10-2015,7,16715,18156,10292,4253,49416,1134,1037,1373,3544,52960
15-10-2015,8,16841,18112,10309,4490,49752,1155,1074,1396,3625,53377
15-10-2015,9,16675,18170,10260,4601,49706,1147,1069,1368,3584,53290
15-10-2015,10,16578,18120,10183,4696,49577,1125,1052,1331,3508,53085
15-10-2015,11,16076,17727,10142,4641,48586,1096,1001,1289,3386,51972
15-10-2015,12,15747,17123,10023,4567,47460,1116,1016,1291,3423,50883
15-10-2015,13,15493,16918,9887,4553,46851,1101,1003,1280,3384,50235
15-10-2015,14,15252,16639,9824,4422,46137,1085,979,1266,3330,49467
15-10-2015,15,15253,16711,9752,4271,45987,1053,959,1235,3247,49234
15-10-2015,16,15311,16813,9766,4226,46116,1032,926,1216,3174,49290
15-10-2015,17,15317,17058,10067,4467,46909,1070,973,1273,3316,50225
15-10-2015,18,15837,17470,10404,4610,48321,1120,1029,1366,3515,51836
15-10-2015,19,16044,17485,10228,4472,48229,1081,989,1320,3390,51619
15-10-2015,20,15829,17040,9688,4158,46715,1014,926,1209,3149,49864
15-10-2015,21,15566,16246,9524,3869,45205,935,833,1051,2819,48024
15-10-2015,22,14800,15250,9337,3530,42917,860,741,955,2556,45473
15-10-2015,23,14021,14482,8875,3181,40559,800,664,848,2312,42871
16-10-2015,0,13413,13788,8505,2996,38702,759,627,810,2196,40898
16-10-2015,1,13142,13412,8335,2842,37731,738,611,794,2143,39874
16-10-2015,2,13033,13466,8287,2780,37566,735,606,789,2130,39696
16-10-2015,3,13151,13494,8300,2775,37720,741,616,797,2154,39874
16-10-2015,4,13323,13590,8690,2841,38444,796,658,868,2322,40766
16-10-2015,5,13660,14303,9595,3086,40644,919,786,1082,2787,43431
16-10-2015,6,15036,16425,10111,3593,45165,1066,929,1265,3260,48425
16-10-2015,7,16656,18266,10041,4215,49178,1148,1028,1363,3539,52717
16-10-2015,8,17050,18617,10119,4467,50253,1172,1077,1393,3642,53895
16-10-2015,9,16937,18597,10048,4598,50180,1154,1078,1380,3612,53792
16-10-2015,10,16759,18446,9902,4701,49808,1143,1060,1365,3568,53376
16-10-2015,11,16363,18137,9816,4641,48957,1109,1019,1330,3458,52415
16-10-2015,12,16007,17505,9665,4479,47656,1124,1038,1345,3507,51163
16-10-2015,13,15764,16842,9584,4387,46577,1101,1026,1318,3445,50022
16-10-2015,14,15466,16344,9519,4240,45569,1084,1008,1284,3376,48945
16-10-2015,15,15229,16163,9449,4111,44952,1051,987,1244,3282,48234
16-10-2015,16,15103,16192,9686,4140,45121,1045,963,1237,3245,48366
16-10-2015,17,15307,16435,10075,4468,46285,1083,1005,1280,3368,49653
16-10-2015,18,15739,17088,10348,4556,47731,1115,1019,1332,3466,51197
16-10-2015,19,15908,16965,10185,4286,47344,1075,977,1272,3324,50668
16-10-2015,20,15411,16046,9718,3967,45142,1012,912,1179,3103,48245
16-10-2015,21,15099,15373,9572,3703,43747,938,824,1050,2812,46559
16-10-2015,22,14667,14696,9309,3399,42071,863,744,939,2546,44617
16-10-2015,23,14219,13929,8833,3144,40125,809,672,862,2343,42468
17-10-2015,0,13708,13390,8463,2883,38444,779,630,823,2232,40676
17-10-2015,1,13423,13240,8284,2737,37684,759,612,794,2165,39849
17-10-2015,2,13283,13118,8176,2647,37224,755,599,779,2133,39357
17-10-2015,3,13236,13120,8209,2619,37184,758,598,782,2138,39322
17-10-2015,4,13333,13229,8344,2614,37520,764,618,804,2186,39706
17-10-2015,5,13455,13355,8663,2694,38167,796,664,877,2337,40504
17-10-2015,6,13903,13990,8821,2877,39591,844,722,961,2527,42118
17-10-2015,7,14464,14557,8889,3168,41078,899,787,1047,2733,43811
17-10-2015,8,14907,15152,9085,3467,42611,959,845,1128,2932,45543
17-10-2015,9,15446,15807,9263,3716,44232,971,865,1160,2996,47228
17-10-2015,10,15625,16200,9251,3850,44926,962,865,1162,2989,47915
17-10-2015,11,15356,16212,9085,3883,44536,947,845,1154,2946,47482
17-10-2015,12,14949,15892,8945,3831,43617,928,842,1133,2903,46520
17-10-2015,13,14639,15589,8847,3768,42843,908,837,1105,2850,45693
17-10-2015,14,14346,15322,8816,3714,42198,902,825,1089,2816,45014
17-10-2015,15,14082,15301,8902,3701,41986,895,822,1092,2809,44795
17-10-2015,16,14243,15824,9158,3787,43012,908,828,1105,2841,45853
17-10-2015,17,14638,16341,9664,4127,44770,971,878,1173,3022,47792
17-10-2015,18,15174,16895,9893,4256,46218,1018,921,1232,3171,49389
17-10-2015,19,15317,16348,9589,4019,45273,987,901,1189,3077,48350
17-10-2015,20,14848,15664,9141,3735,43388,943,849,1117,2909,46297
17-10-2015,21,14522,15020,9097,3494,42133,881,778,1009,2668,44801
17-10-2015,22,14148,14337,8991,3252,40728,819,704,903,2426,43154
17-10-2015,23,13901,13834,8568,3007,39310,783,644,831,2258,41568
18-10-2015,0,13444,13121,8181,2794,37540,734,600,825,2159,39699
18-10-2015,1,13143,12653,7945,2655,36396,708,584,797,2089,38485
18-10-2015,2,13024,12564,7878,2578,36044,704,576,788,2068,38112
18-10-2015,3,12957,12415,7930,2550,35852,700,574,788,2062,37914
18-10-2015,4,13018,12393,8013,2557,35981,713,591,804,2108,38089
18-10-2015,5,13158,12694,8215,2607,36674,756,624,860,2240,38914
18-10-2015,6,13383,13008,8360,2754,37505,806,670,921,2397,39902
18-10-2015,7,13716,13514,8282,3004,38516,839,715,985,2539,41055
18-10-2015,8,14042,14177,8484,3269,39972,896,785,1045,2726,42698
18-10-2015,9,14584,14687,8748,3539,41558,919,818,1096,2833,44391
18-10-2015,10,14794,15270,8822,3725,42611,917,814,1113,2844,45455
18-10-2015,11,14616,15364,8834,3777,42591,908,803,1112,2823,45414
18-10-2015,12,14360,15117,8727,3747,41951,902,794,1106,2802,44753
18-10-2015,13,14067,15026,8606,3700,41399,893,783,1095,2771,44170
18-10-2015,14,13925,14705,8549,3673,40852,895,773,1086,2754,43606
18-10-2015,15,13811,14682,8588,3666,40747,902,778,1093,2773,43520
18-10-2015,16,13818,14759,8727,3771,41075,923,793,1127,2843,43918
18-10-2015,17,14131,15466,9297,4110,43004,986,863,1203,3052,46056
18-10-2015,18,14746,16239,9638,4338,44961,1011,927,1250,3188,48149
18-10-2015,19,15119,16077,9456,4211,44863,962,914,1204,3080,47943
18-10-2015,20,14940,15655,9108,3892,43595,909,861,1132,2902,46497
18-10-2015,21,14757,15043,9140,3618,42558,850,773,1002,2625,45183
18-10-2015,22,14406,14401,9017,3318,41142,787,692,928,2407,43549
18-10-2015,23,13761,13663,8642,3048,39114,737,622,852,2211,41325
19-10-2015,0,13428,13342,8315,2846,37931,715,587,820,2122,40053
19-10-2015,1,13102,13142,8134,2821,37199,698,572,805,2075,39274
19-10-2015,2,12997,13077,8106,2795,36975,695,569,798,2062,39037
19-10-2015,3,13005,13162,8199,2806,37172,703,577,809,2089,39261
19-10-2015,4,13159,13579,8558,2837,38133,743,627,875,2245,40378
19-10-2015,5,13790,14494,9514,3077,40875,859,752,1093,2704,43579
19-10-2015,6,15418,16551,10249,3836,46054,1001,907,1257,3165,49219
19-10-2015,7,17224,18175,10243,4603,50245,1107,1000,1367,3474,53719
19-10-2015,8,17296,18587,10331,4749,50963,1156,1058,1417,3631,54594
19-10-2015,9,17025,18424,10229,4737,50415,1151,1062,1415,3628,54043
19-10-2015,10,16720,18336,10173,4777,50006,1132,1048,1399,3579,53585
19-10-2015,11,16339,18045,10090,4730,49204,1110,1011,1361,3482,52686
19-10-2015,12,16051,17640,9930,4595,48216,1139,1033,1363,3535,51751
19-10-2015,13,15698,17512,9798,4556,47564,1130,1026,1337,3493,51057
19-10-2015,14,15733,17317,9762,4454,47266,1125,1004,1319,3448,50714
19-10-2015,15,15657,17201,9648,4326,46832,1086,992,1279,3357,50189
19-10-2015,16,15479,17198,9664,4363,46704,1070,964,1244,3278,49982
19-10-2015,17,15601,17601,10015,4660,47877,1123,1004,1308,3435,51312
19-10-2015,18,15975,18286,10235,4800,49296,1136,1015,1376,3527,52823
19-10-2015,19,16398,17799,10138,4663,48998,1091,983,1330,3404,52402
19-10-2015,20,15688,16978,9638,4251,46555,1036,918,1226,3180,49735
19-10-2015,21,15360,16189,9450,3952,44951,950,822,1113,2885,47836
19-10-2015,22,14758,15273,9275,3590,42896,865,732,991,2588,45484
19-10-2015,23,13876,13957,8828,3220,39881,810,654,910,2374,42255
20-10-2015,0,13170,13352,8472,2991,37985,782,617,873,2272,40257
20-10-2015,1,12897,13078,8278,2901,37154,769,603,855,2227,39381
20-10-2015,2,12791,12947,8318,2848,36904,767,595,849,2211,39115
20-10-2015,3,12827,12956,8386,2842,37011,781,602,854,2237,39248
20-10-2015,4,12957,12977,8772,2910,37616,822,642,921,2385,40001
20-10-2015,5,13336,13929,9720,3176,40161,934,768,1130,2832,42993
20-10-2015,6,14757,16144,10362,3864,45127,1073,922,1283,3278,48405
20-10-2015,7,16347,17804,10376,4607,49134,1158,1007,1389,3554,52688
20-10-2015,8,16597,17730,10418,4791,49536,1201,1055,1435,3691,53227
20-10-2015,9,16373,17715,10349,4800,49237,1186,1047,1421,3654,52891
20-10-2015,10,16306,17804,10333,4870,49313,1168,1028,1406,3602,52915
20-10-2015,11,16130,17590,10414,4881,49015,1141,991,1366,3498,52513
20-10-2015,12,16169,17345,10433,4777,48724,1153,1013,1379,3545,52269
20-10-2015,13,16160,17332,10188,4736,48416,1129,1004,1365,3498,51914
20-10-2015,14,16085,17349,10117,4607,48158,1116,988,1357,3461,51619
20-10-2015,15,15866,17237,10057,4451,47611,1091,975,1332,3398,51009
20-10-2015,16,15833,17217,10236,4425,47711,1078,949,1306,3333,51044
20-10-2015,17,15945,17608,10746,4744,49043,1127,1000,1363,3490,52533
20-10-2015,18,16105,18168,10745,4864,49882,1142,1021,1390,3553,53435
20-10-2015,19,16219,17828,10479,4702,49228,1104,987,1335,3426,52654
20-10-2015,20,15963,17108,9919,4317,47307,1032,914,1227,3173,50480
20-10-2015,21,15557,16299,9777,3982,45615,951,818,1073,2842,48457
20-10-2015,22,14732,15119,9391,3607,42849,861,724,982,2567,45416
20-10-2015,23,13958,13949,9043,3222,40172,800,655,914,2369,42541
21-10-2015,0,13421,13334,8634,2973,38362,768,619,880,2267,40629
21-10-2015,1,13000,13028,8467,2854,37349,749,607,859,2215,39564
21-10-2015,2,12976,12982,8365,2801,37124,746,597,850,2193,39317
21-10-2015,3,13010,12940,8416,2818,37184,747,605,862,2214,39398
21-10-2015,4,13042,13286,8800,2891,38019,781,641,919,2341,40360
21-10-2015,5,13514,13951,9706,3152,40323,902,776,1124,2802,43125
21-10-2015,6,14806,16119,10313,3842,45080,1046,925,1299,3270,48350
21-10-2015,7,16475,17581,10349,4524,48929,1136,1015,1404,3555,52484
21-10-2015,8,16652,17769,10363,4639,49423,1178,1051,1450,3679,53102
21-10-2015,9,16456,17450,10277,4643,48826,1169,1050,1451,3670,52496
21-10-2015,10,16459,17264,10301,4700,48724,1168,1030,1435,3633,52357
21-10-2015,11,16543,17295,10314,4710,48862,1133,993,1402,3528,52390
21-10-2015,12,16442,16946,10198,4684,48270,1146,1011,1424,3581,51851
21-10-2015,13,16295,17067,10082,4489,47933,1123,1004,1412,3539,51472
21-10-2015,14,16188,16673,10128,4379,47368,1109,989,1394,3492,50860
21-10-2015,15,15985,16677,10047,4239,46948,1073,966,1366,3405,50353
21-10-2015,16,15924,16754,10122,4380,47180,1064,947,1335,3346,50526
21-10-2015,17,15968,17336,10526,4764,48594,1124,1008,1391,3523,52117
21-10-2015,18,15979,17534,10646,4844,49003,1136,1022,1409,3567,52570
21-10-2015,19,15803,17012,10446,4632,47893,1101,985,1355,3441,51334
21-10-2015,20,15416,16406,9871,4288,45981,1036,916,1256,3208,49189
21-10-2015,21,15068,15626,9664,3981,44339,957,818,1096,2871,47210
21-10-2015,22,14531,14524,9412,3603,42070,872,724,1000,2596,44666
21-10-2015,23,13603,13720,8851,3259,39433,813,648,928,2389,41822
22-10-2015,0,12969,13058,8496,3031,37554,781,615,887,2283,39837
22-10-2015,1,12467,12626,8319,2902,36314,765,599,869,2233,38547
22-10-2015,2,12261,12522,8253,2847,35883,758,588,859,2205,38088
22-10-2015,3,12272,12491,8259,2855,35877,764,595,872,2231,38108
22-10-2015,4,12576,12622,8528,2917,36643,794,640,932,2366,39009
22-10-2015,5,12948,13423,9445,3168,38984,916,764,1135,2815,41799
22-10-2015,6,14164,15240,10169,3866,43439,1052,920,1312,3284,46723
22-10-2015,7,15594,16860,10370,4583,47407,1141,1026,1409,3576,50983
22-10-2015,8,15679,16951,10245,4763,47638,1170,1075,1448,3693,51331
22-10-2015,9,15477,17123,10238,4769,47607,1180,1081,1442,3703,51310
22-10-2015,10,15477,17078,10286,4823,47664,1174,1063,1424,3661,51325
22-10-2015,11,15303,17045,10308,4793,47449,1156,1027,1399,3582,51031
22-10-2015,12,15069,16942,10242,4693,46946,1185,1049,1406,3640,50586
22-10-2015,13,14976,16796,10228,4702,46702,1170,1044,1390,3604,50306
22-10-2015,14,14850,16855,10109,4615,46429,1156,1025,1367,3548,49977
22-10-2015,15,14810,16923,10047,4423,46203,1132,989,1338,3459,49662
22-10-2015,16,14804,16613,10209,4392,46018,1122,966,1310,3398,49416
22-10-2015,17,14909,16914,10443,4656,46922,1160,1016,1370,3546,50468
22-10-2015,18,15269,17376,10499,4776,47920,1136,1023,1386,3545,51465
22-10-2015,19,15150,17215,10370,4591,47326,1081,985,1340,3406,50732
22-10-2015,20,14822,16541,9749,4235,45347,1015,910,1234,3159,48506
22-10-2015,21,14319,15719,9472,3912,43422,933,818,1076,2827,46249
22-10-2015,22,13766,14859,9141,3575,41341,840,720,983,2543,43884
22-10-2015,23,13028,13700,8657,3149,38534,786,644,903,2333,40867
23-10-2015,0,12581,13163,8301,2928,36973,754,612,865,2231,39204
23-10-2015,1,12351,12941,8109,2790,36191,732,595,843,2170,38361
23-10-2015,2,12155,12757,8062,2743,35717,728,585,830,2143,37860
23-10-2015,3,12204,12616,8203,2748,35771,734,593,840,2167,37938
23-10-2015,4,12297,13371,8505,2830,37003,769,633,901,2303,39306
23-10-2015,5,12615,14336,9456,3030,39437,882,759,1102,2743,42180
23-10-2015,6,13881,16025,10195,3703,43804,1010,921,1272,3203,47007
23-10-2015,7,15494,17976,10329,4403,48202,1108,999,1368,3475,51677
23-10-2015,8,15752,18451,10212,4542,48957,1141,1047,1418,3606,52563
23-10-2015,9,15678,17811,10181,4531,48201,1134,1045,1416,3595,51796
23-10-2015,10,15451,17050,10152,4539,47192,1135,1024,1397,3556,50748
23-10-2015,11,15095,16609,10095,4456,46255,1119,975,1351,3445,49700
23-10-2015,12,14847,16466,9929,4279,45521,1128,999,1359,3486,49007
23-10-2015,13,14414,15777,9744,4159,44094,1109,989,1325,3423,47517
23-10-2015,14,14476,15555,9711,3977,43719,1092,966,1287,3345,47064
23-10-2015,15,14453,15448,9653,3897,43451,1061,938,1251,3250,46701
23-10-2015,16,14620,15619,9755,3954,43948,1051,925,1236,3212,47160
23-10-2015,17,14934,16250,10113,4343,45640,1094,983,1299,3376,49016
23-10-2015,18,15690,16837,10296,4651,47474,1086,991,1315,3392,50866
23-10-2015,19,15282,16238,10028,4396,45944,1040,955,1275,3270,49214
23-10-2015,20,14736,15717,9509,4045,44007,974,894,1183,3051,47058
23-10-2015,21,14404,15171,9342,3764,42681,899,805,1051,2755,45436
23-10-2015,22,13821,14031,9056,3521,40429,824,720,973,2517,42946
23-10-2015,23,13331,13442,8567,3252,38592,764,645,897,2306,40898
24-10-2015,0,12985,12844,8171,2990,36990,732,614,851,2197,39187
24-10-2015,1,12637,12297,7997,2826,35757,711,593,826,2130,37887
24-10-2015,2,12411,12052,7959,2704,35126,700,585,813,2098,37224
24-10-2015,3,12394,11963,7955,2655,34967,702,587,810,2099,37066
24-10-2015,4,12395,12172,8091,2667,35325,714,594,833,2141,37466
24-10-2015,5,12554,12547,8442,2757,36300,752,643,908,2303,38603
24-10-2015,6,12796,13101,8738,2942,37577,802,707,999,2508,40085
24-10-2015,7,13287,13667,8842,3249,39045,845,751,1065,2661,41706
24-10-2015,8,13782,14052,9054,3526,40414,907,824,1136,2867,43281
24-10-2015,9,14432,14928,9192,3768,42320,932,853,1166,2951,45271
24-10-2015,10,14775,15301,9115,3875,43066,929,852,1165,2946,46012
24-10-2015,11,14787,15309,9059,3841,42996,933,836,1147,2916,45912
24-10-2015,12,14652,15230,8976,3785,42643,923,823,1098,2844,45487
24-10-2015,13,14504,14878,8926,3732,42040,913,813,1083,2809,44849
24-10-2015,14,14439,14794,8944,3729,41906,902,804,1085,2791,44697
24-10-2015,15,14395,14740,9082,3640,41857,886,796,1083,2765,44622
24-10-2015,16,14498,15064,9447,3728,42737,895,801,1092,2788,45525
24-10-2015,17,14765,15557,10103,4106,44531,968,879,1184,3031,47562
24-10-2015,18,15043,15580,10090,4294,45007,983,913,1228,3124,48131
24-10-2015,19,14732,15022,9703,3987,43444,948,887,1181,3016,46460
24-10-2015,20,14309,14579,9324,3722,41934,901,834,1105,2840,44774
24-10-2015,21,13661,13777,9342,3485,40265,846,766,1003,2615,42880
24-10-2015,22,13276,13456,9209,3219,39160,791,701,948,2440,41600
24-10-2015,23,12961,12841,8766,3012,37580,756,645,880,2281,39861
25-10-2015,0,12631,12245,8350,2834,36060,731,606,836,2173,38233
25-10-2015,1,12298,11815,8141,2666,34920,710,585,805,2100,37020
25-10-2015,2,11828,11484,7940,2565,33817,685,570,788,2043,35860
25-10-2015,2,11535,11390,7910,2522,33357,666,567,779,2012,35369
25-10-2015,3,11933,11635,7967,2542,34077,666,573,784,2023,36100
25-10-2015,4,12117,11761,8074,2548,34500,677,593,807,2077,36577
25-10-2015,5,12265,12033,8282,2629,35209,711,632,868,2211,37420
25-10-2015,6,12617,12669,8248,2852,36386,736,665,921,2322,38708
25-10-2015,7,12967,12888,8329,3079,37263,815,743,1017,2575,39838
25-10-2015,8,13476,13796,8535,3338,39145,867,798,1049,2714,41859
25-10-2015,9,13886,14365,8774,3492,40517,896,818,1075,2789,43306
25-10-2015,10,14096,14485,8904,3515,41000,894,817,1082,2793,43793
25-10-2015,11,14164,14248,8931,3502,40845,903,806,1113,2822,43667
25-10-2015,12,13976,14399,8896,3456,40727,907,804,1119,2830,43557
25-10-2015,13,13866,14102,8916,3436,40320,905,802,1113,2820,43140
25-10-2015,14,13854,14136,8937,3403,40330,915,805,1118,2838,43168
25-10-2015,15,13992,14571,9266,3432,41261,954,834,1135,2923,44184
25-10-2015,16,14213,15316,9716,3721,42966,1021,904,1203,3128,46094
25-10-2015,17,14764,16212,9766,4410,45152,1020,921,1227,3168,48320
25-10-2015,18,14801,16139,9619,4372,44931,1001,899,1196,3096,48027
25-10-2015,19,14804,16042,9331,4032,44209,954,866,1132,2952,47161
25-10-2015,20,14760,15705,8936,3717,43118,892,806,1086,2784,45902
25-10-2015,21,14464,14993,9092,3464,42013,824,731,958,2513,44526
25-10-2015,22,14086,14421,8880,3179,40566,759,652,856,2267,42833
25-10-2015,23,13694,13911,8509,2936,39050,714,614,793,2121,41171
26-10-2015,0,13079,13237,8144,2771,37231,684,573,757,2014,39245
26-10-2015,1,12845,13285,7999,2676,36805,669,559,741,1969,38774
26-10-2015,2,12820,13305,7955,2655,36735,668,556,739,1963,38698
26-10-2015,3,12825,13141,8018,2701,36685,681,568,757,2006,38691
26-10-2015,4,13080,13249,8472,2813,37614,722,612,829,2163,39777
26-10-2015,5,13364,14176,9546,3151,40237,865,733,1036,2634,42871
26-10-2015,6,14693,16177,10012,3892,44774,991,837,1165,2993,47767
26-10-2015,7,16066,17723,10150,4465,48404,1088,950,1314,3352,51756
26-10-2015,8,16320,18036,10246,4610,49212,1121,1011,1373,3505,52717
26-10-2015,9,16248,17901,10267,4590,49006,1119,1013,1364,3496,52502
26-10-2015,10,16021,17910,10153,4676,48760,1109,1003,1349,3461,52221
26-10-2015,11,15812,17752,10086,4625,48275,1092,959,1321,3372,51647
26-10-2015,12,15565,17586,9905,4544,47600,1107,982,1334,3423,51023
26-10-2015,13,15370,17434,9827,4560,47191,1091,976,1328,3395,50586
26-10-2015,14,15465,17444,9810,4482,47201,1090,969,1310,3369,50570
26-10-2015,15,15498,17303,10003,4367,47171,1081,970,1278,3329,50500
26-10-2015,16,15788,17414,10478,4420,48100,1146,1024,1360,3530,51630
26-10-2015,17,16042,18375,10431,5097,49945,1139,1052,1413,3604,53549
26-10-2015,18,15944,18316,10489,4967,49716,1102,1007,1365,3474,53190
26-10-2015,19,15772,17863,10384,4646,48665,1056,965,1295,3316,51981
26-10-2015,20,15588,17316,9831,4246,46981,1000,895,1189,3084,50065
26-10-2015,21,15373,16259,9798,3903,45333,914,802,1072,2788,48121
26-10-2015,22,14627,15448,9439,3519,43033,828,711,969,2508,45541
26-10-2015,23,13904,14784,8952,3175,40815,772,643,905,2320,43135
27-10-2015,0,13380,13755,8643,2972,38750,747,611,869,2227,40977
27-10-2015,1,13215,13466,8431,2859,37971,732,604,851,2187,40158
27-10-2015,2,13035,13479,8350,2810,37674,719,594,848,2161,39835
27-10-2015,3,13165,13288,8433,2847,37733,717,608,860,2185,39918
27-10-2015,4,13225,13363,8824,2941,38353,743,648,922,2313,40666
27-10-2015,5,13817,13983,9809,3263,40872,876,761,1073,2710,43582
27-10-2015,6,15256,16203,10195,3979,45633,997,866,1208,3071,48704
27-10-2015,7,16742,17754,10223,4580,49299,1087,979,1339,3405,52704
27-10-2015,8,16849,17896,10333,4750,49828,1110,1033,1379,3522,53350
27-10-2015,9,16593,17867,10387,4717,49564,1111,1025,1374,3510,53074
27-10-2015,10,16464,17869,10353,4729,49415,1103,1005,1351,3459,52874
27-10-2015,11,16043,17776,10299,4649,48767,1085,965,1319,3369,52136
27-10-2015,12,15671,17453,10141,4495,47760,1125,994,1330,3449,51209
27-10-2015,13,15835,17390,10174,4546,47945,1113,992,1322,3427,51372
27-10-2015,14,15891,17399,10174,4469,47933,1112,987,1323,3422,51355
27-10-2015,15,15902,17839,10359,4339,48439,1105,998,1324,3427,51866
27-10-2015,16,16320,18730,10926,4489,50465,1154,1036,1393,3583,54048
27-10-2015,17,16716,19133,10985,5081,51915,1148,1038,1429,3615,55530
27-10-2015,18,16673,18741,11037,4915,51366,1110,995,1376,3481,54847
27-10-2015,19,16514,18298,10899,4558,50269,1082,956,1313,3351,53620
27-10-2015,20,16183,17430,10324,4210,48147,1016,887,1211,3114,51261
27-10-2015,21,15817,16495,10222,3903,46437,928,800,1094,2822,49259
27-10-2015,22,15023,15462,9889,3544,43918,841,716,984,2541,46459
27-10-2015,23,14195,14551,9466,3189,41401,786,643,915,2344,43745
28-10-2015,0,13744,13918,9190,2932,39784,756,614,873,2243,42027
28-10-2015,1,13455,13575,9071,2818,38919,741,596,856,2193,41112
28-10-2015,2,13281,13672,9046,2785,38784,740,591,847,2178,40962
28-10-2015,3,13231,13842,9155,2810,39038,751,605,857,2213,41251
28-10-2015,4,13355,14007,9586,2874,39822,791,656,916,2363,42185
28-10-2015,5,13796,14770,10485,3131,42182,923,774,1113,2810,44992
28-10-2015,6,15187,16786,10953,3812,46738,1035,873,1209,3117,49855
28-10-2015,7,16761,17999,10918,4395,50073,1128,986,1329,3443,53516
28-10-2015,8,16773,18267,10882,4587,50509,1155,1040,1363,3558,54067
28-10-2015,9,16789,18376,10839,4593,50597,1138,1039,1353,3530,54127
28-10-2015,10,16534,18245,10759,4590,50128,1119,1012,1337,3468,53596
28-10-2015,11,16320,17819,10696,4554,49389,1095,971,1303,3369,52758
28-10-2015,12,16258,17556,10545,4455,48814,1110,993,1325,3428,52242
28-10-2015,13,16100,17361,10447,4473,48381,1094,988,1318,3400,51781
28-10-2015,14,15986,17512,10445,4390,48333,1086,982,1315,3383,51716
28-10-2015,15,16192,17735,10626,4283,48836,1094,983,1319,3396,52232
28-10-2015,16,16468,18287,11170,4413,50338,1171,1041,1396,3608,53946
28-10-2015,17,16918,19021,11226,5023,52188,1174,1063,1426,3663,55851
28-10-2015,18,16833,18830,11290,4857,51810,1142,1030,1370,3542,55352
28-10-2015,19,16570,18186,11164,4541,50461,1107,987,1298,3392,53853
28-10-2015,20,16304,17361,10656,4196,48517,1044,915,1200,3159,51676
28-10-2015,21,15951,16746,10472,3916,47085,958,823,1098,2879,49964
28-10-2015,22,15289,15829,10174,3560,44852,870,735,978,2583,47435
28-10-2015,23,14507,15051,9654,3210,42422,807,661,900,2368,44790
29-10-2015,0,13818,14498,9358,3022,40696,779,630,862,2271,42967
29-10-2015,1,13470,14062,9104,2916,39552,764,614,846,2224,41776
29-10-2015,2,13365,14057,9025,2876,39323,763,605,839,2207,41530
29-10-2015,3,13429,13987,9171,2868,39455,773,625,853,2251,41706
29-10-2015,4,13487,14108,9504,2951,40050,811,671,907,2389,42439
29-10-2015,5,14067,14883,10352,3223,42525,941,787,1104,2832,45357
29-10-2015,6,15487,16763,10849,3920,47019,1062,896,1211,3169,50188
29-10-2015,7,16953,18320,10878,4490,50641,1143,1004,1353,3500,54141
29-10-2015,8,17084,18578,10873,4673,51208,1185,1060,1411,3656,54864
29-10-2015,9,16889,18513,10794,4754,50950,1168,1063,1399,3630,54580
29-10-2015,10,16774,18396,10677,4829,50676,1153,1042,1382,3577,54253
29-10-2015,11,16649,18213,10636,4778,50276,1136,998,1360,3494,53770
29-10-2015,12,16514,18026,10572,4710,49822,1159,1022,1375,3556,53378
29-10-2015,13,16564,17762,10572,4702,49600,1143,1009,1361,3513,53113
29-10-2015,14,16584,17798,10537,4629,49548,1143,996,1360,3499,53047
29-10-2015,15,16603,17899,10598,4526,49626,1156,1005,1360,3521,53147
29-10-2015,16,16966,18418,11115,4649,51148,1213,1067,1452,3732,54880
29-10-2015,17,17258,18963,11070,5171,52462,1197,1076,1491,3764,56226
29-10-2015,18,17158,18738,11072,5042,52010,1165,1037,1423,3625,55635
29-10-2015,19,16798,18272,10985,4719,50774,1135,996,1330,3461,54235
29-10-2015,20,16585,17718,10428,4365,49096,1070,929,1231,3230,52326
29-10-2015,21,16164,16938,10362,4055,47519,987,835,1088,2910,50429
29-10-2015,22,15398,15795,10106,3661,44960,904,749,1005,2658,47618
29-10-2015,23,14533,14604,9618,3309,42064,855,675,935,2465,44529
30-10-2015,0,13947,13884,9282,3067,40180,826,640,891,2357,42537
30-10-2015,1,13634,13487,9099,2952,39172,812,625,874,2311,41483
30-10-2015,2,13462,13273,9095,2893,38723,801,617,872,2290,41013
30-10-2015,3,13501,13296,9179,2896,38872,813,633,883,2329,41201
30-10-2015,4,13625,13453,9582,2969,39629,855,681,952,2488,42117
30-10-2015,5,13949,14250,10588,3178,41965,985,793,1140,2918,44883
30-10-2015,6,15202,16013,10907,3846,45968,1109,901,1238,3248,49216
30-10-2015,7,16702,17448,10896,4442,49488,1198,1004,1357,3559,53047
30-10-2015,8,16931,17874,10886,4571,50262,1222,1051,1394,3667,53929
30-10-2015,9,17016,18056,10884,4553,50509,1201,1051,1378,3630,54139
30-10-2015,10,17179,18266,10776,4534,50755,1184,1034,1352,3570,54325
30-10-2015,11,16802,17756,10700,4487,49745,1150,991,1325,3466,53211
30-10-2015,12,16544,17334,10569,4495,48942,1161,1009,1327,3497,52439
30-10-2015,13,16500,17049,10545,4430,48524,1143,995,1303,3441,51965
30-10-2015,14,16411,17118,10596,4288,48413,1134,981,1284,3399,51812
30-10-2015,15,16695,17233,10832,4204,48964,1142,981,1287,3410,52374
30-10-2015,16,16879,17727,11316,4337,50259,1214,1048,1404,3666,53925
30-10-2015,17,17021,18008,11323,4781,51133,1203,1053,1424,3680,54813
30-10-2015,18,16688,17256,11310,4665,49919,1163,1011,1371,3545,53464
30-10-2015,19,16113,16391,10989,4294,47787,1113,970,1297,3380,51167
30-10-2015,20,15688,15493,10511,3959,45651,1050,902,1206,3158,48809
30-10-2015,21,15228,14978,10471,3674,44351,973,820,1106,2899,47250
30-10-2015,22,14700,14098,10119,3391,42308,901,741,999,2641,44949
30-10-2015,23,13882,13324,9548,3094,39848,834,669,928,2431,42279
31-10-2015,0,13342,12600,9160,2878,37980,801,628,878,2307,40287
31-10-2015,1,13158,12389,8949,2736,37232,781,611,856,2248,39480
31-10-2015,2,12955,12347,8853,2652,36807,773,600,847,2220,39027
31-10-2015,3,12832,12307,8821,2641,36601,775,603,850,2228,38829
31-10-2015,4,12814,12255,8866,2633,36568,789,630,874,2293,38861
31-10-2015,5,12912,12491,9041,2715,37159,837,681,946,2464,39623
31-10-2015,6,13084,12996,9118,2937,38135,870,721,1011,2602,40737
31-10-2015,7,13655,13349,9146,3201,39351,933,794,1098,2825,42176
31-10-2015,8,14147,14058,9304,3531,41040,990,860,1152,3002,44042
31-10-2015,9,14689,14733,9378,3708,42508,1008,887,1168,3063,45571
31-10-2015,10,15050,14914,9409,3767,43140,993,880,1152,3025,46165
31-10-2015,11,15124,15098,9456,3719,43397,978,853,1130,2961,46358
31-10-2015,12,14950,14899,9388,3628,42865,973,849,1113,2935,45800
31-10-2015,13,14865,14585,9348,3587,42385,964,839,1095,2898,45283
31-10-2015,14,14805,14528,9449,3553,42335,962,829,1095,2886,45221
31-10-2015,15,14880,14727,9816,3553,42976,995,849,1121,2965,45941
31-10-2015,16,15205,15443,10185,3786,44619,1073,938,1205,3216,47835
31-10-2015,17,15376,15629,10310,4397,45712,1064,947,1230,3241,48953
31-10-2015,18,14933,15008,10058,4297,44296,1029,916,1193,3138,47434
31-10-2015,19,14822,14716,9720,3919,43177,982,882,1170,3034,46211
31-10-2015,20,14308,14361,9401,3631,41701,932,838,1096,2866,44567
31-10-2015,21,13919,13948,9509,3397,40773,863,763,991,2617,43390
31-10-2015,22,13589,13293,9296,3179,39357,797,698,899,2394,41751
31-10-2015,23,13095,12754,8825,2959,37633,749,641,830,2220,39853
01-11-2015,0,12769,12461,8493,2771,36494,717,594,788,2099,38593
01-11-2015,1,12612,12470,8310,2656,36048,705,575,762,2042,38090
01-11-2015,2,12444,12336,8207,2592,35579,698,563,755,2016,37595
01-11-2015,3,12253,12191,8169,2573,35186,695,568,756,2019,37205
01-11-2015,4,12232,12153,8188,2572,35145,703,589,780,2072,37217
01-11-2015,5,12318,12319,8368,2642,35647,733,625,840,2198,37845
01-11-2015,6,12492,12804,8433,2820,36549,766,657,881,2304,38853
01-11-2015,7,12804,13057,8443,3056,37360,822,711,955,2488,39848
01-11-2015,8,13150,13410,8669,3354,38583,884,787,1015,2686,41269
01-11-2015,9,13744,13972,8890,3565,40171,920,813,1022,2755,42926
01-11-2015,10,14139,14495,9056,3681,41371,930,812,1009,2751,44122
01-11-2015,11,14284,14759,9113,3729,41885,937,801,999,2737,44622
01-11-2015,12,14335,14788,9015,3714,41852,938,800,994,2732,44584
01-11-2015,13,14265,14750,9013,3686,41714,939,793,992,2724,44438
01-11-2015,14,14322,14712,9081,3674,41789,944,798,993,2735,44524
01-11-2015,15,14543,14775,9460,3688,42466,993,820,1029,2842,45308
01-11-2015,16,14858,15725,9879,3936,44398,1048,920,1163,3131,47529
01-11-2015,17,15109,16112,9912,4509,45642,1045,942,1207,3194,48836
01-11-2015,18,14988,15983,9842,4428,45241,1027,921,1200,3148,48389
01-11-2015,19,14868,15691,9627,4107,44293,982,894,1154,3030,47323
01-11-2015,20,14596,15287,9235,3798,42916,925,834,1076,2835,45751
01-11-2015,21,14376,14596,9307,3511,41790,856,752,954,2562,44352
01-11-2015,22,13776,13678,9107,3220,39781,789,667,859,2315,42096
01-11-2015,23,13166,12948,8650,2955,37719,739,611,798,2148,39867
02-11-2015,0,12767,12306,8346,2778,36197,701,589,761,2051,38248
02-11-2015,1,12460,12267,8175,2680,35582,691,575,747,2013,37595
02-11-2015,2,12312,12140,8119,2649,35220,686,571,746,2003,37223
02-11-2015,3,12377,12071,8210,2668,35326,695,583,762,2040,37366
02-11-2015,4,12586,12352,8669,2745,36352,744,629,842,2215,38567
02-11-2015,5,13131,13247,9684,3035,39097,874,749,1067,2690,41787
02-11-2015,6,14491,14992,10333,3744,43560,1011,881,1219,3111,46671
02-11-2015,7,15993,16583,10400,4387,47363,1102,973,1343,3418,50781
02-11-2015,8,16141,16827,10382,4554,47904,1123,1033,1396,3552,51456
02-11-2015,9,15931,16778,10269,4610,47588,1114,1038,1396,3548,51136
02-11-2015,10,15711,16740,10164,4688,47303,1108,1013,1369,3490,50793
02-11-2015,11,15464,16637,10141,4712,46954,1092,973,1332,3397,50351
02-11-2015,12,15289,16768,10124,4659,46840,1127,998,1337,3462,50302
02-11-2015,13,15144,16769,10105,4660,46678,1121,992,1319,3432,50110
02-11-2015,14,15248,16562,10061,4634,46505,1109,977,1309,3395,49900
02-11-2015,15,15370,16879,10265,4500,47014,1106,989,1308,3403,50417
02-11-2015,16,15948,17703,10588,4643,48882,1158,1048,1390,3596,52478
02-11-2015,17,16121,18171,10518,5148,49958,1125,1049,1401,3575,53533
02-11-2015,18,15981,17621,10501,4955,49058,1086,1007,1351,3444,52502
02-11-2015,19,15653,16963,10228,4598,47442,1050,971,1292,3313,50755
02-11-2015,20,15322,16324,9684,4238,45568,990,898,1187,3075,48643
02-11-2015,21,15148,15410,9662,3906,44126,900,804,1040,2744,46870
02-11-2015,22,14475,14221,9319,3526,41541,811,712,937,2460,44001
02-11-2015,23,13544,13287,8784,3159,38774,745,652,878,2275,41049
03-11-2015,0,13081,12705,8500,2929,37215,717,618,845,2180,39395
03-11-2015,1,12733,12381,8251,2821,36186,705,604,835,2144,38330
03-11-2015,2,12575,12335,8173,2771,35854,712,598,824,2134,37988
03-11-2015,3,12724,12483,8245,2796,36248,721,609,837,2167,38415
03-11-2015,4,12850,12680,8636,2876,37042,762,648,890,2300,39342
03-11-2015,5,13227,13824,9507,3139,39697,895,770,1084,2749,42446
03-11-2015,6,14521,15840,10016,3862,44239,1012,899,1246,3157,47396
03-11-2015,7,16054,17263,10037,4555,47909,1095,997,1360,3452,51361
03-11-2015,8,16335,17538,10106,4742,48721,1119,1053,1398,3570,52291
03-11-2015,9,16118,17294,10024,4769,48205,1109,1051,1393,3553,51758
03-11-2015,10,16141,17209,9972,4815,48137,1091,1035,1379,3505,51642
03-11-2015,11,16111,17504,9973,4798,48386,1066,990,1343,3399,51785
03-11-2015,12,15865,17496,9847,4706,47914,1090,1020,1360,3470,51384
03-11-2015,13,15916,17680,9800,4580,47976,1078,1012,1352,3442,51418
03-11-2015,14,15821,17724,9795,4646,47986,1082,1005,1347,3434,51420
03-11-2015,15,15762,17602,10049,4545,47958,1101,1026,1356,3483,51441
03-11-2015,16,16227,18222,10449,4753,49651,1153,1065,1425,3643,53294
03-11-2015,17,16237,18432,10415,5273,50357,1136,1061,1431,3628,53985
03-11-2015,18,15998,18141,10420,4988,49547,1104,1015,1378,3497,53044
03-11-2015,19,15762,17513,10240,4667,48182,1069,976,1312,3357,51539
03-11-2015,20,15504,16878,9691,4291,46364,1005,908,1210,3123,49487
03-11-2015,21,15127,15694,9581,3993,44395,914,810,1059,2783,47178
03-11-2015,22,14559,14485,9175,3649,41868,831,728,974,2533,44401
03-11-2015,23,13733,13551,8561,3295,39140,769,659,903,2331,41471
04-11-2015,0,13169,12644,8247,3044,37104,736,626,866,2228,39332
04-11-2015,1,12779,12475,8051,2927,36232,723,612,849,2184,38416
04-11-2015,2,12672,12511,7981,2877,36041,720,610,841,2171,38212
04-11-2015,3,12718,12645,8105,2907,36375,726,618,855,2199,38574
04-11-2015,4,12786,12669,8471,2985,36911,763,653,920,2336,39247
04-11-2015,5,13254,13514,9425,3258,39451,898,777,1133,2808,42259
04-11-2015,6,14389,15713,10003,3998,44103,1036,921,1272,3229,47332
04-11-2015,7,15992,17136,10111,4660,47899,1115,1020,1388,3523,51422
04-11-2015,8,16298,17616,10122,4801,48837,1149,1061,1435,3645,52482
04-11-2015,9,16143,17644,10129,4861,48777,1155,1066,1432,3653,52430
04-11-2015,10,16133,17799,10111,4916,48959,1153,1050,1424,3627,52586
04-11-2015,11,15998,17846,10033,4865,48742,1132,1009,1402,3543,52285
04-11-2015,12,15936,17586,9891,4765,48178,1155,1052,1427,3634,51812
04-11-2015,13,15836,17636,9868,4769,48109,1142,1052,1413,3607,51716
04-11-2015,14,15840,17464,9857,4713,47874,1135,1049,1413,3597,51471
04-11-2015,15,16122,17499,10184,4592,48397,1147,1062,1419,3628,52025
04-11-2015,16,16499,18115,10616,4731,49961,1179,1078,1465,3722,53683
04-11-2015,17,16689,18577,10607,5316,51189,1154,1070,1450,3674,54863
04-11-2015,18,16540,18198,10725,5092,50555,1120,1023,1395,3538,54093
04-11-2015,19,16433,17680,10512,4751,49376,1067,986,1337,3390,52766
04-11-2015,20,16161,17272,10006,4394,47833,1013,924,1233,3170,51003
04-11-2015,21,15615,16507,9897,4024,46043,923,827,1109,2859,48902
04-11-2015,22,14868,15394,9514,3629,43405,841,736,993,2570,45975
04-11-2015,23,14017,14166,9046,3277,40506,778,670,925,2373,42879
05-11-2015,0,13655,13577,8715,3018,38965,749,632,880,2261,41226
05-11-2015,1,13266,13336,8611,2891,38104,731,618,860,2209,40313
05-11-2015,2,13097,13244,8630,2827,37798,728,613,849,2190,39988
05-11-2015,3,13163,13250,8752,2849,38014,738,614,857,2209,40223
05-11-2015,4,13401,13299,9189,2940,38829,772,654,922,2348,41177
05-11-2015,5,13691,14182,10114,3224,41211,900,777,1108,2785,43996
05-11-2015,6,15207,16230,10660,3943,46040,1028,909,1281,3218,49258
05-11-2015,7,16734,17719,10601,4636,49690,1124,989,1392,3505,53195
05-11-2015,8,17107,18264,10566,4839,50776,1145,1037,1433,3615,54391
05-11-2015,9,16911,18090,10624,4879,50504,1132,1031,1432,3595,54099
05-11-2015,10,16720,17950,10518,4954,50142,1116,1005,1418,3539,53681
05-11-2015,11,16548,18010,10460,4940,49958,1094,966,1393,3453,53411
05-11-2015,12,16407,18018,10368,4838,49631,1112,990,1411,3513,53144
05-11-2015,13,16604,17812,10300,4849,49565,1104,986,1401,3491,53056
05-11-2015,14,16572,17959,10352,4779,49662,1105,981,1396,3482,53144
05-11-2015,15,16707,18307,10673,4675,50362,1132,1007,1407,3546,53908
05-11-2015,16,16891,18756,10911,4845,51403,1182,1055,1463,3700,55103
05-11-2015,17,16994,19108,10894,5194,52190,1168,1052,1449,3669,55859
05-11-2015,18,16771,18524,10886,5014,51195,1134,1016,1394,3544,54739
05-11-2015,19,16544,17750,10859,4695,49848,1091,982,1336,3409,53257
05-11-2015,20,16384,17341,10360,4354,48439,1030,921,1233,3184,51623
05-11-2015,21,15851,16226,10266,4000,46343,949,825,1075,2849,49192
05-11-2015,22,15201,15232,9930,3616,43979,868,734,978,2580,46559
05-11-2015,23,14340,14029,9430,3259,41058,808,666,914,2388,43446
06-11-2015,0,13685,13268,9025,3034,39012,776,629,872,2277,41289
06-11-2015,1,13276,13037,8796,2900,38009,759,609,843,2211,40220
06-11-2015,2,13098,12906,8807,2863,37674,753,606,841,2200,39874
06-11-2015,3,13110,12874,8878,2876,37738,762,616,852,2230,39968
06-11-2015,4,13234,12953,9253,2970,38410,803,657,921,2381,40791
06-11-2015,5,13659,13657,10135,3259,40710,928,783,1127,2838,43548
06-11-2015,6,14977,15499,10646,3956,45078,1058,923,1279,3260,48338
06-11-2015,7,16592,17082,10683,4645,49002,1139,1017,1388,3544,52546
06-11-2015,8,16975,17435,10716,4808,49934,1168,1060,1427,3655,53589
06-11-2015,9,16891,17475,10679,4840,49885,1166,1066,1431,3663,53548
06-11-2015,10,16790,17399,10722,4903,49814,1152,1048,1419,3619,53433
06-11-2015,11,16704,17401,10586,4850,49541,1125,1014,1393,3532,53073
06-11-2015,12,16497,17207,10501,4710,48915,1145,1043,1411,3599,52514
06-11-2015,13,16323,17063,10446,4593,48425,1143,1040,1389,3572,51997
06-11-2015,14,16318,16982,10466,4464,48230,1137,1028,1364,3529,51759
06-11-2015,15,16379,16837,10638,4410,48264,1146,1040,1375,3561,51825
06-11-2015,16,16482,17420,10719,4618,49239,1161,1063,1442,3666,52905
06-11-2015,17,16552,17367,10776,4973,49668,1138,1050,1412,3600,53268
06-11-2015,18,16413,17020,10495,4736,48664,1102,1010,1352,3464,52128
06-11-2015,19,16065,16507,10435,4340,47347,1055,964,1284,3303,50650
06-11-2015,20,15388,15614,10057,4001,45060,999,901,1186,3086,48146
06-11-2015,21,14940,14714,10031,3710,43395,930,821,1059,2810,46205
06-11-2015,22,14443,14194,9727,3421,41785,859,733,979,2571,44356
06-11-2015,23,13824,13417,9087,3139,39467,796,661,912,2369,41836
07-11-2015,0,13263,12811,8626,2931,37631,757,621,852,2230,39861
07-11-2015,1,12915,12524,8539,2788,36766,738,604,833,2175,38941
07-11-2015,2,12589,12245,8420,2704,35958,728,595,815,2138,38096
07-11-2015,3,12330,12127,8369,2681,35507,727,597,810,2134,37641
07-11-2015,4,12382,12263,8425,2675,35745,739,618,829,2186,37931
07-11-2015,5,12484,12546,8754,2753,36537,781,662,909,2352,38889
07-11-2015,6,12721,13215,8926,2962,37824,824,713,982,2519,40343
07-11-2015,7,13190,13351,9063,3268,38872,877,780,1063,2720,41592
07-11-2015,8,13762,14004,9280,3547,40593,941,846,1150,2937,43530
07-11-2015,9,14463,14733,9471,3720,42387,965,868,1156,2989,45376
07-11-2015,10,14661,15321,9540,3818,43340,973,865,1162,3000,46340
07-11-2015,11,14504,15557,9584,3829,43474,970,858,1161,2989,46463
07-11-2015,12,14457,15629,9585,3759,43430,971,855,1151,2977,46407
07-11-2015,13,14385,15394,9617,3728,43124,965,852,1143,2960,46084
07-11-2015,14,14347,15237,9793,3721,43098,973,851,1142,2966,46064
07-11-2015,15,14616,15171,10160,3786,43733,1024,889,1176,3089,46822
07-11-2015,16,15172,16000,10380,4075,45627,1049,955,1287,3291,48918
07-11-2015,17,15375,16166,10375,4467,46383,1040,946,1276,3262,49645
07-11-2015,18,15220,15468,10377,4265,45330,1005,913,1229,3147,48477
07-11-2015,19,14803,14963,9894,3940,43600,973,888,1166,3027,46627
07-11-2015,20,14448,14469,9470,3649,42036,924,828,1109,2861,44897
07-11-2015,21,14136,13814,9504,3367,40821,868,758,1021,2647,43468
07-11-2015,22,13655,13136,9253,3152,39196,810,692,944,2446,41642
07-11-2015,23,13138,12401,8774,2963,37276,762,630,871,2263,39539
08-11-2015,0,12758,11946,8395,2742,35841,719,602,820,2141,37982
08-11-2015,1,12444,11815,8134,2598,34991,700,585,788,2073,37064
08-11-2015,2,12236,11836,8063,2489,34624,692,561,772,2025,36649
08-11-2015,3,12176,11808,8051,2507,34542,681,564,767,2012,36554
08-11-2015,4,12264,11846,8014,2507,34631,696,575,788,2059,36690
08-11-2015,5,12436,11945,8200,2563,35144,723,613,838,2174,37318
08-11-2015,6,12684,12253,8399,2663,35999,773,659,897,2329,38328
08-11-2015,7,13105,12508,8489,2867,36969,821,712,963,2496,39465
08-11-2015,8,13670,13038,8695,3154,38557,893,786,1053,2732,41289
08-11-2015,9,14093,13995,8920,3359,40367,934,825,1098,2857,43224
08-11-2015,10,14329,14323,9085,3455,41192,949,839,1117,2905,44097
08-11-2015,11,14295,14751,9084,3454,41584,951,836,1128,2915,44499
08-11-2015,12,14318,14875,9008,3423,41624,950,831,1129,2910,44534
08-11-2015,13,14394,14761,9046,3404,41605,942,831,1118,2891,44496
08-11-2015,14,14622,14771,9152,3409,41954,945,823,1132,2900,44854
08-11-2015,15,14901,15056,9513,3518,42988,995,862,1141,2998,45986
08-11-2015,16,15358,16332,9689,3915,45294,1031,930,1236,3197,48491
08-11-2015,17,15648,16657,9794,4499,46598,1023,925,1242,3190,49788
08-11-2015,18,15447,16702,9818,4307,46274,1003,911,1212,3126,49400
08-11-2015,19,15343,16547,9652,3995,45537,970,892,1151,3013,48550
08-11-2015,20,15083,15943,9376,3740,44142,923,835,1071,2829,46971
08-11-2015,21,14750,14943,9495,3495,42683,860,748,949,2557,45240
08-11-2015,22,14305,14227,9273,3132,40937,798,667,883,2348,43285
08-11-2015,23,13674,13247,8840,2919,38680,742,607,817,2166,40846
09-11-2015,0,13043,12661,8549,2728,36981,708,585,784,2077,39058
09-11-2015,1,12728,12460,8343,2644,36175,690,570,776,2036,38211
09-11-2015,2,12619,12391,8300,2658,35968,686,568,777,2031,37999
09-11-2015,3,12532,12652,8387,2651,36222,695,577,790,2062,38284
09-11-2015,4,12665,13057,8747,2731,37200,734,614,866,2214,39414
09-11-2015,5,13304,13714,9718,2959,39695,862,742,1077,2681,42376
09-11-2015,6,14837,15751,10438,3695,44721,1010,890,1250,3150,47871
09-11-2015,7,16592,17331,10562,4392,48877,1094,982,1359,3435,52312
09-11-2015,8,16615,17718,10628,4515,49476,1142,1037,1408,3587,53063
09-11-2015,9,16452,17859,10609,4504,49424,1150,926,1411,3487,52911
09-11-2015,10,16392,17615,10657,4598,49262,1143,1024,1393,3560,52822
09-11-2015,11,16375,17557,10654,4601,49187,1134,993,1373,3500,52687
09-11-2015,12,16506,17438,10585,4550,49079,1158,1027,1400,3585,52664
09-11-2015,13,16442,17340,10553,4584,48919,1150,1022,1384,3556,52475
09-11-2015,14,16489,17429,10647,4542,49107,1160,1016,1383,3559,52666
09-11-2015,15,16584,17845,10871,4483,49783,1180,1044,1397,3621,53404
09-11-2015,16,17033,18513,10865,4711,51122,1179,1060,1431,3670,54792
09-11-2015,17,17047,18851,10738,5087,51723,1151,1038,1406,3595,55318
09-11-2015,18,16572,18578,10741,4806,50697,1115,1004,1347,3466,54163
09-11-2015,19,16464,17936,10526,4466,49392,1071,953,1283,3307,52699
09-11-2015,20,16256,17209,9973,4101,47539,1017,882,1180,3079,50618
09-11-2015,21,15707,16265,9900,3771,45643,940,788,1018,2746,48389
09-11-2015,22,15053,15028,9594,3446,43121,857,694,933,2484,45605
09-11-2015,23,14152,14147,9023,3128,40450,791,634,860,2285,42735
10-11-2015,0,13541,13473,8664,2821,38499,756,590,816,2162,40661
10-11-2015,1,13186,13241,8461,2772,37660,740,571,793,2104,39764
10-11-2015,2,13078,13185,8473,2739,37475,739,571,790,2100,39575
10-11-2015,3,13071,13265,8526,2763,37625,744,585,804,2133,39758
10-11-2015,4,13271,13270,8940,2851,38332,782,624,864,2270,40602
10-11-2015,5,13792,14096,9821,3082,40791,907,751,1036,2694,43485
10-11-2015,6,15176,15752,10489,3706,45123,1036,900,1219,3155,48278
10-11-2015,7,16719,17129,10529,4467,48844,1108,987,1316,3411,52255
10-11-2015,8,17028,17226,10476,4697,49427,1141,1025,1359,3525,52952
10-11-2015,9,16785,17542,10402,4697,49426,1136,1021,1360,3517,52943
10-11-2015,10,16734,18001,10387,4779,49901,1128,1011,1347,3486,53387
10-11-2015,11,16575,18077,10373,4767,49792,1119,966,1334,3419,53211
10-11-2015,12,16409,17677,10323,4877,49286,1136,991,1348,3475,52761
10-11-2015,13,16340,17145,10232,4853,48570,1127,981,1344,3452,52022
10-11-2015,14,16317,17499,10360,4727,48903,1130,989,1340,3459,52362
10-11-2015,15,16577,17861,10711,4737,49886,1154,1018,1352,3524,53410
10-11-2015,16,16995,18614,10763,4707,51079,1167,1052,1430,3649,54728
10-11-2015,17,17169,18551,10696,5070,51486,1144,1030,1417,3591,55077
10-11-2015,18,16890,18151,10698,4660,50399,1111,988,1368,3467,53866
10-11-2015,19,16679,17943,10516,4292,49430,1069,946,1303,3318,52748
10-11-2015,20,16343,17381,9992,3932,47648,1007,885,1204,3096,50744
10-11-2015,21,15978,16340,9881,3627,45826,923,799,1047,2769,48595
10-11-2015,22,15360,15205,9590,3245,43400,840,716,952,2508,45908
10-11-2015,23,14538,14032,9045,2912,40527,782,650,887,2319,42846
11-11-2015,0,13957,13488,8721,2757,38923,747,604,843,2194,41117
11-11-2015,1,13630,12887,8539,2624,37680,728,585,818,2131,39811
11-11-2015,2,13573,12721,8508,2562,37364,727,582,809,2118,39482
11-11-2015,3,13680,12764,8597,2578,37619,731,588,819,2138,39757
11-11-2015,4,13879,13034,8996,2617,38526,768,619,886,2273,40799
11-11-2015,5,14212,13775,9966,2906,40859,902,742,1077,2721,43580
11-11-2015,6,15613,15873,10621,3633,45740,1042,890,1252,3184,48924
11-11-2015,7,17319,17030,10706,4313,49368,1117,966,1345,3428,52796
11-11-2015,8,17592,17326,10772,4517,50207,1150,1013,1368,3531,53738
11-11-2015,9,17053,17218,10716,4528,49515,1135,1011,1353,3499,53014
11-11-2015,10,17093,17589,10654,4612,49948,1132,993,1322,3447,53395
11-11-2015,11,16941,17575,10687,4577,49780,1112,949,1288,3349,53129
11-11-2015,12,16840,17408,10556,4523,49327,1143,973,1309,3425,52752
11-11-2015,13,16607,17020,10548,4595,48770,1143,973,1308,3424,52194
11-11-2015,14,16552,17449,10551,4598,49150,1142,967,1315,3424,52574
11-11-2015,15,16919,17837,10872,4543,50171,1167,1003,1355,3525,53696
11-11-2015,16,17480,18483,10974,4806,51743,1179,1042,1450,3671,55414
11-11-2015,17,17453,19064,10961,5157,52635,1157,1027,1426,3610,56245
11-11-2015,18,17267,18590,10976,4889,51722,1126,991,1374,3491,55213
11-11-2015,19,16980,18111,10742,4556,50389,1076,952,1314,3342,53731
11-11-2015,20,16656,17253,10187,4199,48295,1025,904,1218,3147,51442
11-11-2015,21,16180,16389,10178,3824,46571,940,815,1064,2819,49390
11-11-2015,22,15698,15631,9823,3460,44612,851,724,966,2541,47153
11-11-2015,23,14746,14528,9324,3120,41718,784,652,901,2337,44055
12-11-2015,0,14215,13774,9007,2853,39849,752,603,829,2184,42033
12-11-2015,1,13745,13579,8809,2715,38848,738,586,837,2161,41009
12-11-2015,2,13517,13498,8776,2666,38457,733,582,838,2153,40610
12-11-2015,3,13426,13407,8894,2646,38373,745,594,814,2153,40526
12-11-2015,4,13576,13636,9256,2676,39144,784,628,871,2283,41427
12-11-2015,5,14194,14592,10209,2962,41957,922,759,1102,2783,44740
12-11-2015,6,15606,16433,10778,3528,46345,1059,904,1279,3242,49587
12-11-2015,7,17237,17898,10868,3541,49544,1149,997,1388,3534,53078
12-11-2015,8,17403,17840,10855,4487,50585,1186,1044,1436,3666,54251
12-11-2015,9,17085,17872,10783,4476,50216,1192,1040,1429,3661,53877
12-11-2015,10,16983,17698,10770,4496,49947,1177,1025,1413,3615,53562
12-11-2015,11,16808,17547,10730,4259,49344,1155,984,1384,3523,52867
12-11-2015,12,16846,17436,10753,4287,49322,1167,1000,1400,3567,52889
12-11-2015,13,16679,17233,10732,4343,48987,1157,991,1388,3536,52523
12-11-2015,14,16659,17608,10763,4188,49218,1170,1006,1397,3573,52791
12-11-2015,15,16881,18307,11110,4285,50583,1190,1056,1414,3660,54243
12-11-2015,16,17588,19095,11125,4540,52348,1189,1061,1426,3676,56024
12-11-2015,17,17654,19606,11026,5106,53392,1174,1040,1392,3606,56998
12-11-2015,18,17519,19355,11022,4907,52803,1134,1003,1336,3473,56276
12-11-2015,19,17290,18597,10887,4554,51328,1099,960,1276,3335,54663
12-11-2015,20,17034,17921,10336,4214,49505,1017,892,1177,3086,52591
12-11-2015,21,16584,17216,10202,3896,47898,941,803,1023,2767,50665
12-11-2015,22,15901,16243,9910,3502,45556,854,710,944,2508,48064
12-11-2015,23,15020,15219,9440,3123,42802,789,646,867,2302,45104
13-11-2015,0,14457,14389,9107,2907,40860,752,606,828,2186,43046
13-11-2015,1,13980,13967,8911,2809,39667,737,579,810,2126,41793
13-11-2015,2,13808,13740,8812,2713,39073,728,572,819,2119,41192
13-11-2015,3,13760,13712,8924,2714,39110,736,580,832,2148,41258
13-11-2015,4,13810,13676,9305,2763,39554,772,626,904,2302,41856
13-11-2015,5,14041,14218,10249,3027,41535,891,748,1081,2720,44255
13-11-2015,6,15406,16030,10887,3747,46070,1036,889,1261,3186,49256
13-11-2015,7,16875,17830,10954,4446,50105,1118,970,1348,3436,53541
13-11-2015,8,17319,18099,10944,4604,50966,1154,1011,1386,3551,54517
13-11-2015,9,17014,18168,10968,4632,50782,1147,1000,1376,3523,54305
13-11-2015,10,16765,18468,10948,4671,50852,1145,995,1363,3503,54355
13-11-2015,11,16591,18543,10968,4607,50709,1118,949,1333,3400,54109
13-11-2015,12,16308,18433,10889,4407,50037,1140,972,1353,3465,53502
13-11-2015,13,16092,18264,10760,4230,49346,1126,974,1348,3448,52794
13-11-2015,14,16074,17872,10896,4133,48975,1129,976,1336,3441,52416
13-11-2015,15,16333,17768,11199,4065,49365,1174,1018,1373,3565,52930
13-11-2015,16,16696,18239,11255,4333,50523,1186,1037,1447,3670,54193
13-11-2015,17,16868,18356,11191,4890,51305,1158,1011,1408,3577,54882
13-11-2015,18,16775,17920,11067,4675,50437,1113,974,1352,3439,53876
13-11-2015,19,16571,17153,10717,4300,48741,1053,927,1281,3261,52002
13-11-2015,20,16033,16354,10165,3915,46467,995,870,1189,3054,49521
13-11-2015,21,15624,15771,10147,3702,45244,930,793,1058,2781,48025
13-11-2015,22,15166,14789,9837,3391,43183,856,712,991,2559,45742
13-11-2015,23,14686,14124,9269,3059,41138,786,649,917,2352,43490
14-11-2015,0,14305,13600,8852,2923,39680,756,610,872,2238,41918
14-11-2015,1,13983,13294,8614,2811,38702,735,589,846,2170,40872
14-11-2015,2,13347,13174,8449,2716,37686,721,578,839,2138,39824
14-11-2015,3,13270,13141,8441,2720,37572,727,578,837,2142,39714
14-11-2015,4,13278,13195,8547,2735,37755,733,592,847,2172,39927
14-11-2015,5,13311,13062,8848,2783,38004,769,635,861,2265,40269
14-11-2015,6,13830,13853,9046,3026,39755,820,691,945,2456,42211
14-11-2015,7,14451,14338,9254,3320,41363,861,741,1049,2651,44014
14-11-2015,8,14971,15101,9365,3558,42995,924,801,1125,2850,45845
14-11-2015,9,15692,15885,9519,3762,44858,955,829,1158,2942,47800
14-11-2015,10,15990,16064,9619,3867,45540,954,831,1157,2942,48482
14-11-2015,11,16039,16034,9608,3815,45496,950,822,1141,2913,48409
14-11-2015,12,15833,15839,9597,3774,45043,952,831,1132,2915,47958
14-11-2015,13,15566,15765,9599,3676,44606,951,835,1124,2910,47516
14-11-2015,14,15610,15881,9788,3687,44966,948,829,1132,2909,47875
14-11-2015,15,15741,16580,10292,3638,46251,1010,884,1194,3088,49339
14-11-2015,16,16208,17456,10542,3950,48156,1051,938,1273,3262,51418
14-11-2015,17,16601,17700,10578,4316,49195,1025,920,1247,3192,52387
14-11-2015,18,16444,17370,10349,4296,48459,993,895,1199,3087,51546
14-11-2015,19,16078,16939,9952,3909,46878,961,864,1150,2975,49853
14-11-2015,20,15695,16454,9500,3661,45310,919,817,1080,2816,48126
14-11-2015,21,15183,15747,9580,3484,43994,855,741,974,2570,46564
14-11-2015,22,14801,14990,9362,3253,42406,801,670,920,2391,44797
14-11-2015,23,14498,14342,8928,3025,40793,749,623,855,2227,43020
15-11-2015,0,14057,13618,8554,2786,39015,720,591,802,2113,41128
15-11-2015,1,13810,13450,8324,2656,38240,697,573,771,2041,40281
15-11-2015,2,13647,13404,8195,2608,37854,690,569,764,2023,39877
15-11-2015,3,13458,13417,8197,2566,37638,691,567,762,2020,39658
15-11-2015,4,13559,13505,8286,2579,37929,705,582,786,2073,40002
15-11-2015,5,13769,13570,8507,2643,38489,736,621,846,2203,40692
15-11-2015,6,13916,13907,8575,2827,39225,774,660,897,2331,41556
15-11-2015,7,14186,14440,8659,3088,40373,818,699,944,2461,42834
15-11-2015,8,14689,14876,8814,3384,41763,882,770,1014,2666,44429
15-11-2015,9,15021,15585,9014,3626,43246,916,804,1060,2780,46026
15-11-2015,10,15619,16018,9197,3748,44582,916,810,1087,2813,47395
15-11-2015,11,15656,16386,9214,3779,45035,917,804,1107,2828,47863
15-11-2015,12,15378,16297,9247,3732,44654,916,800,1105,2821,47475
15-11-2015,13,15281,16136,9334,3657,44408,914,802,1099,2815,47223
15-11-2015,14,15383,16289,9536,3611,44819,935,811,1108,2854,47673
15-11-2015,15,15885,16732,10028,3664,46309,1012,881,1177,3070,49379
15-11-2015,16,16519,17601,10215,4026,48361,1044,946,1283,3273,51634
15-11-2015,17,16782,17851,10246,4600,49479,1036,941,1282,3259,52738
15-11-2015,18,16798,17746,10224,4452,49220,1018,930,1254,3202,52422
15-11-2015,19,16776,17453,10057,4172,48458,975,903,1200,3078,51536
15-11-2015,20,16601,16815,9646,3869,46931,920,855,1117,2892,49823
15-11-2015,21,16173,16038,9723,3621,45555,856,771,986,2613,48168
15-11-2015,22,15728,15245,9542,3332,43847,795,695,906,2396,46243
15-11-2015,23,15164,14530,9113,3050,41857,738,630,846,2214,44071
16-11-2015,0,14683,14038,8792,2852,40365,710,590,803,2103,42468
16-11-2015,1,14448,13994,8661,2716,39819,694,576,787,2057,41876
16-11-2015,2,14131,13908,8616,2631,39286,698,571,784,2053,41339
16-11-2015,3,14165,13924,8692,2706,39487,713,587,797,2097,41584
16-11-2015,4,14432,14294,9050,2788,40564,749,636,875,2260,42824
16-11-2015,5,14980,15144,10001,3065,43190,874,758,1073,2705,45895
16-11-2015,6,16505,17139,10691,3752,48087,1037,916,1266,3219,51306
16-11-2015,7,18236,19050,10908,4478,52672,1118,1007,1380,3505,56177
16-11-2015,8,18694,19347,10855,4627,53523,1159,1058,1428,3645,57168
16-11-2015,9,18522,18743,10885,4660,52810,1159,1060,1427,3646,56456
16-11-2015,10,18437,18817,10845,4512,52611,1163,1060,1401,3624,56235
16-11-2015,11,18069,19042,10832,4461,52404,1146,1022,1375,3543,55947
16-11-2015,12,17997,19056,10736,4296,52085,1175,1045,1393,3613,55698
16-11-2015,13,17878,18883,10704,4368,51833,1162,1048,1380,3590,55423
16-11-2015,14,17818,18760,10809,4547,51934,1171,1053,1388,3612,55546
16-11-2015,15,17896,19018,11052,4519,52485,1208,1091,1420,3719,56204
16-11-2015,16,18189,19281,11050,4782,53302,1190,1096,1453,3739,57041
16-11-2015,17,18123,19472,10927,5163,53685,1176,1069,1424,3669,57354
16-11-2015,18,17825,19183,10896,4909,52813,1138,1028,1368,3534,56347
16-11-2015,19,17691,18555,10703,4517,51466,1088,984,1305,3377,54843
16-11-2015,20,17419,17900,10145,4164,49628,1030,901,1208,3139,52767
16-11-2015,21,17071,16799,10083,3875,47828,947,812,1052,2811,50639
16-11-2015,22,16306,15965,9741,3512,45524,868,720,963,2551,48075
16-11-2015,23,15484,14952,9205,3152,42793,810,642,888,2340,45133
17-11-2015,0,14882,14005,8799,2895,40581,780,613,845,2238,42819
17-11-2015,1,14591,13865,8557,2775,39788,750,591,821,2162,41950
17-11-2015,2,14417,13920,8483,2768,39588,740,590,819,2149,41737
17-11-2015,3,14497,14041,8555,2776,39869,735,595,830,2160,42029
17-11-2015,4,14779,14184,8971,2866,40800,770,644,892,2306,43106
17-11-2015,5,15236,14898,9920,3110,43164,901,771,1084,2756,45920
17-11-2015,6,16516,17154,10494,3870,48034,1046,931,1290,3267,51301
17-11-2015,7,18423,18802,10779,4635,52639,1131,1020,1396,3547,56186
17-11-2015,8,18756,19050,10701,4786,53293,1161,1068,1438,3667,56960
17-11-2015,9,18512,19031,10580,4764,52887,1178,1065,1439,3682,56569
17-11-2015,10,18193,18896,10574,4740,52403,1162,1056,1428,3646,56049
17-11-2015,11,18027,18753,10583,4714,52077,1148,1017,1415,3580,55657
17-11-2015,12,17827,18686,10474,4616,51603,1168,1036,1452,3656,55259
17-11-2015,13,17747,18538,10449,4653,51387,1150,1026,1447,3623,55010
17-11-2015,14,17848,18577,10594,4623,51642,1159,1021,1455,3635,55277
17-11-2015,15,18028,19164,10990,4576,52758,1200,1053,1483,3736,56494
17-11-2015,16,18416,19178,11035,4794,53423,1206,1059,1488,3753,57176
17-11-2015,17,18468,19533,10971,5169,54141,1156,1034,1444,3634,57775
17-11-2015,18,18003,18905,10958,4909,52775,1117,994,1387,3498,56273
17-11-2015,19,17843,18734,10715,4565,51857,1069,952,1317,3338,55195
17-11-2015,20,17454,18172,10096,4237,49959,1014,885,1210,3109,53068
17-11-2015,21,16942,17043,10141,3942,48068,933,806,1057,2796,50864
17-11-2015,22,16171,16123,9742,3622,45658,845,727,969,2541,48199
17-11-2015,23,15389,15098,9231,3293,43011,784,666,903,2353,45364
18-11-2015,0,14588,14266,8888,3044,40786,753,632,853,2238,43024
18-11-2015,1,14317,13842,8685,2880,39724,745,616,828,2189,41913
18-11-2015,2,14208,13697,8698,2803,39406,738,601,825,2164,41570
18-11-2015,3,14272,13789,8792,2847,39700,754,592,838,2184,41884
18-11-2015,4,14482,14039,9169,2854,40544,796,606,884,2286,42830
18-11-2015,5,14914,15002,10012,3121,43049,921,647,1082,2650,45699
18-11-2015,6,16467,16797,10714,3809,47787,1069,704,1286,3059,50846
18-11-2015,7,18397,18357,10905,4544,52203,1151,756,1388,3295,55498
18-11-2015,8,18625,18795,10830,4633,52883,1175,820,1426,3421,56304
18-11-2015,9,18549,18871,10777,4695,52892,1194,863,1432,3489,56381
18-11-2015,10,18425,18614,10765,4696,52500,1184,884,1424,3492,55992
18-11-2015,11,18183,18884,10698,4621,52386,1158,874,1393,3425,55811
18-11-2015,12,17864,18518,10632,4542,51556,1184,874,1405,3463,55019
18-11-2015,13,17817,18456,10641,4527,51441,1177,873,1390,3440,54881
18-11-2015,14,18031,18262,10743,4466,51502,1186,873,1388,3447,54949
18-11-2015,15,18505,18824,11093,4475,52897,1206,914,1426,3546,56443
18-11-2015,16,19137,19612,11084,4723,54556,1212,940,1458,3610,58166
18-11-2015,17,18908,19751,11019,5167,54845,1181,926,1422,3529,58374
18-11-2015,18,18410,19234,11080,4901,53625,1146,890,1361,3397,57022
18-11-2015,19,18072,18788,10858,4554,52272,1096,871,1299,3266,55538
18-11-2015,20,17728,18199,10313,4183,50423,1040,823,1199,3062,53485
18-11-2015,21,17223,17215,10178,3843,48459,950,762,1046,2758,51217
18-11-2015,22,16635,15908,9882,3497,45922,865,686,957,2508,48430
18-11-2015,23,15750,14861,9293,3164,43068,794,631,895,2320,45388
19-11-2015,0,15027,14029,8928,2881,40865,759,596,848,2203,43068
19-11-2015,1,14747,13666,8668,2805,39886,737,580,833,2150,42036
19-11-2015,2,14659,13601,8649,2757,39666,731,569,826,2126,41792
19-11-2015,3,14696,13537,8699,2762,39694,733,584,827,2144,41838
19-11-2015,4,14865,13676,8999,2855,40395,776,617,900,2293,42688
19-11-2015,5,15449,14551,9908,3161,43069,898,740,1073,2711,45780
19-11-2015,6,16821,16481,10636,3844,47782,1058,902,1273,3233,51015
19-11-2015,7,18598,18214,10842,4591,52245,1136,997,1384,3517,55762
19-11-2015,8,18989,18226,10751,4752,52718,1164,1055,1438,3657,56375
19-11-2015,9,18802,18458,10650,4787,52697,1168,1058,1442,3668,56365
19-11-2015,10,18574,18633,10631,4757,52595,1166,1056,1416,3638,56233
19-11-2015,11,18533,18525,10657,4722,52437,1159,1028,1378,3565,56002
19-11-2015,12,18733,18527,10681,4673,52614,1185,1047,1394,3626,56240
19-11-2015,13,18461,18587,10632,4707,52387,1174,1046,1379,3599,55986
19-11-2015,14,18589,18701,10793,4671,52754,1180,1028,1383,3591,56345
19-11-2015,15,18914,19174,11153,4566,53807,1205,1071,1414,3690,57497
19-11-2015,16,19171,19520,11140,4828,54659,1197,1067,1449,3713,58372
19-11-2015,17,19308,19584,11031,5195,55118,1167,1045,1415,3627,58745
19-11-2015,18,19215,19335,10978,5011,54539,1131,1008,1365,3504,58043
19-11-2015,19,18920,18690,10877,4697,53184,1087,976,1306,3369,56553
19-11-2015,20,18651,17981,10347,4382,51361,1025,911,1213,3149,54510
19-11-2015,21,18234,17356,10268,4068,49926,944,817,1062,2823,52749
19-11-2015,22,17567,16309,9897,3671,47444,862,727,965,2554,49998
19-11-2015,23,16771,15263,9428,3322,44784,800,659,896,2355,47139
20-11-2015,0,16068,15032,9055,3098,43253,761,627,853,2241,45494
20-11-2015,1,15713,14660,8884,2961,42218,742,608,825,2175,44393
20-11-2015,2,15697,14460,8848,2876,41881,736,595,816,2147,44028
20-11-2015,3,15823,14564,8950,2904,42241,741,602,824,2167,44408
20-11-2015,4,16069,14771,9388,2994,43222,775,639,878,2292,45514
20-11-2015,5,16460,15905,10197,3258,45820,897,758,1066,2721,48541
20-11-2015,6,17913,17668,10841,3943,50365,1050,909,1265,3224,53589
20-11-2015,7,19744,19719,11039,4670,55172,1142,987,1365,3494,58666
20-11-2015,8,20233,19928,11004,4813,55978,1167,1034,1407,3608,59586
20-11-2015,9,20049,20511,10940,4846,56346,1172,1035,1411,3618,59964
20-11-2015,10,19994,20625,10916,4874,56409,1165,1019,1401,3585,59994
20-11-2015,11,19731,20012,10902,4804,55449,1152,981,1372,3505,58954
20-11-2015,12,19571,19738,10805,4648,54762,1169,1012,1392,3573,58335
20-11-2015,13,19360,19638,10817,4544,54359,1159,1011,1382,3552,57911
20-11-2015,14,19308,19615,11008,4432,54363,1171,1019,1376,3566,57929
20-11-2015,15,19585,19979,11292,4362,55218,1196,1058,1418,3672,58890
20-11-2015,16,19933,20655,11326,4674,56588,1180,1062,1457,3699,60287
20-11-2015,17,20115,20659,11274,4984,57032,1150,1037,1414,3601,60633
20-11-2015,18,19896,20371,11204,4760,56231,1108,993,1358,3459,59690
20-11-2015,19,19372,19771,10951,4401,54495,1062,958,1295,3315,57810
20-11-2015,20,18792,19011,10502,4074,52379,1007,895,1207,3109,55488
20-11-2015,21,18267,17982,10506,3813,50568,940,822,1081,2843,53411
20-11-2015,22,17830,17089,10198,3522,48639,869,744,987,2600,51239
20-11-2015,23,17216,16220,9604,3227,46267,813,678,924,2415,48682
21-11-2015,0,16792,15839,9175,2979,44785,779,628,873,2280,47065
21-11-2015,1,16469,15657,8955,2852,43933,753,607,842,2202,46135
21-11-2015,2,16148,15375,8836,2765,43124,739,597,831,2167,45291
21-11-2015,3,15990,15297,8838,2772,42897,733,599,829,2161,45058
21-11-2015,4,15977,15275,8940,2789,42981,747,616,870,2233,45214
21-11-2015,5,16191,15540,9182,2836,43749,775,665,920,2360,46109
21-11-2015,6,16560,16096,9428,3072,45156,839,732,1006,2577,47733
21-11-2015,7,17288,17226,9664,3387,47565,887,774,1073,2734,50299
21-11-2015,8,17952,17843,9796,3704,49295,949,843,1153,2945,52240
21-11-2015,9,18724,18488,9987,3957,51156,985,874,1189,3048,54204
21-11-2015,10,19143,18988,9990,4074,52195,980,874,1194,3048,55243
21-11-2015,11,19171,19024,10027,4051,52273,982,858,1187,3027,55300
21-11-2015,12,18881,18840,10041,3979,51741,988,854,1169,3011,54752
21-11-2015,13,18714,18636,10117,3918,51385,981,849,1148,2978,54363
21-11-2015,14,18732,18672,10345,3909,51658,998,851,1149,2998,54656
21-11-2015,15,18912,18584,10795,4022,52313,1071,924,1228,3223,55536
21-11-2015,16,19318,18885,10970,4387,53560,1091,968,1316,3375,56935
21-11-2015,17,19472,18905,11016,4761,54154,1068,952,1289,3309,57463
21-11-2015,18,19461,19317,10821,4609,54208,1038,924,1242,3204,57412
21-11-2015,19,19126,18678,10447,4277,52528,1000,892,1190,3082,55610
21-11-2015,20,18648,18233,10055,4015,50951,958,852,1123,2933,53884
21-11-2015,21,18235,17533,10167,3765,49700,902,785,1024,2711,52411
21-11-2015,22,17775,16679,10000,3508,47962,856,722,961,2539,50501
21-11-2015,23,17341,16029,9515,3261,46146,801,658,901,2360,48506
22-11-2015,0,16951,15640,9153,2995,44739,763,618,837,2218,46957
22-11-2015,1,16597,15310,8924,2841,43672,740,594,822,2156,45828
22-11-2015,2,16501,15282,8823,2705,43311,730,584,811,2125,45436
22-11-2015,3,16444,15232,8799,2697,43172,723,589,807,2119,45291
22-11-2015,4,16493,15257,8836,2738,43324,724,614,820,2158,45482
22-11-2015,5,16713,15362,9099,2840,44014,760,652,887,2299,46313
22-11-2015,6,17012,15769,9147,3043,44971,816,703,962,2481,47452
22-11-2015,7,17354,16461,9326,3302,46443,856,740,1021,2617,49060
22-11-2015,8,17851,17041,9442,3528,47862,913,811,1105,2829,50691
22-11-2015,9,18495,17907,9689,3740,49831,952,854,1130,2936,52767
22-11-2015,10,18765,18362,9948,3856,50931,963,863,1149,2975,53906
22-11-2015,11,18714,18438,10065,3935,51152,965,854,1157,2976,54128
22-11-2015,12,18563,18609,9994,3904,51070,969,853,1157,2979,54049
22-11-2015,13,18313,18616,9990,3865,50784,972,854,1152,2978,53762
22-11-2015,14,18379,18675,10194,3887,51135,1001,869,1163,3033,54168
22-11-2015,15,18603,19262,10594,3872,52331,1081,941,1262,3284,55615
22-11-2015,16,19314,20349,10720,4235,54618,1101,987,1341,3429,58047
22-11-2015,17,19399,20629,10811,4683,55522,1089,985,1328,3402,58924
22-11-2015,18,19368,20648,10795,4588,55399,1077,971,1298,3346,58745
22-11-2015,19,19395,20497,10572,4339,54803,1034,940,1241,3215,58018
22-11-2015,20,19112,19881,10219,4080,53292,982,896,1165,3043,56335
22-11-2015,21,18886,19397,10226,3843,52352,913,809,1052,2774,55126
22-11-2015,22,18362,18689,10094,3570,50715,857,734,982,2573,53288
22-11-2015,23,17728,17995,9685,3292,48700,798,663,904,2365,51065
23-11-2015,0,16840,17056,9396,3132,46424,764,627,850,2241,48665
23-11-2015,1,16619,17134,9206,3050,46009,754,613,841,2208,48217
23-11-2015,2,16637,17169,9177,3036,46019,748,611,833,2192,48211
23-11-2015,3,16760,17312,9226,3074,46372,747,625,830,2202,48574
23-11-2015,4,16980,17701,9716,3171,47568,782,672,900,2354,49922
23-11-2015,5,17418,18694,10623,3462,50197,923,794,1108,2825,53022
23-11-2015,6,18910,21204,11307,4147,55568,1090,961,1320,3371,58939
23-11-2015,7,20396,22886,11376,4867,59525,1169,1050,1425,3644,63169
23-11-2015,8,20785,22772,11253,5022,59832,1191,1122,1477,3790,63622
23-11-2015,9,20533,22593,11414,4993,59533,1202,1123,1491,3816,63349
23-11-2015,10,20632,22448,11306,5033,59419,1200,1116,1468,3784,63203
23-11-2015,11,20460,22135,11377,4960,58932,1187,1076,1445,3708,62640
23-11-2015,12,20266,21823,11303,4851,58243,1220,1104,1460,3784,62027
23-11-2015,13,20104,21343,11221,4859,57527,1209,1096,1450,3755,61282
23-11-2015,14,20088,21402,11290,4802,57582,1223,1111,1449,3783,61365
23-11-2015,15,20367,21814,11603,4764,58548,1258,1171,1473,3902,62450
23-11-2015,16,20583,22073,11608,5050,59314,1241,1162,1481,3884,63198
23-11-2015,17,20551,22291,11511,5398,59751,1213,1132,1448,3793,63544
23-11-2015,18,20133,21703,11590,5102,58528,1185,1082,1392,3659,62187
23-11-2015,19,19950,20959,11498,4772,57179,1153,1039,1339,3531,60710
23-11-2015,20,19696,20484,11012,4450,55642,1088,967,1239,3294,58936
23-11-2015,21,19260,19269,10940,4159,53628,1015,872,1106,2993,56621
23-11-2015,22,18293,18208,10615,3786,50902,941,781,1001,2723,53625
23-11-2015,23,17421,16934,10035,3461,47851,886,699,930,2515,50366
24-11-2015,0,16707,15781,9860,3200,45548,838,665,897,2400,47948
24-11-2015,1,16374,15745,9625,3073,44817,818,649,873,2340,47157
24-11-2015,2,16213,15782,9611,3009,44615,808,646,862,2316,46931
24-11-2015,3,16158,15672,9721,2977,44528,818,655,872,2345,46873
24-11-2015,4,16152,15826,10205,3033,45216,854,698,933,2485,47701
24-11-2015,5,16460,16697,11112,3287,47556,980,818,1117,2915,50471
24-11-2015,6,17849,18806,11584,4024,52263,1143,983,1326,3452,55715
24-11-2015,7,19481,20429,11747,4727,56384,1234,1064,1424,3722,60106
24-11-2015,8,19727,20891,11632,4894,57144,1260,1112,1459,3831,60975
24-11-2015,9,19581,20788,11512,4881,56762,1249,1106,1447,3802,60564
24-11-2015,10,19573,21018,11420,4969,56980,1254,1091,1439,3784,60764
24-11-2015,11,19279,20826,11415,4907,56427,1234,1044,1402,3680,60107
24-11-2015,12,19096,20721,11333,4764,55914,1256,1070,1419,3745,59659
24-11-2015,13,19208,20474,11214,4902,55798,1257,1070,1423,3750,59548
24-11-2015,14,19193,20676,11338,4596,55803,1254,1087,1433,3774,59577
24-11-2015,15,19319,21134,11639,4750,56842,1279,1147,1482,3908,60750
24-11-2015,16,19534,21327,11565,4981,57407,1260,1140,1501,3901,61308
24-11-2015,17,19534,21179,11414,5262,57389,1239,1114,1466,3819,61208
24-11-2015,18,19134,20626,11364,5027,56151,1202,1066,1410,3678,59829
24-11-2015,19,18815,20020,11091,4692,54618,1161,1020,1341,3522,58140
24-11-2015,20,18507,19268,10540,4389,52704,1103,950,1242,3295,55999
24-11-2015,21,17891,18263,10447,4064,50665,1011,858,1114,2983,53648
24-11-2015,22,17244,17140,10195,3721,48300,928,759,991,2678,50978
24-11-2015,23,16375,16096,9676,3327,45474,861,682,910,2453,47927
25-11-2015,0,15639,15249,9311,3100,43299,827,640,865,2332,45631
25-11-2015,1,15296,14953,9064,2983,42296,808,624,850,2282,44578
25-11-2015,2,15165,14986,9016,2957,42124,804,620,845,2269,44393
25-11-2015,3,15185,14923,9036,2965,42109,806,628,862,2296,44405
25-11-2015,4,15569,15149,9469,3055,43242,840,679,935,2454,45696
25-11-2015,5,16057,15745,10360,3375,45537,969,809,1146,2924,48461
25-11-2015,6,17291,18046,11000,4106,50443,1134,973,1326,3433,53876
25-11-2015,7,19100,19838,11216,4859,55013,1219,1059,1422,3700,58713
25-11-2015,8,19525,20029,11001,4969,55524,1252,1109,1465,3826,59350
25-11-2015,9,19383,19946,11015,4968,55312,1231,1106,1455,3792,59104
25-11-2015,10,19284,20072,11081,5021,55458,1221,1097,1422,3740,59198
25-11-2015,11,19143,19861,11120,5034,55158,1196,1058,1381,3635,58793
25-11-2015,12,19145,19820,10975,4945,54885,1235,1080,1387,3702,58587
25-11-2015,13,19185,20003,11039,4860,55087,1232,1074,1386,3692,58779
25-11-2015,14,19328,20005,11292,4792,55417,1259,1076,1402,3737,59154
25-11-2015,15,19487,20517,11413,4752,56169,1303,1132,1470,3905,60074
25-11-2015,16,19766,20605,11370,4992,56733,1285,1131,1501,3917,60650
25-11-2015,17,19607,20653,11255,5327,56842,1242,1103,1461,3806,60648
25-11-2015,18,19389,20178,11253,5075,55895,1222,1065,1414,3701,59596
25-11-2015,19,19323,19563,11036,4802,54724,1172,1017,1355,3544,58268
25-11-2015,20,18873,18834,10393,4484,52584,1122,957,1250,3329,55913
25-11-2015,21,18511,18168,10310,4212,51201,1024,867,1132,3023,54224
25-11-2015,22,17790,17166,9995,3806,48757,941,774,1002,2717,51474
25-11-2015,23,16898,15980,9454,3425,45757,876,700,925,2501,48258
26-11-2015,0,16379,15048,9117,3182,43726,845,656,886,2387,46113
26-11-2015,1,16058,14862,8923,3062,42905,829,638,866,2333,45238
26-11-2015,2,15792,14688,8883,3023,42386,817,629,864,2310,44696
26-11-2015,3,15909,14699,8995,3041,42644,833,639,887,2359,45003
26-11-2015,4,16107,14966,9386,3139,43598,873,695,960,2528,46126
26-11-2015,5,16622,15960,10310,3410,46302,993,825,1147,2965,49267
26-11-2015,6,18015,17968,10973,4146,51102,1151,993,1347,3491,54593
26-11-2015,7,19942,19693,11285,4861,55781,1251,1090,1456,3797,59578
26-11-2015,8,20462,20097,11105,4968,56632,1276,1139,1503,3918,60550
26-11-2015,9,20240,20184,10972,4924,56320,1255,1148,1494,3897,60217
26-11-2015,10,20105,20222,10991,4921,56239,1268,1140,1468,3876,60115
26-11-2015,11,19905,20101,10974,4854,55834,1248,1099,1443,3790,59624
26-11-2015,12,19810,19825,10947,4705,55287,1280,1127,1470,3877,59164
26-11-2015,13,19579,19514,10911,4762,54766,1272,1123,1468,3863,58629
26-11-2015,14,19689,19456,11126,4749,55020,1284,1125,1477,3886,58906
26-11-2015,15,19870,19855,11245,4608,55578,1315,1169,1525,4009,59587
26-11-2015,16,19939,20141,11023,4863,55966,1276,1150,1548,3974,59940
26-11-2015,17,19705,20243,10910,5211,56069,1247,1125,1512,3884,59953
26-11-2015,18,19502,19738,10896,5013,55149,1220,1077,1485,3782,58931
26-11-2015,19,19093,19416,10829,4800,54138,1172,1033,1408,3613,57751
26-11-2015,20,18318,18874,10298,4494,51984,1111,965,1290,3366,55350
26-11-2015,21,17714,17765,10266,4181,49926,1027,874,1137,3038,52964
26-11-2015,22,17113,16541,9984,3804,47442,924,778,1028,2730,50172
26-11-2015,23,16144,15623,9540,3421,44728,860,701,955,2516,47244
27-11-2015,0,15668,14660,9197,3159,42684,820,652,908,2380,45064
27-11-2015,1,15245,14368,8967,3020,41600,796,636,891,2323,43923
27-11-2015,2,14898,14191,8887,2972,40948,789,623,881,2293,43241
27-11-2015,3,14909,14138,8901,3139,41087,791,631,889,2311,43398
27-11-2015,4,14963,14291,9280,3193,41727,828,677,946,2451,44178
27-11-2015,5,15322,14898,10209,3473,43902,954,792,1143,2889,46791
27-11-2015,6,16463,17116,10809,4182,48570,1108,935,1351,3394,51964
27-11-2015,7,18016,18859,11047,4900,52822,1199,1049,1467,3715,56537
27-11-2015,8,18487,19085,10935,4965,53472,1223,1095,1517,3835,57307
27-11-2015,9,18092,19014,10882,4942,52930,1219,1094,1520,3833,56763
27-11-2015,10,18033,19041,10861,4921,52856,1214,1081,1505,3800,56656
27-11-2015,11,17640,18870,10818,4831,52159,1189,1050,1476,3715,55874
27-11-2015,12,17489,18547,10773,4741,51550,1206,1069,1461,3736,55286
27-11-2015,13,17405,18235,10803,4629,51072,1198,1065,1471,3734,54806
27-11-2015,14,17382,18126,11047,4488,51043,1210,1065,1447,3722,54765
27-11-2015,15,17346,18347,11135,4472,51300,1236,1114,1484,3834,55134
27-11-2015,16,17466,18533,11085,4727,51811,1209,1109,1523,3841,55652
27-11-2015,17,17382,18431,10919,4882,51614,1177,1079,1462,3718,55332
27-11-2015,18,17180,17875,10773,4694,50522,1142,1035,1398,3575,54097
27-11-2015,19,16821,17413,10618,4418,49270,1086,992,1328,3406,52676
27-11-2015,20,16412,16578,10090,4120,47200,1027,928,1235,3190,50390
27-11-2015,21,15779,15746,10047,3801,45373,955,847,1110,2912,48285
27-11-2015,22,15549,15095,9752,3516,43912,884,758,1034,2676,46588
27-11-2015,23,14926,14442,9191,3254,41813,824,686,960,2470,44283
28-11-2015,0,14509,14322,8740,3024,40595,782,638,907,2327,42922
28-11-2015,1,14212,13949,8466,2879,39506,758,618,880,2256,41762
28-11-2015,2,14075,13767,8313,2753,38908,745,610,867,2222,41130
28-11-2015,3,14056,13551,8301,2754,38662,735,614,866,2215,40877
28-11-2015,4,14142,13358,8425,2714,38639,747,640,893,2280,40919
28-11-2015,5,14313,13516,8742,2823,39394,782,689,968,2439,41833
28-11-2015,6,14633,13936,8959,3061,40589,844,757,1064,2665,43254
28-11-2015,7,15317,14755,9287,3455,42814,901,815,1138,2854,45668
28-11-2015,8,16018,15494,9448,3806,44766,959,885,1222,3066,47832
28-11-2015,9,16578,16316,9578,4017,46489,997,924,1271,3192,49681
28-11-2015,10,17115,17102,9681,4134,48032,1012,936,1317,3265,51297
28-11-2015,11,17108,17271,9718,4085,48182,1011,919,1278,3208,51390
28-11-2015,12,17044,17390,9751,3960,48145,1016,913,1299,3228,51373
28-11-2015,13,16999,17327,9833,3863,48022,1019,921,1257,3197,51219
28-11-2015,14,17067,17224,10158,3823,48272,1034,937,1263,3234,51506
28-11-2015,15,17308,17570,10452,3899,49229,1094,999,1311,3404,52633
28-11-2015,16,17754,18088,10528,4283,50653,1092,1011,1345,3448,54101
28-11-2015,17,18003,18121,10570,4634,51328,1062,988,1318,3368,54696
28-11-2015,18,17863,17563,10421,4462,50309,1042,957,1274,3273,53582
28-11-2015,19,17467,16998,10039,4088,48592,1008,929,1235,3172,51764
28-11-2015,20,17169,16534,9640,3771,47114,969,881,1182,3032,50146
28-11-2015,21,16790,16058,9812,3526,46186,914,811,1086,2811,48997
28-11-2015,22,16268,15498,9618,3275,44659,864,740,1005,2609,47268
28-11-2015,23,15720,14882,9147,3060,42809,810,683,935,2428,45237
29-11-2015,0,15334,14438,8823,2861,41456,768,648,880,2296,43752
29-11-2015,1,14918,14160,8626,2695,40399,735,628,850,2213,42612
29-11-2015,2,14725,14061,8481,2659,39926,724,619,842,2185,42111
29-11-2015,3,14656,13996,8522,2707,39881,723,619,840,2182,42063
29-11-2015,4,14657,14117,8529,2709,40012,732,635,861,2228,42240
29-11-2015,5,14741,14302,8726,2823,40592,764,671,913,2348,42940
29-11-2015,6,14988,14731,8872,2992,41583,806,725,995,2526,44109
29-11-2015,7,15234,15293,9101,3259,42887,854,764,1044,2662,45549
29-11-2015,8,15645,15855,9114,3549,44163,902,824,1126,2852,47015
29-11-2015,9,16392,16605,9274,3678,45949,946,866,1186,2998,48947
29-11-2015,10,16640,16995,9484,3906,47025,955,878,1209,3042,50067
29-11-2015,11,17043,17262,9556,3923,47784,961,873,1219,3053,50837
29-11-2015,12,17134,17505,9508,3780,47927,961,876,1221,3058,50985
29-11-2015,13,17126,17285,9623,3830,47864,968,883,1214,3065,50929
29-11-2015,14,17261,17283,9897,3880,48321,1000,907,1230,3137,51458
29-11-2015,15,17610,17722,10203,3956,49491,1070,970,1323,3363,52854
29-11-2015,16,17879,18275,10312,4273,50739,1091,992,1367,3450,54189
29-11-2015,17,17878,18366,10334,4541,51119,1091,983,1343,3417,54536
29-11-2015,18,17783,18085,10362,4428,50658,1079,961,1315,3355,54013
29-11-2015,19,17742,17922,10124,4211,49999,1044,925,1259,3228,53227
29-11-2015,20,17619,17561,9768,3873,48821,995,869,1180,3044,51865
29-11-2015,21,17221,16876,9908,3646,47651,925,792,1059,2776,50427
29-11-2015,22,16825,16283,9738,3295,46141,854,710,946,2510,48651
29-11-2015,23,16262,15936,9340,3048,44586,792,638,865,2295,46881
30-11-2015,0,15649,15600,9020,2924,43193,750,608,820,2178,45371
30-11-2015,1,15502,15310,8762,2778,42352,731,588,797,2116,44468
30-11-2015,2,15376,15231,8724,2723,42054,726,582,796,2104,44158
30-11-2015,3,15384,15361,8763,2699,42207,736,594,807,2137,44344
30-11-2015,4,15603,15500,9091,2827,43021,778,640,885,2303,45324
30-11-2015,5,16101,15985,10011,3113,45210,924,780,1118,2822,48032
30-11-2015,6,17665,18441,10693,3752,50551,1084,948,1340,3372,53923
30-11-2015,7,19409,20324,11003,4528,55264,1194,1043,1475,3712,58976
30-11-2015,8,19866,20565,11028,4670,56129,1208,1094,1565,3867,59996
30-11-2015,9,19642,20312,10937,4694,55585,1218,1089,1599,3906,59491
30-11-2015,10,19555,20316,10952,4641,55464,1213,1069,1554,3836,59300
30-11-2015,11,19214,20223,10931,4671,55039,1195,1031,1468,3694,58733
30-11-2015,12,19000,20026,10829,4712,54567,1233,1051,1483,3767,58334
30-11-2015,13,18896,19927,10886,4715,54424,1227,1048,1473,3748,58172
30-11-2015,14,19015,20027,11101,4670,54813,1231,1072,1556,3859,58672
30-11-2015,15,19430,20759,11151,4537,55877,1260,1114,1654,4028,59905
30-11-2015,16,19761,21090,11079,5026,56956,1244,1106,1651,4001,60957
30-11-2015,17,19667,21129,10979,5353,57128,1214,1084,1503,3801,60929
30-11-2015,18,19302,20965,10963,5131,56361,1172,1043,1433,3648,60009
30-11-2015,19,19124,20453,10805,4755,55137,1131,1001,1368,3500,58637
30-11-2015,20,18795,19737,10275,4446,53253,1076,931,1271,3278,56531
30-11-2015,21,18461,19061,10189,4141,51852,996,840,1110,2946,54798
30-11-2015,22,17600,17801,9981,3735,49117,911,746,990,2647,51764
30-11-2015,23,16529,16580,9506,3328,45943,839,664,905,2408,48351
01-12-2015,0,16166,15904,9129,3097,44296,807,627,865,2299,46595
01-12-2015,1,15908,15705,8893,2997,43503,786,607,846,2239,45742
01-12-2015,2,15601,15648,8826,2958,43033,786,605,839,2230,45263
01-12-2015,3,15646,15620,8828,2922,43016,777,623,854,2254,45270
01-12-2015,4,15770,15739,9214,3005,43728,827,677,923,2427,46155
01-12-2015,5,16260,16662,10154,3231,46307,953,807,1119,2879,49186
01-12-2015,6,17711,18695,10761,4093,51260,1106,974,1323,3403,54663
01-12-2015,7,19494,20328,11098,4872,55792,1196,1044,1441,3681,59473
01-12-2015,8,20120,20454,10953,4868,56395,1214,1097,1572,3883,60278
01-12-2015,9,19921,20401,10903,4942,56167,1216,1085,1414,3715,59882
01-12-2015,10,19631,20416,10842,4912,55801,1219,1065,1366,3650,59451
01-12-2015,11,19223,20300,10878,4890,55291,1194,1028,1306,3528,58819
01-12-2015,12,18954,20103,10824,4737,54618,1216,1051,1343,3610,58228
01-12-2015,13,18828,19938,10833,4770,54369,1209,1045,1424,3678,58047
01-12-2015,14,19055,19899,11028,4772,54754,1229,1057,1438,3724,58478
01-12-2015,15,19510,20721,11234,4772,56237,1267,1115,1488,3870,60107
01-12-2015,16,19995,21069,11256,4996,57316,1248,1106,1500,3854,61170
01-12-2015,17,19904,21115,11208,5298,57525,1213,1083,1461,3757,61282
01-12-2015,18,19671,20839,11207,5051,56768,1179,1046,1403,3628,60396
01-12-2015,19,19513,20303,11057,4768,55641,1135,1007,1342,3484,59125
01-12-2015,20,19017,19892,10541,4413,53863,1077,941,1255,3273,57136
01-12-2015,21,18559,18816,10526,4116,52017,994,847,1121,2962,54979
01-12-2015,22,17805,17639,10190,3749,49383,905,754,990,2649,52032
01-12-2015,23,16723,16343,9704,3472,46242,845,677,913,2435,48677
02-12-2015,0,16144,15857,9327,3225,44553,811,640,872,2323,46876
02-12-2015,1,15892,15574,9090,3053,43609,790,621,851,2262,45871
02-12-2015,2,15700,15483,8959,2939,43081,785,607,848,2240,45321
02-12-2015,3,15768,15663,9017,2954,43402,789,616,864,2269,45671
02-12-2015,4,15923,15815,9401,3121,44260,827,668,930,2425,46685
02-12-2015,5,16213,16866,10322,3363,46764,957,798,1120,2875,49639
02-12-2015,6,17737,19063,10977,4063,51840,1108,961,1329,3398,55238
02-12-2015,7,19513,20904,11314,4795,56526,1200,1051,1431,3682,60208
02-12-2015,8,20096,21206,11128,5001,57431,1217,1088,1450,3755,61186
02-12-2015,9,19682,20958,11085,4858,56583,1216,1087,1428,3731,60314
02-12-2015,10,19492,20892,11132,4943,56459,1205,1074,1403,3682,60141
02-12-2015,11,19372,20739,11089,4833,56033,1185,1038,1366,3589,59622
02-12-2015,12,19077,20319,11034,4710,55140,1202,1059,1392,3653,58793
02-12-2015,13,18836,20025,11060,4757,54678,1206,1065,1369,3640,58318
02-12-2015,14,18894,20049,11338,4742,55023,1217,1083,1415,3715,58738
02-12-2015,15,18948,20639,11592,4633,55812,1267,1144,1637,4048,59860
02-12-2015,16,19031,20706,11602,4863,56202,1252,1123,1625,4000,60202
02-12-2015,17,18827,20937,11559,5209,56532,1227,1105,1623,3955,60487
02-12-2015,18,18546,20153,11586,5092,55377,1193,1072,1451,3716,59093
02-12-2015,19,18193,19920,11427,4764,54304,1147,1029,1377,3553,57857
02-12-2015,20,17880,19159,10899,4431,52369,1089,961,1272,3322,55691
02-12-2015,21,17390,18134,10755,4127,50406,1010,870,1118,2998,53404
02-12-2015,22,16650,16615,10453,3755,47473,927,789,1023,2739,50212
02-12-2015,23,15874,15862,9944,3376,45056,859,704,946,2509,47565
03-12-2015,0,15257,14751,9496,3177,42681,821,647,904,2372,45053
03-12-2015,1,14936,14377,9273,3061,41647,798,632,879,2309,43956
03-12-2015,2,14890,14187,9178,3012,41267,785,625,875,2285,43552
03-12-2015,3,14932,14059,9235,3013,41239,790,634,882,2306,43545
03-12-2015,4,15007,14193,9519,3074,41793,830,676,936,2442,44235
03-12-2015,5,15607,15067,10397,3258,44329,957,803,1155,2915,47244
03-12-2015,6,17165,17146,10992,4105,49408,1116,961,1352,3429,52837
03-12-2015,7,19002,19022,11320,4719,54063,1212,1059,1467,3738,57801
03-12-2015,8,19582,18749,11178,4933,54442,1230,1110,1525,3865,58307
03-12-2015,9,19367,18250,11048,4875,53540,1223,1108,1523,3854,57394
03-12-2015,10,19177,19082,10955,4848,54062,1226,1095,1519,3840,57902
03-12-2015,11,18870,19281,10818,4923,53892,1216,1064,1483,3763,57655
03-12-2015,12,18651,19052,10675,4855,53233,1233,1093,1491,3817,57050
03-12-2015,13,19009,19192,10852,4880,53933,1236,1098,1483,3817,57750
03-12-2015,14,18939,19432,11166,4832,54369,1249,1114,1490,3853,58222
03-12-2015,15,19186,20525,11371,4775,55857,1263,1152,1535,3950,59807
03-12-2015,16,19447,20250,11241,4932,55870,1239,1119,1524,3882,59752
03-12-2015,17,19300,20223,11193,5133,55849,1203,1104,1479,3786,59635
03-12-2015,18,19011,19853,11258,4957,55079,1168,1059,1424,3651,58730
03-12-2015,19,18721,19694,11114,4689,54218,1131,1028,1366,3525,57743
03-12-2015,20,18489,19089,10566,4475,52619,1071,966,1267,3304,55923
03-12-2015,21,18046,18049,10538,4184,50817,997,879,1137,3013,53830
03-12-2015,22,17479,16745,10275,3790,48289,912,777,1020,2709,50998
03-12-2015,23,16480,15432,9727,3429,45068,854,695,941,2490,47558
04-12-2015,0,15926,14639,9390,3028,42983,815,655,900,2370,45353
04-12-2015,1,15537,14539,9192,2828,42096,795,636,879,2310,44406
04-12-2015,2,15318,14394,9126,2757,41595,785,627,871,2283,43878
04-12-2015,3,15379,14313,9233,2814,41739,792,636,814,2242,43981
04-12-2015,4,15347,14498,9645,3008,42498,829,682,914,2425,44923
04-12-2015,5,15722,15342,10593,3247,44904,957,810,1140,2907,47811
04-12-2015,6,17001,17261,11299,3908,49469,1111,956,1306,3373,52842
04-12-2015,7,18578,18997,11625,4626,53826,1212,1058,1426,3696,57522
04-12-2015,8,19045,19255,11471,4792,54563,1222,1076,1450,3748,58311
04-12-2015,9,18907,19208,11367,4832,54314,1217,1072,1497,3786,58100
04-12-2015,10,18806,19594,11251,4809,54460,1205,1058,1528,3791,58251
04-12-2015,11,18582,19834,11233,4696,54345,1196,1018,1498,3712,58057
04-12-2015,12,18581,19852,11190,4515,54138,1211,1045,1500,3756,57894
04-12-2015,13,18270,19801,11181,4404,53656,1197,1040,1379,3616,57272
04-12-2015,14,18130,19487,11441,4367,53425,1234,1060,1357,3651,57076
04-12-2015,15,18164,19196,11457,4351,53168,1247,1114,1415,3776,56944
04-12-2015,16,18542,19311,11412,4720,53985,1215,1091,1429,3735,57720
04-12-2015,17,18974,19082,11304,4940,54300,1183,1062,1387,3632,57932
04-12-2015,18,18481,18782,11247,4732,53242,1142,1017,1334,3493,56735
04-12-2015,19,18098,18111,10986,4372,51567,1082,974,1277,3333,54900
04-12-2015,20,17493,17303,10473,4032,49301,1027,907,1217,3151,52452
04-12-2015,21,16840,16782,10455,3754,47831,960,825,1091,2876,50707
04-12-2015,22,16375,16096,10169,3467,46107,883,746,976,2605,48712
04-12-2015,23,15860,15353,9567,3252,44032,819,677,896,2392,46424
05-12-2015,0,15326,14835,9168,3040,42369,781,633,844,2258,44627
05-12-2015,1,14930,14341,8948,2857,41076,755,610,814,2179,43255
05-12-2015,2,14571,13936,8867,2796,40170,743,600,805,2148,42318
05-12-2015,3,14399,13816,8871,2769,39855,746,601,807,2154,42009
05-12-2015,4,14261,13796,9031,2777,39865,756,621,830,2207,42072
05-12-2015,5,14341,13964,9293,2841,40439,793,668,908,2369,42808
05-12-2015,6,14618,14298,9452,3011,41379,859,741,1006,2606,43985
05-12-2015,7,15042,15211,9844,3329,43426,905,793,1073,2771,46197
05-12-2015,8,15743,15837,9862,3683,45125,957,842,1156,2955,48080
05-12-2015,9,16535,16737,9918,3898,47088,987,888,1172,3047,50135
05-12-2015,10,16820,16867,9977,3943,47607,1002,902,1195,3099,50706
05-12-2015,11,16964,17307,9868,3703,47842,1003,897,1197,3097,50939
05-12-2015,12,16910,17206,9967,3656,47739,1012,908,1197,3117,50856
05-12-2015,13,16899,17205,10068,3615,47787,1015,912,1189,3116,50903
05-12-2015,14,16903,17126,10458,3585,48072,1050,931,1196,3177,51249
05-12-2015,15,17153,17490,10669,3740,49052,1088,991,1270,3349,52401
05-12-2015,16,17400,17840,10845,3910,49995,1077,992,1281,3350,53345
05-12-2015,17,17361,17951,10832,3968,50112,1052,957,1249,3258,53370
05-12-2015,18,17004,17573,10648,3826,49051,1022,932,1209,3163,52214
05-12-2015,19,16563,16818,10224,3568,47173,986,899,1151,3036,50209
05-12-2015,20,16248,16249,9919,3418,45834,951,846,1083,2880,48714
05-12-2015,21,15730,15572,10016,3548,44866,904,779,1014,2697,47563
05-12-2015,22,15291,14881,9820,3405,43397,837,715,932,2484,45881
05-12-2015,23,14951,14341,9370,3177,41839,784,652,855,2291,44130
06-12-2015,0,14860,14030,8950,2962,40802,742,616,802,2160,42962
06-12-2015,1,14196,13776,8698,2818,39488,720,595,775,2090,41578
06-12-2015,2,13833,13595,8600,2717,38745,709,584,762,2055,40800
06-12-2015,3,13751,13564,8555,2681,38551,713,586,758,2057,40608
06-12-2015,4,13853,13627,8584,2685,38749,725,604,778,2107,40856
06-12-2015,5,13840,13677,8785,2724,39026,747,641,836,2224,41250
06-12-2015,6,13951,13959,8898,2844,39652,794,691,912,2397,42049
06-12-2015,7,14342,14479,9118,3170,41109,849,742,965,2556,43665
06-12-2015,8,14941,15061,9206,3461,42669,896,793,1038,2727,45396
06-12-2015,9,15591,15547,9424,3682,44244,947,838,1093,2878,47122
06-12-2015,10,16260,16040,9498,3836,45634,970,854,1085,2909,48543
06-12-2015,11,16915,16381,9457,3891,46644,975,858,1096,2929,49573
06-12-2015,12,16587,16519,9417,3871,46394,978,866,1098,2942,49336
06-12-2015,13,16345,16449,9474,3841,46109,981,873,1086,2940,49049
06-12-2015,14,16318,16802,9777,3858,46755,1017,895,1100,3012,49767
06-12-2015,15,16585,17606,9960,3945,48096,1058,947,1209,3214,51310
06-12-2015,16,17004,17860,9889,4126,48879,1063,956,1277,3296,52175
06-12-2015,17,17068,17864,9857,4433,49222,1058,950,1266,3274,52496
06-12-2015,18,17027,17875,9718,4333,48953,1046,937,1240,3223,52176
06-12-2015,19,16773,17717,9616,4094,48200,995,920,1185,3100,51300
06-12-2015,20,16822,17206,9443,3858,47329,946,877,1108,2931,50260
06-12-2015,21,16674,16590,9753,3601,46618,892,794,1008,2694,49312
06-12-2015,22,16039,15951,9611,3342,44943,826,704,906,2436,47379
06-12-2015,23,15405,15053,9175,3078,42711,765,635,829,2229,44940
07-12-2015,0,14979,14550,8813,2859,41201,725,605,784,2114,43315
07-12-2015,1,14528,14237,8647,2754,40166,713,596,767,2076,42242
07-12-2015,2,14293,14234,8582,2748,39857,703,584,762,2049,41906
07-12-2015,3,14184,14283,8681,2788,39936,711,599,770,2080,42016
07-12-2015,4,14381,14580,9051,2863,40875,753,643,841,2237,43112
07-12-2015,5,14938,15687,10016,3117,43758,884,771,1052,2707,46465
07-12-2015,6,16429,17735,10688,3867,48719,1044,922,1475,3441,52160
07-12-2015,7,18199,19701,11063,4626,53589,1148,1021,1886,4055,57644
07-12-2015,8,18821,19780,11025,4826,54452,1162,1052,1927,4141,58593
07-12-2015,9,18621,19544,10949,4801,53915,1170,1052,1912,4134,58049
07-12-2015,10,18724,19697,10853,4806,54080,1174,1039,1914,4127,58207
07-12-2015,11,18852,19539,10848,4786,54025,1157,1000,1889,4046,58071
07-12-2015,12,18295,19243,10824,4680,53042,1172,1019,1896,4087,57129
07-12-2015,13,18472,19175,10783,4648,53078,1166,1015,1886,4067,57145
07-12-2015,14,18577,19403,11056,4586,53622,1192,1038,1894,4124,57746
07-12-2015,15,18828,19929,11245,4542,54544,1228,1101,1950,4279,58823
07-12-2015,16,19126,20314,11206,4837,55483,1198,1090,1970,4258,59741
07-12-2015,17,19085,20597,11038,5200,55920,1177,1071,1936,4184,60104
07-12-2015,18,19009,20386,11045,4966,55406,1145,1034,1891,4070,59476
07-12-2015,19,18898,20002,10921,4654,54475,1110,988,1858,3956,58431
07-12-2015,20,18623,19601,10463,4371,53058,1060,924,1809,3793,56851
07-12-2015,21,18177,18794,10449,4067,51487,973,838,1515,3326,54813
07-12-2015,22,17395,17637,10155,3677,48864,884,751,1070,2705,51569
07-12-2015,23,16508,16731,9609,3290,46138,822,666,925,2413,48551
08-12-2015,0,15887,15735,9313,3024,43959,790,627,875,2292,46251
08-12-2015,1,15293,15432,9028,2880,42633,772,613,868,2253,44886
08-12-2015,2,15089,15459,8969,2839,42356,767,604,867,2238,44594
08-12-2015,3,14953,15560,9120,2851,42484,776,615,872,2263,44747
08-12-2015,4,15088,15716,9546,2920,43270,811,664,913,2388,45658
08-12-2015,5,15578,16463,10480,3173,45694,944,788,1127,2859,48553
08-12-2015,6,16858,18230,10936,3873,49897,1100,949,1338,3387,53284
08-12-2015,7,18626,20087,11239,4620,54572,1205,1042,1451,3698,58270
08-12-2015,8,19160,20310,11056,4855,55381,1220,1073,1480,3773,59154
08-12-2015,9,18808,19937,11007,4817,54569,1204,1070,1462,3736,58305
08-12-2015,10,18641,20021,10974,4856,54492,1189,1047,1444,3680,58172
08-12-2015,11,18411,19971,11025,4788,54195,1168,1004,1417,3589,57784
08-12-2015,12,18464,20021,10946,4675,54106,1187,1031,1426,3644,57750
08-12-2015,13,18450,19951,11000,4681,54082,1176,1033,1432,3641,57723
08-12-2015,14,18521,19871,11246,4615,54253,1209,1051,1452,3712,57965
08-12-2015,15,18279,20222,11365,4589,54455,1253,1126,1516,3895,58350
08-12-2015,16,18328,20268,11344,4764,54704,1236,1112,1512,3860,58564
08-12-2015,17,18136,20123,11248,5223,54730,1204,1085,1473,3762,58492
08-12-2015,18,17807,19479,11255,4980,53521,1171,1042,1418,3631,57152
08-12-2015,19,17624,19023,11093,4627,52367,1129,1009,1360,3498,55865
08-12-2015,20,17328,18313,10581,4297,50519,1066,946,1261,3273,53792
08-12-2015,21,16689,17449,10499,4013,48650,985,853,1103,2941,51591
08-12-2015,22,16115,16478,10225,3650,46468,904,756,1016,2676,49144
08-12-2015,23,15166,15286,9701,3321,43474,834,678,928,2440,45914
09-12-2015,0,14408,14581,9330,3089,41408,799,636,787,2222,43630
09-12-2015,1,14153,14285,9120,2943,40501,775,621,759,2155,42656
09-12-2015,2,13867,14027,9007,2875,39776,775,612,804,2191,41967
09-12-2015,3,13903,13932,9039,2866,39740,778,615,830,2223,41963
09-12-2015,4,14080,14089,9337,2917,40423,813,665,881,2359,42782
09-12-2015,5,14485,14850,10264,3216,42815,938,802,960,2700,45515
09-12-2015,6,15828,16672,10740,3908,47148,1096,962,1250,3308,50456
09-12-2015,7,17546,18505,11136,4678,51865,1221,1066,1370,3657,55522
09-12-2015,8,17830,18958,11096,4834,52718,1237,1105,1405,3747,56465
09-12-2015,9,17939,18906,10848,4809,52502,1235,1111,1408,3754,56256
09-12-2015,10,17846,18964,10811,4840,52461,1227,1107,1398,3732,56193
09-12-2015,11,17548,18719,10738,4774,51779,1212,1060,1366,3638,55417
09-12-2015,12,17475,18545,10778,4662,51460,1223,1097,1372,3692,55152
09-12-2015,13,17648,18298,10891,4704,51541,1221,1111,1382,3714,55255
09-12-2015,14,17799,18345,11149,4604,51897,1254,1125,1400,3779,55676
09-12-2015,15,18134,19396,11120,4592,53242,1262,1157,1548,3967,57209
09-12-2015,16,18384,19860,11092,4938,54274,1232,1119,1520,3871,58145
09-12-2015,17,18150,19911,11019,5270,54350,1203,1092,1479,3774,58124
09-12-2015,18,18019,19438,10984,5084,53525,1163,1054,1423,3640,57165
09-12-2015,19,17742,19019,10788,4805,52354,1111,1011,1360,3482,55836
09-12-2015,20,17380,18382,10239,4493,50494,1073,942,1166,3181,53675
09-12-2015,21,16938,17532,10222,4157,48849,967,849,911,2727,51576
09-12-2015,22,16250,16388,9934,3772,46344,898,757,1008,2663,49007
09-12-2015,23,15402,15198,9410,3406,43416,819,685,1002,2506,45922
10-12-2015,0,14786,14680,9070,3191,41727,784,641,834,2259,43986
10-12-2015,1,14379,14234,8843,3043,40499,761,638,817,2216,42715
10-12-2015,2,14256,14035,8801,2967,40059,758,624,810,2192,42251
10-12-2015,3,14105,14006,8878,2991,39980,762,623,790,2175,42155
10-12-2015,4,14206,14323,9311,2995,40835,803,671,770,2244,43079
10-12-2015,5,14439,15038,10176,3276,42929,921,801,911,2633,45562
10-12-2015,6,15904,16911,10807,3963,47585,1090,959,1338,3387,50972
10-12-2015,7,17379,18728,11188,4755,52050,1187,1072,1435,3694,55744
10-12-2015,8,17643,19049,11056,4972,52720,1198,1095,1445,3738,56458
10-12-2015,9,17569,19030,10925,4900,52424,1202,1088,1433,3723,56147
10-12-2015,10,17752,19344,10882,5008,52986,1203,1080,1410,3693,56679
10-12-2015,11,17728,19438,10862,4938,52966,1194,1040,1378,3612,56578
10-12-2015,12,17759,19436,10835,4834,52864,1214,1067,1387,3668,56532
10-12-2015,13,17870,19396,10835,4856,52957,1213,1073,1380,3666,56623
10-12-2015,14,17941,19142,11102,4872,53057,1234,1092,1398,3724,56781
10-12-2015,15,18165,19669,11114,4813,53761,1245,1145,1473,3863,57624
10-12-2015,16,18419,19891,10993,5027,54330,1217,1118,1481,3816,58146
10-12-2015,17,18064,19942,10839,5204,54049,1183,1089,1440,3712,57761
10-12-2015,18,17928,19499,10736,5022,53185,1151,1049,1393,3593,56778
10-12-2015,19,17884,19121,10592,4719,52316,1106,1012,1361,3479,55795
10-12-2015,20,17790,18330,10169,4409,50698,1057,949,1233,3239,53937
10-12-2015,21,17395,17776,10182,4161,49514,957,856,1082,2895,52409
10-12-2015,22,16531,16725,9881,3731,46868,891,765,998,2654,49522
10-12-2015,23,15907,15829,9337,3334,44407,822,688,926,2436,46843
11-12-2015,0,15285,15038,8999,3102,42424,785,641,874,2300,44724
11-12-2015,1,14948,14550,8755,2984,41237,763,621,850,2234,43471
11-12-2015,2,14945,14635,8702,2940,41222,752,613,849,2214,43436
11-12-2015,3,15002,14759,8768,2934,41463,758,621,855,2234,43697
11-12-2015,4,15148,14731,9158,3008,42045,793,661,918,2372,44417
11-12-2015,5,15747,15829,10056,3278,44910,916,802,1091,2809,47719
11-12-2015,6,17091,17730,10753,3981,49555,1069,961,1306,3336,52891
11-12-2015,7,18796,19654,11077,4732,54259,1180,1060,1415,3655,57914
11-12-2015,8,19416,19996,10955,4957,55324,1194,1099,1440,3733,59057
11-12-2015,9,19507,19916,10866,5000,55289,1196,1099,1432,3727,59016
11-12-2015,10,19333,19957,10858,4954,55102,1202,1087,1428,3717,58819
11-12-2015,11,19076,19902,10776,4896,54650,1168,1049,1402,3619,58269
11-12-2015,12,18839,19643,10639,4665,53786,1188,1078,1418,3684,57470
11-12-2015,13,18651,19221,10635,4606,53113,1171,1085,1412,3668,56781
11-12-2015,14,18953,19580,10928,4546,54007,1188,1105,1413,3706,57713
11-12-2015,15,19216,19814,11139,4527,54696,1213,1139,1475,3827,58523
11-12-2015,16,19557,20304,11144,4848,55853,1188,1113,1475,3776,59629
11-12-2015,17,19501,20102,11027,5040,55670,1153,1084,1436,3673,59343
11-12-2015,18,19198,19482,11035,4868,54583,1117,1035,1381,3533,58116
11-12-2015,19,18822,18796,10840,4518,52976,1073,995,1315,3383,56359
11-12-2015,20,18450,17718,10334,4292,50794,1028,937,1217,3182,53976
11-12-2015,21,17917,16776,10377,4055,49125,956,877,1087,2920,52045
11-12-2015,22,17301,15847,10116,3811,47075,889,799,1013,2701,49776
11-12-2015,23,16779,15435,9546,3434,45194,827,717,935,2479,47673
12-12-2015,0,16391,14792,9146,3211,43540,784,649,880,2313,45853
12-12-2015,1,15921,14399,8888,3075,42283,770,630,849,2249,44532
12-12-2015,2,15685,14191,8818,2958,41652,760,610,838,2208,43860
12-12-2015,3,15618,14195,8754,2875,41442,753,619,834,2206,43648
12-12-2015,4,15639,14276,8906,2895,41716,773,640,851,2264,43980
12-12-2015,5,15678,14518,9221,2968,42385,799,697,937,2433,44818
12-12-2015,6,16143,15127,9465,3150,43885,858,772,1028,2658,46543
12-12-2015,7,16699,16046,9858,3443,46046,932,828,1083,2843,48889
12-12-2015,8,17404,16938,9888,3756,47986,968,875,1147,2990,50976
12-12-2015,9,18087,17543,9902,3947,49479,1007,915,1193,3115,52594
12-12-2015,10,18542,18036,9967,4067,50612,1015,914,1210,3139,53751
12-12-2015,11,18404,18199,10005,4015,50623,1008,898,1205,3111,53734
12-12-2015,12,18346,18001,9907,3917,50171,1009,899,1195,3103,53274
12-12-2015,13,18156,17873,10043,3846,49918,1014,901,1175,3090,53008
12-12-2015,14,18131,18004,10466,3844,50445,1055,910,1190,3155,53600
12-12-2015,15,18556,18997,10783,3982,52318,1088,982,1278,3348,55666
12-12-2015,16,18984,19227,10962,4370,53543,1089,992,1314,3395,56938
12-12-2015,17,19199,19453,10994,4653,54299,1056,970,1283,3309,57608
12-12-2015,18,19137,19093,10771,4544,53545,1040,944,1244,3228,56773
12-12-2015,19,18679,18702,10405,4198,51984,1003,913,1193,3109,55093
12-12-2015,20,18238,17948,10091,3932,50209,960,872,1126,2958,53167
12-12-2015,21,17827,17450,10198,3799,49274,897,811,1022,2730,52004
12-12-2015,22,17374,16938,10087,3504,47903,845,749,955,2549,50452
12-12-2015,23,16809,16359,9642,3371,46181,796,681,879,2356,48537
13-12-2015,0,16329,15812,9239,3088,44468,749,629,834,2212,46680
13-12-2015,1,16034,15460,8993,2943,43430,726,609,806,2141,45571
13-12-2015,2,15820,15221,8900,2840,42781,730,599,799,2128,44909
13-12-2015,3,15763,15078,8863,2808,42512,718,601,799,2118,44630
13-12-2015,4,15767,15158,8902,2830,42657,726,620,821,2167,44824
13-12-2015,5,15872,15442,9101,2916,43331,761,660,877,2298,45629
13-12-2015,6,16130,16040,9200,3079,44449,814,713,932,2459,46908
13-12-2015,7,16582,16734,9515,3345,46176,872,760,991,2623,48799
13-12-2015,8,17377,17202,9691,3608,47878,917,814,1062,2793,50671
13-12-2015,9,17950,18087,9853,3834,49724,959,858,1128,2945,52669
13-12-2015,10,18500,18681,10031,3908,51120,973,875,1162,3010,54130
13-12-2015,11,18682,19041,10118,3926,51767,979,876,1176,3031,54798
13-12-2015,12,18642,19063,10108,3895,51708,982,875,1185,3042,54750
13-12-2015,13,18724,18823,10182,3855,51584,986,880,1188,3054,54638
13-12-2015,14,18752,18818,10569,3871,52010,1028,898,1213,3139,55149
13-12-2015,15,19057,19496,10752,3976,53281,1088,973,1308,3369,56650
13-12-2015,16,19412,20240,10768,4380,54800,1093,988,1342,3423,58223
13-12-2015,17,19384,20479,10857,4761,55481,1087,980,1330,3397,58878
13-12-2015,18,19296,20412,10902,4696,55306,1073,963,1303,3339,58645
13-12-2015,19,19272,20157,10760,4458,54647,1041,946,1246,3233,57880
13-12-2015,20,19272,19563,10393,4184,53412,996,908,1168,3072,56484
13-12-2015,21,18984,19107,10492,3916,52499,922,825,1038,2785,55284
13-12-2015,22,18513,18253,10360,3637,50763,855,737,927,2519,53282
13-12-2015,23,17905,17427,9923,3319,48574,795,672,873,2340,50914
14-12-2015,0,17318,16854,9604,3123,46899,762,633,832,2227,49126
14-12-2015,1,16916,16510,9446,3004,45876,727,614,810,2151,48027
14-12-2015,2,16764,16393,9404,2982,45543,734,608,807,2149,47692
14-12-2015,3,16783,16519,9529,3013,45844,743,621,817,2181,48025
14-12-2015,4,17013,16762,9950,3101,46826,778,668,886,2332,49158
14-12-2015,5,17577,17894,10870,3359,49700,905,800,1083,2788,52488
14-12-2015,6,19123,20252,11555,4071,55001,1063,967,1308,3338,58339
14-12-2015,7,20816,22132,11928,4807,59683,1176,1079,1442,3697,63380
14-12-2015,8,21664,22242,11838,5015,60759,1196,1112,1513,3821,64580
14-12-2015,9,21604,21908,11734,4992,60238,1208,1103,1511,3822,64060
14-12-2015,10,21534,21874,11721,5027,60156,1204,1093,1500,3797,63953
14-12-2015,11,21374,21939,11662,4981,59956,1192,1055,1429,3676,63632
14-12-2015,12,21078,21781,11622,4892,59373,1207,1083,1439,3729,63102
14-12-2015,13,21180,21961,11612,4808,59561,1208,1092,1474,3774,63335
14-12-2015,14,21226,21973,11798,4862,59859,1236,1111,1492,3839,63698
14-12-2015,15,21418,22845,11951,4896,61110,1251,1166,1511,3928,65038
14-12-2015,16,21696,23088,11934,5155,61873,1233,1149,1506,3888,65761
14-12-2015,17,21356,23093,11796,5422,61667,1223,1114,1471,3808,65475
14-12-2015,18,21019,22545,11768,5185,60517,1187,1074,1420,3681,64198
14-12-2015,19,20961,21996,11697,4844,59498,1156,1026,1364,3546,63044
14-12-2015,20,20414,21157,11222,4597,57390,1093,965,1264,3322,60712
14-12-2015,21,20012,20320,11146,4287,55765,1008,876,1116,3000,58765
14-12-2015,22,19331,19065,10845,3927,53168,925,782,981,2688,55856
14-12-2015,23,18486,17966,10379,3524,50355,860,704,931,2495,52850
15-12-2015,0,17850,17336,9961,3279,48426,828,656,858,2342,50768
15-12-2015,1,17456,17101,9776,3156,47489,810,639,867,2316,49805
15-12-2015,2,17293,17113,9703,3101,47210,808,631,851,2290,49500
15-12-2015,3,17294,17515,9721,3104,47634,809,642,847,2298,49932
15-12-2015,4,17501,18662,10207,3178,49548,835,683,911,2429,51977
15-12-2015,5,18104,19416,11202,3427,52149,968,808,1136,2912,55061
15-12-2015,6,19496,19726,11755,4101,55078,1124,979,1365,3468,58546
15-12-2015,7,21111,21541,12037,4757,59446,1228,1071,1491,3790,63236
15-12-2015,8,21732,21667,11897,5034,60330,1231,1105,1507,3843,64173
15-12-2015,9,21567,21802,11689,4972,60030,1225,1101,1487,3813,63843
15-12-2015,10,21477,21836,11794,5028,60135,1219,1076,1454,3749,63884
15-12-2015,11,21287,21710,11717,4999,59713,1195,1033,1410,3638,63351
15-12-2015,12,21148,21546,11588,4887,59169,1225,1057,1431,3713,62882
15-12-2015,13,20987,21651,11583,4907,59128,1224,1057,1416,3697,62825
15-12-2015,14,21005,21806,11859,4854,59524,1248,1069,1420,3737,63261
15-12-2015,15,21304,22414,11954,4791,60463,1276,1143,1505,3924,64387
15-12-2015,16,21575,22590,11939,5066,61170,1246,1130,1524,3900,65070
15-12-2015,17,21391,22581,11793,5344,61109,1217,1113,1503,3833,64942
15-12-2015,18,21121,22061,11753,5128,60063,1193,1065,1454,3712,63775
15-12-2015,19,20898,21724,11652,4830,59104,1161,1024,1396,3581,62685
15-12-2015,20,20616,21026,11171,4565,57378,1100,967,1303,3370,60748
15-12-2015,21,20225,20149,11119,4291,55784,1014,871,1145,3030,58814
15-12-2015,22,19412,18837,10840,3915,53004,938,777,1012,2727,55731
15-12-2015,23,18549,17944,10336,3531,50360,865,699,930,2494,52854
16-12-2015,0,17851,17098,9946,3285,48180,834,662,905,2401,50581
16-12-2015,1,17373,16806,9693,3268,47140,803,646,879,2328,49468
16-12-2015,2,17131,16765,9581,3229,46706,795,633,865,2293,48999
16-12-2015,3,17109,16904,9618,3194,46825,798,642,874,2314,49139
16-12-2015,4,17319,17163,10112,3286,47880,839,695,943,2477,50357
16-12-2015,5,17770,17986,11029,3551,50336,971,826,1165,2962,53298
16-12-2015,6,19118,20194,11591,4235,55138,1127,988,1351,3466,58604
16-12-2015,7,20765,21864,11912,4945,59486,1239,1095,1478,3812,63298
16-12-2015,8,21359,22127,11813,5150,60449,1240,1115,1488,3843,64292
16-12-2015,9,21166,21814,11628,5095,59703,1233,1116,1463,3812,63515
16-12-2015,10,20988,21774,11510,5160,59432,1219,1099,1439,3757,63189
16-12-2015,11,20805,21809,11467,5108,59189,1207,1065,1400,3672,62861
16-12-2015,12,20865,21956,11425,5039,59285,1225,1092,1414,3731,63016
16-12-2015,13,20900,21838,11416,5034,59188,1214,1095,1408,3717,62905
16-12-2015,14,20951,22001,11631,4957,59540,1250,1108,1427,3785,63325
16-12-2015,15,21169,22499,11719,4976,60363,1278,1149,1499,3926,64289
16-12-2015,16,21303,22218,11704,5146,60371,1252,1126,1517,3895,64266
16-12-2015,17,20837,22143,11677,5369,60026,1218,1102,1474,3794,63820
16-12-2015,18,20586,21705,11690,5110,59091,1184,1069,1434,3687,62778
16-12-2015,19,20353,21185,11608,4762,57908,1144,1023,1384,3551,61459
16-12-2015,20,20154,20796,11129,4516,56595,1083,965,1290,3338,59933
16-12-2015,21,19559,19744,11105,4197,54605,997,876,1148,3021,57626
16-12-2015,22,18685,18134,10859,3875,51553,914,785,1064,2763,54316
16-12-2015,23,17946,17028,10370,3501,48845,848,703,988,2539,51384
17-12-2015,0,17460,16464,10028,3249,47201,810,652,949,2411,49612
17-12-2015,1,16799,16189,9843,3117,45948,793,638,923,2354,48302
17-12-2015,2,16516,16146,9736,3091,45489,789,628,920,2337,47826
17-12-2015,3,16426,16204,9851,3144,45625,797,632,929,2358,47983
17-12-2015,4,16528,16094,10251,3136,46009,836,682,996,2514,48523
17-12-2015,5,16980,16903,11119,3440,48442,954,811,1184,2949,51391
17-12-2015,6,18325,18974,11687,4112,53098,1109,971,1405,3485,56583
17-12-2015,7,19849,20826,12004,4751,57430,1230,1096,1545,3871,61301
17-12-2015,8,20421,21366,11786,4915,58488,1247,1135,1592,3974,62462
17-12-2015,9,20246,21130,11638,4877,57891,1240,1134,1578,3952,61843
17-12-2015,10,20014,20941,11646,4927,57528,1235,1130,1572,3937,61465
17-12-2015,11,19863,20796,11557,4954,57170,1224,1099,1512,3835,61005
17-12-2015,12,19808,20569,11543,4721,56641,1244,1129,1517,3890,60531
17-12-2015,13,19793,20310,11578,4758,56439,1239,1134,1515,3888,60327
17-12-2015,14,19885,20602,11823,4706,57016,1266,1152,1525,3943,60959
17-12-2015,15,20074,20902,11860,4572,57408,1279,1198,1565,4042,61450
17-12-2015,16,19916,21088,11740,4843,57587,1250,1156,1537,3943,61530
17-12-2015,17,19615,21031,11565,5071,57282,1234,1128,1495,3857,61139
17-12-2015,18,19439,20312,11539,4881,56171,1213,1090,1450,3753,59924
17-12-2015,19,19161,19887,11444,4532,55024,1159,1048,1390,3597,58621
17-12-2015,20,18740,19161,10927,4305,53133,1107,983,1293,3383,56516
17-12-2015,21,18317,18176,10847,4032,51372,1021,895,1174,3090,54462
17-12-2015,22,17634,17114,10559,3651,48958,945,796,1044,2785,51743
17-12-2015,23,16535,15655,10048,3270,45508,870,718,956,2544,48052
18-12-2015,0,15833,15128,9635,2988,43584,822,674,895,2391,45975
18-12-2015,1,15460,14900,9404,2880,42644,802,649,870,2321,44965
18-12-2015,2,15159,14749,9321,2868,42097,789,636,864,2289,44386
18-12-2015,3,15206,14996,9367,2903,42472,795,644,875,2314,44786
18-12-2015,4,15324,15326,9773,3000,43423,831,687,943,2461,45884
18-12-2015,5,15765,16092,10619,3235,45711,958,803,1118,2879,48590
18-12-2015,6,16946,17738,11156,3883,49723,1107,959,1334,3400,53123
18-12-2015,7,18656,19252,11555,4667,54130,1215,1072,1461,3748,57878
18-12-2015,8,19166,19734,11516,4854,55270,1231,1103,1487,3821,59091
18-12-2015,9,18889,19520,11354,4807,54570,1230,1098,1480,3808,58378
18-12-2015,10,18797,19338,11337,4865,54337,1226,1087,1465,3778,58115
18-12-2015,11,18691,19352,11118,4806,53967,1206,1055,1426,3687,57654
18-12-2015,12,18559,18970,11063,4643,53235,1214,1067,1426,3707,56942
18-12-2015,13,18575,18681,11089,4481,52826,1203,1063,1405,3671,56497
18-12-2015,14,18285,18567,11395,4485,52732,1234,1070,1399,3703,56435
18-12-2015,15,18389,18968,11391,4450,53198,1238,1107,1445,3790,56988
18-12-2015,16,18424,19065,11300,4689,53478,1203,1084,1446,3733,57211
18-12-2015,17,18332,18862,11208,4931,53333,1163,1057,1396,3616,56949
18-12-2015,18,18144,18437,11141,4790,52512,1119,1017,1335,3471,55983
18-12-2015,19,17722,17577,10925,4430,50654,1068,976,1275,3319,53973
18-12-2015,20,17096,16877,10464,4116,48553,1010,914,1188,3112,51665
18-12-2015,21,16537,15746,10436,3867,46586,937,843,1077,2857,49443
18-12-2015,22,15964,14952,10130,3583,44629,872,756,976,2604,47233
18-12-2015,23,15391,14153,9540,3231,42315,806,683,890,2379,44694
19-12-2015,0,14922,13646,9131,3031,40730,771,629,832,2232,42962
19-12-2015,1,14527,13325,8845,2866,39563,748,599,810,2157,41720
19-12-2015,2,14230,13164,8737,2793,38924,736,578,796,2110,41034
19-12-2015,3,14129,13133,8674,2756,38692,731,588,798,2117,40809
19-12-2015,4,14095,13213,8727,2749,38784,747,610,818,2175,40959
19-12-2015,5,14291,13473,8988,2819,39571,780,659,885,2324,41895
19-12-2015,6,14712,13481,9236,3037,40466,831,731,986,2548,43014
19-12-2015,7,15235,14507,9635,3381,42758,898,810,1041,2749,45507
19-12-2015,8,15928,15213,9697,3789,44627,934,857,1118,2909,47536
19-12-2015,9,16458,15750,9655,4012,45875,966,893,1172,3031,48906
19-12-2015,10,16879,16253,9748,4085,46965,972,905,1189,3066,50031
19-12-2015,11,17130,16619,9721,4059,47529,968,901,1193,3062,50591
19-12-2015,12,16999,16367,9709,4032,47107,972,902,1193,3067,50174
19-12-2015,13,16909,16143,9791,4027,46870,970,903,1188,3061,49931
19-12-2015,14,17035,16501,10192,4014,47742,995,909,1209,3113,50855
19-12-2015,15,17169,17317,10648,4106,49240,1066,971,1289,3326,52566
19-12-2015,16,17240,17687,10841,4368,50136,1067,982,1310,3359,53495
19-12-2015,17,17200,17331,10889,4589,50009,1051,959,1282,3292,53301
19-12-2015,18,16921,16819,10759,4447,48946,1026,932,1241,3199,52145
19-12-2015,19,16524,16209,10364,4131,47228,983,905,1191,3079,50307
19-12-2015,20,16054,15693,9957,3860,45564,939,861,1121,2921,48485
19-12-2015,21,15493,15062,10066,3611,44232,880,804,1018,2702,46934
19-12-2015,22,15130,14589,9853,3365,42937,826,734,952,2512,45449
19-12-2015,23,14767,14006,9391,3162,41326,775,673,873,2321,43647
20-12-2015,0,14458,13531,8921,2947,39857,736,619,823,2178,42035
20-12-2015,1,13978,13091,8660,2735,38464,710,595,791,2096,40560
20-12-2015,2,13703,12921,8524,2662,37810,698,586,778,2062,39872
20-12-2015,3,13609,12780,8465,2626,37480,692,590,772,2054,39534
20-12-2015,4,13579,12831,8461,2674,37545,709,610,792,2111,39656
20-12-2015,5,13523,12880,8592,2728,37723,737,655,855,2247,39970
20-12-2015,6,13595,13140,8634,2889,38258,785,709,921,2415,40673
20-12-2015,7,14004,13757,9025,3130,39916,850,758,962,2570,42486
20-12-2015,8,14619,14290,9196,3436,41541,900,801,1034,2735,44276
20-12-2015,9,15312,14792,9302,3670,43076,940,844,1103,2887,45963
20-12-2015,10,15855,15378,9463,3840,44536,958,868,1131,2957,47493
20-12-2015,11,16068,15680,9508,3851,45107,956,852,1143,2951,48058
20-12-2015,12,16215,15592,9474,3816,45097,956,840,1146,2942,48039
20-12-2015,13,16336,15673,9498,3785,45292,965,838,1147,2950,48242
20-12-2015,14,16338,16001,9800,3798,45937,999,860,1163,3022,48959
20-12-2015,15,16386,16582,9867,3885,46720,1044,938,1261,3243,49963
20-12-2015,16,16379,17041,9927,4228,47575,1049,952,1310,3311,50886
20-12-2015,17,16444,17025,9914,4444,47827,1034,940,1291,3265,51092
20-12-2015,18,16297,16870,9864,4388,47419,1017,922,1260,3199,50618
20-12-2015,19,16223,16670,9725,4110,46728,987,899,1210,3096,49824
20-12-2015,20,16069,16096,9339,3858,45362,939,850,1131,2920,48282
20-12-2015,21,15917,15575,9449,3611,44552,871,776,1008,2655,47207
20-12-2015,22,15375,14663,9170,3368,42576,808,706,925,2439,45015
20-12-2015,23,14629,14003,8632,3107,40371,746,632,851,2229,42600
21-12-2015,0,14082,13361,8291,2953,38687,712,594,799,2105,40792
21-12-2015,1,13842,13355,8036,2806,38039,703,578,778,2059,40098
21-12-2015,2,13695,13155,7966,2766,37582,691,569,775,2035,39617
21-12-2015,3,13669,12975,8039,2766,37449,701,574,787,2062,39511
21-12-2015,4,13847,13126,8355,2810,38138,735,608,858,2201,40339
21-12-2015,5,14152,14036,9109,3000,40297,844,713,1028,2585,42882
21-12-2015,6,15368,15757,9653,3562,44340,983,860,1243,3086,47426
21-12-2015,7,16874,17613,10140,4275,48902,1097,984,1381,3462,52364
21-12-2015,8,17441,18290,10187,4661,50579,1116,1030,1406,3552,54131
21-12-2015,9,17437,18226,10124,4698,50485,1125,1046,1406,3577,54062
21-12-2015,10,17374,18561,10082,4718,50735,1113,1027,1401,3541,54276
21-12-2015,11,17222,18381,10067,4669,50339,1101,1008,1386,3495,53834
21-12-2015,12,17079,18267,10024,4535,49905,1104,1028,1405,3537,53442
21-12-2015,13,17129,18261,9986,4537,49913,1103,1025,1409,3537,53450
21-12-2015,14,17579,18494,10296,4498,50867,1135,1026,1427,3588,54455
21-12-2015,15,17578,19057,10410,4487,51532,1161,1075,1469,3705,55237
21-12-2015,16,17747,19124,10276,4739,51886,1141,1057,1450,3648,55534
21-12-2015,17,17635,19075,10236,5025,51971,1111,1026,1412,3549,55520
21-12-2015,18,17279,19117,10224,4874,51494,1077,991,1363,3431,54925
21-12-2015,19,17235,18718,10065,4529,50547,1038,951,1318,3307,53854
21-12-2015,20,16907,17864,9594,4218,48583,994,888,1223,3105,51688
21-12-2015,21,16723,17252,9645,3860,47480,919,801,1097,2817,50297
21-12-2015,22,16262,16191,9294,3531,45278,839,716,965,2520,47798
21-12-2015,23,15538,15236,8710,3246,42730,775,653,871,2299,45029
22-12-2015,0,14782,14258,8225,3036,40301,740,620,823,2183,42484
22-12-2015,1,14515,14211,7938,2960,39624,717,590,802,2109,41733
22-12-2015,2,14316,14203,7824,2937,39280,712,569,792,2073,41353
22-12-2015,3,14290,14115,7910,2838,39153,716,580,797,2093,41246
22-12-2015,4,14336,14049,8260,2907,39552,736,630,858,2224,41776
22-12-2015,5,15008,14796,9047,3112,41963,828,740,1054,2622,44585
22-12-2015,6,15982,16402,9572,3669,45625,965,896,1226,3087,48712
22-12-2015,7,17313,18223,9959,4370,49865,1078,1006,1346,3430,53295
22-12-2015,8,17899,18683,9907,4712,51201,1089,1027,1363,3479,54680
22-12-2015,9,18235,18772,9817,4786,51610,1084,1028,1360,3472,55082
22-12-2015,10,18332,18887,9781,4822,51822,1080,1033,1348,3461,55283
22-12-2015,11,18162,18647,9848,4770,51427,1064,1003,1356,3423,54850
22-12-2015,12,17893,18558,9797,4684,50932,1070,1028,1333,3431,54363
22-12-2015,13,18041,18610,9796,4675,51122,1070,1020,1325,3415,54537
22-12-2015,14,18146,19048,10012,4403,51609,1101,1026,1329,3456,55065
22-12-2015,15,18271,19556,10224,4330,52381,1135,1065,1397,3597,55978
22-12-2015,16,18060,19619,10234,4615,52528,1115,1053,1407,3575,56103
22-12-2015,17,17793,19452,10256,4855,52356,1083,1032,1384,3499,55855
22-12-2015,18,17402,18662,10196,4712,50972,1054,996,1337,3387,54359
22-12-2015,19,17197,17937,10073,4387,49594,1017,960,1294,3271,52865
22-12-2015,20,17031,17115,9754,4106,48006,968,904,1206,3078,51084
22-12-2015,21,16662,16636,9737,3828,46863,893,830,1099,2822,49685
22-12-2015,22,16197,15567,9439,3637,44840,821,754,963,2538,47378
22-12-2015,23,15617,14839,8825,3270,42551,755,669,870,2294,44845
23-12-2015,0,15004,13921,8343,2999,40267,708,615,820,2143,42410
23-12-2015,1,14461,13516,8041,2830,38848,691,593,786,2070,40918
23-12-2015,2,14491,13474,7924,2790,38679,687,575,776,2038,40717
23-12-2015,3,14502,13661,7964,2791,38918,696,587,786,2069,40987
23-12-2015,4,14597,13812,8254,2887,39550,729,620,845,2194,41744
23-12-2015,5,14806,14359,8945,3076,41186,808,727,1025,2560,43746
23-12-2015,6,16042,15421,9457,3412,44332,917,856,1194,2967,47299
23-12-2015,7,17201,16942,9924,3994,48061,1016,966,1325,3307,51368
23-12-2015,8,17937,17590,9930,4350,49807,1037,1002,1344,3383,53190
23-12-2015,9,18398,17728,9843,4481,50450,1050,1006,1341,3397,53847
23-12-2015,10,18313,17888,9705,4500,50406,1047,1015,1330,3392,53798
23-12-2015,11,18058,18119,9637,4421,50235,1034,984,1298,3316,53551
23-12-2015,12,17853,17744,9585,4345,49527,1017,991,1291,3299,52826
23-12-2015,13,17610,17421,9657,4314,49002,1013,979,1274,3266,52268
23-12-2015,14,17720,17421,9976,4265,49382,1027,973,1271,3271,52653
23-12-2015,15,17894,17811,10226,4266,50197,1072,1011,1333,3416,53613
23-12-2015,16,17977,18358,10211,4507,51053,1073,1007,1359,3439,54492
23-12-2015,17,17712,18399,10148,4728,50987,1043,983,1331,3357,54344
23-12-2015,18,17427,18157,10127,4569,50280,1018,950,1282,3250,53530
23-12-2015,19,17382,17587,9963,4283,49215,982,919,1230,3131,52346
23-12-2015,20,17029,16661,9483,4010,47183,934,867,1137,2938,50121
23-12-2015,21,16585,15922,9551,3781,45839,868,786,1040,2694,48533
23-12-2015,22,16124,15326,9289,3492,44231,801,705,929,2435,46666
23-12-2015,23,15589,14387,8684,3214,41874,737,636,822,2195,44069
24-12-2015,0,14955,13760,8195,2948,39858,695,592,765,2052,41910
24-12-2015,1,14406,13137,7877,2793,38213,672,561,728,1961,40174
24-12-2015,2,14060,12974,7724,2657,37415,657,538,709,1904,39319
24-12-2015,3,14019,12938,7710,2636,37303,659,540,706,1905,39208
24-12-2015,4,14133,12964,7856,2623,37576,669,572,728,1969,39545
24-12-2015,5,14415,13218,8137,2718,38488,702,609,805,2116,40604
24-12-2015,6,14962,13793,8409,2921,40085,757,678,893,2328,42413
24-12-2015,7,15420,14464,8929,3220,42033,819,736,943,2498,44531
24-12-2015,8,16118,15190,9072,3580,43960,854,782,1028,2664,46624
24-12-2015,9,16859,15756,9103,3830,45548,898,814,1096,2808,48356
24-12-2015,10,17343,16060,9090,3879,46372,913,818,1123,2854,49226
24-12-2015,11,17381,16323,8920,3915,46539,911,817,1130,2858,49397
24-12-2015,12,17228,16196,8805,3854,46083,909,821,1137,2867,48950
24-12-2015,13,17204,15789,8814,3823,45630,917,823,1141,2881,48511
24-12-2015,14,17317,15728,9071,3861,45977,954,854,1166,2974,48951
24-12-2015,15,17599,16001,9213,4078,46891,1020,934,1244,3198,50089
24-12-2015,16,17449,15838,9019,4434,46740,1002,947,1270,3219,49959
24-12-2015,17,16430,15480,8822,4655,45387,947,901,1174,3022,48409
24-12-2015,18,15631,15025,8671,3869,43196,898,844,1080,2822,46018
24-12-2015,19,15298,14829,8491,3481,42099,860,797,1015,2672,44771
24-12-2015,20,14906,14885,8348,3318,41457,828,757,985,2570,44027
24-12-2015,21,14777,14613,8675,3170,41235,801,717,956,2474,43709
24-12-2015,22,14578,14354,8591,3029,40552,766,676,897,2339,42891
24-12-2015,23,14244,14174,8182,3055,39655,723,617,830,2170,41825
25-12-2015,0,14015,13669,7788,2861,38333,683,577,772,2032,40365
25-12-2015,1,13633,12998,7480,2674,36785,657,553,731,1941,38726
25-12-2015,2,13215,12773,7325,2622,35935,645,540,709,1894,37829
25-12-2015,3,13183,12810,7282,2537,35812,642,534,697,1873,37685
25-12-2015,4,13545,12851,7377,2582,36355,659,553,715,1927,38282
25-12-2015,5,13828,13102,7660,2613,37203,684,584,764,2032,39235
25-12-2015,6,14104,13763,7750,2724,38341,722,619,823,2164,40505
25-12-2015,7,14613,14232,7985,2869,39699,778,655,851,2284,41983
25-12-2015,8,15202,14845,8103,3179,41329,808,688,920,2416,43745
25-12-2015,9,15635,15201,8136,3379,42351,848,731,1040,2619,44970
25-12-2015,10,16213,15402,8244,3483,43342,863,763,1061,2687,46029
25-12-2015,11,16535,15591,8277,3528,43931,864,767,1035,2666,46597
25-12-2015,12,16498,15671,8296,3473,43938,861,760,996,2617,46555
25-12-2015,13,16323,15814,8388,3383,43908,863,751,945,2559,46467
25-12-2015,14,16408,15862,8664,3407,44341,889,761,929,2579,46920
25-12-2015,15,16839,16355,8873,3502,45569,948,826,1006,2780,48349
25-12-2015,16,16986,16707,8867,3798,46358,940,849,1070,2859,49217
25-12-2015,17,16716,16549,8917,4011,46193,920,843,1063,2826,49019
25-12-2015,18,16438,16319,8893,4032,45682,900,827,1041,2768,48450
25-12-2015,19,16256,16037,8792,3778,44863,879,811,1009,2699,47562
25-12-2015,20,16121,15463,8581,3566,43731,855,773,975,2603,46334
25-12-2015,21,15901,15038,8804,3435,43178,815,725,928,2468,45646
25-12-2015,22,15657,14792,8691,3233,42373,773,660,862,2295,44668
25-12-2015,23,15332,14369,8242,3157,41100,729,608,795,2132,43232
26-12-2015,0,14799,13853,7831,2842,39325,686,567,742,1995,41320
26-12-2015,1,14620,13546,7548,2708,38422,663,546,710,1919,40341
26-12-2015,2,14467,13469,7454,2665,38055,647,535,693,1875,39930
26-12-2015,3,14356,13561,7468,2662,38047,650,533,690,1873,39920
26-12-2015,4,14452,13586,7561,2678,38277,659,554,709,1922,40199
26-12-2015,5,14761,13722,7788,2709,38980,694,598,760,2052,41032
26-12-2015,6,15083,13976,7892,2833,39784,733,654,822,2209,41993
26-12-2015,7,15339,14682,8163,3053,41237,777,704,869,2350,43587
26-12-2015,8,16071,15318,8303,3413,43105,807,747,943,2497,45602
26-12-2015,9,16776,15676,8434,3696,44582,856,790,1024,2670,47252
26-12-2015,10,17403,16144,8588,3887,46022,876,813,1061,2750,48772
26-12-2015,11,17681,16278,8670,4001,46630,874,808,1074,2756,49386
26-12-2015,12,17659,16347,8716,3931,46653,878,803,1059,2740,49393
26-12-2015,13,17701,16376,8845,3783,46705,883,796,1020,2699,49404
26-12-2015,14,17973,16674,9223,3700,47570,910,821,1024,2755,50325
26-12-2015,15,18208,17487,9600,3711,49006,984,891,1121,2996,52002
26-12-2015,16,18434,18038,9624,3878,49974,992,904,1165,3061,53035
26-12-2015,17,18486,18189,9737,4054,50466,974,897,1153,3024,53490
26-12-2015,18,18336,17854,9769,3993,49952,956,882,1128,2966,52918
26-12-2015,19,18214,17385,9623,3807,49029,930,844,1090,2864,51893
26-12-2015,20,18110,17290,9409,3648,48457,902,800,1035,2737,51194
26-12-2015,21,17722,16426,9638,3496,47282,857,748,954,2559,49841
26-12-2015,22,17327,15940,9476,3416,46159,807,688,901,2396,48555
26-12-2015,23,17065,15631,9049,3158,44903,766,629,837,2232,47135
27-12-2015,0,16695,15462,8687,2882,43726,731,592,784,2107,45833
27-12-2015,1,16494,15181,8478,2754,42907,713,570,753,2036,44943
27-12-2015,2,16411,15081,8407,2669,42568,703,565,742,2010,44578
27-12-2015,3,16369,14811,8378,2648,42206,699,562,741,2002,44208
27-12-2015,4,16395,14849,8479,2662,42385,713,588,762,2063,44448
27-12-2015,5,16405,15118,8688,2734,42945,744,629,823,2196,45141
27-12-2015,6,16565,15664,8721,2914,43864,793,679,859,2331,46195
27-12-2015,7,16814,16223,8987,3125,45149,838,726,909,2473,47622
27-12-2015,8,17244,16677,9076,3416,46413,883,766,982,2631,49044
27-12-2015,9,17769,17039,9262,3649,47719,931,813,1055,2799,50518
27-12-2015,10,18286,17542,9461,3780,49069,951,836,1092,2879,51948
27-12-2015,11,18723,18047,9415,3793,49978,951,836,1111,2898,52876
27-12-2015,12,18917,18095,9376,3723,50111,948,839,1092,2879,52990
27-12-2015,13,18894,17888,9429,3662,49873,955,841,1092,2888,52761
27-12-2015,14,18930,17877,9790,3586,50183,997,856,1113,2966,53149
27-12-2015,15,19113,18230,10260,3704,51307,1072,926,1209,3207,54514
27-12-2015,16,19453,18639,10445,4011,52548,1094,949,1263,3306,55854
27-12-2015,17,19490,18547,10507,4264,52808,1091,943,1255,3289,56097
27-12-2015,18,19273,18328,10480,4207,52288,1074,926,1232,3232,55520
27-12-2015,19,19140,17956,10401,3933,51430,1047,900,1220,3167,54597
27-12-2015,20,18773,17420,10132,3769,50094,992,864,1152,3008,53102
27-12-2015,21,18569,17023,10337,3588,49517,931,794,1079,2804,52321
27-12-2015,22,18228,16479,10107,3314,48128,874,721,967,2562,50690
27-12-2015,23,17814,15722,9754,3095,46385,828,664,885,2377,48762
28-12-2015,0,17407,15194,9457,2738,44796,798,614,825,2237,47033
28-12-2015,1,16986,15028,9309,2639,43962,782,600,798,2180,46142
28-12-2015,2,16867,14925,9289,2623,43704,777,588,784,2149,45853
28-12-2015,3,16818,14729,9365,2674,43586,780,593,779,2152,45738
28-12-2015,4,16960,15013,9762,2722,44457,823,630,834,2287,46744
28-12-2015,5,17344,15736,10564,2881,46525,893,729,957,2579,49104
28-12-2015,6,18167,17233,10959,3280,49639,988,849,1131,2968,52607
28-12-2015,7,19176,18757,11392,3767,53092,1099,958,1273,3330,56422
28-12-2015,8,19741,19591,11469,4113,54914,1133,1006,1327,3466,58380
28-12-2015,9,20279,20121,11503,4306,56209,1144,1019,1349,3512,59721
28-12-2015,10,20961,20487,11482,4425,57355,1155,1016,1346,3517,60872
28-12-2015,11,21035,20497,11459,4418,57409,1136,987,1330,3453,60862
28-12-2015,12,20860,20372,11329,4363,56924,1140,999,1332,3471,60395
28-12-2015,13,20665,20237,11288,4320,56510,1139,994,1316,3449,59959
28-12-2015,14,20819,20358,11494,4268,56939,1152,1012,1310,3474,60413
28-12-2015,15,20924,20965,11694,4283,57866,1219,1084,1388,3691,61557
28-12-2015,16,20714,21255,11769,4598,58336,1212,1099,1428,3739,62075
28-12-2015,17,20342,21253,11718,4857,58170,1180,1077,1407,3664,61834
28-12-2015,18,20186,20702,11691,4689,57268,1155,1035,1352,3542,60810
28-12-2015,19,19829,20353,11552,4332,56066,1117,990,1305,3412,59478
28-12-2015,20,19445,19859,11172,4017,54493,1054,932,1229,3215,57708
28-12-2015,21,19026,19244,11277,3799,53346,983,851,1098,2932,56278
28-12-2015,22,18426,18206,11098,3519,51249,929,775,1003,2707,53956
28-12-2015,23,17815,17349,10624,3226,49014,859,697,925,2481,51495
29-12-2015,0,17147,16542,10326,2985,47000,810,647,876,2333,49333
29-12-2015,1,16859,16069,10104,2819,45851,777,630,852,2259,48110
29-12-2015,2,16580,15984,10036,2737,45337,771,623,842,2236,47573
29-12-2015,3,16355,16197,10149,2702,45403,785,626,851,2262,47665
29-12-2015,4,16470,16568,10465,2721,46224,817,667,902,2386,48610
29-12-2015,5,16835,16979,11182,2851,47847,908,763,1024,2695,50542
29-12-2015,6,17475,18090,11595,3235,50395,1010,887,1199,3096,53491
29-12-2015,7,18388,19274,11976,3683,53321,1115,992,1328,3435,56756
29-12-2015,8,19033,19903,11959,4075,54970,1130,1041,1382,3553,58523
29-12-2015,9,19442,20111,11983,4291,55827,1138,1053,1399,3590,59417
29-12-2015,10,19847,20218,11926,4434,56425,1134,1046,1385,3565,59990
29-12-2015,11,19905,20108,11866,4434,56313,1121,1015,1362,3498,59811
29-12-2015,12,19973,19820,11860,4384,56037,1138,1019,1363,3520,59557
29-12-2015,13,19769,19669,11812,4388,55638,1143,1021,1352,3516,59154
29-12-2015,14,19844,19674,12015,4342,55875,1170,1034,1355,3559,59434
29-12-2015,15,20122,20245,12267,4356,56990,1238,1093,1430,3761,60751
29-12-2015,16,20124,20711,12224,4540,57599,1241,1108,1466,3815,61414
29-12-2015,17,19822,20793,12204,4759,57578,1213,1091,1430,3734,61312
29-12-2015,18,19525,20382,12279,4622,56808,1180,1049,1370,3599,60407
29-12-2015,19,19130,19876,12197,4327,55530,1146,1017,1322,3485,59015
29-12-2015,20,18782,19209,11665,4028,53684,1093,959,1238,3290,56974
29-12-2015,21,18276,18474,11644,3748,52142,1025,883,1109,3017,55159
29-12-2015,22,17823,17684,11423,3485,50415,964,793,1026,2783,53198
29-12-2015,23,17202,16871,10946,3201,48220,905,724,944,2573,50793
30-12-2015,0,16617,16097,10576,3094,46384,876,681,891,2448,48832
30-12-2015,1,16286,15753,10331,2847,45217,852,664,863,2379,47596
30-12-2015,2,16100,15725,10267,2722,44814,850,655,851,2356,47170
30-12-2015,3,15874,15606,10304,2698,44482,855,669,864,2388,46870
30-12-2015,4,15832,15770,10505,2749,44856,879,708,920,2507,47363
30-12-2015,5,16072,16290,11135,2882,46379,958,808,1052,2818,49197
30-12-2015,6,16699,17451,11406,3199,48755,1071,925,1223,3219,51974
30-12-2015,7,17605,18729,11650,3635,51619,1158,1026,1348,3532,55151
30-12-2015,8,18337,19286,11659,3986,53268,1198,1069,1402,3669,56937
30-12-2015,9,18829,19605,11568,4177,54179,1219,1090,1418,3727,57906
30-12-2015,10,19175,19869,11522,4290,54856,1210,1082,1409,3701,58557
30-12-2015,11,19223,19894,11440,4308,54865,1201,1038,1371,3610,58475
30-12-2015,12,19115,19787,11377,4282,54561,1208,1019,1349,3576,58137
30-12-2015,13,19171,19824,11406,4224,54625,1200,1005,1335,3540,58165
30-12-2015,14,19173,19862,11580,4239,54854,1221,999,1343,3563,58417
30-12-2015,15,19068,20289,11700,4324,55381,1280,1068,1420,3768,59149
30-12-2015,16,18947,20576,11632,4555,55710,1280,1107,1485,3872,59582
30-12-2015,17,18743,20631,11601,4807,55782,1253,1095,1466,3814,59596
30-12-2015,18,18450,20082,11583,4663,54778,1218,1065,1426,3709,58487
30-12-2015,19,18109,19493,11409,4380,53391,1174,1030,1374,3578,56969
30-12-2015,20,17628,18930,10975,4106,51639,1128,978,1298,3404,55043
30-12-2015,21,17143,18196,10969,3852,50160,1056,905,1173,3134,53294
30-12-2015,22,16512,17270,10735,3561,48078,988,825,1077,2890,50968
30-12-2015,23,15995,16595,10241,3257,46088,927,738,984,2649,48737
31-12-2015,0,15464,15909,9808,3027,44208,885,693,926,2504,46712
31-12-2015,1,15165,15614,9509,2793,43081,859,661,892,2412,45493
31-12-2015,2,14894,15398,9413,2709,42414,844,651,890,2385,44799
31-12-2015,3,14798,15393,9426,2674,42291,844,657,896,2397,44688
31-12-2015,4,14744,15405,9623,2736,42508,864,681,930,2475,44983
31-12-2015,5,14983,15791,10218,2816,43808,918,726,1061,2705,46513
31-12-2015,6,15516,16133,10535,2988,45172,995,787,1183,2965,48137
31-12-2015,7,16303,16878,10950,3279,47410,1073,838,1291,3202,50612
31-12-2015,8,16897,17422,10951,3519,48789,1108,882,1354,3344,52133
31-12-2015,9,17437,17846,10972,3758,50013,1146,936,1392,3474,53487
31-12-2015,10,17915,18209,10987,3951,51062,1157,965,1395,3517,54579
31-12-2015,11,18270,18224,10965,4006,51465,1140,971,1370,3481,54946
31-12-2015,12,18511,18242,10939,4040,51732,1130,959,1339,3428,55160
31-12-2015,13,18494,18113,10931,4035,51573,1130,956,1303,3389,54962
31-12-2015,14,18679,18528,11292,4030,52529,1157,964,1290,3411,55940
31-12-2015,15,18940,19103,11516,4154,53713,1248,1043,1390,3681,57394
31-12-2015,16,19085,19771,11420,4479,54755,1261,1094,1493,3848,58603
31-12-2015,17,18935,19587,11169,4701,54392,1219,1078,1462,3759,58151
31-12-2015,18,18399,18831,10997,4473,52700,1152,1035,1384,3571,56271
31-12-2015,19,17551,18014,10813,4023,50401,1086,970,1278,3334,53735
31-12-2015,20,16926,17414,10541,3683,48564,1038,908,1185,3131,51695
31-12-2015,21,16458,16883,10866,3531,47738,992,854,1136,2982,50720
31-12-2015,22,16155,16629,10800,3388,46972,957,806,1091,2854,49826
31-12-2015,23,15756,16217,10431,3256,45660,929,768,1060,2757,48417
01-01-2016,0,15418,15432,10005,3159,44014,911,741,1029,2681,46695
01-01-2016,1,15129,15190,9722,3029,43070,882,710,979,2571,45641
01-01-2016,2,14959,14779,9599,2892,42229,854,679,945,2478,44707
01-01-2016,3,14707,14482,9524,2762,41475,828,668,920,2416,43891
01-01-2016,4,14663,14378,9601,2686,41328,821,671,916,2408,43736
01-01-2016,5,14880,14461,9793,2696,41830,823,691,938,2452,44282
01-01-2016,6,15056,14919,9815,2780,42570,842,708,967,2517,45087
01-01-2016,7,15350,15139,9998,2865,43352,864,713,963,2540,45892
01-01-2016,8,15787,15628,10035,2972,44422,869,725,991,2585,47007
01-01-2016,9,16118,15731,10098,3119,45066,910,754,1006,2670,47736
01-01-2016,10,16599,16105,10345,3333,46382,947,791,1041,2779,49161
01-01-2016,11,16901,16706,10478,3489,47574,967,801,1056,2824,50398
01-01-2016,12,17125,17091,10551,3561,48328,975,803,1053,2831,51159
01-01-2016,13,17250,17238,10646,3573,48707,980,806,1047,2833,51540
01-01-2016,14,17535,17481,11104,3587,49707,1008,824,1062,2894,52601
01-01-2016,15,17949,18030,11463,3677,51119,1088,893,1154,3135,54254
01-01-2016,16,18208,18580,11494,4021,52303,1108,937,1239,3284,55587
01-01-2016,17,18055,18668,11518,4233,52474,1104,923,1235,3262,55736
01-01-2016,18,17896,18320,11594,4269,52079,1092,920,1214,3226,55305
01-01-2016,19,17492,17790,11412,4038,50732,1079,910,1184,3173,53905
01-01-2016,20,17238,17419,11076,3742,49475,1054,889,1129,3072,52547
01-01-2016,21,16951,17056,11271,3501,48779,1010,837,1070,2917,51696
01-01-2016,22,16458,16487,11167,3269,47381,972,782,999,2753,50134
01-01-2016,23,16087,16028,10709,3027,45851,923,713,933,2569,48420
02-01-2016,0,15731,15375,10370,2830,44306,892,661,881,2434,46740
02-01-2016,1,15384,15030,10136,2665,43215,870,643,853,2366,45581
02-01-2016,2,15061,14821,10036,2581,42499,862,640,843,2345,44844
02-01-2016,3,14953,14776,10074,2576,42379,862,644,846,2352,44731
02-01-2016,4,15017,15101,10131,2600,42849,874,671,871,2416,45265
02-01-2016,5,15220,15598,10442,2739,43999,913,716,932,2561,46560
02-01-2016,6,15608,16010,10522,2922,45062,959,781,1009,2749,47811
02-01-2016,7,16134,16767,10926,3233,47060,1014,828,1032,2874,49934
02-01-2016,8,16841,17391,11100,3485,48817,1057,868,1113,3038,51855
02-01-2016,9,17521,18128,11237,3746,50632,1113,914,1190,3217,53849
02-01-2016,10,18170,18849,11315,3988,52322,1133,941,1221,3295,55617
02-01-2016,11,18578,18949,11353,4075,52955,1132,937,1225,3294,56249
02-01-2016,12,18706,19444,11361,4011,53522,1126,932,1218,3276,56798
02-01-2016,13,18606,19491,11437,4062,53596,1124,928,1208,3260,56856
02-01-2016,14,18801,19681,11717,4073,54272,1146,937,1213,3296,57568
02-01-2016,15,19056,20298,12224,4072,55650,1226,1005,1299,3530,59180
02-01-2016,16,19333,20863,12450,4409,57055,1236,1043,1392,3671,60726
02-01-2016,17,19647,20934,12355,4773,57709,1230,1043,1382,3655,61364
02-01-2016,18,19610,20734,12247,4703,57294,1219,1019,1361,3599,60893
02-01-2016,19,19327,20189,11984,4345,55845,1186,994,1318,3498,59343
02-01-2016,20,18953,19532,11728,4041,54254,1142,956,1261,3359,57613
02-01-2016,21,18565,18898,11784,3760,53007,1083,892,1158,3133,56140
02-01-2016,22,18157,18328,11717,3618,51820,1028,827,1113,2968,54788
02-01-2016,23,17801,17670,11267,3284,50022,978,764,1035,2777,52799
03-01-2016,0,17385,17155,10925,3112,48577,942,713,979,2634,51211
03-01-2016,1,17129,16799,10655,2980,47563,914,690,944,2548,50111
03-01-2016,2,16961,16511,10486,2930,46888,902,681,931,2514,49402
03-01-2016,3,16852,16378,10432,2829,46491,892,679,930,2501,48992
03-01-2016,4,16788,16617,10498,2891,46794,895,702,950,2547,49341
03-01-2016,5,16931,16773,10609,2939,47252,926,741,1015,2682,49934
03-01-2016,6,17142,17077,10603,3139,47961,968,793,1055,2816,50777
03-01-2016,7,17502,17642,10818,3386,49348,1020,840,1109,2969,52317
03-01-2016,8,18021,18314,10905,3683,50923,1055,898,1190,3143,54066
03-01-2016,9,18610,18817,11006,3824,52257,1108,954,1271,3333,55590
03-01-2016,10,19223,19551,11215,4076,54065,1135,976,1324,3435,57500
03-01-2016,11,19352,19611,11307,4156,54426,1145,968,1344,3457,57883
03-01-2016,12,19393,19726,11280,4071,54470,1139,961,1339,3439,57909
03-01-2016,13,19517,19847,11287,4056,54707,1132,957,1319,3408,58115
03-01-2016,14,19535,20246,11558,4073,55412,1146,972,1311,3429,58841
03-01-2016,15,20033,20728,11894,4116,56771,1216,1038,1393,3647,60418
03-01-2016,16,20427,21523,11984,4423,58357,1233,1073,1483,3789,62146
03-01-2016,17,20582,21810,11990,4819,59201,1226,1065,1466,3757,62958
03-01-2016,18,20380,21568,11943,4740,58631,1206,1047,1436,3689,62320
03-01-2016,19,20136,21151,11756,4488,57531,1177,1028,1382,3587,61118
03-01-2016,20,19884,20626,11475,4203,56188,1134,978,1297,3409,59597
03-01-2016,21,19606,19854,11721,4000,55181,1070,897,1184,3151,58332
03-01-2016,22,19137,19186,11626,3684,53633,994,816,1094,2904,56537
03-01-2016,23,18596,18652,11253,3429,51930,953,745,1017,2715,54645
04-01-2016,0,17951,18026,10925,3191,50093,923,693,952,2568,52661
04-01-2016,1,17776,18001,10684,3097,49558,907,685,931,2523,52081
04-01-2016,2,17629,17978,10622,3044,49273,909,683,926,2518,51791
04-01-2016,3,17626,17986,10758,3070,49440,923,686,936,2545,51985
04-01-2016,4,17702,18338,11164,3185,50389,962,744,988,2694,53083
04-01-2016,5,18417,19008,12024,3455,52904,1080,876,1156,3112,56016
04-01-2016,6,19887,20577,12584,4070,57118,1227,1036,1353,3616,60734
04-01-2016,7,21835,22371,12959,4910,62075,1347,1138,1512,3997,66072
04-01-2016,8,22423,23290,12927,5148,63788,1391,1183,1580,4154,67942
04-01-2016,9,22385,23609,12932,5126,64052,1397,1198,1610,4205,68257
04-01-2016,10,22343,23687,12969,5188,64187,1398,1189,1612,4199,68386
04-01-2016,11,22319,23408,12922,5127,63776,1386,1148,1587,4121,67897
04-01-2016,12,22276,23147,12918,5017,63358,1397,1165,1588,4150,67508
04-01-2016,13,22407,23240,12872,5032,63551,1396,1169,1579,4144,67695
04-01-2016,14,22270,23396,13051,4873,63590,1407,1174,1582,4163,67753
04-01-2016,15,22361,23842,13287,4869,64359,1462,1227,1628,4317,68676
04-01-2016,16,22835,24190,13217,5128,65370,1450,1227,1664,4341,69711
04-01-2016,17,22713,23936,13136,5536,65321,1428,1208,1636,4272,69593
04-01-2016,18,22161,23462,13186,5321,64130,1398,1173,1588,4159,68289
04-01-2016,19,21961,23002,12997,5021,62981,1349,1135,1529,4013,66994
04-01-2016,20,21563,22466,12481,4647,61157,1286,1078,1439,3803,64960
04-01-2016,21,21183,21530,12645,4272,59630,1209,979,1293,3481,63111
04-01-2016,22,20372,20693,12481,3932,57478,1124,875,1164,3163,60641
04-01-2016,23,19378,19615,12050,3574,54617,1039,799,1099,2937,57554
05-01-2016,0,18893,18768,11741,3325,52727,1012,760,1053,2825,55552
05-01-2016,1,18632,18437,11504,3217,51790,989,737,1040,2766,54556
05-01-2016,2,18575,18371,11417,3244,51607,986,734,1017,2737,54344
05-01-2016,3,18522,18322,11565,3255,51664,984,739,1025,2748,54412
05-01-2016,4,18628,18527,11910,3371,52436,1017,792,1105,2914,55350
05-01-2016,5,19095,19422,12771,3597,54885,1123,923,1285,3331,58216
05-01-2016,6,20463,20834,13105,4267,58669,1267,1089,1488,3844,62513
05-01-2016,7,22392,22275,13590,5025,63282,1383,1199,1633,4215,67497
05-01-2016,8,23033,22978,13514,5252,64777,1416,1234,1687,4337,69114
05-01-2016,9,22724,23425,13469,5188,64806,1429,1231,1680,4340,69146
05-01-2016,10,22565,23720,13447,5229,64961,1424,1217,1673,4314,69275
05-01-2016,11,22564,23796,13378,5210,64948,1399,1174,1628,4201,69149
05-01-2016,12,22501,23353,13374,5115,64343,1411,1186,1620,4217,68560
05-01-2016,13,22473,23097,13342,4967,63879,1409,1185,1606,4200,68079
05-01-2016,14,22424,23291,13472,4978,64165,1424,1199,1611,4234,68399
05-01-2016,15,22493,23681,13803,4907,64884,1469,1251,1653,4373,69257
05-01-2016,16,22913,24452,13820,5132,66317,1461,1254,1705,4420,70737
05-01-2016,17,22824,24408,13752,5533,66517,1436,1233,1680,4349,70866
05-01-2016,18,22484,24121,13934,5364,65903,1401,1203,1630,4234,70137
05-01-2016,19,22204,23597,13539,5058,64398,1362,1165,1570,4097,68495
05-01-2016,20,21838,22970,13066,4739,62613,1309,1098,1478,3885,66498
05-01-2016,21,21536,22212,13301,4438,61487,1234,1002,1330,3566,65053
05-01-2016,22,21115,21408,13197,4078,59798,1150,896,1197,3243,63041
05-01-2016,23,20219,20568,12765,3732,57284,1078,815,1127,3020,60304
06-01-2016,0,19378,19822,12335,3502,55037,1047,767,1090,2904,57941
06-01-2016,1,19047,19490,12167,3370,54074,1025,749,1070,2844,56918
06-01-2016,2,18937,19590,12023,3315,53865,1030,743,1063,2836,56701
06-01-2016,3,18943,19607,12110,3358,54018,1029,757,1072,2858,56876
06-01-2016,4,19136,19816,12316,3409,54677,1055,803,1135,2993,57670
06-01-2016,5,19597,20041,12532,3669,55839,1165,931,1293,3389,59228
06-01-2016,6,21019,20753,12620,4359,58751,1304,1097,1489,3890,62641
06-01-2016,7,22975,21872,12945,5107,62899,1418,1213,1644,4275,67174
06-01-2016,8,23610,22415,13083,5262,64370,1452,1250,1718,4420,68790
06-01-2016,9,23562,22881,13224,5093,64760,1464,1256,1759,4479,69239
06-01-2016,10,23427,23290,13482,5122,65321,1473,1246,1728,4447,69768
06-01-2016,11,23166,23674,13551,5744,66135,1438,1207,1685,4330,70465
06-01-2016,12,23177,23551,13428,4948,65104,1461,1218,1663,4342,69446
06-01-2016,13,23046,23314,13441,5006,64807,1454,1223,1636,4313,69120
06-01-2016,14,23067,23394,13663,4930,65054,1465,1229,1632,4326,69380
06-01-2016,15,23097,24090,14066,4943,66196,1504,1273,1671,4448,70644
06-01-2016,16,23453,24723,14094,5174,67444,1501,1275,1730,4506,71950
06-01-2016,17,23478,24770,14182,5544,67974,1470,1254,1699,4423,72397
06-01-2016,18,23008,24571,14259,5330,67168,1441,1219,1649,4309,71477
06-01-2016,19,22857,24573,14132,5052,66614,1397,1181,1595,4173,70787
06-01-2016,20,22665,24166,13710,4754,65295,1347,1119,1499,3965,69260
06-01-2016,21,22319,23250,13760,4406,63735,1270,1024,1354,3648,67383
06-01-2016,22,21675,22378,13672,4136,61861,1191,924,1260,3375,65236
06-01-2016,23,20792,21942,13285,3747,59766,1132,841,1203,3176,62942
07-01-2016,0,20065,21285,13011,3535,57896,1091,782,1152,3025,60921
07-01-2016,1,19684,20834,12821,3526,56865,1068,762,1109,2939,59804
07-01-2016,2,19397,20621,12821,3464,56303,1058,757,1083,2898,59201
07-01-2016,3,19338,20776,12953,3460,56527,1059,768,1094,2921,59448
07-01-2016,4,19592,21156,13399,3534,57681,1091,819,1152,3062,60743
07-01-2016,5,20178,21947,14160,3738,60023,1197,948,1316,3461,63484
07-01-2016,6,21593,23417,14523,4343,63876,1335,1110,1516,3961,67837
07-01-2016,7,23324,25323,14888,4974,68509,1445,1224,1667,4336,72845
07-01-2016,8,23858,25843,14808,5133,69642,1471,1276,1728,4475,74117
07-01-2016,9,23780,25842,14797,5087,69506,1491,1283,1749,4523,74029
07-01-2016,10,23834,25892,14791,5097,69614,1489,1271,1740,4500,74114
07-01-2016,11,23705,25722,14747,5064,69238,1470,1220,1721,4411,73649
07-01-2016,12,23551,25595,14670,4953,68769,1478,1222,1705,4405,73174
07-01-2016,13,23506,25457,14647,4926,68536,1469,1217,1681,4367,72903
07-01-2016,14,23572,25292,14716,4915,68495,1472,1222,1664,4358,72853
07-01-2016,15,23662,25775,15075,4875,69387,1511,1276,1688,4475,73862
07-01-2016,16,23858,25853,15105,5084,69900,1501,1291,1739,4531,74431
07-01-2016,17,23785,25853,15043,5424,70105,1486,1275,1715,4476,74581
07-01-2016,18,23395,25160,14982,5212,68749,1456,1236,1658,4350,73099
07-01-2016,19,23148,24428,14829,4980,67385,1416,1193,1599,4208,71593
07-01-2016,20,22811,23704,14342,4706,65563,1365,1133,1513,4011,69574
07-01-2016,21,22304,22653,14303,4449,63709,1291,1042,1360,3693,67402
07-01-2016,22,21648,21639,14074,4059,61420,1197,947,1258,3402,64822
07-01-2016,23,20754,20770,13643,3710,58877,1136,870,1174,3180,62057
08-01-2016,0,20018,19785,13369,3397,56569,1099,825,1121,3045,59614
08-01-2016,1,19603,19541,13142,3282,55568,1078,813,1099,2990,58558
08-01-2016,2,19487,19554,13111,3307,55459,1068,806,1104,2978,58437
08-01-2016,3,19475,19400,13213,3300,55388,1080,808,1113,3001,58389
08-01-2016,4,19681,19652,13602,3413,56348,1120,852,1147,3119,59467
08-01-2016,5,20172,20200,14414,3639,58425,1226,982,1327,3535,61960
08-01-2016,6,21611,22001,14631,4218,62461,1368,1137,1530,4035,66496
08-01-2016,7,23221,23580,14802,4929,66532,1482,1244,1675,4401,70933
08-01-2016,8,23837,24087,14750,5170,67844,1523,1288,1745,4556,72400
08-01-2016,9,23867,24080,14676,5176,67799,1538,1300,1780,4618,72417
08-01-2016,10,23859,24313,14650,5204,68026,1536,1285,1795,4616,72642
08-01-2016,11,23767,24277,14553,5153,67750,1540,1258,1735,4533,72283
08-01-2016,12,23620,24126,14374,5022,67142,1556,1257,1713,4526,71668
08-01-2016,13,23379,23777,14213,4944,66313,1551,1239,1680,4470,70783
08-01-2016,14,23277,23462,14239,4807,65785,1556,1227,1656,4439,70224
08-01-2016,15,23400,23780,14421,4676,66277,1582,1276,1674,4532,70809
08-01-2016,16,23598,23926,14457,4838,66819,1552,1292,1717,4561,71380
08-01-2016,17,23503,23961,14399,5222,67085,1506,1261,1680,4447,71532
08-01-2016,18,23330,23390,14358,5071,66149,1471,1216,1617,4304,70453
08-01-2016,19,23049,22692,14011,4709,64461,1426,1174,1554,4154,68615
08-01-2016,20,22518,22013,13515,4373,62419,1374,1116,1459,3949,66368
08-01-2016,21,21827,21335,13499,4115,60776,1311,1028,1326,3665,64441
08-01-2016,22,21350,20513,13223,3854,58940,1236,937,1233,3406,62346
08-01-2016,23,20668,19926,12729,3583,56906,1175,870,1147,3192,60098
09-01-2016,0,20312,18983,12340,3337,54972,1126,814,1084,3024,57996
09-01-2016,1,19828,18604,12151,3180,53763,1111,788,1054,2953,56716
09-01-2016,2,19539,18328,12056,3084,53007,1098,773,1038,2909,55916
09-01-2016,3,19532,18225,11957,3054,52768,1087,774,1035,2896,55664
09-01-2016,4,19497,18403,12070,3053,53023,1101,804,1055,2960,55983
09-01-2016,5,19625,18852,12286,3130,53893,1128,844,1104,3076,56969
09-01-2016,6,19879,19514,12327,3311,55031,1198,913,1193,3304,58335
09-01-2016,7,20540,20365,12718,3637,57260,1253,980,1276,3509,60769
09-01-2016,8,21268,20831,12846,3970,58915,1301,1050,1359,3710,62625
09-01-2016,9,21942,21377,12971,4164,60454,1348,1093,1422,3863,64317
09-01-2016,10,22453,22022,13019,4292,61786,1351,1103,1448,3902,65688
09-01-2016,11,22663,22058,12935,4299,61955,1345,1083,1444,3872,65827
09-01-2016,12,22574,21884,12876,4228,61562,1336,1079,1437,3852,65414
09-01-2016,13,22397,21911,12839,4169,61316,1332,1072,1418,3822,65138
09-01-2016,14,22392,21943,12972,4146,61453,1349,1073,1410,3832,65285
09-01-2016,15,22396,22417,13416,4149,62378,1413,1123,1464,4000,66378
09-01-2016,16,22662,22892,13537,4458,63549,1440,1161,1529,4130,67679
09-01-2016,17,22763,23058,13640,4842,64303,1422,1141,1505,4068,68371
09-01-2016,18,22720,22760,13553,4721,63754,1396,1111,1460,3967,67721
09-01-2016,19,22356,22051,13214,4349,61970,1353,1081,1405,3839,65809
09-01-2016,20,21772,21498,12788,4044,60102,1310,1034,1338,3682,63784
09-01-2016,21,21316,20850,12909,3817,58892,1245,960,1238,3443,62335
09-01-2016,22,20783,20185,12825,3576,57369,1182,883,1166,3231,60600
09-01-2016,23,20240,19510,12440,3344,55534,1127,811,1086,3024,58558
10-01-2016,0,19636,18859,12142,3167,53804,1098,760,1030,2888,56692
10-01-2016,1,19309,18334,11915,3038,52596,1079,735,1005,2819,55415
10-01-2016,2,19072,18006,11760,2937,51775,1067,728,987,2782,54557
10-01-2016,3,18958,17782,11768,2893,51401,1068,730,983,2781,54182
10-01-2016,4,18869,17717,11814,2867,51267,1082,751,1000,2833,54100
10-01-2016,5,18984,17771,11964,2937,51656,1109,789,1063,2961,54617
10-01-2016,6,19215,18072,11900,3102,52289,1156,846,1095,3097,55386
10-01-2016,7,19495,18718,12179,3331,53723,1208,901,1155,3264,56987
10-01-2016,8,19966,19353,12239,3634,55192,1262,961,1235,3458,58650
10-01-2016,9,20511,19641,12453,3878,56483,1309,1009,1314,3632,60115
10-01-2016,10,21042,20145,12639,4092,57918,1321,1021,1345,3687,61605
10-01-2016,11,21398,20424,12736,4165,58723,1321,1014,1349,3684,62407
10-01-2016,12,21415,20715,12653,4170,58953,1320,1007,1342,3669,62622
10-01-2016,13,21440,20914,12649,4196,59199,1318,1006,1326,3650,62849
10-01-2016,14,21353,20895,12821,4200,59269,1331,1012,1329,3672,62941
10-01-2016,15,21339,21264,13261,4253,60117,1390,1025,1398,3813,63930
10-01-2016,16,21571,21781,13310,4526,61188,1427,1118,1472,4017,65205
10-01-2016,17,21610,22063,13267,4944,61884,1415,1112,1472,3999,65883
10-01-2016,18,21408,22075,13197,4840,61520,1394,1092,1441,3927,65447
10-01-2016,19,21239,21755,13003,4524,60521,1358,1065,1385,3808,64329
10-01-2016,20,20965,20979,12612,4192,58748,1316,1019,1296,3631,62379
10-01-2016,21,20592,20302,12792,3911,57597,1228,931,1197,3356,60953
10-01-2016,22,19972,19393,12684,3605,55654,1150,840,1076,3066,58720
10-01-2016,23,19130,18530,12340,3357,53357,1094,753,993,2840,56197
11-01-2016,0,18593,18000,12026,3141,51760,1057,715,954,2726,54486
11-01-2016,1,18124,17585,11738,2974,50421,1038,696,937,2671,53092
11-01-2016,2,17897,17339,11658,2942,49836,1028,692,932,2652,52488
11-01-2016,3,17872,17476,11772,2970,50090,1035,705,940,2680,52770
11-01-2016,4,17965,17760,12201,3071,50997,1069,757,991,2817,53814
11-01-2016,5,18605,18792,13182,3302,53881,1206,888,1198,3292,57173
11-01-2016,6,20098,20830,13542,3973,58443,1376,1075,1412,3863,62306
11-01-2016,7,21755,22327,13853,4651,62586,1488,1189,1546,4223,66809
11-01-2016,8,22181,22722,13747,4903,63553,1509,1230,1600,4339,67892
11-01-2016,9,22012,22572,13620,4866,63070,1509,1240,1603,4352,67422
11-01-2016,10,22005,22968,13556,4920,63449,1507,1227,1612,4346,67795
11-01-2016,11,21856,22886,13521,4912,63175,1493,1191,1589,4273,67448
11-01-2016,12,21663,22828,13474,4812,62777,1514,1213,1600,4327,67104
11-01-2016,13,21818,22816,13460,4844,62938,1507,1211,1589,4307,67245
11-01-2016,14,21838,22849,13597,4848,63132,1508,1210,1577,4295,67427
11-01-2016,15,21943,23044,13720,4720,63427,1532,1246,1584,4362,67789
11-01-2016,16,22161,23100,13615,4890,63766,1525,1247,1601,4373,68139
11-01-2016,17,21893,23044,13422,5263,63622,1492,1220,1578,4290,67912
11-01-2016,18,21718,22559,13375,5036,62688,1458,1180,1533,4171,66859
11-01-2016,19,21550,22125,13191,4793,61659,1404,1140,1491,4035,65694
11-01-2016,20,21148,21335,12646,4437,59566,1345,1073,1389,3807,63373
11-01-2016,21,20755,20585,12544,4154,58038,1263,979,1233,3475,61513
11-01-2016,22,19921,19475,12378,3785,55559,1176,876,1130,3182,58741
11-01-2016,23,18949,18518,11905,3447,52819,1105,788,1047,2940,55759
12-01-2016,0,18316,17397,11562,3215,50490,1064,743,992,2799,53289
12-01-2016,1,17972,17280,11362,3098,49712,1046,724,966,2736,52448
12-01-2016,2,17610,17171,11271,3039,49091,1038,720,957,2715,51806
12-01-2016,3,17674,17201,11346,3061,49282,1054,731,966,2751,52033
12-01-2016,4,17827,17620,11834,3162,50443,1096,782,999,2877,53320
12-01-2016,5,18581,18481,12755,3428,53245,1212,907,1212,3331,56576
12-01-2016,6,20106,20396,12983,4055,57540,1363,1068,1415,3846,61386
12-01-2016,7,21882,22364,13251,4712,62209,1466,1180,1551,4197,66406
12-01-2016,8,22484,22628,13130,4935,63177,1480,1224,1590,4294,67471
12-01-2016,9,22428,22182,13021,4934,62565,1479,1234,1602,4315,66880
12-01-2016,10,22188,22864,13049,4990,63091,1471,1224,1585,4280,67371
12-01-2016,11,22105,22905,13092,4978,63080,1454,1186,1559,4199,67279
12-01-2016,12,21813,22908,13060,4889,62670,1473,1202,1571,4246,66916
12-01-2016,13,21970,22798,13020,4908,62696,1464,1197,1553,4214,66910
12-01-2016,14,21949,22795,13103,4838,62685,1471,1195,1555,4221,66906
12-01-2016,15,22101,23055,13369,4753,63278,1495,1222,1576,4293,67571
12-01-2016,16,22416,23556,13401,4950,64323,1485,1217,1606,4308,68631
12-01-2016,17,22245,23595,13318,5313,64471,1458,1196,1579,4233,68704
12-01-2016,18,21913,23311,13268,5077,63569,1425,1154,1521,4100,67669
12-01-2016,19,21726,22839,13146,4750,62461,1382,1111,1458,3951,66412
12-01-2016,20,21488,22183,12629,4436,60736,1322,1066,1359,3747,64483
12-01-2016,21,21085,21164,12646,4162,59057,1237,964,1209,3410,62467
12-01-2016,22,20280,20208,12385,3798,56671,1147,849,1083,3079,59750
12-01-2016,23,19334,19369,11968,3430,54101,1080,773,1022,2875,56976
13-01-2016,0,18614,18351,11643,3174,51782,1040,715,946,2701,54483
13-01-2016,1,18220,18044,11418,3078,50760,1025,698,923,2646,53406
13-01-2016,2,18070,17946,11470,3059,50545,1014,698,914,2626,53171
13-01-2016,3,18121,18187,11557,3072,50937,1015,713,922,2650,53587
13-01-2016,4,18368,18763,12023,3127,52281,1063,761,983,2807,55088
13-01-2016,5,18821,19656,12856,3369,54702,1174,889,1201,3264,57966
13-01-2016,6,20285,21813,13340,4065,59503,1332,1059,1396,3787,63290
13-01-2016,7,22014,23825,13618,4793,64250,1433,1158,1517,4108,68358
13-01-2016,8,22533,24326,13524,5102,65485,1456,1196,1555,4207,69692
13-01-2016,9,22486,24189,13446,5085,65206,1452,1193,1557,4202,69408
13-01-2016,10,22623,24352,13379,5049,65403,1446,1181,1533,4160,69563
13-01-2016,11,22403,24247,13386,4774,64810,1424,1139,1499,4062,68872
13-01-2016,12,22063,24097,13282,4566,64008,1442,1161,1515,4118,68126
13-01-2016,13,21955,24209,13247,4579,63990,1436,1154,1492,4082,68072
13-01-2016,14,22006,24366,13337,4635,64344,1436,1145,1486,4067,68411
13-01-2016,15,22465,24829,13568,4661,65523,1467,1199,1508,4174,69697
13-01-2016,16,22902,25079,13597,4925,66503,1465,1221,1566,4252,70755
13-01-2016,17,22780,25251,13586,5520,67137,1447,1198,1537,4182,71319
13-01-2016,18,22634,24781,13631,5402,66448,1414,1161,1483,4058,70506
13-01-2016,19,22380,24285,13418,5044,65127,1366,1111,1434,3911,69038
13-01-2016,20,22219,23700,12868,4696,63483,1309,1041,1341,3691,67174
13-01-2016,21,21771,23125,12871,4372,62139,1228,945,1188,3361,65500
13-01-2016,22,21100,21905,12597,4025,59627,1145,842,1078,3065,62692
13-01-2016,23,20274,21039,12159,3649,57121,1080,749,1008,2837,59958
14-01-2016,0,19638,20139,11825,3406,55008,1036,736,952,2724,57732
14-01-2016,1,19293,19825,11613,3274,54005,1019,715,921,2655,56660
14-01-2016,2,19131,19707,11484,3225,53547,1010,704,917,2631,56178
14-01-2016,3,19088,19762,11567,3247,53664,1021,718,938,2677,56341
14-01-2016,4,19330,20161,12001,3323,54815,1060,755,1001,2816,57631
14-01-2016,5,19887,21196,12967,3579,57629,1189,877,1196,3262,60891
14-01-2016,6,21408,23488,13393,4221,62510,1343,1036,1408,3787,66297
14-01-2016,7,23231,25263,13528,4940,66962,1433,1155,1524,4112,71074
14-01-2016,8,23735,25560,13251,5119,67665,1457,1190,1553,4200,71865
14-01-2016,9,23518,25521,13203,5140,67382,1453,1189,1548,4190,71572
14-01-2016,10,23392,25320,13173,5209,67094,1446,1176,1542,4164,71258
14-01-2016,11,23170,25142,13183,5198,66693,1421,1137,1505,4063,70756
14-01-2016,12,22992,24669,13127,5095,65883,1440,1152,1512,4104,69987
14-01-2016,13,22925,24791,13113,5093,65922,1432,1150,1513,4095,70017
14-01-2016,14,22869,24971,13306,5048,66194,1441,1139,1499,4079,70273
14-01-2016,15,23047,25499,13567,4928,67041,1471,1184,1509,4164,71205
14-01-2016,16,23325,26041,13527,5153,68046,1482,1207,1579,4268,72314
14-01-2016,17,23264,26112,13414,5513,68303,1460,1190,1569,4219,72522
14-01-2016,18,23115,25598,13454,5301,67468,1436,1150,1521,4107,71575
14-01-2016,19,22943,25566,13320,4971,66800,1385,1109,1466,3960,70760
14-01-2016,20,22696,24867,12878,4636,65077,1331,1048,1378,3757,68834
14-01-2016,21,22266,24323,12817,4344,63750,1243,962,1230,3435,67185
14-01-2016,22,21645,23332,12591,3992,61560,1165,867,1113,3145,64705
14-01-2016,23,20736,22170,12124,3663,58693,1085,783,1064,2932,61625
15-01-2016,0,20193,21311,11848,3429,56781,1064,744,1002,2810,59591
15-01-2016,1,19874,20984,11660,3283,55801,1050,734,989,2773,58574
15-01-2016,2,19777,21266,11685,3237,55965,1053,725,986,2764,58729
15-01-2016,3,19773,21198,11768,3271,56010,1066,738,1000,2804,58814
15-01-2016,4,19945,21548,12163,3358,57014,1085,778,1074,2937,59951
15-01-2016,5,20501,22428,13110,3606,59645,1216,906,1293,3415,63060
15-01-2016,6,21901,24583,13596,4220,64300,1370,1065,1507,3942,68242
15-01-2016,7,23572,26328,13718,4903,68521,1467,1170,1616,4253,72774
15-01-2016,8,24121,26714,13533,5217,69585,1485,1218,1649,4352,73937
15-01-2016,9,23954,26581,13381,5215,69131,1475,1209,1647,4331,73462
15-01-2016,10,23766,26453,13310,5319,68848,1455,1185,1633,4273,73121
15-01-2016,11,23666,26146,13342,5240,68394,1428,1139,1578,4145,72539
15-01-2016,12,23489,25601,13275,5059,67424,1434,1151,1559,4144,71568
15-01-2016,13,23312,25036,13156,4959,66463,1412,1130,1530,4072,70535
15-01-2016,14,23193,24906,13254,4829,66182,1412,1122,1509,4043,70225
15-01-2016,15,23186,24900,13624,4754,66464,1433,1166,1514,4113,70577
15-01-2016,16,23416,25525,13709,5044,67694,1428,1207,1599,4234,71928
15-01-2016,17,23304,25635,13671,5497,68107,1402,1194,1584,4180,72287
15-01-2016,18,23101,25258,13630,5352,67341,1364,1153,1536,4053,71394
15-01-2016,19,22849,24572,13421,4928,65770,1319,1113,1495,3927,69697
15-01-2016,20,22302,23887,13000,4557,63746,1255,1062,1411,3728,67474
15-01-2016,21,21749,23209,13087,4298,62343,1183,979,1290,3452,65795
15-01-2016,22,21231,22428,12834,4039,60532,1112,903,1172,3187,63719
15-01-2016,23,20614,21951,12323,3767,58655,1047,833,1095,2975,61630
16-01-2016,0,19959,21047,11933,3537,56476,1007,790,1035,2832,59308
16-01-2016,1,19486,20652,11746,3383,55267,979,769,1033,2781,58048
16-01-2016,2,19357,20659,11711,3311,55038,967,754,1016,2737,57775
16-01-2016,3,19366,20430,11728,3282,54806,967,758,1014,2739,57545
16-01-2016,4,19384,20665,11883,3283,55215,981,774,1009,2764,57979
16-01-2016,5,19577,21053,12170,3371,56171,1028,818,1107,2953,59124
16-01-2016,6,19992,21523,12259,3555,57329,1086,890,1182,3158,60487
16-01-2016,7,20397,22292,12653,3890,59232,1155,955,1262,3372,62604
16-01-2016,8,21090,23197,12724,4229,61240,1199,1023,1346,3568,64808
16-01-2016,9,21775,23608,12876,4419,62678,1231,1069,1400,3700,66378
16-01-2016,10,22359,23887,12877,4568,63691,1220,1064,1416,3700,67391
16-01-2016,11,22300,23699,12828,4559,63386,1219,1050,1401,3670,67056
16-01-2016,12,22139,23448,12659,4490,62736,1208,1039,1359,3606,66342
16-01-2016,13,21932,23081,12552,4398,61963,1193,1025,1321,3539,65502
16-01-2016,14,21762,22782,12751,4326,61621,1207,1009,1303,3519,65140
16-01-2016,15,21882,23031,13304,4333,62550,1265,1048,1354,3667,66217
16-01-2016,16,22322,23792,13643,4607,64364,1301,1115,1481,3897,68261
16-01-2016,17,22644,24227,13738,5082,65691,1287,1112,1481,3880,69571
16-01-2016,18,22702,24014,13623,4943,65282,1280,1088,1446,3814,69096
16-01-2016,19,22495,23497,13203,4596,63791,1253,1060,1394,3707,67498
16-01-2016,20,21973,22790,12765,4333,61861,1214,1015,1324,3553,65414
16-01-2016,21,21528,22309,12783,4100,60720,1153,946,1224,3323,64043
16-01-2016,22,21016,21558,12687,3853,59114,1100,873,1126,3099,62213
16-01-2016,23,20392,20992,12231,3586,57201,1049,802,1045,2896,60097
17-01-2016,0,20023,20191,11837,3394,55445,1009,758,988,2755,58200
17-01-2016,1,19797,20029,11594,3273,54693,981,736,970,2687,57380
17-01-2016,2,19654,19887,11514,3206,54261,974,729,959,2662,56923
17-01-2016,3,19568,19884,11493,3183,54128,973,739,960,2672,56800
17-01-2016,4,19660,20000,11523,3215,54398,987,748,975,2710,57108
17-01-2016,5,19751,20351,11676,3317,55095,1031,776,1034,2841,57936
17-01-2016,6,19897,20729,11590,3515,55731,1061,830,1108,2999,58730
17-01-2016,7,20338,21362,11921,3793,57414,1108,876,1164,3148,60562
17-01-2016,8,20782,22104,12030,4095,59011,1159,940,1239,3338,62349
17-01-2016,9,21440,22782,12269,4309,60800,1199,976,1301,3476,64276
17-01-2016,10,21890,23285,12472,4377,62024,1204,979,1324,3507,65531
17-01-2016,11,22019,23092,12503,4341,61955,1191,962,1316,3469,65424
17-01-2016,12,21880,22826,12477,4238,61421,1179,952,1303,3434,64855
17-01-2016,13,21674,22819,12451,4174,61118,1170,950,1285,3405,64523
17-01-2016,14,21504,22723,12565,4167,60959,1182,956,1282,3420,64379
17-01-2016,15,21744,22998,13114,4204,62060,1239,1006,1335,3580,65640
17-01-2016,16,22223,23655,13367,4538,63783,1294,1075,1457,3826,67609
17-01-2016,17,22326,24148,13404,5159,65037,1290,1072,1466,3828,68865
17-01-2016,18,22362,24241,13465,5079,65147,1281,1052,1443,3776,68923
17-01-2016,19,22336,23944,13216,4750,64246,1237,1029,1384,3650,67896
17-01-2016,20,22213,23194,12907,4435,62749,1199,981,1298,3478,66227
17-01-2016,21,21960,22302,13121,4201,61584,1118,891,1181,3190,64774
17-01-2016,22,21488,21103,12991,3907,59489,1042,808,1058,2908,62397
17-01-2016,23,20765,20336,12657,3671,57429,976,740,981,2697,60126
18-01-2016,0,19910,20002,12325,3499,55736,939,700,938,2577,58313
18-01-2016,1,19595,19692,12166,3389,54842,922,689,911,2522,57364
18-01-2016,2,19499,19860,12165,3345,54869,920,677,907,2504,57373
18-01-2016,3,19642,19899,12341,3356,55238,933,689,929,2551,57789
18-01-2016,4,19776,20046,12767,3473,56062,967,735,1004,2706,58768
18-01-2016,5,20288,21003,13704,3761,58756,1101,871,1223,3195,61951
18-01-2016,6,21677,23357,14153,4448,63635,1265,1040,1444,3749,67384
18-01-2016,7,23403,25036,14434,5212,68085,1362,1145,1559,4066,72151
18-01-2016,8,23887,25340,14300,5457,68984,1392,1177,1594,4163,73147
18-01-2016,9,23739,25279,14224,5400,68642,1390,1177,1570,4137,72779
18-01-2016,10,23662,25523,14211,5389,68785,1380,1161,1564,4105,72890
18-01-2016,11,23547,25387,14164,5342,68440,1348,1122,1516,3986,72426
18-01-2016,12,23388,24765,14061,5272,67486,1371,1129,1503,4003,71489
18-01-2016,13,23341,24561,13973,5254,67129,1355,1118,1484,3957,71086
18-01-2016,14,23234,24487,13972,5143,66836,1356,1116,1470,3942,70778
18-01-2016,15,23235,24677,14148,5051,67111,1363,1151,1480,3994,71105
18-01-2016,16,23454,25182,14213,5203,68052,1384,1191,1557,4132,72184
18-01-2016,17,23496,25284,14113,5701,68594,1362,1174,1549,4085,72679
18-01-2016,18,23273,24890,14108,5486,67757,1327,1133,1502,3962,71719
18-01-2016,19,23033,24450,14025,5089,66597,1277,1098,1459,3834,70431
18-01-2016,20,22703,23852,13555,4753,64863,1218,1036,1373,3627,68490
18-01-2016,21,22319,23014,13504,4441,63278,1134,943,1215,3292,66570
18-01-2016,22,21730,21698,13278,4100,60806,1048,849,1088,2985,63791
18-01-2016,23,20729,20917,12911,3682,58239,983,777,1013,2773,61012
19-01-2016,0,20052,20195,12553,3507,56307,950,743,969,2662,58969
19-01-2016,1,19593,19771,12358,3395,55117,930,726,949,2605,57722
19-01-2016,2,19438,19768,12328,3421,54955,922,723,949,2594,57549
19-01-2016,3,19481,19812,12458,3419,55170,932,734,952,2618,57788
19-01-2016,4,19802,19971,12775,3473,56021,966,781,1015,2762,58783
19-01-2016,5,20293,20631,13652,3717,58293,1095,909,1233,3237,61530
19-01-2016,6,21671,22766,13994,4395,62826,1249,1078,1447,3774,66600
19-01-2016,7,23509,24507,14155,5141,67312,1343,1189,1569,4101,71413
19-01-2016,8,24021,24850,13981,5410,68262,1356,1230,1609,4195,72457
19-01-2016,9,23925,24871,13944,5296,68036,1353,1226,1608,4187,72223
19-01-2016,10,23931,24952,13951,5424,68258,1346,1202,1592,4140,72398
19-01-2016,11,23600,24841,13937,5333,67711,1328,1162,1544,4034,71745
19-01-2016,12,23343,24516,13851,5162,66872,1344,1176,1543,4063,70935
19-01-2016,13,23392,24225,13825,5110,66552,1341,1167,1532,4040,70592
19-01-2016,14,23304,24026,13735,4971,66036,1339,1155,1530,4024,70060
19-01-2016,15,23211,24435,13967,4909,66522,1355,1183,1537,4075,70597
19-01-2016,16,23660,24986,14087,5120,67853,1367,1226,1604,4197,72050
19-01-2016,17,23669,25215,14036,5653,68573,1353,1213,1585,4151,72724
19-01-2016,18,23434,24751,14064,5461,67710,1319,1167,1532,4018,71728
19-01-2016,19,23289,24286,13958,5127,66660,1278,1123,1477,3878,70538
19-01-2016,20,22999,23793,13461,4794,65047,1221,1055,1372,3648,68695
19-01-2016,21,22604,22954,13428,4466,63452,1139,950,1217,3306,66758
19-01-2016,22,21927,21857,13224,4143,61151,1049,857,1098,3004,64155
19-01-2016,23,21136,21146,12807,3790,58879,988,779,1016,2783,61662
20-01-2016,0,20426,20398,12536,3580,56940,954,749,960,2663,59603
20-01-2016,1,20115,20105,12343,3463,56026,935,725,936,2596,58622
20-01-2016,2,20016,20014,12342,3408,55780,926,713,931,2570,58350
20-01-2016,3,20002,20134,12496,3445,56077,940,719,939,2598,58675
20-01-2016,4,20075,20423,12852,3539,56889,979,771,1001,2751,59640
20-01-2016,5,20651,21199,13683,3810,59343,1109,893,1215,3217,62560
20-01-2016,6,22107,23524,14113,4466,64210,1266,1058,1432,3756,67966
20-01-2016,7,23815,25594,14406,5215,69030,1365,1165,1558,4088,73118
20-01-2016,8,24190,25708,14202,5307,69407,1379,1203,1587,4169,73576
20-01-2016,9,24115,25527,14244,5396,69282,1378,1209,1585,4172,73454
20-01-2016,10,23960,25640,14228,5446,69274,1362,1195,1564,4121,73395
20-01-2016,11,23593,25442,14132,5347,68514,1350,1156,1532,4038,72552
20-01-2016,12,23231,24912,13985,5240,67368,1364,1168,1540,4072,71440
20-01-2016,13,23198,24642,13962,5183,66985,1360,1159,1529,4048,71033
20-01-2016,14,23119,24698,13922,5119,66858,1364,1154,1530,4048,70906
20-01-2016,15,23152,25076,14141,5029,67398,1380,1185,1526,4091,71489
20-01-2016,16,23604,25605,14335,5168,68712,1392,1226,1594,4212,72924
20-01-2016,17,23636,26089,14375,5705,69805,1363,1209,1586,4158,73963
20-01-2016,18,23670,25685,14409,5541,69305,1337,1165,1536,4038,73343
20-01-2016,19,23350,25281,14240,5201,68072,1292,1126,1483,3901,71973
20-01-2016,20,22975,24639,13712,4902,66228,1244,1067,1396,3707,69935
20-01-2016,21,22652,23813,13637,4581,64683,1157,970,1241,3368,68051
20-01-2016,22,22006,22803,13439,4228,62476,1081,880,1114,3075,65551
20-01-2016,23,21458,21832,13044,3898,60232,1022,805,1036,2863,63095
21-01-2016,0,20579,21065,12743,3712,58099,982,766,997,2745,60844
21-01-2016,1,20139,20746,12512,3591,56988,965,750,973,2688,59676
21-01-2016,2,20045,20766,12407,3553,56771,962,749,972,2683,59454
21-01-2016,3,20078,20644,12553,3562,56837,971,758,987,2716,59553
21-01-2016,4,20240,21014,12933,3647,57834,1010,805,1054,2869,60703
21-01-2016,5,20825,21970,13785,3918,60498,1141,931,1264,3336,63834
21-01-2016,6,22244,23894,14071,4562,64771,1293,1095,1480,3868,68639
21-01-2016,7,23997,25919,14199,5328,69443,1383,1197,1609,4189,73632
21-01-2016,8,24485,26064,14060,5550,70159,1406,1238,1648,4292,74451
21-01-2016,9,24307,25990,14051,5438,69786,1405,1237,1653,4295,74081
21-01-2016,10,24102,25871,13993,5433,69399,1389,1208,1617,4214,73613
21-01-2016,11,23900,25369,13997,5381,68647,1373,1163,1566,4102,72749
21-01-2016,12,23506,25135,13932,5253,67826,1387,1166,1570,4123,71949
21-01-2016,13,23381,24687,13858,5252,67178,1376,1147,1554,4077,71255
21-01-2016,14,23357,24521,13887,5182,66947,1378,1138,1562,4078,71025
21-01-2016,15,23320,24955,14042,5113,67430,1394,1173,1555,4122,71552
21-01-2016,16,23665,25475,14316,5279,68735,1410,1224,1635,4269,73004
21-01-2016,17,23755,25831,14346,5816,69748,1379,1215,1641,4235,73983
21-01-2016,18,23636,25399,14395,5632,69062,1352,1172,1599,4123,73185
21-01-2016,19,23439,25096,14329,5258,68122,1313,1129,1555,3997,72119
21-01-2016,20,23109,24685,13724,4944,66462,1261,1074,1462,3797,70259
21-01-2016,21,22685,23616,13726,4634,64661,1181,983,1314,3478,68139
21-01-2016,22,22091,22769,13611,4262,62733,1103,888,1190,3181,65914
21-01-2016,23,21318,21731,13264,3922,60235,1048,814,1125,2987,63222
22-01-2016,0,20602,20965,13013,3701,58281,1011,775,1066,2852,61133
22-01-2016,1,20289,20585,12891,3586,57351,991,753,1044,2788,60139
22-01-2016,2,20091,20333,12920,3537,56881,994,747,1037,2778,59659
22-01-2016,3,20032,20306,13072,3540,56950,1000,764,1039,2803,59753
22-01-2016,4,20113,20765,13510,3612,58000,1029,803,1096,2928,60928
22-01-2016,5,20636,21609,14333,3879,60457,1160,916,1307,3383,63840
22-01-2016,6,21952,23772,14527,4529,64780,1314,1077,1498,3889,68669
22-01-2016,7,23603,26010,14771,5257,69641,1408,1176,1621,4205,73846
22-01-2016,8,24007,25739,14617,5464,69827,1430,1220,1656,4306,74133
22-01-2016,9,23821,25322,14722,5476,69341,1424,1207,1644,4275,73616
22-01-2016,10,23780,25053,14756,5443,69032,1417,1185,1631,4233,73265
22-01-2016,11,23749,25150,14597,5326,68822,1394,1143,1581,4118,72940
22-01-2016,12,23585,24881,14439,5115,68020,1394,1149,1570,4113,72133
22-01-2016,13,23332,24148,14256,4885,66621,1380,1142,1545,4067,70688
22-01-2016,14,23122,23810,14170,4755,65857,1375,1130,1527,4032,69889
22-01-2016,15,23127,24215,14294,4692,66328,1392,1150,1512,4054,70382
22-01-2016,16,23066,24721,14389,4899,67075,1444,1205,1594,4243,71318
22-01-2016,17,22983,24880,14297,5463,67623,1427,1193,1569,4189,71812
22-01-2016,18,22844,24243,14156,5314,66557,1395,1147,1526,4068,70625
22-01-2016,19,22441,23432,13757,4912,64542,1354,1107,1462,3923,68465
22-01-2016,20,21871,22418,13322,4542,62153,1294,1053,1374,3721,65874
22-01-2016,21,21198,21370,13286,4287,60141,1203,969,1259,3431,63572
22-01-2016,22,20607,20586,12981,3996,58170,1115,888,1144,3147,61317
22-01-2016,23,19956,19899,12412,3710,55977,1062,816,1067,2945,58922
23-01-2016,0,19290,19092,12037,3460,53879,1020,774,1016,2810,56689
23-01-2016,1,18783,18868,11733,3327,52711,995,750,987,2732,55443
23-01-2016,2,18542,18578,11529,3247,51896,985,742,980,2707,54603
23-01-2016,3,18467,18543,11444,3238,51692,984,750,981,2715,54407
23-01-2016,4,18501,18401,11502,3276,51680,1006,773,1008,2787,54467
23-01-2016,5,18535,18421,11742,3368,52066,1041,820,1085,2946,55012
23-01-2016,6,18805,18795,11814,3568,52982,1103,892,1177,3172,56154
23-01-2016,7,19314,19713,12078,3919,55024,1162,954,1255,3371,58395
23-01-2016,8,20054,20328,12037,4254,56673,1214,1027,1356,3597,60270
23-01-2016,9,20542,21204,12051,4462,58259,1249,1063,1412,3724,61983
23-01-2016,10,20956,21634,12051,4574,59215,1251,1062,1419,3732,62947
23-01-2016,11,21147,21670,11978,4611,59406,1236,1051,1402,3689,63095
23-01-2016,12,21046,21503,11914,4485,58948,1226,1036,1375,3637,62585
23-01-2016,13,20811,21334,11784,4389,58318,1209,1023,1340,3572,61890
23-01-2016,14,20619,21306,11884,4302,58111,1208,1018,1312,3538,61649
23-01-2016,15,20604,21316,12286,4281,58487,1246,1041,1340,3627,62114
23-01-2016,16,20955,22109,12675,4490,60229,1302,1112,1456,3870,64099
23-01-2016,17,21262,22506,12749,5013,61530,1285,1102,1467,3854,65384
23-01-2016,18,21143,22094,12447,4916,60600,1253,1079,1438,3770,64370
23-01-2016,19,20760,21261,12015,4530,58566,1213,1051,1390,3654,62220
23-01-2016,20,20228,20522,11549,4204,56503,1165,998,1317,3480,59983
23-01-2016,21,19746,19938,11677,3959,55320,1099,919,1211,3229,58549
23-01-2016,22,19045,19250,11510,3708,53513,1048,853,1125,3026,56539
23-01-2016,23,18615,18424,11065,3434,51538,990,791,1065,2846,54384
24-01-2016,0,18158,17541,10635,3229,49563,950,750,1009,2709,52272
24-01-2016,1,17760,17248,10383,3097,48488,934,731,981,2646,51134
24-01-2016,2,17437,17106,10258,3022,47823,925,717,972,2614,50437
24-01-2016,3,17329,17025,10212,2971,47537,924,718,971,2613,50150
24-01-2016,4,17343,17145,10271,2975,47734,935,739,988,2662,50396
24-01-2016,5,17557,17185,10433,3060,48235,969,781,1040,2790,51025
24-01-2016,6,17704,17433,10449,3244,48830,1019,830,1113,2962,51792
24-01-2016,7,18149,18206,10666,3515,50536,1068,872,1165,3105,53641
24-01-2016,8,18694,18570,10731,3789,51784,1123,936,1265,3324,55108
24-01-2016,9,19264,19222,10908,4067,53461,1168,982,1325,3475,56936
24-01-2016,10,19642,19764,11056,4214,54676,1182,996,1342,3520,58196
24-01-2016,11,19761,19884,11089,4250,54984,1192,993,1333,3518,58502
24-01-2016,12,19674,19968,10997,4204,54843,1187,993,1310,3490,58333
24-01-2016,13,19717,19778,11011,4156,54662,1182,988,1295,3465,58127
24-01-2016,14,19697,19757,11079,4134,54667,1183,996,1287,3466,58133
24-01-2016,15,19855,20002,11366,4184,55407,1213,1027,1329,3569,58976
24-01-2016,16,20249,20849,11692,4447,57237,1274,1102,1441,3817,61054
24-01-2016,17,20390,21269,11730,4950,58339,1266,1103,1456,3825,62164
24-01-2016,18,20142,20908,11674,4846,57570,1250,1080,1437,3767,61337
24-01-2016,19,19894,20254,11488,4533,56169,1210,1049,1384,3643,59812
24-01-2016,20,19662,19894,11125,4231,54912,1160,1006,1298,3464,58376
24-01-2016,21,19331,19056,11292,3959,53638,1082,917,1171,3170,56808
24-01-2016,22,18717,18051,11162,3675,51605,1013,813,1058,2884,54489
24-01-2016,23,18062,17449,10760,3424,49695,956,746,979,2681,52376
25-01-2016,0,17385,17008,10479,3161,48033,913,712,936,2561,50594
25-01-2016,1,17047,16812,10194,3066,47119,899,695,937,2531,49650
25-01-2016,2,16876,16656,10094,3025,46651,893,696,931,2520,49171
25-01-2016,3,16876,16843,10149,3009,46877,903,702,948,2553,49430
25-01-2016,4,17010,17148,10654,3115,47927,944,741,990,2675,50602
25-01-2016,5,17526,17937,11570,3388,50421,1078,872,1206,3156,53577
25-01-2016,6,18915,20171,12139,4085,55310,1237,1039,1418,3694,59004
25-01-2016,7,20743,22042,12379,4859,60023,1327,1133,1544,4004,64027
25-01-2016,8,21242,22287,12194,5068,60791,1365,1176,1580,4121,64912
25-01-2016,9,20865,21966,12162,5068,60061,1368,1172,1573,4113,64174
25-01-2016,10,20791,22204,12065,5119,60179,1364,1157,1569,4090,64269
25-01-2016,11,20542,22022,12082,5085,59731,1347,1115,1535,3997,63728
25-01-2016,12,20365,21811,11961,4958,59095,1359,1135,1542,4036,63131
25-01-2016,13,20241,21592,11940,4956,58729,1339,1136,1531,4006,62735
25-01-2016,14,20272,21457,11910,4876,58515,1333,1133,1519,3985,62500
25-01-2016,15,20244,21579,12099,4739,58661,1333,1154,1503,3990,62651
25-01-2016,16,20352,22100,12292,4842,59586,1363,1182,1568,4113,63699
25-01-2016,17,20427,22504,12192,5375,60498,1332,1168,1554,4054,64552
25-01-2016,18,20169,21913,12145,5175,59402,1297,1127,1512,3936,63338
25-01-2016,19,19863,21297,12009,4843,58012,1244,1083,1447,3774,61786
25-01-2016,20,19504,20568,11638,4433,56143,1181,1020,1342,3543,59686
25-01-2016,21,18952,19781,11695,4085,54513,1104,926,1187,3217,57730
25-01-2016,22,18184,18470,11411,3640,51705,1017,836,1052,2905,54610
25-01-2016,23,17247,17482,10934,3353,49016,948,760,973,2681,51697
26-01-2016,0,16696,16859,10614,3204,47373,910,713,927,2550,49923
26-01-2016,1,16371,16310,10378,3055,46114,899,701,933,2533,48647
26-01-2016,2,16073,16050,10254,2988,45365,907,686,924,2517,47882
26-01-2016,3,15974,16054,10411,2971,45410,912,690,936,2538,47948
26-01-2016,4,16350,16142,10817,3022,46331,952,730,971,2653,48984
26-01-2016,5,16989,16941,11528,3245,48703,1070,859,1182,3111,51814
26-01-2016,6,18074,18867,12050,3983,52974,1217,1022,1395,3634,56608
26-01-2016,7,19625,20753,12328,4805,57511,1317,1132,1507,3956,61467
26-01-2016,8,20229,21188,12191,4957,58565,1338,1179,1546,4063,62628
26-01-2016,9,20041,20980,12044,4998,58063,1344,1186,1536,4066,62129
26-01-2016,10,19763,21056,11919,5038,57776,1354,1172,1543,4069,61845
26-01-2016,11,19573,20833,11869,4934,57209,1331,1138,1518,3987,61196
26-01-2016,12,19517,20721,11763,4828,56829,1346,1156,1535,4037,60866
26-01-2016,13,19574,20914,11698,4864,57050,1327,1148,1517,3992,61042
26-01-2016,14,19747,20594,11645,4800,56786,1325,1137,1501,3963,60749
26-01-2016,15,19858,20715,11792,4701,57066,1325,1146,1510,3981,61047
26-01-2016,16,20039,21251,11939,4857,58086,1342,1165,1545,4052,62138
26-01-2016,17,20201,21591,11870,5299,58961,1307,1147,1521,3975,62936
26-01-2016,18,19933,20877,11797,5097,57704,1258,1110,1466,3834,61538
26-01-2016,19,19702,20199,11498,4806,56205,1215,1060,1402,3677,59882
26-01-2016,20,19150,19527,10988,4451,54116,1145,997,1303,3445,57561
26-01-2016,21,18627,18805,10983,4117,52532,1067,899,1139,3105,55637
26-01-2016,22,17827,17737,10669,3785,50018,981,801,1014,2796,52814
26-01-2016,23,16953,16711,10171,3464,47299,922,723,964,2609,49908
27-01-2016,0,16323,16345,9798,3256,45722,891,691,926,2508,48230
27-01-2016,1,15884,16189,9617,3173,44863,866,672,911,2449,47312
27-01-2016,2,15680,15969,9561,3083,44293,870,661,905,2436,46729
27-01-2016,3,15646,16059,9604,3047,44356,879,670,915,2464,46820
27-01-2016,4,15723,16247,10041,3100,45111,905,719,967,2591,47702
27-01-2016,5,16296,17064,10903,3297,47560,1037,842,1156,3035,50595
27-01-2016,6,17793,19159,11477,4005,52434,1196,1000,1364,3560,55994
27-01-2016,7,19156,20777,11664,4763,56360,1284,1105,1487,3876,60236
27-01-2016,8,19535,20792,11495,4992,56814,1311,1161,1532,4004,60818
27-01-2016,9,19299,20707,11406,4964,56376,1315,1161,1529,4005,60381
27-01-2016,10,19240,20723,11414,5059,56436,1309,1130,1512,3951,60387
27-01-2016,11,19078,20677,11322,5039,56116,1287,1100,1488,3875,59991
27-01-2016,12,18828,20372,11196,4942,55338,1307,1112,1501,3920,59258
27-01-2016,13,18851,20069,11162,4926,55008,1289,1101,1485,3875,58883
27-01-2016,14,18884,20183,11102,4834,55003,1287,1094,1477,3858,58861
27-01-2016,15,18963,20440,11267,4615,55285,1293,1099,1466,3858,59143
27-01-2016,16,19311,21121,11553,4671,56656,1322,1129,1505,3956,60612
27-01-2016,17,19628,21519,11561,5098,57806,1299,1114,1494,3907,61713
27-01-2016,18,19402,20786,11587,4792,56567,1259,1071,1436,3766,60333
27-01-2016,19,19109,20341,11428,4437,55315,1210,1027,1372,3609,58924
27-01-2016,20,18845,19637,10907,4131,53520,1155,975,1279,3409,56929
27-01-2016,21,18398,18649,10889,3821,51757,1063,876,1121,3060,54817
27-01-2016,22,17915,17579,10593,3459,49546,981,787,1013,2781,52327
27-01-2016,23,17034,16670,10085,3187,46976,914,713,943,2570,49546
28-01-2016,0,16449,15808,9704,2929,44890,879,676,896,2451,47341
28-01-2016,1,16091,15806,9463,2838,44198,863,655,876,2394,46592
28-01-2016,2,15979,15757,9434,2814,43984,862,644,866,2372,46356
28-01-2016,3,15972,15840,9532,2846,44190,865,652,875,2392,46582
28-01-2016,4,16014,15979,9947,2897,44837,898,691,945,2534,47371
28-01-2016,5,16623,16366,10849,3182,47020,1032,810,1139,2981,50001
28-01-2016,6,17942,18080,11437,3843,51302,1176,959,1379,3514,54816
28-01-2016,7,19696,20014,11644,4598,55952,1262,1060,1517,3839,59791
28-01-2016,8,20241,20579,11476,4768,57064,1285,1114,1564,3963,61027
28-01-2016,9,19782,20434,11485,4736,56437,1285,1114,1509,3908,60345
28-01-2016,10,19600,20714,11505,4708,56527,1275,1097,1476,3848,60375
28-01-2016,11,19363,20673,11458,4694,56188,1260,1054,1446,3760,59948
28-01-2016,12,19022,20751,11333,4581,55687,1289,1078,1447,3814,59501
28-01-2016,13,18925,20553,11293,4597,55368,1276,1070,1427,3773,59141
28-01-2016,14,19012,20420,11343,4514,55289,1278,1061,1416,3755,59044
28-01-2016,15,19223,20488,11619,4567,55897,1289,1080,1395,3764,59661
28-01-2016,16,19607,21161,11822,4724,57314,1323,1118,1448,3889,61203
28-01-2016,17,19941,21957,11776,5286,58960,1304,1106,1452,3862,62822
28-01-2016,18,19721,21680,11789,5124,58314,1271,1064,1391,3726,62040
28-01-2016,19,19408,21006,11661,4788,56863,1224,1018,1334,3576,60439
28-01-2016,20,19139,20380,11174,4460,55153,1169,956,1236,3361,58514
28-01-2016,21,18738,19448,11170,4157,53513,1090,856,1107,3053,56566
28-01-2016,22,18125,18387,10893,3792,51197,1012,764,981,2757,53954
28-01-2016,23,17199,17130,10415,3433,48177,942,694,914,2550,50727
29-01-2016,0,16594,16375,10095,3242,46306,896,647,859,2402,48708
29-01-2016,1,16202,16174,9913,3125,45414,877,628,847,2352,47766
29-01-2016,2,16029,15986,9834,3108,44957,866,618,842,2326,47283
29-01-2016,3,15937,15874,9936,3110,44857,872,632,852,2356,47213
29-01-2016,4,15947,15992,10370,3145,45454,902,674,909,2485,47939
29-01-2016,5,16362,16898,11248,3392,47900,1028,788,1094,2910,50810
29-01-2016,6,17672,18763,11882,4089,52406,1178,941,1297,3416,55822
29-01-2016,7,19247,20679,12070,4804,56800,1262,1037,1410,3709,60509
29-01-2016,8,19754,21034,11962,4924,57674,1295,1091,1448,3834,61508
29-01-2016,9,19542,20874,11928,4923,57267,1293,1088,1450,3831,61098
29-01-2016,10,19618,21163,11878,5086,57745,1284,1076,1454,3814,61559
29-01-2016,11,19501,21142,11785,5014,57442,1245,1049,1431,3725,61167
29-01-2016,12,19368,20746,11706,4875,56695,1258,1063,1424,3745,60440
29-01-2016,13,19305,20473,11608,4777,56163,1246,1054,1393,3693,59856
29-01-2016,14,19109,20295,11551,4609,55564,1239,1036,1356,3631,59195
29-01-2016,15,18915,20162,11749,4400,55226,1251,1037,1338,3626,58852
29-01-2016,16,19074,20851,11900,4512,56337,1289,1065,1410,3764,60101
29-01-2016,17,19216,20927,11895,4914,56952,1260,1054,1421,3735,60687
29-01-2016,18,19182,20585,11813,4791,56371,1222,1009,1371,3602,59973
29-01-2016,19,18819,19825,11540,4437,54621,1184,974,1309,3467,58088
29-01-2016,20,18188,18818,11095,4073,52174,1120,942,1220,3282,55456
29-01-2016,21,18015,18226,11105,3857,51203,1046,860,1103,3009,54212
29-01-2016,22,17598,17735,10825,3619,49777,971,772,996,2739,52516
29-01-2016,23,16829,16788,10257,3314,47188,892,700,914,2506,49694
30-01-2016,0,16246,16185,9844,3088,45363,854,646,867,2367,47730
30-01-2016,1,16024,15904,9508,2949,44385,845,616,835,2296,46681
30-01-2016,2,15840,15554,9423,2855,43672,830,598,820,2248,45920
30-01-2016,3,15687,15374,9357,2858,43276,819,605,818,2242,45518
30-01-2016,4,15660,15528,9469,2908,43565,822,623,839,2284,45849
30-01-2016,5,15799,15754,9710,2980,44243,874,669,911,2454,46697
30-01-2016,6,16183,16261,9912,3187,45543,923,736,995,2654,48197
30-01-2016,7,16740,17060,10105,3488,47393,965,781,1060,2806,50199
30-01-2016,8,17551,17306,10157,3777,48791,1022,852,1136,3010,51801
30-01-2016,9,18229,17946,10213,3638,50026,1060,894,1196,3150,53176
30-01-2016,10,18743,18315,10287,3848,51193,1066,902,1218,3186,54379
30-01-2016,11,18732,18263,10287,3810,51092,1061,900,1215,3176,54268
30-01-2016,12,18552,18332,10209,3955,51048,1059,902,1205,3166,54214
30-01-2016,13,18558,18170,10193,3946,50867,1055,898,1185,3138,54005
30-01-2016,14,18410,18081,10317,3878,50686,1059,900,1171,3130,53816
30-01-2016,15,18348,18348,10687,3901,51284,1091,910,1200,3201,54485
30-01-2016,16,18924,19338,11225,4030,53517,1141,968,1286,3395,56912
30-01-2016,17,19276,20079,11252,4561,55168,1130,966,1292,3388,58556
30-01-2016,18,19203,19775,11054,4512,54544,1105,939,1257,3301,57845
30-01-2016,19,19055,19149,10703,4208,53115,1062,913,1204,3179,56294
30-01-2016,20,18500,18592,10300,3915,51307,1011,853,1136,3000,54307
30-01-2016,21,18101,17904,10467,3648,50120,952,775,1037,2764,52884
30-01-2016,22,17615,17273,10299,3492,48679,898,714,963,2575,51254
30-01-2016,23,17049,16722,9957,3311,47039,852,671,902,2425,49464
31-01-2016,0,16439,16333,9653,3123,45548,820,648,854,2322,47870
31-01-2016,1,16130,16000,9364,3031,44525,798,621,820,2239,46764
31-01-2016,2,15981,15785,9202,2946,43914,789,600,807,2196,46110
31-01-2016,3,15946,15669,9166,2962,43743,786,601,805,2192,45935
31-01-2016,4,16056,15921,9217,2961,44155,798,621,827,2246,46401
31-01-2016,5,16104,15982,9394,3037,44517,831,656,890,2377,46894
31-01-2016,6,16307,16243,9429,3128,45107,877,710,923,2510,47617
31-01-2016,7,16569,16931,9587,3428,46515,910,742,964,2616,49131
31-01-2016,8,16962,17310,9707,3639,47618,971,799,1053,2823,50441
31-01-2016,9,17685,17935,9892,3915,49427,1014,842,1122,2978,52405
31-01-2016,10,18090,18271,10069,3989,50419,1027,854,1151,3032,53451
31-01-2016,11,18076,18432,10122,4015,50645,1027,857,1164,3048,53693
31-01-2016,12,18053,18487,10046,4019,50605,1022,865,1161,3048,53653
31-01-2016,13,18043,18328,9948,4015,50334,1025,867,1149,3041,53375
31-01-2016,14,17950,18230,10035,3974,50189,1030,858,1145,3033,53222
31-01-2016,15,17950,18722,10266,3997,50935,1064,886,1171,3121,54056
31-01-2016,16,18332,19551,10760,4152,52795,1137,959,1275,3371,56166
31-01-2016,17,19030,20286,10844,4769,54929,1144,979,1302,3425,58354
31-01-2016,18,19056,20190,10825,4759,54830,1135,970,1277,3382,58212
31-01-2016,19,19029,19929,10651,4456,54065,1097,941,1223,3261,57326
31-01-2016,20,18862,19470,10326,4113,52771,1041,862,1144,3047,55818
31-01-2016,21,18490,18730,10479,3840,51539,965,791,1030,2786,54325
31-01-2016,22,17983,17892,10335,3554,49764,900,729,940,2569,52333
31-01-2016,23,17409,17244,9943,3274,47870,841,655,869,2365,50235
01-02-2016,0,16914,16625,9594,3127,46260,814,623,826,2263,48523
01-02-2016,1,16580,16461,9396,3075,45512,776,605,815,2196,47708
01-02-2016,2,16557,16399,9376,3039,45371,769,594,810,2173,47544
01-02-2016,3,16669,16621,9493,3074,45857,777,594,827,2198,48055
01-02-2016,4,16843,16991,9894,3172,46900,816,648,899,2363,49263
01-02-2016,5,17514,17880,10865,3423,49682,950,768,1095,2813,52495
01-02-2016,6,18909,20084,11557,4107,54657,1114,932,1310,3356,58013
01-02-2016,7,20812,22189,11729,4875,59605,1202,1023,1416,3641,63246
01-02-2016,8,21326,22635,11692,5064,60717,1242,1068,1460,3770,64487
01-02-2016,9,20981,22376,11620,5090,60067,1244,1069,1453,3766,63833
01-02-2016,10,20739,22506,11655,5152,60052,1254,1057,1443,3754,63806
01-02-2016,11,20814,22490,11574,5171,60049,1244,1031,1412,3687,63736
01-02-2016,12,20833,21980,11448,5019,59280,1259,1058,1433,3750,63030
01-02-2016,13,20818,21984,11294,5077,59173,1249,1047,1412,3708,62881
01-02-2016,14,20799,22231,11337,4982,59349,1242,1045,1396,3683,63032
01-02-2016,15,20529,22240,11564,4821,59154,1240,1044,1386,3670,62824
01-02-2016,16,20610,22039,11895,4857,59401,1278,1086,1462,3826,63227
01-02-2016,17,20561,22358,11869,5313,60101,1262,1083,1454,3799,63900
01-02-2016,18,20138,22141,11815,5137,59231,1218,1042,1385,3645,62876
01-02-2016,19,19827,21367,11625,4796,57615,1174,1006,1352,3532,61147
01-02-2016,20,19600,20270,11190,4422,55482,1123,950,1252,3325,58807
01-02-2016,21,19018,19822,11146,4063,54049,1044,860,1127,3031,57080
01-02-2016,22,18502,18660,10896,3752,51810,947,748,1003,2698,54508
01-02-2016,23,17701,17899,10419,3446,49465,893,683,930,2506,51971
02-02-2016,0,16992,16939,10045,3259,47235,863,670,880,2413,49648
02-02-2016,1,16826,16891,9793,3187,46697,845,653,856,2354,49051
02-02-2016,2,16454,16775,9704,3116,46049,852,635,841,2328,48377
02-02-2016,3,16393,16716,9899,3121,46129,872,646,845,2363,48492
02-02-2016,4,16569,16884,10303,3204,46960,909,684,903,2496,49456
02-02-2016,5,17130,17650,11214,3456,49450,1010,797,1105,2912,52362
02-02-2016,6,18461,19591,11773,4001,53826,1162,948,1281,3391,57217
02-02-2016,7,20123,21157,11875,4760,57915,1239,1033,1384,3656,61571
02-02-2016,8,20311,20971,11702,4949,57933,1268,1080,1457,3805,61738
02-02-2016,9,20180,21178,11659,4951,57968,1269,1078,1450,3797,61765
02-02-2016,10,20060,21213,11653,5000,57926,1284,1058,1408,3750,61676
02-02-2016,11,19830,21033,11714,4965,57542,1263,1027,1405,3695,61237
02-02-2016,12,19677,21009,11634,4871,57191,1282,1050,1423,3755,60946
02-02-2016,13,19699,20720,11572,4874,56865,1259,1042,1385,3686,60551
02-02-2016,14,19683,20933,11524,4781,56921,1259,1037,1368,3664,60585
02-02-2016,15,19764,21198,11576,4655,57193,1233,1054,1353,3640,60833
02-02-2016,16,20076,21639,11902,4691,58308,1267,1080,1401,3748,62056
02-02-2016,17,20173,21953,11895,5196,59217,1245,1082,1423,3750,62967
02-02-2016,18,19963,21537,11942,5043,58485,1214,1042,1383,3639,62124
02-02-2016,19,19653,20934,11713,4702,57002,1171,1001,1329,3501,60503
02-02-2016,20,19287,20354,11173,4371,55185,1121,940,1227,3288,58473
02-02-2016,21,18860,19744,11137,4080,53821,1039,846,1092,2977,56798
02-02-2016,22,18281,18772,10862,3744,51659,957,757,971,2685,54344
02-02-2016,23,17421,17645,10413,3389,48868,892,688,901,2481,51349
03-02-2016,0,16801,16746,10084,3188,46819,859,651,855,2365,49184
03-02-2016,1,16414,16451,9863,3077,45805,840,634,831,2305,48110
03-02-2016,2,16335,16417,9794,3039,45585,834,625,827,2286,47871
03-02-2016,3,16436,16434,9851,3054,45775,840,637,835,2312,48087
03-02-2016,4,16503,16520,10226,3143,46392,863,677,896,2436,48828
03-02-2016,5,17003,17252,11146,3405,48806,992,794,1066,2852,51658
03-02-2016,6,18516,19339,11592,4105,53552,1151,953,1280,3384,56936
03-02-2016,7,20300,21223,11612,4842,57977,1234,1046,1397,3677,61654
03-02-2016,8,20899,21698,11578,5014,59189,1259,1090,1431,3780,62969
03-02-2016,9,20590,21819,11542,5032,58983,1265,1091,1432,3788,62771
03-02-2016,10,20251,21663,11579,5055,58548,1265,1088,1427,3780,62328
03-02-2016,11,19895,21567,11541,4982,57985,1246,1047,1402,3695,61680
03-02-2016,12,19439,21203,11479,4893,57014,1279,1066,1412,3757,60771
03-02-2016,13,19563,21086,11367,4860,56876,1268,1064,1386,3718,60594
03-02-2016,14,19408,20941,11295,4708,56352,1271,1054,1369,3694,60046
03-02-2016,15,19573,20823,11492,4599,56487,1268,1053,1352,3673,60160
03-02-2016,16,19885,21381,11949,4659,57874,1308,1082,1406,3796,61670
03-02-2016,17,20315,22217,11969,5206,59707,1291,1097,1438,3826,63533
03-02-2016,18,19996,21835,11988,5127,58946,1250,1056,1393,3699,62645
03-02-2016,19,19872,21102,11749,4790,57513,1204,1016,1339,3559,61072
03-02-2016,20,19640,20749,11186,4465,56040,1152,955,1245,3352,59392
03-02-2016,21,19187,19788,11163,4145,54283,1068,854,1136,3058,57341
03-02-2016,22,18560,18889,10974,3805,52228,975,769,1008,2752,54980
03-02-2016,23,17844,18035,10487,3482,49848,916,694,940,2550,52398
04-02-2016,0,17255,17260,10289,3270,48074,880,657,896,2433,50507
04-02-2016,1,16971,17035,10141,3162,47309,860,645,868,2373,49682
04-02-2016,2,16804,16883,10042,3109,46838,858,639,864,2361,49199
04-02-2016,3,16761,17006,10136,3189,47092,866,646,875,2387,49479
04-02-2016,4,17083,17390,10551,3292,48316,896,698,938,2532,50848
04-02-2016,5,17589,18095,11388,3499,50571,1021,816,1132,2969,53540
04-02-2016,6,19139,20226,11976,4235,55576,1169,972,1324,3465,59041
04-02-2016,7,21004,22266,11883,4908,60061,1241,1064,1419,3724,63785
04-02-2016,8,21245,22274,11801,5026,60346,1276,1107,1499,3882,64228
04-02-2016,9,20913,22449,11760,4975,60097,1263,1096,1501,3860,63957
04-02-2016,10,20715,22407,11705,5003,59830,1264,1075,1472,3811,63641
04-02-2016,11,20418,22136,11650,4867,59071,1240,1050,1464,3754,62825
04-02-2016,12,20063,21803,11586,4760,58212,1267,1075,1483,3825,62037
04-02-2016,13,19854,21307,11482,4757,57400,1248,1074,1422,3744,61144
04-02-2016,14,19605,20879,11493,4689,56666,1243,1064,1412,3719,60385
04-02-2016,15,19635,20834,11545,4561,56575,1233,1068,1392,3693,60268
04-02-2016,16,20183,21266,11938,4641,58028,1280,1101,1448,3829,61857
04-02-2016,17,20780,22179,12073,5201,60233,1271,1116,1477,3864,64097
04-02-2016,18,20705,21964,12051,5158,59878,1237,1069,1435,3741,63619
04-02-2016,19,20517,21671,11901,4786,58875,1204,1030,1380,3614,62489
04-02-2016,20,20241,21094,11459,4492,57286,1142,966,1269,3377,60663
04-02-2016,21,19897,20340,11364,4228,55829,1054,868,1149,3071,58900
04-02-2016,22,19187,19421,11080,3863,53551,976,777,1006,2759,56310
04-02-2016,23,18071,18349,10605,3499,50524,910,693,933,2536,53060
05-02-2016,0,17542,17435,10307,3294,48578,870,658,893,2421,50999
05-02-2016,1,17305,16864,10124,3181,47474,845,643,868,2356,49830
05-02-2016,2,17131,17145,10075,3139,47490,835,631,861,2327,49817
05-02-2016,3,17256,17104,10160,3130,47650,847,639,868,2354,50004
05-02-2016,4,17362,17354,10482,3208,48406,879,695,933,2507,50913
05-02-2016,5,17815,18248,11422,3500,50985,1000,803,1107,2910,53895
05-02-2016,6,19268,20487,11985,4181,55921,1155,960,1305,3420,59341
05-02-2016,7,21224,22389,12052,4915,60580,1239,1046,1402,3687,64267
05-02-2016,8,21643,22553,12022,5040,61258,1273,1091,1443,3807,65065
05-02-2016,9,21490,22482,12043,5065,61080,1268,1086,1406,3760,64840
05-02-2016,10,21414,22621,12034,5156,61225,1275,1070,1344,3689,64914
05-02-2016,11,21058,22211,12045,5080,60394,1256,1029,1356,3641,64035
05-02-2016,12,20822,21890,11918,4911,59541,1279,1043,1374,3696,63237
05-02-2016,13,20532,21545,11740,4809,58626,1267,1034,1334,3635,62261
05-02-2016,14,20701,21265,11643,4663,58272,1254,1016,1312,3582,61854
05-02-2016,15,20386,21346,11778,4559,58069,1226,1016,1293,3535,61604
05-02-2016,16,20565,21844,12247,4640,59296,1274,1056,1374,3704,63000
05-02-2016,17,20749,22294,12328,5103,60474,1266,1073,1418,3757,64231
05-02-2016,18,20389,21830,12256,4974,59449,1241,1032,1380,3653,63102
05-02-2016,19,19964,20974,12006,4574,57518,1201,993,1316,3510,61028
05-02-2016,20,19384,19842,11555,4227,55008,1140,936,1238,3314,58322
05-02-2016,21,18691,18799,11544,3994,53028,1053,850,1136,3039,56067
05-02-2016,22,18119,17923,11259,3677,50978,994,782,1025,2801,53779
05-02-2016,23,17478,17196,10842,3373,48889,927,702,946,2575,51464
06-02-2016,0,16914,16572,10463,3091,47040,886,656,893,2435,49475
06-02-2016,1,16530,16503,10240,2936,46209,862,635,881,2378,48587
06-02-2016,2,16232,16204,10116,2866,45418,851,621,870,2342,47760
06-02-2016,3,16146,16038,10112,2874,45170,851,629,873,2353,47523
06-02-2016,4,16087,15949,10235,2882,45153,867,650,895,2412,47565
06-02-2016,5,16159,16086,10489,2967,45701,906,694,972,2572,48273
06-02-2016,6,16531,16403,10666,3157,46757,958,754,1013,2725,49482
06-02-2016,7,17056,17113,10769,3482,48420,995,806,1082,2883,51303
06-02-2016,8,17651,17803,10893,3793,50140,1055,871,1184,3110,53250
06-02-2016,9,18316,18622,11043,4065,52046,1081,901,1248,3230,55276
06-02-2016,10,18538,18961,11018,4148,52665,1085,902,1232,3219,55884
06-02-2016,11,18404,19049,10921,4148,52522,1073,899,1236,3208,55730
06-02-2016,12,18415,18774,10929,4105,52223,1070,907,1229,3206,55429
06-02-2016,13,18131,18556,10878,4094,51659,1061,909,1220,3190,54849
06-02-2016,14,17861,18322,10858,4002,51043,1059,904,1203,3166,54209
06-02-2016,15,17890,18341,11034,3977,51242,1073,915,1213,3201,54443
06-02-2016,16,18082,18687,11725,4084,52578,1148,973,1278,3399,55977
06-02-2016,17,18903,19705,11835,4559,55002,1155,978,1325,3458,58460
06-02-2016,18,18891,19666,11689,4533,54779,1132,956,1300,3388,58167
06-02-2016,19,18455,18798,11246,4143,52642,1087,928,1234,3249,55891
06-02-2016,20,18006,17882,10874,3853,50615,1038,875,1162,3075,53690
06-02-2016,21,17407,16861,10916,3678,48862,974,807,1061,2842,51704
06-02-2016,22,17044,16195,10669,3411,47319,915,741,967,2623,49942
06-02-2016,23,16617,15827,10234,3176,45854,864,679,892,2435,48289
07-02-2016,0,16237,15360,9852,2986,44435,831,644,838,2313,46748
07-02-2016,1,15850,14943,9605,2831,43229,808,625,813,2246,45475
07-02-2016,2,15574,14549,9446,2768,42337,796,618,806,2220,44557
07-02-2016,3,15454,14430,9404,2765,42053,792,623,805,2220,44273
07-02-2016,4,15390,14271,9402,2785,41848,804,643,825,2272,44120
07-02-2016,5,15409,14617,9515,2843,42384,835,679,886,2400,44784
07-02-2016,6,15578,15248,9519,3010,43355,875,726,951,2552,45907
07-02-2016,7,15842,15681,9686,3285,44494,902,758,1001,2661,47155
07-02-2016,8,16181,16014,9794,3524,45513,969,826,1092,2887,48400
07-02-2016,9,16818,16607,10038,3726,47189,1008,861,1143,3012,50201
07-02-2016,10,17454,16996,10064,3836,48350,1028,870,1148,3046,51396
07-02-2016,11,17818,17100,10146,3884,48948,1035,859,1116,3010,51958
07-02-2016,12,17817,17091,10139,3909,48956,1037,853,1106,2996,51952
07-02-2016,13,17637,16980,10061,3841,48519,1031,834,1092,2957,51476
07-02-2016,14,17646,17206,10103,3846,48801,1032,833,1085,2950,51751
07-02-2016,15,17602,17347,10226,3793,48968,1050,846,1115,3011,51979
07-02-2016,16,17707,17788,10651,3933,50079,1120,925,1207,3252,53331
07-02-2016,17,17953,18802,10780,4462,51997,1132,970,1289,3391,55388
07-02-2016,18,17999,18945,10733,4586,52263,1115,960,1278,3353,55616
07-02-2016,19,17884,18426,10533,4233,51076,1079,944,1239,3262,54338
07-02-2016,20,17736,17935,10063,3927,49661,1032,894,1164,3090,52751
07-02-2016,21,17439,17142,10310,3678,48569,957,813,1055,2825,51394
07-02-2016,22,16907,16482,10164,3376,46929,890,727,931,2548,49477
07-02-2016,23,16466,15694,9757,3134,45051,835,656,858,2349,47400
08-02-2016,0,16012,15428,9413,2982,43835,801,629,816,2246,46081
08-02-2016,1,15530,15133,9224,2892,42779,786,615,800,2201,44980
08-02-2016,2,15353,15157,9170,2849,42529,782,615,798,2195,44724
08-02-2016,3,15359,15197,9200,2900,42656,792,614,814,2220,44876
08-02-2016,4,15528,15348,9575,2964,43415,833,664,887,2384,45799
08-02-2016,5,16004,16146,10559,3232,45941,967,772,1108,2847,48788
08-02-2016,6,17383,18024,11130,3945,50482,1117,930,1283,3330,53812
08-02-2016,7,19134,19769,11319,4657,54879,1198,1022,1391,3611,58490
08-02-2016,8,19414,20015,11277,4893,55599,1255,1075,1469,3799,59398
08-02-2016,9,19354,20272,11229,4922,55777,1253,1090,1467,3810,59587
08-02-2016,10,19543,20769,11308,4938,56558,1257,1081,1480,3818,60376
08-02-2016,11,19407,21108,11303,4913,56731,1247,1046,1455,3748,60479
08-02-2016,12,19258,20609,11253,4814,55934,1277,1056,1453,3786,59720
08-02-2016,13,19196,20219,11191,4835,55441,1262,1043,1403,3708,59149
08-02-2016,14,19130,19997,11156,4767,55050,1245,1033,1380,3658,58708
08-02-2016,15,19181,19721,11093,4625,54620,1220,1026,1342,3588,58208
08-02-2016,16,19231,19707,11307,4648,54893,1247,1059,1378,3684,58577
08-02-2016,17,19409,20399,11371,5141,56320,1245,1079,1425,3749,60069
08-02-2016,18,19210,20787,11330,5054,56381,1196,1038,1380,3614,59995
08-02-2016,19,18899,20324,11131,4692,55046,1161,995,1326,3482,58528
08-02-2016,20,18554,19468,10605,4382,53009,1106,929,1250,3285,56294
08-02-2016,21,18253,18490,10561,4094,51398,1022,838,1104,2964,54362
08-02-2016,22,17649,17575,10280,3720,49224,939,750,968,2657,51881
08-02-2016,23,16886,16565,9854,3449,46754,872,680,890,2442,49196
09-02-2016,0,16306,15872,9545,3250,44973,839,643,847,2329,47302
09-02-2016,1,15873,15680,9302,3145,44000,818,622,822,2262,46262
09-02-2016,2,15649,15526,9223,3083,43481,808,616,816,2240,45721
09-02-2016,3,15609,15405,9289,3076,43379,818,632,828,2278,45657
09-02-2016,4,15682,15470,9682,3152,43986,856,668,898,2422,46408
09-02-2016,5,16233,16119,10530,3393,46275,978,788,1111,2877,49152
09-02-2016,6,17746,17837,11096,4061,50740,1123,943,1291,3357,54097
09-02-2016,7,19449,19904,11303,4759,55415,1194,1026,1389,3609,59024
09-02-2016,8,19608,19981,11142,4934,55665,1223,1089,1410,3722,59387
09-02-2016,9,19383,20267,11211,4951,55812,1211,1081,1395,3687,59499
09-02-2016,10,19227,19972,11246,4983,55428,1208,1067,1390,3665,59093
09-02-2016,11,19023,20140,11228,4878,55269,1184,1034,1389,3607,58876
09-02-2016,12,18684,19748,11110,4711,54253,1204,1064,1394,3662,57915
09-02-2016,13,18536,19909,11032,4694,54171,1198,1063,1371,3632,57803
09-02-2016,14,18638,19554,11061,4659,53912,1200,1062,1368,3630,57542
09-02-2016,15,18672,20177,11099,4609,54557,1183,1054,1366,3603,58160
09-02-2016,16,19031,20373,11402,4677,55483,1212,1066,1387,3665,59148
09-02-2016,17,19505,21250,11410,5200,57365,1212,1093,1434,3739,61104
09-02-2016,18,19594,20876,11407,5181,57058,1179,1052,1394,3625,60683
09-02-2016,19,19370,20501,11246,4843,55960,1142,1008,1339,3489,59449
09-02-2016,20,19050,19657,10662,4495,53864,1088,944,1238,3270,57134
09-02-2016,21,18571,18727,10632,4192,52122,1003,846,1106,2955,55077
09-02-2016,22,17836,17627,10292,3825,49580,917,755,996,2668,52248
09-02-2016,23,16920,16480,9815,3524,46739,850,685,905,2440,49179
10-02-2016,0,16258,15935,9433,3288,44914,822,658,859,2339,47253
10-02-2016,1,15920,15529,9170,3217,43836,803,639,831,2273,46109
10-02-2016,2,15805,15503,9051,3179,43538,803,630,821,2254,45792
10-02-2016,3,15841,15557,9052,3205,43655,811,640,830,2281,45936
10-02-2016,4,15955,15669,9406,3294,44324,842,682,892,2416,46740
10-02-2016,5,16307,16513,10277,3534,46631,973,800,1091,2864,49495
10-02-2016,6,17906,18710,10880,4215,51711,1110,952,1263,3325,55036
10-02-2016,7,19470,20554,10927,4922,55873,1194,1040,1371,3605,59478
10-02-2016,8,19980,20931,10907,5077,56895,1238,1092,1422,3752,60647
10-02-2016,9,19773,21271,10924,5095,57063,1231,1099,1430,3760,60823
10-02-2016,10,19737,21915,10981,5104,57737,1233,1082,1470,3785,61522
10-02-2016,11,19582,22032,10978,5073,57665,1217,1051,1459,3727,61392
10-02-2016,12,19410,21926,10894,4962,57192,1236,1074,1470,3780,60972
10-02-2016,13,19355,21871,10939,4964,57129,1220,1082,1423,3725,60854
10-02-2016,14,19302,21677,10958,4857,56794,1214,1069,1412,3695,60489
10-02-2016,15,19318,21518,11047,4715,56598,1212,1072,1394,3678,60276
10-02-2016,16,19510,22074,11364,4832,57780,1234,1083,1427,3744,61524
10-02-2016,17,19813,22583,11397,5249,59042,1222,1096,1456,3774,62816
10-02-2016,18,19865,22327,11431,5233,58856,1186,1060,1420,3666,62522
10-02-2016,19,19591,21716,11231,4932,57470,1152,1016,1369,3537,61007
10-02-2016,20,19305,21274,10691,4610,55880,1095,975,1291,3361,59241
10-02-2016,21,18924,19892,10606,4303,53725,1011,880,1113,3004,56729
10-02-2016,22,18197,18330,10381,3947,50855,935,788,1010,2733,53588
10-02-2016,23,17289,17172,9850,3568,47879,866,713,944,2523,50402
11-02-2016,0,16626,16150,9417,3317,45510,829,663,892,2384,47894
11-02-2016,1,16584,16093,9226,3193,45096,808,645,869,2322,47418
11-02-2016,2,16165,15883,9087,3156,44291,806,645,866,2317,46608
11-02-2016,3,16212,16022,9113,3165,44512,818,654,879,2351,46863
11-02-2016,4,16419,16125,9468,3214,45226,854,696,942,2492,47718
11-02-2016,5,16903,17083,10212,3519,47717,980,806,1140,2926,50643
11-02-2016,6,18534,19200,10869,4206,52809,1130,949,1316,3395,56204
11-02-2016,7,20495,20746,11023,4942,57206,1210,1050,1435,3695,60901
11-02-2016,8,20764,21023,11000,5233,58020,1249,1100,1483,3832,61852
11-02-2016,9,20626,21035,11036,5042,57739,1249,1098,1488,3835,61574
11-02-2016,10,20488,20917,11013,5069,57487,1245,1088,1487,3820,61307
11-02-2016,11,20144,20954,10970,5019,57087,1231,1057,1466,3754,60841
11-02-2016,12,19857,20795,10938,4917,56507,1250,1084,1471,3805,60312
11-02-2016,13,19707,20751,10870,4907,56235,1240,1074,1448,3762,59997
11-02-2016,14,19666,20814,10901,4793,56174,1234,1059,1446,3739,59913
11-02-2016,15,19620,20858,10899,4652,56029,1214,1071,1433,3718,59747
11-02-2016,16,19830,21023,11200,4684,56737,1233,1088,1459,3780,60517
11-02-2016,17,20306,21608,11256,5143,58313,1228,1104,1496,3828,62141
11-02-2016,18,20551,21604,11191,5160,58506,1197,1077,1453,3727,62233
11-02-2016,19,20358,21194,11001,4819,57372,1169,1041,1397,3607,60979
11-02-2016,20,20024,20627,10639,4519,55809,1122,988,1298,3408,59217
11-02-2016,21,19812,19809,10626,4230,54477,1050,905,1158,3113,57590
11-02-2016,22,19202,18694,10319,3885,52100,968,825,1030,2823,54923
11-02-2016,23,18205,17544,9953,3527,49229,894,753,953,2600,51829
12-02-2016,0,17456,17026,9656,3297,47435,857,690,888,2435,49870
12-02-2016,1,17225,16734,9430,3193,46582,834,675,876,2385,48967
12-02-2016,2,17152,16687,9380,3150,46369,824,666,865,2355,48724
12-02-2016,3,17234,16894,9419,3154,46701,828,675,871,2374,49075
12-02-2016,4,17491,17017,9798,3239,47545,872,712,930,2514,50059
12-02-2016,5,17994,17913,10710,3502,50119,988,817,1097,2902,53021
12-02-2016,6,19534,20022,11282,4196,55034,1109,958,1281,3348,58382
12-02-2016,7,21386,21769,11391,4874,59420,1179,1039,1388,3606,63026
12-02-2016,8,21658,21921,11385,4980,59944,1224,1077,1442,3743,63687
12-02-2016,9,21416,21996,11446,4953,59811,1237,1075,1454,3766,63577
12-02-2016,10,21298,21854,11503,4973,59628,1241,1066,1448,3755,63383
12-02-2016,11,20887,21565,11455,4905,58812,1226,1031,1425,3682,62494
12-02-2016,12,20659,21345,11372,4733,58109,1246,1052,1431,3729,61838
12-02-2016,13,20523,20847,11235,4648,57253,1225,1045,1403,3673,60926
12-02-2016,14,20394,20699,11195,4477,56765,1212,1025,1366,3603,60368
12-02-2016,15,20226,20724,11253,4351,56554,1189,1014,1334,3537,60091
12-02-2016,16,20352,20861,11610,4438,57261,1215,1033,1370,3618,60879
12-02-2016,17,20751,21559,11752,4930,58992,1235,1065,1434,3734,62726
12-02-2016,18,21016,21572,11687,5054,59329,1199,1024,1390,3613,62942
12-02-2016,19,20608,21041,11340,4654,57643,1153,987,1340,3480,61123
12-02-2016,20,20054,20205,10982,4333,55574,1092,927,1254,3273,58847
12-02-2016,21,19526,19368,10919,4071,53884,1021,845,1132,2998,56882
12-02-2016,22,18908,18465,10664,3774,51811,948,771,1022,2741,54552
12-02-2016,23,18396,17891,10072,3512,49871,880,696,943,2519,52390
13-02-2016,0,17868,17194,9676,3297,48035,841,654,857,2352,50387
13-02-2016,1,17573,16971,9429,3172,47145,824,646,828,2298,49443
13-02-2016,2,17381,16655,9344,3134,46514,808,630,817,2255,48769
13-02-2016,3,17435,16649,9352,3114,46550,801,637,819,2257,48807
13-02-2016,4,17491,16794,9482,3137,46904,814,659,841,2314,49218
13-02-2016,5,17680,17015,9766,3221,47682,852,701,926,2479,50161
13-02-2016,6,18046,17693,9897,3422,49058,891,747,1007,2645,51703
13-02-2016,7,18643,18336,10009,3720,50708,941,799,1087,2827,53535
13-02-2016,8,19376,19142,10268,4010,52796,1012,875,1176,3063,55859
13-02-2016,9,20077,19629,10412,4192,54310,1044,907,1211,3162,57472
13-02-2016,10,20333,19828,10428,4263,54852,1045,915,1206,3166,58018
13-02-2016,11,20139,19813,10350,4207,54509,1034,905,1197,3136,57645
13-02-2016,12,19690,19497,10249,4115,53551,1031,897,1186,3114,56665
13-02-2016,13,19328,19303,10207,4034,52872,1030,891,1162,3083,55955
13-02-2016,14,19116,19087,10261,3939,52403,1025,879,1153,3057,55460
13-02-2016,15,19076,19183,10428,3907,52594,1031,882,1157,3070,55664
13-02-2016,16,19390,19786,11020,4038,54234,1086,929,1222,3237,57471
13-02-2016,17,20214,20911,11385,4563,57073,1106,986,1291,3383,60456
13-02-2016,18,20570,20825,11304,4709,57408,1086,963,1261,3310,60718
13-02-2016,19,20109,20217,10908,4347,55581,1047,932,1215,3194,58775
13-02-2016,20,19810,19428,10469,4033,53740,1000,886,1145,3031,56771
13-02-2016,21,19403,18799,10576,3778,52556,941,825,1056,2822,55378
13-02-2016,22,19001,18138,10368,3555,51062,892,761,971,2624,53686
13-02-2016,23,18527,17553,9996,3364,49440,837,706,937,2480,51920
14-02-2016,0,18074,16964,9618,3178,47834,796,666,858,2320,50154
14-02-2016,1,17768,16762,9359,3042,46931,787,643,839,2269,49200
14-02-2016,2,17685,16683,9252,2973,46593,781,629,830,2240,48833
14-02-2016,3,17688,16657,9241,2963,46549,782,628,835,2245,48794
14-02-2016,4,17714,16768,9300,2979,46761,798,648,859,2305,49066
14-02-2016,5,17874,17078,9438,3042,47432,820,680,920,2420,49852
14-02-2016,6,18165,17356,9514,3203,48238,859,724,974,2557,50795
14-02-2016,7,18597,17760,9516,3474,49347,900,767,1008,2675,52022
14-02-2016,8,19091,18224,9767,3753,50835,971,834,1104,2909,53744
14-02-2016,9,19776,19131,9976,3964,52847,1011,869,1159,3039,55886
14-02-2016,10,19940,19500,10097,4030,53567,1018,879,1201,3098,56665
14-02-2016,11,19732,19617,10080,4085,53514,1017,876,1174,3067,56581
14-02-2016,12,19483,19146,10015,3950,52594,1013,882,1183,3078,55672
14-02-2016,13,19280,19097,10005,3902,52284,1002,873,1175,3050,55334
14-02-2016,14,19093,19094,10046,3891,52124,1002,870,1145,3017,55141
14-02-2016,15,19128,19175,10207,3831,52341,1021,877,1152,3050,55391
14-02-2016,16,19359,19658,10645,4063,53725,1084,929,1218,3231,56956
14-02-2016,17,20012,20979,10906,4608,56505,1112,979,1293,3384,59889
14-02-2016,18,20349,21127,10894,4737,57107,1106,968,1278,3352,60459
14-02-2016,19,20428,20871,10646,4429,56374,1071,941,1223,3235,59609
14-02-2016,20,20417,20257,10346,4156,55176,1028,899,1155,3082,58258
14-02-2016,21,20167,19648,10553,3911,54279,957,819,1050,2826,57105
14-02-2016,22,19706,18854,10427,3675,52662,897,740,953,2590,55252
14-02-2016,23,19027,18303,10017,3440,50787,840,666,890,2396,53183
15-02-2016,0,18628,17681,9670,3158,49137,803,628,835,2266,51403
15-02-2016,1,18441,17610,9427,3080,48558,787,615,810,2212,50770
15-02-2016,2,18386,17645,9390,3086,48507,781,612,804,2197,50704
15-02-2016,3,18464,17749,9467,3128,48808,788,623,811,2222,51030
15-02-2016,4,18636,17974,9890,3201,49701,824,665,869,2358,52059
15-02-2016,5,19270,18875,10818,3442,52405,940,775,1020,2735,55140
15-02-2016,6,20800,21208,11367,4126,57501,1101,928,1172,3201,60702
15-02-2016,7,22686,22985,11422,4778,61871,1172,1016,1286,3474,65345
15-02-2016,8,22944,23283,11461,4997,62685,1232,1075,1360,3667,66352
15-02-2016,9,22850,23132,11513,5022,62517,1235,1078,1384,3697,66214
15-02-2016,10,22558,23166,11508,5025,62257,1234,1061,1380,3675,65932
15-02-2016,11,21859,22955,11388,4943,61145,1220,1041,1363,3624,64769
15-02-2016,12,21480,22605,11273,4798,60156,1243,1062,1371,3676,63832
15-02-2016,13,21025,22253,11212,4782,59272,1227,1061,1346,3634,62906
15-02-2016,14,20819,22401,11128,4685,59033,1226,1061,1307,3594,62627
15-02-2016,15,20622,22345,11071,4555,58593,1188,1048,1292,3528,62121
15-02-2016,16,20790,22129,11377,4585,58881,1208,1052,1322,3582,62463
15-02-2016,17,21207,23034,11634,5070,60945,1240,1085,1369,3694,64639
15-02-2016,18,21571,23066,11627,5188,61452,1211,1052,1330,3593,65045
15-02-2016,19,21484,22788,11495,4863,60630,1161,1016,1274,3451,64081
15-02-2016,20,21107,22383,11011,4508,59009,1106,955,1176,3237,62246
15-02-2016,21,20711,21413,11037,4251,57412,1027,871,1064,2962,60374
15-02-2016,22,20041,21242,10726,3995,56004,949,781,970,2700,58704
15-02-2016,23,19310,20870,10260,3696,54136,881,711,898,2490,56626
16-02-2016,0,18559,18884,9951,3476,50870,854,661,862,2377,53247
16-02-2016,1,18393,18734,9743,3386,50256,837,646,836,2319,52575
16-02-2016,2,18286,18802,9691,3361,50140,832,641,823,2296,52436
16-02-2016,3,18332,19011,9798,3404,50545,839,645,822,2306,52851
16-02-2016,4,18382,19423,10239,3483,51527,884,687,846,2417,53944
16-02-2016,5,19222,20750,11203,3727,54902,1012,814,913,2739,57641
16-02-2016,6,20902,22925,11748,4334,59909,1156,961,961,3078,62987
16-02-2016,7,22606,24128,11643,4921,63298,1220,1058,991,3269,66567
16-02-2016,8,22910,24048,11650,4673,63281,1255,1114,1086,3455,66736
16-02-2016,9,22387,23479,11605,5099,62570,1246,1109,1144,3499,66069
16-02-2016,10,22103,23224,11450,5107,61884,1241,1088,1175,3504,65388
16-02-2016,11,21871,22397,11333,5003,60604,1211,1053,1184,3448,64052
16-02-2016,12,21432,21811,11221,4843,59307,1229,1069,1167,3465,62772
16-02-2016,13,21170,21296,11113,4802,58381,1214,1063,1141,3418,61799
16-02-2016,14,21135,21010,11096,4676,57917,1202,1045,1112,3359,61276
16-02-2016,15,20999,20566,11159,4485,57209,1180,1035,1123,3338,60547
16-02-2016,16,21100,20867,11505,4500,57972,1214,1036,1177,3427,61399
16-02-2016,17,21283,21925,11835,4952,59995,1254,1100,1282,3636,63631
16-02-2016,18,21468,22138,11902,5069,60577,1222,1070,1281,3573,64150
16-02-2016,19,21234,21806,11737,4749,59526,1189,1034,1253,3476,63002
16-02-2016,20,20710,21198,11284,4438,57630,1131,966,1178,3275,60905
16-02-2016,21,20172,20044,11281,4150,55647,1049,868,1051,2968,58615
16-02-2016,22,19446,18924,10980,3877,53227,967,786,971,2724,55951
16-02-2016,23,18495,17575,10464,3559,50093,900,711,907,2518,52611
17-02-2016,0,17800,17144,10125,3339,48408,870,670,860,2400,50808
17-02-2016,1,17452,16859,9929,3220,47460,847,655,843,2345,49805
17-02-2016,2,17161,16937,9867,3211,47176,848,649,841,2338,49514
17-02-2016,3,17120,17204,9979,3201,47504,857,662,860,2379,49883
17-02-2016,4,17273,17872,10473,3314,48932,897,712,931,2540,51472
17-02-2016,5,17737,18633,11380,3590,51340,1016,834,1122,2972,54312
17-02-2016,6,19007,20760,11796,4198,55761,1148,967,1295,3410,59171
17-02-2016,7,20657,22288,11761,4726,59432,1235,1061,1417,3713,63145
17-02-2016,8,20926,22550,11714,4941,60131,1270,1113,1464,3847,63978
17-02-2016,9,20744,22476,11620,4966,59806,1252,1105,1431,3788,63594
17-02-2016,10,20705,22282,11523,4946,59456,1231,1077,1404,3712,63168
17-02-2016,11,20429,21821,11370,4938,58558,1202,1026,1375,3603,62161
17-02-2016,12,20368,21566,11155,4828,57917,1211,1040,1376,3627,61544
17-02-2016,13,20380,21199,11053,4819,57451,1196,1036,1351,3583,61034
17-02-2016,14,20370,21248,11124,4722,57464,1183,1021,1337,3541,61005
17-02-2016,15,20309,21418,11115,4560,57402,1159,1014,1312,3485,60887
17-02-2016,16,20378,21522,11434,4584,57918,1193,1015,1321,3529,61447
17-02-2016,17,20698,22508,11728,5058,59992,1244,1091,1432,3767,63759
17-02-2016,18,20817,22501,11802,5163,60283,1227,1068,1399,3694,63977
17-02-2016,19,20424,22050,11689,4785,58948,1180,1031,1352,3563,62511
17-02-2016,20,19821,21232,11032,4488,56573,1132,969,1245,3346,59919
17-02-2016,21,19615,20532,10992,4209,55348,1046,873,1098,3017,58365
17-02-2016,22,18988,19480,10737,3920,53125,964,787,990,2741,55866
17-02-2016,23,18098,18661,10248,3604,50611,900,718,895,2513,53124
18-02-2016,0,17488,18096,9827,3397,48808,874,683,853,2410,51218
18-02-2016,1,17181,17928,9647,3295,48051,857,674,830,2361,50412
18-02-2016,2,17125,17581,9576,3258,47540,856,665,822,2343,49883
18-02-2016,3,17183,17704,9702,3272,47861,866,679,836,2381,50242
18-02-2016,4,17377,18018,10128,3349,48872,905,718,897,2520,51392
18-02-2016,5,17909,19467,10957,3586,51919,1023,842,1115,2980,54899
18-02-2016,6,19338,21368,11436,4169,56311,1152,982,1252,3386,59697
18-02-2016,7,20859,22110,11483,4807,59259,1242,1077,1303,3622,62881
18-02-2016,8,21219,22260,11590,5058,60127,1272,1135,1421,3828,63955
18-02-2016,9,21250,22919,11588,5135,60892,1272,1135,1436,3843,64735
18-02-2016,10,21077,23003,11511,5207,60798,1266,1118,1454,3838,64636
18-02-2016,11,20911,22707,11450,5161,60229,1251,1086,1450,3787,64016
18-02-2016,12,20671,22356,11428,5031,59486,1290,1100,1469,3859,63345
18-02-2016,13,20619,22519,11349,5001,59488,1279,1096,1426,3801,63289
18-02-2016,14,20718,22468,11364,4913,59463,1264,1082,1422,3768,63231
18-02-2016,15,20744,22259,11332,4765,59100,1241,1072,1399,3712,62812
18-02-2016,16,20723,22432,11681,4759,59595,1250,1076,1429,3755,63350
18-02-2016,17,21023,23391,11854,5128,61396,1252,1110,1469,3831,65227
18-02-2016,18,21039,22854,11888,5163,60944,1240,1076,1434,3750,64694
18-02-2016,19,20781,22295,11698,4847,59621,1197,1037,1382,3616,63237
18-02-2016,20,20427,21938,11166,4537,58068,1136,973,1284,3393,61461
18-02-2016,21,19851,20778,11215,4236,56080,1053,881,1164,3098,59178
18-02-2016,22,19083,19667,10923,3919,53592,978,795,1004,2777,56369
18-02-2016,23,18202,18606,10396,3603,50807,924,724,952,2600,53407
19-02-2016,0,17699,17963,10067,3373,49102,885,684,904,2473,51575
19-02-2016,1,17365,17798,9820,3256,48239,869,666,888,2423,50662
19-02-2016,2,17163,17762,9753,3191,47869,857,656,881,2394,50263
19-02-2016,3,17230,17737,9873,3214,48054,867,661,890,2418,50472
19-02-2016,4,17425,17873,10239,3299,48836,895,706,952,2553,51389
19-02-2016,5,17898,18814,11191,3548,51451,1011,830,1151,2992,54443
19-02-2016,6,19322,21135,11668,4119,56244,1137,958,1303,3398,59642
19-02-2016,7,20955,22537,11617,4718,59827,1229,1054,1430,3713,63540
19-02-2016,8,21387,22491,11684,4989,60551,1265,1115,1481,3861,64412
19-02-2016,9,21397,22464,11649,5088,60598,1266,1115,1473,3854,64452
19-02-2016,10,21193,21949,11675,5180,59997,1242,1113,1462,3817,63814
19-02-2016,11,20788,21646,11628,5103,59165,1226,1078,1432,3736,62901
19-02-2016,12,20480,21535,11467,4908,58390,1253,1095,1442,3790,62180
19-02-2016,13,20127,21341,11378,4725,57571,1230,1082,1436,3748,61319
19-02-2016,14,19940,21164,11313,4504,56921,1231,1063,1402,3696,60617
19-02-2016,15,19770,21096,11271,4374,56511,1200,1050,1369,3619,60130
19-02-2016,16,20073,21201,11543,4413,57230,1210,1058,1388,3656,60886
19-02-2016,17,20176,21941,11735,4730,58582,1232,1101,1450,3783,62365
19-02-2016,18,20170,21764,11654,4782,58370,1205,1068,1413,3686,62056
19-02-2016,19,19807,21277,11461,4362,56907,1155,1013,1378,3546,60453
19-02-2016,20,19382,20367,11027,4026,54802,1104,959,1292,3355,58157
19-02-2016,21,18934,19536,10958,3776,53204,1034,877,1161,3072,56276
19-02-2016,22,18327,18639,10729,3536,51231,959,798,1045,2802,54033
19-02-2016,23,17778,17962,10257,3291,49288,900,733,962,2595,51883
20-02-2016,0,17262,17359,9858,3130,47609,862,689,916,2467,50076
20-02-2016,1,16886,16971,9598,2966,46421,832,662,889,2383,48804
20-02-2016,2,16672,16669,9459,2796,45596,824,654,880,2358,47954
20-02-2016,3,16609,16654,9465,2789,45517,825,660,882,2367,47884
20-02-2016,4,16570,16709,9553,2844,45676,832,684,902,2418,48094
20-02-2016,5,16729,17010,9901,3010,46650,876,726,977,2579,49229
20-02-2016,6,16968,17597,9947,3215,47727,913,773,1052,2738,50465
20-02-2016,7,17410,18265,9964,3486,49125,965,832,1143,2940,52065
20-02-2016,8,18118,18928,10247,3760,51053,1029,905,1236,3170,54223
20-02-2016,9,19002,19984,10378,4044,53408,1062,938,1281,3281,56689
20-02-2016,10,19426,21042,10373,4202,55043,1064,937,1299,3300,58343
20-02-2016,11,19404,21312,10364,4233,55313,1061,933,1296,3290,58603
20-02-2016,12,19113,20314,10389,4063,53879,1063,936,1287,3286,57165
20-02-2016,13,18792,20088,10372,3942,53194,1056,924,1259,3239,56433
20-02-2016,14,18638,19867,10489,3861,52855,1051,920,1243,3214,56069
20-02-2016,15,18619,19706,10582,3886,52793,1066,925,1234,3225,56018
20-02-2016,16,18577,20158,11059,3933,53727,1110,954,1274,3338,57065
20-02-2016,17,19077,21094,11516,4352,56039,1132,1005,1307,3444,59483
20-02-2016,18,19420,21089,11406,4426,56341,1110,987,1303,3400,59741
20-02-2016,19,19210,20613,11052,3855,54730,1070,957,1256,3283,58013
20-02-2016,20,18741,19346,10601,3486,52174,1031,903,1172,3106,55280
20-02-2016,21,18235,18914,10729,3378,51256,960,840,1071,2871,54127
20-02-2016,22,17798,18311,10580,3164,49853,909,755,979,2643,52496
20-02-2016,23,17252,17251,10150,2987,47640,856,693,898,2447,50087
21-02-2016,0,16987,16950,9776,2819,46532,808,663,850,2321,48853
21-02-2016,1,16605,16424,9483,2732,45244,793,641,826,2260,47504
21-02-2016,2,16539,16150,9361,2619,44669,780,636,820,2236,46905
21-02-2016,3,16542,16152,9344,2612,44650,776,642,824,2242,46892
21-02-2016,4,16489,16364,9437,2694,44984,775,662,847,2284,47268
21-02-2016,5,16545,16465,9614,2704,45328,814,697,913,2424,47752
21-02-2016,6,16974,16739,9543,2840,46096,853,726,959,2538,48634
21-02-2016,7,17122,16823,9577,3040,46562,911,779,1030,2720,49282
21-02-2016,8,17558,17224,9823,3325,47930,981,847,1132,2960,50890
21-02-2016,9,18102,17893,10137,3546,49678,1014,886,1193,3093,52771
21-02-2016,10,18327,18225,10254,3557,50363,1025,893,1217,3135,53498
21-02-2016,11,18228,18275,10261,3534,50298,1025,892,1229,3146,53444
21-02-2016,12,18005,18076,10205,3573,49859,1027,899,1228,3154,53013
21-02-2016,13,17751,17998,10104,3683,49536,1020,894,1203,3117,52653
21-02-2016,14,17784,18026,10143,3728,49681,1021,889,1190,3100,52781
21-02-2016,15,17854,18319,10181,3756,50110,1014,895,1203,3112,53222
21-02-2016,16,18060,18987,10598,3977,51622,1064,931,1230,3225,54847
21-02-2016,17,18485,19877,11002,4467,53831,1134,997,1325,3456,57287
21-02-2016,18,18878,20242,11037,4568,54725,1132,994,1330,3456,58181
21-02-2016,19,18817,20027,10823,4290,53957,1099,966,1285,3350,57307
21-02-2016,20,18717,19456,10399,3961,52533,1044,906,1214,3164,55697
21-02-2016,21,18495,18954,10534,3792,51775,973,828,1094,2895,54670
21-02-2016,22,18012,18129,10420,3528,50089,888,748,969,2605,52694
21-02-2016,23,17388,17170,10061,3241,47860,839,679,882,2400,50260
22-02-2016,0,16946,16516,9754,3002,46218,812,641,839,2292,48510
22-02-2016,1,16697,16350,9540,2919,45506,794,628,833,2255,47761
22-02-2016,2,16621,16229,9460,2858,45168,789,624,828,2241,47409
22-02-2016,3,16675,16437,9596,2908,45616,796,634,847,2277,47893
22-02-2016,4,16845,16912,9935,2987,46679,830,681,934,2445,49124
22-02-2016,5,17399,17928,10877,3247,49451,955,801,1180,2936,52387
22-02-2016,6,18781,19879,11290,3818,53768,1075,943,1362,3380,57148
22-02-2016,7,20465,21486,11394,4450,57795,1169,1049,1483,3701,61496
22-02-2016,8,20807,21814,11509,4549,58679,1213,1114,1511,3838,62517
22-02-2016,9,20601,21644,11535,4575,58355,1218,1124,1495,3837,62192
22-02-2016,10,20355,21404,11503,4640,57902,1218,1111,1474,3803,61705
22-02-2016,11,20085,20963,11505,4591,57144,1212,1065,1446,3723,60867
22-02-2016,12,19675,20839,11379,4445,56338,1228,1071,1422,3721,60059
22-02-2016,13,19768,20749,11303,4460,56280,1217,1053,1415,3685,59965
22-02-2016,14,19634,20769,11266,4360,56029,1214,1036,1398,3648,59677
22-02-2016,15,19565,21027,11167,4185,55944,1189,1026,1359,3574,59518
22-02-2016,16,19581,21186,11425,4515,56707,1191,1009,1351,3551,60258
22-02-2016,17,20126,22263,11737,4650,58776,1235,1070,1436,3741,62517
22-02-2016,18,20408,22190,11756,4778,59132,1212,1047,1418,3677,62809
22-02-2016,19,20119,21615,11600,4515,57849,1164,1010,1363,3537,61386
22-02-2016,20,19779,20930,11074,4221,56004,1114,949,1288,3351,59355
22-02-2016,21,19450,20250,11093,3903,54696,1039,858,1133,3030,57726
22-02-2016,22,18834,19049,10869,3603,52355,956,765,999,2720,55075
22-02-2016,23,17975,17799,10408,3281,49463,900,688,913,2501,51964
23-02-2016,0,17360,16766,10084,3071,47281,859,652,868,2379,49660
23-02-2016,1,17153,16758,9836,2936,46683,822,634,850,2306,48989
23-02-2016,2,16981,16598,9770,2897,46246,810,629,846,2285,48531
23-02-2016,3,17039,16459,9850,2970,46318,815,639,855,2309,48627
23-02-2016,4,17251,16944,10239,2967,47401,845,682,921,2448,49849
23-02-2016,5,17919,18196,11082,3268,50465,971,811,1136,2918,53383
23-02-2016,6,19206,20478,11393,3929,55006,1088,934,1309,3331,58337
23-02-2016,7,20552,21868,11442,4530,58392,1177,1032,1434,3643,62035
23-02-2016,8,21087,22086,11453,4655,59281,1212,1082,1462,3756,63037
23-02-2016,9,21059,21845,11454,4610,58968,1216,1086,1449,3751,62719
23-02-2016,10,20620,21840,11385,4611,58456,1198,1068,1453,3719,62175
23-02-2016,11,20194,21654,11360,4595,57803,1171,1035,1421,3627,61430
23-02-2016,12,19853,21308,11281,4480,56922,1144,1058,1441,3643,60565
23-02-2016,13,19538,21195,11259,4474,56466,1102,1044,1419,3565,60031
23-02-2016,14,19470,21242,11196,4384,56292,1086,1032,1413,3531,59823
23-02-2016,15,19439,21263,11117,4505,56324,1076,1024,1391,3491,59815
23-02-2016,16,19378,21235,11269,4502,56384,1097,1018,1382,3497,59881
23-02-2016,17,19669,21929,11706,4913,58217,1148,1082,1462,3692,61909
23-02-2016,18,20069,22049,11786,5056,58960,1132,1057,1433,3622,62582
23-02-2016,19,20029,21811,11616,4722,58178,1085,1019,1379,3483,61661
23-02-2016,20,19643,21147,11114,4409,56313,1029,955,1303,3287,59600
23-02-2016,21,19167,20352,11138,4146,54803,964,864,1155,2983,57786
23-02-2016,22,18601,19291,10847,3783,52522,899,774,1026,2699,55221
23-02-2016,23,17734,17951,10362,3426,49473,839,701,936,2476,51949
24-02-2016,0,17224,17478,9995,3195,47892,806,665,891,2362,50254
24-02-2016,1,16943,17254,9730,3106,47033,788,649,870,2307,49340
24-02-2016,2,16782,17193,9674,3070,46719,778,642,862,2282,49001
24-02-2016,3,16808,17313,9726,3093,46940,778,649,877,2304,49244
24-02-2016,4,17151,17627,10193,3169,48140,794,699,944,2437,50577
24-02-2016,5,17825,18573,10993,3437,50828,839,830,1147,2816,53644
24-02-2016,6,19159,20752,11226,4109,55246,855,936,1318,3109,58355
24-02-2016,7,20846,22350,11331,4706,59233,919,1041,1434,3394,62627
24-02-2016,8,21123,22697,11402,4862,60084,989,1092,1479,3560,63644
24-02-2016,9,20984,22604,11435,4823,59846,1021,1086,1473,3580,63426
24-02-2016,10,20537,22512,11465,4746,59260,1030,1067,1481,3578,62838
24-02-2016,11,20050,21635,11367,4703,57755,1016,1036,1448,3500,61255
24-02-2016,12,19565,20788,11211,4493,56057,1011,1059,1453,3523,59580
24-02-2016,13,19121,20227,11130,4473,54951,994,1043,1410,3447,58398
24-02-2016,14,18952,19949,11145,4522,54568,988,1031,1389,3408,57976
24-02-2016,15,18932,20082,11106,4391,54511,980,1019,1363,3362,57873
24-02-2016,16,19048,21015,11288,4427,55778,1005,994,1359,3358,59136
24-02-2016,17,19705,22112,11711,4842,58370,1062,1071,1436,3569,61939
24-02-2016,18,20052,22288,11777,5057,59174,1054,1059,1434,3547,62721
24-02-2016,19,19976,21798,11634,4786,58194,1030,1022,1388,3440,61634
24-02-2016,20,19598,20979,11126,4486,56189,999,962,1321,3282,59471
24-02-2016,21,19249,20246,11081,4170,54746,935,869,1157,2961,57707
24-02-2016,22,18590,19530,10787,3838,52745,879,776,1020,2675,55420
24-02-2016,23,17947,18084,10299,3525,49855,834,704,941,2479,52334
25-02-2016,0,17538,17616,9990,3291,48435,794,666,897,2357,50792
25-02-2016,1,17340,17655,9758,3162,47915,779,648,874,2301,50216
25-02-2016,2,17205,17552,9704,3112,47573,776,641,869,2286,49859
25-02-2016,3,17287,17350,9783,3145,47565,784,651,876,2311,49876
25-02-2016,4,17422,18180,10178,3243,49023,820,695,944,2459,51482
25-02-2016,5,18121,19183,10981,3524,51809,944,818,1153,2915,54724
25-02-2016,6,19482,21171,11126,4201,55980,1056,934,1289,3279,59259
25-02-2016,7,20948,22214,11183,4801,59146,1165,1034,1401,3600,62746
25-02-2016,8,21298,22628,11247,4930,60103,1204,1091,1459,3754,63857
25-02-2016,9,21098,22669,11248,4879,59894,1205,1087,1456,3748,63642
25-02-2016,10,20884,22568,11243,4912,59607,1203,1065,1476,3744,63351
25-02-2016,11,20357,22081,11189,4856,58483,1169,1025,1450,3644,62127
25-02-2016,12,19959,21541,11121,4756,57377,1177,1043,1455,3675,61052
25-02-2016,13,19663,21194,11104,4723,56684,1158,1035,1418,3611,60295
25-02-2016,14,19385,20875,11069,4645,55974,1147,1017,1404,3568,59542
25-02-2016,15,19290,20772,11017,4510,55589,1124,1011,1386,3521,59110
25-02-2016,16,19311,20830,11169,4549,55859,1122,996,1375,3493,59352
25-02-2016,17,19709,21585,11581,4912,57787,1187,1077,1444,3708,61495
25-02-2016,18,20227,21972,11646,5061,58906,1170,1061,1434,3665,62571
25-02-2016,19,20132,21635,11551,4773,58091,1153,1020,1400,3573,61664
25-02-2016,20,19835,21137,11102,4478,56552,1084,950,1333,3367,59919
25-02-2016,21,19299,20213,11192,4173,54877,996,863,1167,3026,57903
25-02-2016,22,18764,18964,11000,3845,52573,918,782,1017,2717,55290
25-02-2016,23,17975,17992,10543,3491,50001,851,710,935,2496,52497
26-02-2016,0,17534,17359,10196,3272,48361,813,669,896,2378,50739
26-02-2016,1,17232,17303,10005,3147,47687,797,652,879,2328,50015
26-02-2016,2,17124,17145,9879,3107,47255,787,645,870,2302,49557
26-02-2016,3,17217,17393,9999,3143,47752,794,657,886,2337,50089
26-02-2016,4,17453,17792,10440,3203,48888,828,699,947,2474,51362
26-02-2016,5,17898,19002,11180,3472,51552,946,824,1147,2917,54469
26-02-2016,6,19129,20932,11437,4126,55624,1061,934,1297,3292,58916
26-02-2016,7,20765,22195,11577,4681,59218,1163,1037,1403,3603,62821
26-02-2016,8,21171,22491,11701,4848,60211,1203,1091,1449,3743,63954
26-02-2016,9,20913,22335,11728,4793,59769,1203,1085,1438,3726,63495
26-02-2016,10,20559,22367,11723,4796,59445,1206,1069,1439,3714,63159
26-02-2016,11,20087,22035,11684,4687,58493,1179,1031,1413,3623,62116
26-02-2016,12,19459,21424,11578,4510,56971,1187,1044,1408,3639,60610
26-02-2016,13,19097,20751,11424,4347,55619,1176,1030,1375,3581,59200
26-02-2016,14,18840,20286,11424,4190,54740,1165,1016,1343,3524,58264
26-02-2016,15,18806,20047,11368,4062,54283,1152,1004,1323,3479,57762
26-02-2016,16,18759,20309,11522,4135,54725,1135,998,1322,3455,58180
26-02-2016,17,19076,21210,12016,4529,56831,1176,1057,1401,3634,60465
26-02-2016,18,19715,21340,12023,4822,57900,1167,1039,1387,3593,61493
26-02-2016,19,19638,20781,11734,4519,56672,1136,993,1355,3484,60156
26-02-2016,20,19208,20125,11433,4165,54931,1075,927,1267,3269,58200
26-02-2016,21,18692,19592,11504,3900,53688,1000,848,1138,2986,56674
26-02-2016,22,18247,18799,11311,3633,51990,932,769,1023,2724,54714
26-02-2016,23,17669,17930,10829,3378,49806,873,699,930,2502,52308
27-02-2016,0,17466,17261,10506,3167,48400,830,659,881,2370,50770
27-02-2016,1,17155,16994,10293,3051,47493,808,639,852,2299,49792
27-02-2016,2,17001,17022,10218,2988,47229,803,627,842,2272,49501
27-02-2016,3,16912,16828,10181,3058,46979,811,631,845,2287,49266
27-02-2016,4,16980,16903,10323,3046,47252,829,650,868,2347,49599
27-02-2016,5,16962,17262,10667,3141,48032,865,690,943,2498,50530
27-02-2016,6,17572,17959,10521,3370,49422,889,728,997,2614,52036
27-02-2016,7,18139,18679,10785,3612,51215,953,806,1107,2866,54081
27-02-2016,8,18925,19906,10919,3927,53677,1002,877,1198,3077,56754
27-02-2016,9,19379,20359,10922,4078,54738,1024,903,1244,3171,57909
27-02-2016,10,19362,20320,10820,4138,54640,1018,901,1256,3175,57815
27-02-2016,11,18883,19880,10694,4118,53575,1003,892,1249,3144,56719
27-02-2016,12,18500,19408,10558,4026,52492,992,884,1232,3108,55600
27-02-2016,13,18046,19100,10485,3963,51594,992,871,1202,3065,54659
27-02-2016,14,17772,18852,10546,3861,51031,994,861,1183,3038,54069
27-02-2016,15,17681,18885,10655,3866,51087,1003,851,1187,3041,54128
27-02-2016,16,17840,19130,10977,3960,51907,1022,863,1214,3099,55006
27-02-2016,17,18533,19972,11724,4361,54590,1079,945,1284,3308,57898
27-02-2016,18,19339,20569,11708,4627,56243,1074,949,1291,3314,59557
27-02-2016,19,19272,20077,11335,4344,55028,1036,921,1240,3197,58225
27-02-2016,20,18881,19552,10920,4053,53406,992,874,1187,3053,56459
27-02-2016,21,18492,18929,11076,3833,52330,927,804,1095,2826,55156
27-02-2016,22,18049,18384,10916,3595,50944,870,742,998,2610,53554
27-02-2016,23,17696,17457,10530,3360,49043,822,684,912,2418,51461
28-02-2016,0,17405,16988,10057,3181,47631,788,645,858,2291,49922
28-02-2016,1,17069,16626,9825,3040,46560,772,624,829,2225,48785
28-02-2016,2,16846,16646,9703,3004,46199,766,612,822,2200,48399
28-02-2016,3,16836,16731,9672,2980,46219,771,615,823,2209,48428
28-02-2016,4,16898,16751,9710,3013,46372,782,634,843,2259,48631
28-02-2016,5,17164,17015,9920,3100,47199,801,670,901,2372,49571
28-02-2016,6,17425,17398,9704,3288,47815,820,694,938,2452,50267
28-02-2016,7,17636,17836,9926,3522,48920,886,768,1028,2682,51602
28-02-2016,8,18132,18545,10114,3819,50610,952,836,1123,2911,53521
28-02-2016,9,18450,19440,10188,3982,52060,979,860,1180,3019,55079
28-02-2016,10,18492,19634,10207,4026,52359,984,859,1201,3044,55403
28-02-2016,11,18107,19471,10136,4041,51755,974,844,1206,3024,54779
28-02-2016,12,17662,19089,10053,3968,50772,968,838,1185,2991,53763
28-02-2016,13,17450,18860,10046,3884,50240,960,828,1161,2949,53189
28-02-2016,14,17299,18567,9977,3839,49682,960,824,1161,2945,52627
28-02-2016,15,17282,18654,10099,3842,49877,960,836,1169,2965,52842
28-02-2016,16,17424,19161,10360,3958,50903,985,864,1184,3033,53936
28-02-2016,17,18164,20488,10955,4404,54011,1075,952,1292,3319,57330
28-02-2016,18,19141,21069,11156,4748,56114,1092,970,1315,3377,59491
28-02-2016,19,19184,20766,11067,4493,55510,1056,949,1274,3279,58789
28-02-2016,20,19022,20589,10673,4166,54450,1007,895,1191,3093,57543
28-02-2016,21,18866,19778,10849,3904,53397,945,813,1094,2852,56249
28-02-2016,22,18411,19333,10762,3611,52117,873,733,990,2596,54713
28-02-2016,23,17811,18796,10394,3361,50362,820,669,914,2403,52765
29-02-2016,0,17261,17536,10119,3186,48102,792,637,859,2288,50390
29-02-2016,1,16759,17531,10052,3135,47477,779,628,845,2252,49729
29-02-2016,2,16900,17608,10061,3095,47664,780,628,845,2253,49917
29-02-2016,3,16995,18035,10205,3120,48355,797,642,860,2299,50654
29-02-2016,4,17146,18862,10674,3235,49917,833,687,936,2456,52373
29-02-2016,5,17981,19714,11589,3511,52795,953,811,1156,2920,55715
29-02-2016,6,19731,22100,11727,4227,57785,1075,937,1284,3296,61081
29-02-2016,7,21346,23798,11901,4784,61829,1188,1050,1424,3662,65491
29-02-2016,8,21652,23633,11991,5030,62306,1229,1095,1477,3801,66107
29-02-2016,9,21378,23322,11894,5051,61645,1218,1096,1462,3776,65421
29-02-2016,10,21092,23051,11727,5071,60941,1225,1071,1458,3754,64695
29-02-2016,11,20640,22561,11529,5013,59743,1195,1034,1418,3647,63390
29-02-2016,12,20229,21866,11373,4875,58343,1203,1046,1446,3695,62038
29-02-2016,13,20113,21358,11226,4820,57517,1169,1033,1402,3604,61121
29-02-2016,14,20043,21693,11066,4713,57515,1152,1020,1388,3560,61075
29-02-2016,15,19956,21857,10977,4517,57307,1133,1001,1342,3476,60783
29-02-2016,16,20031,21022,11109,4525,56687,1120,979,1324,3423,60110
29-02-2016,17,20311,22136,11555,4928,58930,1197,1058,1422,3677,62607
29-02-2016,18,20586,22252,11716,5119,59673,1204,1062,1428,3694,63367
29-02-2016,19,20460,21943,11598,4868,58869,1175,1022,1381,3578,62447
29-02-2016,20,20282,21530,11158,4571,57541,1122,953,1317,3392,60933
29-02-2016,21,19781,20990,11218,4236,56225,1046,858,1159,3063,59288
29-02-2016,22,19038,20077,11008,3900,54023,967,766,1026,2759,56782
29-02-2016,23,18043,19126,10577,3569,51315,911,695,944,2550,53865
01-03-2016,0,17397,17814,10243,3351,48805,878,665,877,2420,51225
01-03-2016,1,17012,17531,10012,3228,47783,865,651,853,2369,50152
01-03-2016,2,16907,17417,9958,3192,47474,862,645,825,2332,49806
01-03-2016,3,16939,17626,10040,3208,47813,864,656,869,2389,50202
01-03-2016,4,17043,17836,10396,3278,48553,911,701,929,2541,51094
01-03-2016,5,17558,18526,11245,3554,50883,1028,826,1140,2994,53877
01-03-2016,6,18927,20490,11335,4232,54984,1139,941,1291,3371,58355
01-03-2016,7,20662,22374,11446,4833,59315,1245,1044,1438,3727,63042
01-03-2016,8,21122,23026,11484,5011,60643,1276,1088,1469,3833,64476
01-03-2016,9,20924,22734,11392,4946,59996,1258,1084,1460,3802,63798
01-03-2016,10,20799,22130,11283,4952,59164,1232,1059,1444,3735,62899
01-03-2016,11,20532,21530,11133,4874,58069,1186,1023,1441,3650,61719
01-03-2016,12,20739,21273,10936,4774,57722,1189,1038,1451,3678,61400
01-03-2016,13,20648,21171,10840,4758,57417,1176,1032,1412,3620,61037
01-03-2016,14,20633,20952,10823,4647,57055,1163,1020,1426,3609,60664
01-03-2016,15,20662,20962,10776,4632,57032,1130,1003,1398,3531,60563
01-03-2016,16,20694,20977,10874,4630,57175,1124,985,1387,3496,60671
01-03-2016,17,20718,21870,11406,5014,59008,1195,1058,1444,3697,62705
01-03-2016,18,20764,22034,11670,5074,59542,1199,1060,1451,3710,63252
01-03-2016,19,20668,21585,11541,4754,58548,1172,1016,1422,3610,62158
01-03-2016,20,20493,20834,11059,4422,56808,1121,953,1321,3395,60203
01-03-2016,21,19982,19785,11133,4129,55029,1037,860,1166,3063,58092
01-03-2016,22,18967,18672,10851,3794,52284,950,763,1041,2754,55038
01-03-2016,23,18177,17845,10386,3427,49835,896,693,963,2552,52387
02-03-2016,0,17612,17462,10080,3233,48387,870,659,913,2442,50829
02-03-2016,1,17195,17126,9882,3168,47371,855,646,893,2394,49765
02-03-2016,2,17078,16843,9769,3088,46778,844,634,888,2366,49144
02-03-2016,3,17136,16885,9896,3099,47016,857,645,900,2402,49418
02-03-2016,4,17389,17043,10362,3190,47984,899,689,966,2554,50538
02-03-2016,5,17723,17878,11254,3441,50296,1014,815,1162,2991,53287
02-03-2016,6,19004,19913,11269,4106,54292,1130,925,1311,3366,57658
02-03-2016,7,20653,21401,11463,4729,58246,1227,1042,1426,3695,61941
02-03-2016,8,20957,21864,11577,4958,59356,1257,1096,1466,3819,63175
02-03-2016,9,21012,21930,11503,5013,59458,1246,1095,1461,3802,63260
02-03-2016,10,20936,22135,11377,5108,59556,1214,1074,1441,3729,63285
02-03-2016,11,20705,21717,11218,5086,58726,1192,1034,1416,3642,62368
02-03-2016,12,20572,21586,11074,5013,58245,1201,1044,1428,3673,61918
02-03-2016,13,20229,21266,10952,4991,57438,1208,1036,1449,3693,61131
02-03-2016,14,20150,21427,10873,4899,57349,1204,1025,1437,3666,61015
02-03-2016,15,20267,21693,10822,4763,57545,1190,1010,1401,3601,61146
02-03-2016,16,20348,21568,10996,4789,57701,1195,987,1377,3559,61260
02-03-2016,17,20253,22106,11508,5142,59009,1242,1058,1430,3730,62739
02-03-2016,18,20497,21833,11727,5197,59254,1233,1066,1440,3739,62993
02-03-2016,19,20391,21275,11647,4879,58192,1197,1022,1388,3607,61799
02-03-2016,20,20125,20307,11160,4574,56166,1139,953,1300,3392,59558
02-03-2016,21,19794,19552,11258,4224,54828,1053,860,1151,3064,57892
02-03-2016,22,18951,18318,11048,3823,52140,969,764,1013,2746,54886
02-03-2016,23,18010,17287,10570,3507,49374,893,691,937,2521,51895
03-03-2016,0,17561,16630,10236,3293,47720,855,667,889,2411,50131
03-03-2016,1,17138,16648,10106,3198,47090,848,645,871,2364,49454
03-03-2016,2,17076,16599,10048,3166,46889,844,634,871,2349,49238
03-03-2016,3,16886,16646,10175,3209,46916,853,646,881,2380,49296
03-03-2016,4,17171,16745,10547,3309,47772,890,692,950,2532,50304
03-03-2016,5,17802,17493,11372,3572,50239,1015,809,1157,2981,53220
03-03-2016,6,19163,19504,11549,4251,54467,1125,924,1304,3353,57820
03-03-2016,7,20786,20823,11686,4802,58097,1225,1041,1426,3692,61789
03-03-2016,8,21243,21337,11687,4993,59260,1267,1087,1463,3817,63077
03-03-2016,9,21094,21376,11675,5007,59152,1265,1086,1468,3819,62971
03-03-2016,10,20850,21342,11749,5048,58989,1258,1068,1463,3789,62778
03-03-2016,11,20336,21349,11660,4991,58336,1232,1038,1428,3698,62034
03-03-2016,12,20063,21291,11606,4881,57841,1234,1062,1449,3745,61586
03-03-2016,13,20025,20863,11585,4856,57329,1210,1059,1455,3724,61053
03-03-2016,14,19882,20899,11578,4750,57109,1206,1037,1446,3689,60798
03-03-2016,15,19806,20862,11419,4617,56704,1181,1024,1401,3606,60310
03-03-2016,16,19723,20795,11483,4629,56630,1171,1006,1392,3569,60199
03-03-2016,17,19885,21344,11842,4948,58019,1227,1069,1448,3744,61763
03-03-2016,18,20283,21621,12045,5087,59036,1231,1057,1445,3733,62769
03-03-2016,19,20209,21249,11832,4827,58117,1202,1006,1412,3620,61737
03-03-2016,20,19739,20662,11362,4503,56266,1136,938,1307,3381,59647
03-03-2016,21,19257,19688,11376,4176,54497,1048,841,1154,3043,57540
03-03-2016,22,18590,18466,11195,3807,52058,947,749,1028,2724,54782
03-03-2016,23,17667,17637,10673,3482,49459,892,680,950,2522,51981
04-03-2016,0,17062,16960,10343,3279,47644,869,643,888,2400,50044
04-03-2016,1,16679,16561,10090,3169,46499,846,628,867,2341,48840
04-03-2016,2,16553,16250,10050,3117,45970,838,621,862,2321,48291
04-03-2016,3,16531,16220,10110,3119,45980,846,627,873,2346,48326
04-03-2016,4,16575,16541,10558,3209,46883,873,674,947,2494,49377
04-03-2016,5,17219,17256,11392,3460,49327,1001,793,1154,2948,52275
04-03-2016,6,18702,19384,11451,4144,53681,1111,907,1308,3326,57007
04-03-2016,7,20158,20881,11616,4713,57368,1218,1023,1432,3673,61041
04-03-2016,8,20614,21418,11763,4941,58736,1207,1092,1502,3801,62537
04-03-2016,9,20437,21303,11747,4916,58403,1219,1092,1506,3817,62220
04-03-2016,10,20171,21438,11701,5016,58326,1224,1073,1523,3820,62146
04-03-2016,11,19963,21261,11637,5000,57861,1193,1041,1490,3724,61585
04-03-2016,12,19684,21022,11520,5210,57436,1212,1058,1497,3767,61203
04-03-2016,13,19432,20728,11472,4657,56289,1183,1046,1459,3688,59977
04-03-2016,14,19500,20179,11441,4469,55589,1176,1021,1423,3620,59209
04-03-2016,15,19205,20335,11403,4351,55294,1156,1002,1381,3539,58833
04-03-2016,16,19201,20351,11418,4440,55410,1140,983,1375,3498,58908
04-03-2016,17,19320,20959,11779,4745,56803,1195,1038,1413,3646,60449
04-03-2016,18,19850,21116,11865,4903,57734,1189,1036,1422,3647,61381
04-03-2016,19,19537,20444,11677,4571,56229,1159,994,1388,3541,59770
04-03-2016,20,19020,19579,11210,4290,54099,1096,928,1307,3331,57430
04-03-2016,21,18524,18941,11148,4011,52624,1020,848,1175,3043,55667
04-03-2016,22,17965,18120,10880,3739,50704,944,761,1058,2763,53467
04-03-2016,23,17427,17432,10297,3484,48640,877,693,977,2547,51187
05-03-2016,0,16882,16618,9989,3157,46646,848,660,912,2420,49066
05-03-2016,1,16484,16373,9694,3003,45554,822,643,885,2350,47904
05-03-2016,2,16292,16079,9613,2909,44893,815,634,871,2320,47213
05-03-2016,3,16222,15917,9610,2866,44615,815,636,877,2328,46943
05-03-2016,4,16274,15980,9703,2875,44832,829,657,902,2388,47220
05-03-2016,5,16431,16140,9948,2957,45476,858,697,968,2523,47999
05-03-2016,6,16722,16396,9782,3160,46060,889,735,1019,2643,48703
05-03-2016,7,17153,16858,10034,3430,47475,969,820,1132,2921,50396
05-03-2016,8,17999,17760,10268,3806,49833,1030,887,1208,3125,52958
05-03-2016,9,18838,18751,10426,4044,52059,1057,914,1256,3227,55286
05-03-2016,10,19019,19343,10412,4159,52933,1057,913,1265,3235,56168
05-03-2016,11,18522,19290,10435,4168,52415,1050,901,1252,3203,55618
05-03-2016,12,18193,18907,10374,4102,51576,1043,897,1231,3171,54747
05-03-2016,13,18087,18659,10313,4020,51079,1034,888,1196,3118,54197
05-03-2016,14,17817,18570,10339,4011,50737,1025,877,1168,3070,53807
05-03-2016,15,17697,18456,10429,3960,50542,1021,870,1175,3066,53608
05-03-2016,16,17924,18678,10619,4029,51250,1036,879,1195,3110,54360
05-03-2016,17,18381,19433,11235,4384,53433,1093,936,1267,3296,56729
05-03-2016,18,18892,19793,11298,4510,54493,1095,954,1308,3357,57850
05-03-2016,19,18825,19303,10916,4237,53281,1045,929,1263,3237,56518
05-03-2016,20,18297,18406,10484,3964,51151,1003,883,1190,3076,54227
05-03-2016,21,17881,17494,10548,3725,49648,940,808,1094,2842,52490
05-03-2016,22,17589,17207,10469,3505,48770,888,742,1004,2634,51404
05-03-2016,23,17143,16471,10021,3301,46936,839,679,924,2442,49378
06-03-2016,0,16637,16026,9628,3081,45372,800,643,856,2299,47671
06-03-2016,1,16375,15756,9361,2931,44423,779,629,831,2239,46662
06-03-2016,2,16173,15616,9244,2848,43881,772,622,818,2212,46093
06-03-2016,3,16125,15726,9194,2830,43875,772,624,815,2211,46086
06-03-2016,4,16146,15910,9304,2889,44249,785,641,837,2263,46512
06-03-2016,5,16275,16200,9419,2965,44859,808,669,889,2366,47225
06-03-2016,6,16540,16630,9171,3130,45471,832,700,927,2459,47930
06-03-2016,7,16730,17073,9405,3354,46562,904,774,1025,2703,49265
06-03-2016,8,17282,17653,9758,3716,48409,965,840,1128,2933,51342
06-03-2016,9,17849,18463,9917,3979,50208,995,863,1176,3034,53242
06-03-2016,10,18036,18963,10042,4126,51167,1000,865,1186,3051,54218
06-03-2016,11,17972,19242,10013,4159,51386,992,850,1173,3015,54401
06-03-2016,12,17899,19191,9947,4104,51141,983,846,1169,2998,54139
06-03-2016,13,17660,19151,9948,4076,50835,976,844,1157,2977,53812
06-03-2016,14,17617,19131,9957,4025,50730,976,845,1151,2972,53702
06-03-2016,15,17755,19207,10052,4023,51037,988,852,1158,2998,54035
06-03-2016,16,17909,19554,10188,4118,51769,1005,873,1178,3056,54825
06-03-2016,17,18152,20088,10738,4490,53468,1076,936,1271,3283,56751
06-03-2016,18,18902,20828,10890,4731,55351,1108,962,1310,3380,58731
06-03-2016,19,19024,20607,10740,4478,54849,1069,946,1270,3285,58134
06-03-2016,20,18755,19907,10275,4169,53106,1016,894,1204,3114,56220
06-03-2016,21,18445,19021,10477,3890,51833,950,808,1074,2832,54665
06-03-2016,22,17935,18204,10363,3590,50092,875,727,937,2539,52631
06-03-2016,23,17401,17585,9914,3365,48265,826,665,886,2377,50642
07-03-2016,0,16839,16938,9547,3181,46505,792,631,832,2255,48760
07-03-2016,1,16533,16658,9345,3075,45611,778,621,810,2209,47820
07-03-2016,2,16449,16479,9206,3036,45170,775,617,805,2197,47367
07-03-2016,3,16430,16802,9302,3056,45590,785,627,817,2229,47819
07-03-2016,4,16612,17038,9705,3137,46492,826,675,894,2395,48887
07-03-2016,5,17364,17952,10563,3424,49303,952,794,1122,2868,52171
07-03-2016,6,18576,19703,10805,4123,53207,1072,919,1279,3270,56477
07-03-2016,7,20098,21201,11065,4724,57088,1195,1031,1427,3653,60741
07-03-2016,8,20619,21699,11158,4991,58467,1244,1085,1477,3806,62273
07-03-2016,9,20483,21717,11228,4982,58410,1241,1089,1464,3794,62204
07-03-2016,10,20148,21616,11344,5021,58129,1230,1073,1448,3751,61880
07-03-2016,11,19654,21461,11344,4968,57427,1210,1029,1421,3660,61087
07-03-2016,12,19308,21158,11246,4890,56602,1229,1047,1434,3710,60312
07-03-2016,13,19324,20944,11144,4881,56293,1213,1041,1423,3677,59970
07-03-2016,14,19051,20773,11098,4809,55731,1195,1027,1417,3639,59370
07-03-2016,15,19088,20773,10997,4664,55522,1162,1011,1391,3564,59086
07-03-2016,16,19138,20732,10993,4669,55532,1134,987,1378,3499,59031
07-03-2016,17,19176,21324,11261,5019,56780,1178,1035,1445,3658,60438
07-03-2016,18,19510,21548,11381,5124,57563,1187,1050,1459,3696,61259
07-03-2016,19,19670,21233,11221,4891,57015,1143,1011,1410,3564,60579
07-03-2016,20,19456,20459,10746,4557,55218,1085,946,1300,3331,58549
07-03-2016,21,18998,19519,10746,4215,53478,1011,855,1146,3012,56490
07-03-2016,22,18265,18319,10504,3864,50952,922,766,1020,2708,53660
07-03-2016,23,17417,17471,10036,3520,48444,864,692,941,2497,50941
08-03-2016,0,16991,16578,9706,3301,46576,839,654,878,2371,48947
08-03-2016,1,16660,16470,9496,3199,45825,828,642,857,2327,48152
08-03-2016,2,16568,16351,9371,3154,45444,813,629,851,2293,47737
08-03-2016,3,16671,16467,9462,3180,45780,813,642,864,2319,48099
08-03-2016,4,16919,16642,9838,3276,46675,846,686,939,2471,49146
08-03-2016,5,17692,17358,10680,3565,49295,963,804,1164,2931,52226
08-03-2016,6,19213,19214,10863,4222,53512,1077,927,1323,3327,56839
08-03-2016,7,20547,20502,11059,4803,56911,1178,1040,1460,3678,60589
08-03-2016,8,20848,20808,11104,4994,57754,1213,1099,1497,3809,61563
08-03-2016,9,20296,20698,11090,5037,57121,1254,1101,1507,3862,60983
08-03-2016,10,19804,20682,11131,5078,56695,1256,1095,1527,3878,60573
08-03-2016,11,19348,20726,11109,5011,56194,1195,1069,1497,3761,59955
08-03-2016,12,19083,20554,11001,4936,55574,1222,1081,1465,3768,59342
08-03-2016,13,18773,20333,10888,4926,54920,1216,1070,1496,3782,58702
08-03-2016,14,18750,20234,10876,4851,54711,1211,1063,1474,3748,58459
08-03-2016,15,18659,20221,10801,4729,54410,1169,1059,1386,3614,58024
08-03-2016,16,18698,20053,10847,4729,54327,1157,1031,1398,3586,57913
08-03-2016,17,18910,20848,11204,4996,55958,1195,1063,1431,3689,59647
08-03-2016,18,19348,21368,11482,5078,57276,1196,1061,1440,3697,60973
08-03-2016,19,19636,20997,11347,4863,56843,1159,1027,1402,3588,60431
08-03-2016,20,19354,20260,10774,4538,54926,1107,974,1308,3389,58315
08-03-2016,21,18890,19385,10790,4207,53272,1021,884,1159,3064,56336
08-03-2016,22,18248,18183,10569,3863,50863,937,800,1034,2771,53634
08-03-2016,23,17452,17365,10014,3499,48330,868,730,956,2554,50884
09-03-2016,0,16799,16659,9614,3280,46352,837,673,894,2404,48756
09-03-2016,1,16484,16060,9407,3171,45122,815,655,875,2345,47467
09-03-2016,2,16421,15937,9269,3110,44737,800,647,877,2324,47061
09-03-2016,3,16341,16041,9362,3136,44880,804,652,891,2347,47227
09-03-2016,4,16565,16336,9790,3235,45926,838,696,960,2494,48420
09-03-2016,5,17188,17137,10574,3491,48390,946,806,1160,2912,51302
09-03-2016,6,18447,19198,10755,4144,52544,1070,917,1318,3305,55849
09-03-2016,7,19995,20867,10965,4712,56539,1181,1034,1419,3634,60173
09-03-2016,8,20354,21136,11026,4951,57467,1216,1088,1456,3760,61227
09-03-2016,9,20126,20695,10987,4940,56748,1204,1160,1454,3818,60566
09-03-2016,10,19707,20677,10975,4987,56346,1201,1120,1429,3750,60096
09-03-2016,11,19396,20590,10809,4917,55712,1177,1030,1396,3603,59315
09-03-2016,12,19040,20091,10699,4777,54607,1177,1050,1409,3636,58243
09-03-2016,13,19079,19779,10641,4739,54238,1148,1035,1399,3582,57820
09-03-2016,14,18978,19719,10648,4616,53961,1149,1013,1427,3589,57550
09-03-2016,15,18763,19603,10599,4441,53406,1115,995,1356,3466,56872
09-03-2016,16,19003,19640,10601,4456,53700,1091,972,1367,3430,57130
09-03-2016,17,19214,20453,11100,4726,55493,1145,1022,1386,3553,59046
09-03-2016,18,19613,20861,11416,4917,56807,1178,1055,1420,3653,60460
09-03-2016,19,19642,20910,11236,4757,56545,1145,1018,1413,3576,60121
09-03-2016,20,19392,20502,10709,4455,55058,1098,954,1314,3366,58424
09-03-2016,21,18733,19665,10691,4133,53222,1012,864,1154,3030,56252
09-03-2016,22,18051,18710,10421,3789,50971,930,770,1024,2724,53695
09-03-2016,23,17264,17686,9878,3457,48285,872,693,948,2513,50798
10-03-2016,0,16567,16647,9498,3221,45933,842,658,892,2392,48325
10-03-2016,1,16065,16575,9295,3141,45076,827,643,874,2344,47420
10-03-2016,2,16003,16657,9218,3110,44988,820,636,868,2324,47312
10-03-2016,3,16146,16817,9357,3128,45448,831,640,877,2348,47796
10-03-2016,4,16380,17072,9727,3175,46354,866,684,938,2488,48842
10-03-2016,5,16866,17864,10429,3472,48631,965,790,1139,2894,51525
10-03-2016,6,18267,19700,10657,4139,52763,1092,918,1291,3301,56064
10-03-2016,7,19718,21239,10883,4733,56573,1204,1033,1394,3631,60204
10-03-2016,8,20248,21498,10985,4980,57711,1231,1086,1438,3755,61466
10-03-2016,9,19859,20925,10924,4945,56653,1228,1085,1429,3742,60395
10-03-2016,10,19570,20581,10863,5036,56050,1215,1062,1413,3690,59740
10-03-2016,11,19231,20185,10878,5014,55308,1190,1028,1038,3256,58564
10-03-2016,12,18941,19946,10767,4891,54545,1193,1046,1387,3626,58171
10-03-2016,13,18785,19567,10749,4876,53977,1189,1033,1355,3577,57554
10-03-2016,14,18738,19482,10741,4773,53734,1183,1017,1362,3562,57296
10-03-2016,15,18521,19413,10650,4623,53207,1141,1006,1326,3473,56680
10-03-2016,16,18497,19208,10662,4614,52981,1125,984,1322,3431,56412
10-03-2016,17,18578,19791,10986,4906,54261,1163,1032,1354,3549,57810
10-03-2016,18,18988,20813,11382,5042,56225,1174,1041,1358,3573,59798
10-03-2016,19,19230,20352,11252,4856,55690,1145,1010,1350,3505,59195
10-03-2016,20,19304,19768,10862,4527,54461,1082,946,1255,3283,57744
10-03-2016,21,18788,18955,10863,4224,52830,1000,852,1119,2971,55801
10-03-2016,22,18078,18345,10528,3874,50825,912,763,1016,2691,53516
10-03-2016,23,17362,17622,10084,3524,48592,848,687,935,2470,51062
11-03-2016,0,16794,16905,9773,3311,46783,816,652,871,2339,49122
11-03-2016,1,16484,16579,9569,3181,45813,803,637,846,2286,48099
11-03-2016,2,16354,16351,9539,3150,45394,793,629,831,2253,47647
11-03-2016,3,16400,16396,9589,3169,45554,802,638,829,2269,47823
11-03-2016,4,16567,16693,9995,3258,46513,838,683,849,2370,48883
11-03-2016,5,17176,17513,10725,3535,48949,942,791,914,2647,51596
11-03-2016,6,18585,19671,10960,4185,53401,1067,906,968,2941,56342
11-03-2016,7,20109,21178,11187,4742,57216,1186,1029,1078,3293,60509
11-03-2016,8,20445,21251,11234,4984,57914,1238,1087,1143,3468,61382
11-03-2016,9,20163,20859,11222,4993,57237,1235,1084,1181,3500,60737
11-03-2016,10,19774,20750,11122,5039,56685,1232,1072,1202,3506,60191
11-03-2016,11,19513,20005,11096,4958,55572,1203,1031,1206,3440,59012
11-03-2016,12,18813,19560,10936,4755,54064,1209,1049,1177,3435,57499
11-03-2016,13,18666,19060,10814,4625,53165,1203,1038,1162,3403,56568
11-03-2016,14,18570,18479,10759,4418,52226,1180,1030,1185,3395,55621
11-03-2016,15,18339,18402,10749,4262,51752,1158,1017,1178,3353,55105
11-03-2016,16,18241,18343,10833,4292,51709,1129,1000,1193,3322,55031
11-03-2016,17,18454,19000,11147,4586,53187,1153,1033,1234,3420,56607
11-03-2016,18,18946,19902,11524,4771,55143,1183,1046,1250,3479,58622
11-03-2016,19,19057,19464,11324,4576,54421,1159,1003,1253,3415,57836
11-03-2016,20,18585,18676,10804,4243,52308,1089,941,1188,3218,55526
11-03-2016,21,18336,18119,10961,3974,51390,1019,857,1083,2959,54349
11-03-2016,22,17665,17483,10725,3721,49594,940,775,984,2699,52293
11-03-2016,23,16953,16785,10231,3439,47408,876,702,911,2489,49897
12-03-2016,0,16591,16205,9894,3231,45921,844,669,848,2361,48282
12-03-2016,1,16217,16003,9711,3084,45015,821,648,821,2290,47305
12-03-2016,2,16081,15919,9611,3013,44624,811,633,807,2251,46875
12-03-2016,3,15990,16000,9642,3006,44638,809,635,808,2252,46890
12-03-2016,4,16048,16154,9795,3042,45039,825,657,834,2316,47355
12-03-2016,5,16263,16486,9893,3149,45791,836,687,889,2412,48203
12-03-2016,6,16485,16796,9856,3339,46476,880,736,948,2564,49040
12-03-2016,7,17029,17214,10109,3617,47969,951,821,1060,2832,50801
12-03-2016,8,17845,18025,10249,3960,50079,995,883,1158,3036,53115
12-03-2016,9,18420,18624,10262,4151,51457,1000,910,1215,3125,54582
12-03-2016,10,18537,18497,10238,4207,51479,994,903,1226,3123,54602
12-03-2016,11,18426,18280,10158,4176,51040,980,886,1221,3087,54127
12-03-2016,12,18065,17825,10044,4088,50022,968,872,1216,3056,53078
12-03-2016,13,17781,17413,9957,3982,49133,948,861,1187,2996,52129
12-03-2016,14,17626,17190,9927,3899,48642,937,840,1162,2939,51581
12-03-2016,15,17542,17090,10025,3893,48550,939,833,1162,2934,51484
12-03-2016,16,17460,17381,10292,4058,49191,951,841,1175,2967,52158
12-03-2016,17,17982,18141,10871,4389,51383,1006,890,1236,3132,54515
12-03-2016,18,18544,18967,11312,4496,53319,1059,949,1307,3315,56634
12-03-2016,19,18514,18793,10951,4348,52606,1029,923,1262,3214,55820
12-03-2016,20,17933,17889,10502,4052,50376,987,876,1190,3053,53429
12-03-2016,21,17556,17256,10692,3814,49318,925,803,1093,2821,52139
12-03-2016,22,17103,16752,10554,3563,47972,871,738,1004,2613,50585
12-03-2016,23,16601,16144,10139,3316,46200,828,682,921,2431,48631
13-03-2016,0,16048,15772,9804,3146,44770,798,650,852,2300,47070
13-03-2016,1,15812,15669,9643,3026,44150,784,635,828,2247,46397
13-03-2016,2,15638,15505,9510,2971,43624,779,629,822,2230,45854
13-03-2016,3,15540,15455,9518,2971,43484,784,630,824,2238,45722
13-03-2016,4,15547,15527,9569,3003,43646,802,655,844,2301,45947
13-03-2016,5,15526,15746,9535,3089,43896,808,668,874,2350,46246
13-03-2016,6,15548,15784,9384,3217,43933,839,699,927,2465,46398
13-03-2016,7,15745,15946,9709,3454,44854,910,770,1015,2695,47549
13-03-2016,8,16452,16857,9914,3781,47004,972,834,1085,2891,49895
13-03-2016,9,17088,17563,10024,3974,48649,995,863,1116,2974,51623
13-03-2016,10,17372,17846,10064,4046,49328,997,861,1121,2979,52307
13-03-2016,11,17379,18171,10002,4041,49593,991,857,1111,2959,52552
13-03-2016,12,17221,18017,9886,3982,49106,983,851,1095,2929,52035
13-03-2016,13,16981,17778,9802,3892,48453,974,848,1080,2902,51355
13-03-2016,14,17047,17759,9887,3794,48487,974,835,1071,2880,51367
13-03-2016,15,17027,17612,9962,3734,48335,981,833,1078,2892,51227
13-03-2016,16,16945,17753,10145,3794,48637,1000,847,1109,2956,51593
13-03-2016,17,17200,18326,10590,4193,50309,1058,902,1193,3153,53462
13-03-2016,18,17758,19360,10955,4447,52520,1088,962,1320,3370,55890
13-03-2016,19,17860,19073,10756,4340,52029,1057,944,1300,3301,55330
13-03-2016,20,17610,18433,10280,4052,50375,1001,888,1215,3104,53479
13-03-2016,21,17280,17702,10417,3758,49157,929,809,1076,2814,51971
13-03-2016,22,16799,16814,10282,3457,47352,858,736,957,2551,49903
13-03-2016,23,16124,15831,9907,3211,45073,803,666,877,2346,47419
14-03-2016,0,15645,15608,9570,3023,43846,772,630,820,2222,46068
14-03-2016,1,15368,15359,9404,2909,43040,762,615,806,2183,45223
14-03-2016,2,15191,15302,9319,2880,42692,759,612,803,2174,44866
14-03-2016,3,15319,15328,9403,2896,42946,768,619,816,2203,45149
14-03-2016,4,15411,15608,9719,2988,43726,807,667,891,2365,46091
14-03-2016,5,15982,15941,10566,3276,45765,903,768,1107,2778,48543
14-03-2016,6,17606,17998,10958,3974,50536,1046,886,1277,3209,53745
14-03-2016,7,19025,20052,11149,4616,54842,1165,1010,1425,3600,58442
14-03-2016,8,19238,20438,11194,4872,55742,1205,1078,1473,3756,59498
14-03-2016,9,18834,20300,11099,4914,55147,1209,1087,1494,3790,58937
14-03-2016,10,18466,20294,11008,4966,54734,1196,1071,1480,3747,58481
14-03-2016,11,18181,20111,10851,4948,54091,1169,1027,1453,3649,57740
14-03-2016,12,17748,19576,10688,4856,52868,1189,1039,1467,3695,56563
14-03-2016,13,17380,19141,10627,4822,51970,1175,1037,1478,3690,55660
14-03-2016,14,17140,19107,10580,4722,51549,1178,1030,1464,3672,55221
14-03-2016,15,17101,19116,10441,4560,51218,1136,1011,1425,3572,54790
14-03-2016,16,16987,18933,10495,4543,50958,1119,980,1391,3490,54448
14-03-2016,17,17045,19388,10657,4833,51923,1141,1021,1412,3574,55497
14-03-2016,18,17539,19713,11109,4898,53259,1155,1045,1424,3624,56883
14-03-2016,19,17791,19183,11007,4754,52735,1124,1004,1412,3540,56275
14-03-2016,20,17618,18512,10502,4426,51058,1060,939,1305,3304,54362
14-03-2016,21,17292,17744,10442,4075,49553,984,848,1143,2975,52528
14-03-2016,22,16790,16613,10219,3706,47328,899,759,1015,2673,50001
14-03-2016,23,15751,15581,9746,3339,44417,833,687,935,2455,46872
15-03-2016,0,15180,14749,9384,3096,42409,808,655,879,2342,44751
15-03-2016,1,14883,14429,9235,2979,41526,789,634,860,2283,43809
15-03-2016,2,14868,14487,9136,2968,41459,780,628,858,2266,43725
15-03-2016,3,14930,14492,9207,3007,41636,788,634,871,2293,43929
15-03-2016,4,15088,14659,9571,3078,42396,812,675,943,2430,44826
15-03-2016,5,15651,15390,10308,3347,44696,916,765,1134,2815,47511
15-03-2016,6,17046,17280,10602,3967,48895,1082,880,1301,3263,52158
15-03-2016,7,18412,19018,10797,4540,52767,1172,1006,1434,3612,56379
15-03-2016,8,18545,19355,10805,4743,53448,1231,1070,1482,3783,57231
15-03-2016,9,18056,19336,10665,4750,52807,1223,1079,1479,3781,56588
15-03-2016,10,17799,19332,10552,4793,52476,1207,1073,1471,3751,56227
15-03-2016,11,17146,18885,10435,4742,51208,1181,1034,1455,3670,54878
15-03-2016,12,16810,18676,10280,4591,50357,1196,1053,1462,3711,54068
15-03-2016,13,16643,18721,10161,4624,50149,1178,1049,1435,3662,53811
15-03-2016,14,16393,18163,10117,4513,49186,1168,1034,1428,3630,52816
15-03-2016,15,16202,18233,10038,4346,48819,1125,1021,1389,3535,52354
15-03-2016,16,16211,18118,10046,4306,48681,1102,996,1374,3472,52153
15-03-2016,17,16312,18520,10278,4627,49737,1126,1025,1417,3568,53305
15-03-2016,18,16719,19146,10880,4714,51459,1176,1049,1436,3661,55120
15-03-2016,19,17164,18864,10778,4656,51462,1141,1017,1433,3591,55053
15-03-2016,20,17179,18555,10169,4390,50293,1080,953,1329,3362,53655
15-03-2016,21,16757,17683,10159,4069,48668,1001,859,1161,3021,51689
15-03-2016,22,16156,16442,9907,3711,46216,911,772,1032,2715,48931
15-03-2016,23,15455,15692,9427,3365,43939,848,701,957,2506,46445
16-03-2016,0,14823,14955,9099,3130,42007,822,668,891,2381,44388
16-03-2016,1,14651,14665,8897,3031,41244,802,657,865,2324,43568
16-03-2016,2,14593,14718,8823,2990,41124,796,647,859,2302,43426
16-03-2016,3,14654,14906,8838,3028,41426,802,657,870,2329,43755
16-03-2016,4,14891,15153,9214,3127,42385,836,696,940,2472,44857
16-03-2016,5,15563,16077,9912,3432,44984,925,775,1129,2829,47813
16-03-2016,6,16973,18087,10199,4028,49287,1062,887,1304,3253,52540
16-03-2016,7,18454,19736,10350,4596,53136,1187,1007,1455,3649,56785
16-03-2016,8,18804,19635,10363,4761,53563,1258,1057,1491,3806,57369
16-03-2016,9,18211,19446,10229,4759,52645,1211,1071,1458,3740,56385
16-03-2016,10,17540,18953,10093,4763,51349,1199,1058,1474,3731,55080
16-03-2016,11,17284,18572,10001,4690,50547,1177,1022,1438,3637,54184
16-03-2016,12,16867,18241,9931,4579,49618,1188,1050,1440,3678,53296
16-03-2016,13,16600,17967,9769,4560,48896,1171,1045,1409,3625,52521
16-03-2016,14,16474,17631,9620,4450,48175,1149,1026,1386,3561,51736
16-03-2016,15,16275,17487,9641,4264,47667,1110,1014,1349,3473,51140
16-03-2016,16,16233,17699,9663,4246,47841,1085,982,1338,3405,51246
16-03-2016,17,16417,18204,9935,4532,49088,1106,1006,1386,3498,52586
16-03-2016,18,16889,18459,10576,4636,50560,1165,1038,1408,3611,54171
16-03-2016,19,17294,18691,10588,4622,51195,1135,1012,1395,3542,54737
16-03-2016,20,17105,18009,9990,4343,49447,1072,943,1292,3307,52754
16-03-2016,21,16910,17180,10008,4041,48139,988,847,1137,2972,51111
16-03-2016,22,16368,16165,9764,3678,45975,905,754,1014,2673,48648
16-03-2016,23,15624,15457,9366,3328,43775,841,692,938,2471,46246
17-03-2016,0,15189,14914,9022,3098,42223,804,662,873,2339,44562
17-03-2016,1,14895,14665,8857,3013,41430,786,654,854,2294,43724
17-03-2016,2,14793,14508,8778,2962,41041,781,646,851,2278,43319
17-03-2016,3,14951,14672,8837,2988,41448,787,655,857,2299,43747
17-03-2016,4,15304,15209,9238,3055,42806,824,694,926,2444,45250
17-03-2016,5,15748,16020,9945,3316,45029,908,773,1118,2799,47828
17-03-2016,6,17036,17763,10318,3915,49032,1035,889,1287,3211,52243
17-03-2016,7,18646,19252,10539,4485,52922,1136,1013,1432,3581,56503
17-03-2016,8,18769,19173,10544,4670,53156,1155,1071,1470,3696,56852
17-03-2016,9,18346,19195,10493,4689,52723,1143,1065,1455,3663,56386
17-03-2016,10,18223,19037,10457,4697,52414,1135,1049,1442,3626,56040
17-03-2016,11,17850,18878,10438,4694,51860,1118,1007,1411,3536,55396
17-03-2016,12,17447,18586,10366,4624,51023,1127,1024,1406,3557,54580
17-03-2016,13,17173,18106,10322,4618,50219,1108,1012,1381,3501,53720
17-03-2016,14,16977,17841,10314,4501,49633,1105,1001,1360,3466,53099
17-03-2016,15,17094,18043,10294,4347,49778,1085,988,1324,3397,53175
17-03-2016,16,17173,18277,10364,4368,50182,1073,958,1309,3340,53522
17-03-2016,17,17141,18550,10608,4694,50993,1103,985,1346,3434,54427
17-03-2016,18,17455,18968,11049,4758,52230,1141,1042,1395,3578,55808
17-03-2016,19,17779,18710,11059,4639,52187,1112,1010,1394,3516,55703
17-03-2016,20,17712,18468,10603,4335,51118,1049,942,1293,3284,54402
17-03-2016,21,17205,17778,10624,4036,49643,970,847,1131,2948,52591
17-03-2016,22,16668,16833,10440,3676,47617,894,759,998,2651,50268
17-03-2016,23,15794,15648,10003,3315,44760,854,692,925,2471,47231
18-03-2016,0,15179,14787,9688,3104,42758,825,656,872,2353,45111
18-03-2016,1,15012,14605,9522,2986,42125,823,639,850,2312,44437
18-03-2016,2,14863,14622,9470,2959,41914,822,625,844,2291,44205
18-03-2016,3,14911,14939,9615,2974,42439,819,633,854,2306,44745
18-03-2016,4,15208,15304,10034,3076,43622,851,677,917,2445,46067
18-03-2016,5,15867,16351,10721,3338,46277,922,753,1095,2770,49047
18-03-2016,6,16967,18094,11161,3978,50200,1062,872,1258,3192,53392
18-03-2016,7,18571,19823,11478,4601,54473,1174,996,1387,3557,58030
18-03-2016,8,18870,19973,11490,4847,55180,1211,1056,1391,3658,58838
18-03-2016,9,18533,19713,11369,4859,54474,1196,1065,1391,3652,58126
18-03-2016,10,18060,19486,11325,4863,53734,1199,1054,1383,3636,57370
18-03-2016,11,17674,19291,11247,4785,52997,1176,1021,1379,3576,56573
18-03-2016,12,17279,18869,11047,4599,51794,1194,1043,1395,3632,55426
18-03-2016,13,16949,18406,10933,4420,50708,1179,1040,1364,3583,54291
18-03-2016,14,16862,17858,10869,4211,49800,1163,1030,1341,3534,53334
18-03-2016,15,16586,17819,10880,4042,49327,1132,998,1314,3444,52771
18-03-2016,16,16521,17973,10944,4064,49502,1115,978,1295,3388,52890
18-03-2016,17,16640,18654,11181,4340,50815,1130,998,1320,3448,54263
18-03-2016,18,17007,19204,11745,4515,52471,1182,1048,1360,3590,56061
18-03-2016,19,17594,18911,11567,4461,52533,1144,1015,1368,3527,56060
18-03-2016,20,17126,18250,11012,4135,50523,1083,946,1281,3310,53833
18-03-2016,21,16666,17332,11035,3836,48869,1012,863,1152,3027,51896
18-03-2016,22,16225,16614,10869,3583,47291,938,781,1039,2758,50049
18-03-2016,23,15786,16068,10410,3330,45594,880,709,961,2550,48144
19-03-2016,0,15366,15026,10073,3120,43585,842,678,895,2415,46000
19-03-2016,1,15080,15112,9852,2992,43036,823,659,862,2344,45380
19-03-2016,2,14952,15095,9782,2932,42761,809,664,857,2330,45091
19-03-2016,3,14957,15154,9858,2915,42884,808,664,858,2330,45214
19-03-2016,4,15051,15323,10018,2947,43339,821,682,888,2391,45730
19-03-2016,5,15228,15518,10086,3036,43868,828,688,932,2448,46316
19-03-2016,6,15401,15640,10153,3173,44367,892,754,1003,2649,47016
19-03-2016,7,15855,16342,10407,3470,46074,964,839,1109,2912,48986
19-03-2016,8,16396,17104,10518,3784,47802,1013,903,1174,3090,50892
19-03-2016,9,16804,17406,10455,3955,48620,1025,930,1208,3163,51783
19-03-2016,10,16755,17267,10359,3991,48372,1022,928,1213,3163,51535
19-03-2016,11,16511,16957,10292,3897,47657,1008,920,1209,3137,50794
19-03-2016,12,16220,16613,10202,3760,46795,1001,909,1188,3098,49893
19-03-2016,13,16016,16215,10130,3613,45974,988,900,1159,3047,49021
19-03-2016,14,15781,16000,10140,3508,45429,980,889,1151,3020,48449
19-03-2016,15,15633,15919,10210,3457,45219,977,879,1163,3019,48238
19-03-2016,16,15632,16409,10416,3539,45996,989,884,1194,3067,49063
19-03-2016,17,15984,17215,10743,3879,47821,1016,916,1240,3172,50993
19-03-2016,18,16446,17906,11291,4092,49735,1076,975,1317,3368,53103
19-03-2016,19,16790,17806,11025,4093,49714,1053,955,1268,3276,52990
19-03-2016,20,16468,16895,10514,3844,47721,1008,902,1187,3097,50818
19-03-2016,21,16007,16495,10701,3568,46771,954,832,1084,2870,49641
19-03-2016,22,15782,15891,10626,3345,45644,896,761,983,2640,48284
19-03-2016,23,15189,15594,10229,3106,44118,851,702,920,2473,46591
20-03-2016,0,14797,15174,9977,2849,42797,820,671,887,2378,45175
20-03-2016,1,14625,14887,9789,2782,42083,802,656,858,2316,44399
20-03-2016,2,14585,14698,9698,2776,41757,797,648,877,2322,44079
20-03-2016,3,14556,14729,9672,2744,41701,798,656,894,2348,44049
20-03-2016,4,14694,14798,9768,2758,42018,812,675,914,2401,44419
20-03-2016,5,14966,14904,9784,2840,42494,811,679,937,2427,44921
20-03-2016,6,14956,14910,9781,2963,42610,860,734,1011,2605,45215
20-03-2016,7,15097,15465,9964,3147,43673,923,803,1105,2831,46504
20-03-2016,8,15551,16242,10018,3384,45195,974,846,1172,2992,48187
20-03-2016,9,15959,16644,10024,3534,46161,985,858,1187,3030,49191
20-03-2016,10,16085,16628,10028,3612,46353,987,855,1188,3030,49383
20-03-2016,11,15798,16586,9918,3605,45907,978,851,1198,3027,48934
20-03-2016,12,15428,16256,9799,3607,45090,973,846,1192,3011,48101
20-03-2016,13,15381,16072,9663,3565,44681,970,836,1182,2988,47669
20-03-2016,14,15343,15900,9667,3523,44433,974,825,1171,2970,47403
20-03-2016,15,15497,15905,9774,3437,44613,980,832,1174,2986,47599
20-03-2016,16,15199,16204,9941,3505,44849,996,849,1198,3043,47892
20-03-2016,17,15735,16861,10231,3836,46663,1031,890,1250,3171,49834
20-03-2016,18,16249,17711,10805,4093,48858,1088,969,1327,3384,52242
20-03-2016,19,16411,17709,10786,4110,49016,1065,954,1308,3327,52343
20-03-2016,20,16221,17165,10386,3845,47617,1012,903,1266,3181,50798
20-03-2016,21,16094,16560,10619,3565,46838,940,815,1150,2905,49743
20-03-2016,22,15790,15836,10549,3274,45449,876,729,1039,2644,48093
20-03-2016,23,15313,15195,10192,3027,43727,826,671,948,2445,46172
21-03-2016,0,15036,14819,9857,2867,42579,798,635,901,2334,44913
21-03-2016,1,14807,14586,9696,2759,41848,782,625,894,2301,44149
21-03-2016,2,14779,14543,9713,2738,41773,789,622,893,2304,44077
21-03-2016,3,14990,14648,9820,2740,42198,804,630,895,2329,44527
21-03-2016,4,15199,15009,10234,2848,43290,845,681,959,2485,45775
21-03-2016,5,15675,15944,10806,3100,45525,921,771,1112,2804,48329
21-03-2016,6,16562,17771,11230,3553,49116,1058,912,1248,3218,52334
21-03-2016,7,17660,19213,11337,4143,52353,1185,1032,1408,3625,55978
21-03-2016,8,18204,19659,11201,4431,53495,1231,1087,1468,3786,57281
21-03-2016,9,18059,19550,11059,4543,53211,1231,1087,1468,3786,56997
21-03-2016,10,17880,19388,10994,4598,52860,1215,1075,1450,3740,56600
21-03-2016,11,17430,19032,10908,4516,51886,1208,1039,1436,3683,55569
21-03-2016,12,17190,18752,10819,4432,51193,1216,1063,1435,3714,54907
21-03-2016,13,16976,18618,10712,4442,50748,1204,1059,1406,3669,54417
21-03-2016,14,16724,18355,10695,4346,50120,1191,1047,1412,3650,53770
21-03-2016,15,16734,18255,10596,4214,49799,1158,1024,1377,3559,53358
21-03-2016,16,16703,18272,10585,4247,49807,1133,989,1361,3483,53290
21-03-2016,17,16813,18939,10733,4478,50963,1142,1004,1390,3536,54499
21-03-2016,18,17038,19571,11345,4579,52533,1189,1046,1437,3672,56205
21-03-2016,19,17537,19572,11376,4527,53012,1172,1019,1407,3598,56610
21-03-2016,20,17314,18885,10951,4200,51350,1106,951,1302,3359,54709
21-03-2016,21,16913,18301,10941,3884,50039,1032,862,1187,3081,53120
21-03-2016,22,16467,17419,10773,3551,48210,950,765,1065,2780,50990
21-03-2016,23,15837,16443,10432,3256,45968,889,698,987,2574,48542
22-03-2016,0,15430,15764,10149,3033,44376,862,667,946,2475,46851
22-03-2016,1,15193,15549,10004,2948,43694,848,652,925,2425,46119
22-03-2016,2,15206,15591,9989,2877,43663,848,644,909,2401,46064
22-03-2016,3,15208,15618,10146,2878,43850,856,657,916,2429,46279
22-03-2016,4,15387,15981,10522,2960,44850,889,696,969,2554,47404
22-03-2016,5,15951,16693,11067,3203,46914,957,777,1120,2854,49768
22-03-2016,6,16833,18293,11531,3662,50319,1087,906,1288,3281,53600
22-03-2016,7,17672,19692,11551,4272,53187,1194,1020,1411,3625,56812
22-03-2016,8,17986,20041,11299,4600,53926,1224,1072,1464,3760,57686
22-03-2016,9,18349,19847,11095,4675,53966,1215,1072,1471,3758,57724
22-03-2016,10,18301,19636,10913,4729,53579,1213,1055,1457,3725,57304
22-03-2016,11,17521,19472,10736,4664,52393,1199,1020,1424,3643,56036
22-03-2016,12,17247,19306,10664,4591,51808,1223,1038,1442,3703,55511
22-03-2016,13,16856,19105,10558,4606,51125,1210,1029,1429,3668,54793
22-03-2016,14,16698,18899,10486,4494,50577,1199,1016,1446,3661,54238
22-03-2016,15,16592,18893,10498,4299,50282,1159,1002,1372,3533,53815
22-03-2016,16,16690,18998,10554,4258,50500,1132,969,1372,3473,53973
22-03-2016,17,16831,19462,10720,4481,51494,1129,985,1357,3471,54965
22-03-2016,18,17131,19815,11369,4564,52879,1190,1035,1443,3668,56547
22-03-2016,19,17599,19845,11501,4543,53488,1187,1012,1453,3652,57140
22-03-2016,20,17295,19187,11020,4268,51770,1118,948,1347,3413,55183
22-03-2016,21,16889,18377,11081,3983,50330,1040,855,1194,3089,53419
22-03-2016,22,16335,17060,10820,3623,47838,960,760,1056,2776,50614
22-03-2016,23,15794,16173,10371,3296,45634,904,693,980,2577,48211
23-03-2016,0,15377,15312,10011,3067,43767,875,660,943,2478,46245
23-03-2016,1,15152,15207,9809,2940,43108,857,646,923,2426,45534
23-03-2016,2,15124,15151,9731,2876,42882,858,645,917,2420,45302
23-03-2016,3,15153,15148,9811,2919,43031,864,657,930,2451,45482
23-03-2016,4,15454,15270,10267,2984,43975,896,711,994,2601,46576
23-03-2016,5,15902,15884,10868,3203,45857,982,794,1142,2918,48775
23-03-2016,6,16559,17620,11282,3613,49074,1095,923,1294,3312,52386
23-03-2016,7,17481,19477,11408,4173,52539,1198,1039,1390,3627,56166
23-03-2016,8,17991,20042,11400,4456,53889,1221,1087,1429,3737,57626
23-03-2016,9,17901,19915,11256,4546,53618,1211,1079,1432,3722,57340
23-03-2016,10,17756,19942,11152,4594,53444,1198,1054,1427,3679,57123
23-03-2016,11,17258,19750,11037,4525,52570,1167,1018,1402,3587,56157
23-03-2016,12,16659,19167,10917,4415,51158,1201,1038,1409,3648,54806
23-03-2016,13,16291,18991,10881,4376,50539,1184,1036,1391,3611,54150
23-03-2016,14,16067,18754,10878,4266,49965,1166,1021,1403,3590,53555
23-03-2016,15,15845,18708,10782,4106,49441,1139,1011,1377,3527,52968
23-03-2016,16,15736,18595,10826,4050,49207,1123,981,1339,3443,52650
23-03-2016,17,15950,18946,10974,4244,50114,1123,992,1342,3457,53571
23-03-2016,18,16390,19669,11499,4399,51957,1178,1044,1390,3612,55569
23-03-2016,19,16845,19947,11493,4416,52701,1180,1036,1416,3632,56333
23-03-2016,20,16674,19318,10931,4158,51081,1117,972,1309,3398,54479
23-03-2016,21,16447,18518,10860,3870,49695,1039,869,1155,3063,52758
23-03-2016,22,16083,17791,10620,3597,48091,957,775,1031,2763,50854
23-03-2016,23,15645,16938,10116,3302,46001,896,704,948,2548,48549
24-03-2016,0,15386,16157,9778,3102,44423,865,664,901,2430,46853
24-03-2016,1,15164,16118,9591,2980,43853,844,651,879,2374,46227
24-03-2016,2,14945,16013,9605,2933,43496,841,645,875,2361,45857
24-03-2016,3,15022,16091,9676,2926,43715,854,653,884,2391,46106
24-03-2016,4,15241,16438,9913,2972,44564,890,698,947,2535,47099
24-03-2016,5,15395,17241,10488,3079,46203,965,783,1094,2842,49045
24-03-2016,6,15805,18804,10912,3189,48710,1088,914,1253,3255,51965
24-03-2016,7,16149,19903,11163,3434,50649,1196,1026,1393,3615,54264
24-03-2016,8,16592,20240,11286,3695,51813,1199,1066,1432,3697,55510
24-03-2016,9,16821,19957,11227,3817,51822,1199,1076,1425,3700,55522
24-03-2016,10,16853,19527,11150,3831,51361,1187,1049,1412,3648,55009
24-03-2016,11,16746,19138,11054,3778,50716,1187,1007,1389,3583,54299
24-03-2016,12,16552,18500,10908,3676,49636,1201,1013,1396,3610,53246
24-03-2016,13,16430,18100,10785,3582,48897,1180,997,1384,3561,52458
24-03-2016,14,16354,17733,10761,3545,48393,1165,972,1372,3509,51902
24-03-2016,15,16401,17611,10734,3529,48275,1139,955,1339,3433,51708
24-03-2016,16,16411,17593,10667,3639,48310,1113,944,1314,3371,51681
24-03-2016,17,16368,18169,10818,3930,49285,1107,957,1329,3393,52678
24-03-2016,18,16483,18550,11282,4052,50367,1154,1013,1420,3587,53954
24-03-2016,19,16611,18485,11235,4017,50348,1137,994,1430,3561,53909
24-03-2016,20,16356,17731,10742,3796,48625,1064,926,1322,3312,51937
24-03-2016,21,15966,16939,10723,3555,47183,992,836,1171,2999,50182
24-03-2016,22,15492,16125,10556,3311,45484,912,748,1042,2702,48186
24-03-2016,23,15206,15367,10090,3063,43726,849,683,961,2493,46219
25-03-2016,0,14910,14457,9719,2880,41966,808,641,904,2353,44319
25-03-2016,1,14532,14152,9538,2755,40977,790,630,881,2301,43278
25-03-2016,2,14368,14007,9439,2695,40509,776,625,877,2278,42787
25-03-2016,3,14233,14002,9367,2696,40298,778,628,886,2292,42590
25-03-2016,4,14419,14181,9402,2702,40704,793,648,947,2388,43092
25-03-2016,5,14735,14407,9392,2797,41331,803,661,1084,2548,43879
25-03-2016,6,14918,14681,9406,2914,41919,864,732,1242,2838,44757
25-03-2016,7,15382,15324,9600,3200,43506,941,819,1383,3143,46649
25-03-2016,8,15784,16178,9820,3539,45321,985,875,1431,3291,48612
25-03-2016,9,16307,16863,9992,3729,46891,1005,904,1425,3334,50225
25-03-2016,10,16341,17133,10071,3835,47380,1008,893,1414,3315,50695
25-03-2016,11,16268,17099,9979,3842,47188,1003,870,1396,3269,50457
25-03-2016,12,16027,17018,9977,3761,46783,997,865,1397,3259,50042
25-03-2016,13,15891,16813,9967,3632,46303,983,852,1373,3208,49511
25-03-2016,14,15547,16603,10008,3545,45703,974,855,1360,3189,48892
25-03-2016,15,15313,16592,10089,3472,45466,965,856,1338,3159,48625
25-03-2016,16,15116,16564,10062,3543,45285,965,858,1340,3163,48448
25-03-2016,17,15324,16784,10210,3785,46103,974,870,1368,3212,49315
25-03-2016,18,15666,17117,10645,3879,47307,1038,923,1425,3386,50693
25-03-2016,19,16145,17158,10544,3918,47765,1016,911,1385,3312,51077
25-03-2016,20,16092,16708,10138,3677,46615,960,864,1283,3107,49722
25-03-2016,21,15744,16085,10318,3455,45602,912,789,1130,2831,48433
25-03-2016,22,15404,15337,10140,3257,44138,859,723,1009,2591,46729
25-03-2016,23,14947,14887,9707,3023,42564,810,666,920,2396,44960
26-03-2016,0,14743,14081,9357,2859,41040,774,634,864,2272,43312
26-03-2016,1,14484,13948,9180,2755,40367,752,616,839,2207,42574
26-03-2016,2,14369,13834,9061,2706,39970,744,608,829,2181,42151
26-03-2016,3,14425,13845,9036,2688,39994,739,608,829,2176,42170
26-03-2016,4,14455,13855,9088,2725,40123,749,628,850,2227,42350
26-03-2016,5,14529,13845,9076,2809,40259,751,639,888,2278,42537
26-03-2016,6,14646,13870,9100,2889,40505,811,698,992,2501,43006
26-03-2016,7,14912,14325,9401,3188,41826,889,779,1111,2779,44605
26-03-2016,8,15499,14970,9587,3435,43491,948,843,1197,2988,46479
26-03-2016,9,15823,15411,9686,3557,44477,975,864,1230,3069,47546
26-03-2016,10,15775,15272,9693,3592,44332,979,863,1238,3080,47412
26-03-2016,11,15493,15115,9627,3538,43773,973,852,1233,3058,46831
26-03-2016,12,15399,14828,9480,3479,43186,968,848,1217,3033,46219
26-03-2016,13,15458,14319,9477,3429,42683,957,847,1200,3004,45687
26-03-2016,14,15440,14090,9479,3355,42364,941,832,1183,2956,45320
26-03-2016,15,15460,14075,9600,3282,42417,934,837,1179,2950,45367
26-03-2016,16,15498,14392,9818,3308,43016,947,844,1189,2980,45996
26-03-2016,17,15616,14619,10042,3582,43859,958,867,1208,3033,46892
26-03-2016,18,15738,15087,10396,3757,44978,1015,922,1297,3234,48212
26-03-2016,19,15968,15245,10278,3804,45295,995,917,1285,3197,48492
26-03-2016,20,15742,14915,9851,3574,44082,955,872,1206,3033,47115
26-03-2016,21,15341,14696,10016,3370,43423,895,793,1079,2767,46190
26-03-2016,22,14890,14131,9871,3160,42052,834,723,964,2521,44573
26-03-2016,23,14461,13911,9466,2952,40790,789,658,873,2320,43110
27-03-2016,0,14171,13708,9148,2764,39791,759,625,817,2201,41992
27-03-2016,1,13885,13534,8849,2668,38936,742,610,766,2118,41054
27-03-2016,2,,13834,,,,744,,,,
27-03-2016,3,13643,13183,8838,2596,38260,738,605,786,2129,40389
27-03-2016,4,13754,13409,8829,2595,38587,749,615,800,2164,40751
27-03-2016,5,13592,13572,8862,2646,38672,766,636,842,2244,40916
27-03-2016,6,13718,13660,8676,2742,38796,773,645,863,2281,41077
27-03-2016,7,13660,13867,8800,2871,39198,841,702,923,2466,41664
27-03-2016,8,14081,14093,9048,3161,40383,895,771,983,2649,43032
27-03-2016,9,14486,14494,9173,3402,41555,929,803,995,2727,44282
27-03-2016,10,14797,14715,9176,3509,42197,933,800,963,2696,44893
27-03-2016,11,14932,14714,9109,3606,42361,920,785,921,2626,44987
27-03-2016,12,14879,14671,9021,3612,42183,903,769,887,2559,44742
27-03-2016,13,14867,14537,8869,3535,41808,888,749,857,2494,44302
27-03-2016,14,14830,14597,8826,3492,41745,876,734,837,2447,44192
27-03-2016,15,14710,14701,8810,3410,41631,868,728,842,2438,44069
27-03-2016,16,14646,14754,8897,3481,41778,876,731,850,2457,44235
27-03-2016,17,14735,15161,9002,3643,42541,883,741,875,2499,45040
27-03-2016,18,14877,15565,9163,3665,43270,898,754,901,2553,45823
27-03-2016,19,15052,15863,9608,3585,44108,971,833,1014,2818,46926
27-03-2016,20,15409,15942,9535,3644,44530,964,841,1026,2831,47361
27-03-2016,21,15167,15428,9645,3443,43683,903,775,967,2645,46328
27-03-2016,22,14749,14729,9560,3232,42270,830,715,874,2419,44689
27-03-2016,23,14319,14004,9151,3014,40488,771,657,800,2228,42716
28-03-2016,0,14026,13555,8807,2798,39186,732,613,753,2098,41284
28-03-2016,1,13738,13459,8612,2649,38458,716,594,729,2039,40497
28-03-2016,2,13620,13304,8506,2598,38028,710,586,721,2017,40045
28-03-2016,3,13597,13224,8592,2577,37990,721,587,724,2032,40022
28-03-2016,4,13787,13289,8740,2588,38404,763,609,745,2117,40521
28-03-2016,5,13924,13523,8904,2673,39024,882,635,787,2304,41328
28-03-2016,6,14227,13967,8734,2835,39763,995,659,801,2455,42218
28-03-2016,7,14404,14416,8961,2990,40771,1103,729,871,2703,43474
28-03-2016,8,14944,14971,9162,3261,42338,1134,789,949,2872,45210
28-03-2016,9,15417,15327,9274,3466,43484,1121,824,992,2937,46421
28-03-2016,10,15712,15354,9337,3626,44029,1110,829,995,2934,46963
28-03-2016,11,16110,15242,9176,3606,44134,1084,803,973,2860,46994
28-03-2016,12,16041,14729,9074,3467,43311,1098,791,944,2833,46144
28-03-2016,13,15851,14606,9033,3422,42912,1083,776,925,2784,45696
28-03-2016,14,15832,14589,8959,3374,42754,1066,765,919,2750,45504
28-03-2016,15,15791,14525,9020,3384,42720,1028,761,924,2713,45433
28-03-2016,16,15680,14563,9040,3467,42750,1006,766,942,2714,45464
28-03-2016,17,15630,14871,9126,3769,43396,987,778,970,2735,46131
28-03-2016,18,15564,15337,9284,3802,43987,987,796,1004,2787,46774
28-03-2016,19,15631,15557,9713,3664,44565,1042,883,1123,3048,47613
28-03-2016,20,15770,15522,9522,3644,44458,1022,877,1107,3006,47464
28-03-2016,21,15464,15031,9609,3447,43551,942,801,986,2729,46280
28-03-2016,22,15013,14456,9558,3180,42207,850,714,870,2434,44641
28-03-2016,23,14421,14181,9240,2933,40775,790,650,795,2235,43010
29-03-2016,0,14136,13641,8858,2750,39385,760,610,753,2123,41508
29-03-2016,1,13703,13373,8671,2684,38431,741,591,734,2066,40497
29-03-2016,2,13517,13310,8534,2662,38023,730,587,730,2047,40070
29-03-2016,3,13672,13414,8641,2680,38407,743,596,739,2078,40485
29-03-2016,4,14036,13686,9000,2768,39490,778,634,799,2211,41701
29-03-2016,5,14623,14638,9740,3034,42035,895,741,1008,2644,44679
29-03-2016,6,15877,16286,10150,3658,45971,1008,853,1163,3024,48995
29-03-2016,7,17214,17643,10375,4228,49460,1103,962,1302,3367,52827
29-03-2016,8,17706,18389,10424,4466,50985,1118,1014,1363,3495,54480
29-03-2016,9,17621,18427,10300,4513,50861,1121,1017,1356,3494,54355
29-03-2016,10,17612,18529,10214,4543,50898,1103,995,1328,3426,54324
29-03-2016,11,17364,18307,10106,4460,50237,1082,955,1282,3319,53556
29-03-2016,12,17205,17802,9908,4371,49286,1104,971,1279,3354,52640
29-03-2016,13,17069,17310,9835,4418,48632,1086,966,1264,3316,51948
29-03-2016,14,16988,17009,9805,4322,48124,1073,969,1254,3296,51420
29-03-2016,15,16709,16815,9723,4074,47321,1042,946,1226,3214,50535
29-03-2016,16,16841,16750,9719,4039,47349,1016,892,1198,3106,50455
29-03-2016,17,16739,17028,9710,4257,47734,1001,890,1194,3085,50819
29-03-2016,18,16550,17137,9826,4191,47704,1005,893,1207,3105,50809
29-03-2016,19,16813,17332,10151,4106,48402,1049,941,1287,3277,51679
29-03-2016,20,17044,17364,9890,4159,48457,1030,909,1243,3182,51639
29-03-2016,21,16815,16864,9830,3931,47440,936,812,1098,2846,50286
29-03-2016,22,16179,15869,9614,3601,45263,851,731,962,2544,47807
29-03-2016,23,15513,15029,9130,3239,42911,785,656,882,2323,45234
30-03-2016,0,14861,14399,8820,2987,41067,748,625,843,2216,43283
30-03-2016,1,14654,14135,8662,2899,40350,727,607,821,2155,42505
30-03-2016,2,14542,14180,8680,2845,40247,726,600,815,2141,42388
30-03-2016,3,14603,14231,8749,2871,40454,736,602,820,2158,42612
30-03-2016,4,14766,14468,9204,2947,41385,769,639,873,2281,43666
30-03-2016,5,15111,15351,9888,3182,43532,888,751,1060,2699,46231
30-03-2016,6,16423,16917,10128,3836,47304,998,865,1198,3061,50365
30-03-2016,7,18002,18571,10389,4418,51380,1107,983,1334,3424,54804
30-03-2016,8,18449,19219,10590,4693,52951,1134,1046,1409,3589,56540
30-03-2016,9,18135,18912,10564,4765,52376,1114,1057,1429,3600,55976
30-03-2016,10,17943,18783,10523,4853,52102,1114,1034,1422,3570,55672
30-03-2016,11,17717,18843,10414,4876,51850,1094,996,1390,3480,55330
30-03-2016,12,17347,18785,10250,4769,51151,1126,1004,1400,3530,54681
30-03-2016,13,17030,18320,10041,4744,50135,1133,977,1376,3486,53621
30-03-2016,14,16953,18375,10012,4567,49907,1137,970,1329,3436,53343
30-03-2016,15,16831,18143,10001,4396,49371,1098,949,1295,3342,52713
30-03-2016,16,16637,18048,10024,4298,49007,1066,919,1239,3224,52231
30-03-2016,17,16556,18231,10036,4542,49365,1034,912,1226,3172,52537
30-03-2016,18,16417,18246,10199,4463,49325,1034,895,1220,3149,52474
30-03-2016,19,16628,18494,10571,4296,49989,1065,948,1309,3322,53311
30-03-2016,20,17143,18573,10276,4301,50293,1040,922,1269,3231,53524
30-03-2016,21,17224,17939,10146,4055,49364,954,831,1139,2924,52288
30-03-2016,22,16630,16901,9998,3704,47233,866,739,993,2598,49831
30-03-2016,23,15894,15937,9516,3331,44678,800,671,900,2371,47049
31-03-2016,0,15392,15220,9171,3091,42874,760,626,843,2229,45103
31-03-2016,1,14986,14951,8955,2991,41883,744,609,814,2167,44050
31-03-2016,2,14952,14795,8880,2945,41572,726,599,799,2124,43696
31-03-2016,3,14999,14784,8910,2934,41627,740,608,802,2150,43777
31-03-2016,4,15230,14919,9169,3003,42321,784,647,861,2292,44613
31-03-2016,5,15832,15664,9938,3256,44690,890,753,1055,2698,47388
31-03-2016,6,17414,17322,10251,3899,48886,1020,868,1197,3085,51971
31-03-2016,7,18833,18498,10539,4450,52320,1130,978,1332,3440,55760
31-03-2016,8,19147,19031,10529,4653,53360,1170,1037,1362,3569,56929
31-03-2016,9,18708,18969,10518,4639,52834,1167,1033,1397,3597,56431
31-03-2016,10,18265,18930,10466,4727,52388,1162,1014,1394,3570,55958
31-03-2016,11,17849,18598,10386,4655,51488,1138,981,1355,3474,54962
31-03-2016,12,17516,18135,10333,4525,50509,1152,996,1361,3509,54018
31-03-2016,13,17434,17704,10251,4448,49837,1131,979,1342,3452,53289
31-03-2016,14,17375,17495,10199,4278,49347,1112,957,1325,3394,52741
31-03-2016,15,17184,17348,10069,4070,48671,1082,941,1282,3305,51976
31-03-2016,16,17290,17073,10062,3968,48393,1060,912,1247,3219,51612
31-03-2016,17,17085,16892,10014,4208,48199,1048,906,1238,3192,51391
31-03-2016,18,17050,17176,10131,4162,48519,1048,910,1236,3194,51713
31-03-2016,19,17301,17640,10522,4074,49537,1082,953,1284,3319,52856
31-03-2016,20,17723,17899,10243,4156,50021,1058,927,1272,3257,53278
31-03-2016,21,17614,17425,10237,3947,49223,972,837,1120,2929,52152
31-03-2016,22,17010,16382,10028,3638,47058,883,747,982,2612,49670
31-03-2016,23,16333,15542,9551,3318,44744,824,679,893,2396,47140
01-04-2016,0,15753,14995,9287,3084,43119,779,634,830,2243,45362
01-04-2016,1,15404,14724,8991,2976,42095,759,622,806,2187,44282
01-04-2016,2,15279,14610,8951,2926,41766,749,615,801,2165,43931
01-04-2016,3,15246,14669,9037,2933,41885,758,625,811,2194,44079
01-04-2016,4,15553,15078,9432,3040,43103,789,661,865,2315,45418
01-04-2016,5,16150,15923,10098,3321,45492,893,767,1055,2715,48207
01-04-2016,6,17446,17525,10436,3932,49339,1015,881,1214,3110,52449
01-04-2016,7,18811,19199,10638,4478,53126,1130,994,1357,3481,56607
01-04-2016,8,19232,19807,10722,4665,54426,1174,1051,1410,3635,58061
01-04-2016,9,18978,19687,10657,4680,54002,1176,1050,1396,3622,57624
01-04-2016,10,18502,19378,10668,4694,53242,1172,1034,1374,3580,56822
01-04-2016,11,18073,18889,10567,4581,52110,1152,998,1347,3497,55607
01-04-2016,12,17502,18228,10395,4397,50522,1166,1018,1347,3531,54053
01-04-2016,13,16999,17450,10289,4266,49004,1143,1009,1313,3465,52469
01-04-2016,14,16705,16773,10193,4070,47741,1120,993,1279,3392,51133
01-04-2016,15,16561,16669,10052,3903,47185,1072,971,1231,3274,50459
01-04-2016,16,16465,16511,10010,3869,46855,1052,946,1211,3209,50064
01-04-2016,17,16597,16936,10004,4061,47598,1036,928,1187,3151,50749
01-04-2016,18,16662,16879,10160,4098,47799,1026,913,1193,3132,50931
01-04-2016,19,16665,17041,10344,3966,48016,1051,951,1255,3257,51273
01-04-2016,20,16933,17316,10286,3923,48458,1021,934,1226,3181,51639
01-04-2016,21,16584,16609,10295,3714,47202,940,862,1104,2906,50108
01-04-2016,22,16074,15938,10050,3459,45521,858,782,976,2616,48137
01-04-2016,23,15611,15197,9604,3188,43600,800,703,894,2397,45997
02-04-2016,0,15169,14403,9259,2944,41775,768,653,823,2244,44019
02-04-2016,1,14694,14112,9048,2784,40638,744,631,800,2175,42813
02-04-2016,2,14416,14129,9009,2683,40237,738,621,788,2147,42384
02-04-2016,3,14256,13960,9046,2666,39928,737,625,784,2146,42074
02-04-2016,4,14358,14214,9117,2672,40361,751,641,807,2199,42560
02-04-2016,5,14478,14315,9229,2730,40752,762,661,856,2279,43031
02-04-2016,6,14710,14384,9270,2900,41264,809,712,924,2445,43709
02-04-2016,7,14989,14799,9474,3155,42417,887,788,1038,2713,45130
02-04-2016,8,15860,15830,9595,3475,44760,934,854,1110,2898,47658
02-04-2016,9,16557,16488,9601,3666,46312,949,876,1141,2966,49278
02-04-2016,10,16914,16523,9528,3708,46673,941,871,1139,2951,49624
02-04-2016,11,16929,15953,9433,3666,45981,926,857,1129,2912,48893
02-04-2016,12,16691,15531,9316,3555,45093,913,847,1104,2864,47957
02-04-2016,13,16475,15404,9217,3480,44576,898,830,1066,2794,47370
02-04-2016,14,16135,15178,9236,3425,43974,884,817,1041,2742,46716
02-04-2016,15,16018,15027,9289,3371,43705,871,806,1035,2712,46417
02-04-2016,16,16048,15091,9467,3418,44024,872,800,1042,2714,46738
02-04-2016,17,16253,15610,9661,3673,45197,877,796,1055,2728,47925
02-04-2016,18,16326,15997,9816,3782,45921,885,796,1071,2752,48673
02-04-2016,19,16197,16265,9944,3665,46071,934,861,1152,2947,49018
02-04-2016,20,16176,16066,9816,3679,45737,935,867,1145,2947,48684
02-04-2016,21,15903,15643,9869,3520,44935,875,799,1038,2712,47647
02-04-2016,22,15449,14931,9738,3290,43408,814,722,932,2468,45876
02-04-2016,23,14945,14294,9341,3043,41623,766,661,848,2275,43898
03-04-2016,0,14647,13491,8964,2816,39918,731,626,791,2148,42066
03-04-2016,1,14279,13239,8745,2702,38965,706,609,767,2082,41047
03-04-2016,2,14108,13084,8683,2638,38513,699,594,756,2049,40562
03-04-2016,3,13980,13202,8671,2623,38476,698,589,755,2042,40518
03-04-2016,4,14018,13293,8672,2639,38622,713,602,767,2082,40704
03-04-2016,5,14053,13460,8680,2677,38870,726,615,799,2140,41010
03-04-2016,6,14139,13502,8594,2806,39041,750,646,841,2237,41278
03-04-2016,7,14375,13954,8793,3000,40122,821,723,933,2477,42599
03-04-2016,8,14898,14290,9069,3327,41584,891,794,1025,2710,44294
03-04-2016,9,15460,14980,9316,3553,43309,928,818,1072,2818,46127
03-04-2016,10,15790,15164,9403,3665,44022,931,819,1073,2823,46845
03-04-2016,11,15733,15053,9343,3640,43769,926,797,1066,2789,46558
03-04-2016,12,15668,15052,9339,3560,43619,920,793,1047,2760,46379
03-04-2016,13,15567,14966,9265,3517,43315,913,779,1032,2724,46039
03-04-2016,14,15603,14742,9218,3494,43057,912,768,1013,2693,45750
03-04-2016,15,15636,14787,9222,3458,43103,910,761,1006,2677,45780
03-04-2016,16,15582,14952,9234,3578,43346,918,769,1021,2708,46054
03-04-2016,17,15592,15428,9199,3927,44146,923,779,1036,2738,46884
03-04-2016,18,15775,15532,9349,3990,44646,939,796,1069,2804,47450
03-04-2016,19,15922,15868,9578,3867,45235,973,862,1163,2998,48233
03-04-2016,20,16228,16080,9600,3826,45734,959,865,1161,2985,48719
03-04-2016,21,16036,15510,9719,3584,44849,893,786,1028,2707,47556
03-04-2016,22,15549,14500,9667,3312,43028,812,696,895,2403,45431
03-04-2016,23,14839,13696,9283,3026,40844,750,632,816,2198,43042
04-04-2016,0,14215,13173,8998,2864,39250,733,595,765,2093,41343
04-04-2016,1,13801,13086,8837,2748,38472,719,582,752,2053,40525
04-04-2016,2,13717,12866,8750,2737,38070,719,577,755,2051,40121
04-04-2016,3,13775,12876,8871,2760,38282,729,592,770,2091,40373
04-04-2016,4,13885,13199,9252,2834,39170,771,629,842,2242,41412
04-04-2016,5,14188,14122,9903,3102,41315,879,724,1040,2643,43958
04-04-2016,6,15638,16086,10375,3689,45788,1017,849,1192,3058,48846
04-04-2016,7,17372,17786,10654,4293,50105,1138,963,1311,3412,53517
04-04-2016,8,17852,18363,10582,4567,51364,1168,1017,1333,3518,54882
04-04-2016,9,17672,18431,10572,4597,51272,1139,1011,1319,3469,54741
04-04-2016,10,17518,18421,10452,4669,51060,1114,992,1302,3408,54468
04-04-2016,11,17155,18103,10398,4637,50293,1080,957,1275,3312,53605
04-04-2016,12,16806,17825,10162,4501,49294,1089,973,1277,3339,52633
04-04-2016,13,16646,17804,9984,4468,48902,1073,959,1258,3290,52192
04-04-2016,14,16576,17594,9908,4414,48492,1062,932,1251,3245,51737
04-04-2016,15,16474,17287,9792,4223,47776,1032,907,1210,3149,50925
04-04-2016,16,16482,17337,9745,4201,47765,1017,873,1185,3075,50840
04-04-2016,17,16427,17590,9664,4443,48124,1009,870,1188,3067,51191
04-04-2016,18,16182,17367,9759,4350,47658,1000,855,1181,3036,50694
04-04-2016,19,16193,17301,9994,4156,47644,1034,909,1239,3182,50826
04-04-2016,20,16538,17335,9967,4122,47962,1024,902,1241,3167,51129
04-04-2016,21,16334,16408,9898,3891,46531,943,816,1077,2836,49367
04-04-2016,22,15606,15275,9744,3529,44154,856,713,931,2500,46654
04-04-2016,23,14690,14353,9217,3177,41437,791,643,856,2290,43727
05-04-2016,0,14231,13747,8795,2926,39699,755,611,801,2167,41866
05-04-2016,1,13831,13673,8550,2809,38863,735,596,781,2112,40975
05-04-2016,2,13597,13297,8565,2779,38238,742,586,783,2111,40349
05-04-2016,3,13594,13483,8593,2795,38465,748,594,798,2140,40605
05-04-2016,4,13742,13768,8956,2853,39319,782,631,861,2274,41593
05-04-2016,5,14111,14579,9616,3137,41443,880,724,1050,2654,44097
05-04-2016,6,15519,16186,10123,3770,45598,1021,849,1217,3087,48685
05-04-2016,7,17031,18032,10338,4355,49756,1120,966,1330,3416,53172
05-04-2016,8,17399,18395,10429,4613,50836,1132,1022,1353,3507,54343
05-04-2016,9,17283,18254,10484,4635,50656,1127,1019,1334,3480,54136
05-04-2016,10,17196,18522,10453,4692,50863,1126,997,1318,3441,54304
05-04-2016,11,16990,18606,10390,4670,50656,1102,961,1315,3378,54034
05-04-2016,12,16729,17869,10262,4550,49410,1114,976,1330,3420,52830
05-04-2016,13,16408,17201,10192,4581,48382,1094,969,1310,3373,51755
05-04-2016,14,16519,16914,10122,4509,48064,1071,951,1287,3309,51373
05-04-2016,15,16361,17018,10079,4432,47890,1048,929,1250,3227,51117
05-04-2016,16,16328,17000,10110,4445,47883,1038,894,1217,3149,51032
05-04-2016,17,16193,17046,10074,4699,48012,1035,888,1211,3134,51146
05-04-2016,18,16044,16903,10189,4585,47721,1015,873,1210,3098,50819
05-04-2016,19,16093,17050,10292,4389,47824,1052,915,1264,3231,51055
05-04-2016,20,16220,17366,10004,4270,47860,1017,900,1230,3147,51007
05-04-2016,21,15995,16499,9924,4022,46440,925,824,1080,2829,49269
05-04-2016,22,15449,15547,9720,3665,44381,840,729,932,2501,46882
05-04-2016,23,14634,14632,9281,3329,41876,775,658,850,2283,44159
06-04-2016,0,14149,13898,8933,3059,40039,744,619,783,2146,42185
06-04-2016,1,13721,13628,8706,2885,38940,726,604,759,2089,41029
06-04-2016,2,13570,13174,8622,2757,38123,722,592,759,2073,40196
06-04-2016,3,13414,13058,8630,2639,37741,723,599,776,2098,39839
06-04-2016,4,13570,13184,8927,2693,38374,753,645,839,2237,40611
06-04-2016,5,13922,13809,9589,2918,40238,847,734,1015,2596,42834
06-04-2016,6,15397,15558,9864,3560,44379,981,851,1181,3013,47392
06-04-2016,7,17002,17326,10085,4084,48497,1078,956,1284,3318,51815
06-04-2016,8,17526,17723,10185,4513,49947,1099,1001,1300,3400,53347
06-04-2016,9,17341,17766,10133,4523,49763,1083,1005,1295,3383,53146
06-04-2016,10,17133,18125,10101,4443,49802,1074,989,1295,3358,53160
06-04-2016,11,16809,18083,10068,4612,49572,1051,955,1293,3299,52871
06-04-2016,12,16434,17957,9968,4496,48855,1071,984,1326,3381,52236
06-04-2016,13,16324,17763,9956,4276,48319,1068,994,1310,3372,51691
06-04-2016,14,16179,17715,9923,4342,48159,1074,980,1285,3339,51498
06-04-2016,15,15906,17648,9899,4199,47652,1052,954,1241,3247,50899
06-04-2016,16,15994,17630,9932,4195,47751,1045,918,1205,3168,50919
06-04-2016,17,15978,17599,9937,4449,47963,1039,908,1175,3122,51085
06-04-2016,18,15817,17458,10106,4458,47839,1011,898,1155,3064,50903
06-04-2016,19,15862,17590,10280,4257,47989,1023,926,1244,3193,51182
06-04-2016,20,16111,17655,9980,4160,47906,1007,909,1246,3162,51068
06-04-2016,21,16038,16816,9840,3933,46627,916,822,1093,2831,49458
06-04-2016,22,15489,15884,9688,3595,44656,833,729,942,2504,47160
06-04-2016,23,14714,14738,9212,3220,41884,772,661,865,2298,44182
07-04-2016,0,14183,14257,8849,3017,40306,740,616,794,2150,42456
07-04-2016,1,13787,13911,8545,2928,39171,723,603,772,2098,41269
07-04-2016,2,13631,13753,8477,2877,38738,714,594,772,2080,40818
07-04-2016,3,13638,13615,8475,2919,38647,720,603,786,2109,40756
07-04-2016,4,13734,13740,8754,2958,39186,756,652,841,2249,41435
07-04-2016,5,14253,14427,9490,3224,41394,851,741,1030,2622,44016
07-04-2016,6,15408,15763,9979,3809,44959,987,864,1189,3040,47999
07-04-2016,7,16902,17353,10282,4393,48930,1091,975,1286,3352,52282
07-04-2016,8,17451,17967,10306,4558,50282,1120,1011,1326,3457,53739
07-04-2016,9,17302,17764,10190,4657,49913,1112,996,1324,3432,53345
07-04-2016,10,16989,17783,10179,4658,49609,1097,970,1291,3358,52967
07-04-2016,11,16839,17747,10175,4672,49433,1076,934,1258,3268,52701
07-04-2016,12,16693,17441,10044,4518,48696,1087,952,1283,3322,52018
07-04-2016,13,16544,17207,9993,4452,48196,1075,951,1283,3309,51505
07-04-2016,14,16384,17062,9906,4326,47678,1063,932,1276,3271,50949
07-04-2016,15,16167,16910,9853,4219,47149,1035,924,1251,3210,50359
07-04-2016,16,16139,16855,9860,4221,47075,1031,904,1225,3160,50235
07-04-2016,17,16179,17233,9474,4450,47336,1007,895,1209,3111,50447
07-04-2016,18,15971,17243,9502,4376,47092,990,891,1218,3099,50191
07-04-2016,19,15996,17325,9598,4210,47129,1008,915,1271,3194,50323
07-04-2016,20,16320,17721,9488,4161,47690,1011,904,1238,3153,50843
07-04-2016,21,16354,17222,9443,3945,46964,930,819,1085,2834,49798
07-04-2016,22,15754,15926,9209,3618,44507,844,731,941,2516,47023
07-04-2016,23,14963,14993,8716,3270,41942,779,661,859,2299,44241
08-04-2016,0,14284,14054,8382,3054,39774,745,626,792,2163,41937
08-04-2016,1,13933,13944,8356,2963,39196,726,609,767,2102,41298
08-04-2016,2,13850,13892,8380,2851,38973,717,601,762,2080,41053
08-04-2016,3,13860,13931,8470,2856,39117,722,612,770,2104,41221
08-04-2016,4,14084,14103,8805,2948,39940,761,652,833,2246,42186
08-04-2016,5,14626,14772,9496,3210,42104,868,749,1017,2634,44738
08-04-2016,6,15852,16263,10069,3791,45975,995,870,1156,3021,48996
08-04-2016,7,17470,18164,10368,4357,50359,1092,979,1260,3331,53690
08-04-2016,8,17960,18733,10406,4543,51642,1116,1014,1317,3447,55089
08-04-2016,9,17690,18625,10316,4536,51167,1101,995,1307,3403,54570
08-04-2016,10,17447,18304,10257,4593,50601,1086,968,1304,3358,53959
08-04-2016,11,17181,17922,10189,4541,49833,1061,929,1271,3261,53094
08-04-2016,12,16918,17597,10049,4317,48881,1072,937,1284,3293,52174
08-04-2016,13,16666,17223,9945,4167,48001,1055,930,1260,3245,51246
08-04-2016,14,16510,16543,9899,3966,46918,1039,907,1230,3176,50094
08-04-2016,15,16214,16200,9777,3857,46048,1011,888,1193,3092,49140
08-04-2016,16,16153,16278,9782,3835,46048,1001,867,1184,3052,49100
08-04-2016,17,16129,16577,9796,4031,46533,976,857,1182,3015,49548
08-04-2016,18,16193,16558,9870,4051,46672,960,838,1179,2977,49649
08-04-2016,19,16169,16607,9974,3842,46592,980,863,1198,3041,49633
08-04-2016,20,16174,16458,9886,3788,46306,980,882,1207,3069,49375
08-04-2016,21,16060,15944,9870,3678,45552,904,806,1076,2786,48338
08-04-2016,22,15688,15153,9691,3415,43947,818,726,949,2493,46440
08-04-2016,23,15060,14451,9243,3126,41880,759,657,865,2281,44161
09-04-2016,0,14606,13872,8848,2905,40231,729,625,799,2153,42384
09-04-2016,1,14347,13750,8607,2763,39467,705,607,776,2088,41555
09-04-2016,2,14169,13482,8509,2710,38870,699,597,765,2061,40931
09-04-2016,3,14156,13401,8497,2708,38762,698,599,764,2061,40823
09-04-2016,4,14222,13507,8640,2738,39107,707,615,787,2109,41216
09-04-2016,5,14311,13654,8713,2820,39498,705,628,831,2164,41662
09-04-2016,6,14584,13911,8796,2953,40244,755,687,911,2353,42597
09-04-2016,7,15104,14635,9133,3227,42099,834,766,1030,2630,44729
09-04-2016,8,15617,15338,9344,3532,43831,889,822,1118,2829,46660
09-04-2016,9,16042,15798,9452,3710,45002,903,840,1143,2886,47888
09-04-2016,10,16128,15698,9405,3768,44999,891,831,1142,2864,47863
09-04-2016,11,15869,15657,9357,3716,44599,879,809,1131,2819,47418
09-04-2016,12,15673,15580,9269,3650,44172,870,798,1117,2785,46957
09-04-2016,13,15354,15170,9188,3553,43265,864,782,1094,2740,46005
09-04-2016,14,15102,14832,9235,3503,42672,860,771,1077,2708,45380
09-04-2016,15,14973,14662,9322,3447,42404,857,764,1068,2689,45093
09-04-2016,16,14886,14587,9481,3465,42419,857,758,1060,2675,45094
09-04-2016,17,14940,14697,9649,3705,42991,841,755,1061,2657,45648
09-04-2016,18,15108,14984,9700,3737,43529,828,749,1061,2638,46167
09-04-2016,19,15159,15027,9703,3545,43434,844,782,1112,2738,46172
09-04-2016,20,15359,15450,9666,3503,43978,872,815,1099,2786,46764
09-04-2016,21,15549,15276,9706,3425,43956,829,757,1001,2587,46543
09-04-2016,22,15292,14774,9604,3194,42864,781,693,895,2369,45233
09-04-2016,23,14865,14490,9207,2949,41511,738,631,813,2182,43693
10-04-2016,0,14318,14124,8840,2755,40037,703,596,762,2061,42098
10-04-2016,1,14233,13926,8569,2640,39368,685,578,738,2001,41369
10-04-2016,2,14240,13939,8543,2590,39312,681,571,726,1978,41290
10-04-2016,3,14260,14035,8521,2577,39393,681,573,728,1982,41375
10-04-2016,4,14327,14095,8527,2586,39535,694,587,743,2024,41559
10-04-2016,5,14325,14090,8403,2663,39481,685,584,772,2041,41522
10-04-2016,6,14398,14240,8447,2750,39835,734,633,830,2197,42032
10-04-2016,7,14571,14560,8643,3002,40776,806,708,930,2444,43220
10-04-2016,8,15167,14891,8802,3303,42163,865,763,1015,2643,44806
10-04-2016,9,15173,15156,8861,3469,42659,883,787,1047,2717,45376
10-04-2016,10,15239,15163,8905,3540,42847,880,786,1050,2716,45563
10-04-2016,11,15038,15012,8781,3548,42379,864,761,1038,2663,45042
10-04-2016,12,14797,14800,8660,3487,41744,844,753,1032,2629,44373
10-04-2016,13,14672,14650,8584,3426,41332,823,748,1013,2584,43916
10-04-2016,14,14470,14508,8579,3372,40929,811,732,1001,2544,43473
10-04-2016,15,14322,14415,8591,3325,40653,808,741,1000,2549,43202
10-04-2016,16,14243,14632,8667,3361,40903,813,742,1017,2572,43475
10-04-2016,17,14293,14939,8788,3674,41694,821,751,1037,2609,44303
10-04-2016,18,14444,15264,8974,3749,42431,841,761,1058,2660,45091
10-04-2016,19,14494,15450,9048,3581,42573,871,809,1122,2802,45375
10-04-2016,20,15182,15983,9238,3628,44031,908,853,1120,2881,46912
10-04-2016,21,15335,15750,9399,3510,43994,846,780,1025,2651,46645
10-04-2016,22,15004,15008,9437,3231,42680,773,687,894,2354,45034
10-04-2016,23,14361,14264,9123,2956,40704,721,622,813,2156,42860
11-04-2016,0,13743,13911,8813,2831,39298,695,586,756,2037,41335
11-04-2016,1,13567,13883,8530,2755,38735,684,576,739,1999,40734
11-04-2016,2,13532,13937,8489,2729,38687,682,569,737,1988,40675
11-04-2016,3,13654,14165,8578,2742,39139,692,574,753,2019,41158
11-04-2016,4,13796,14498,8884,2844,40022,727,614,819,2160,42182
11-04-2016,5,14362,15126,9475,3144,42107,816,698,1008,2522,44629
11-04-2016,6,15759,16922,10076,3703,46460,957,830,1176,2963,49423
11-04-2016,7,17284,18367,10287,4252,50190,1061,932,1284,3277,53467
11-04-2016,8,17600,18503,10251,4462,50816,1089,981,1350,3420,54236
11-04-2016,9,17259,18127,10133,4443,49962,1080,968,1330,3378,53340
11-04-2016,10,16791,17591,10028,4494,48904,1070,946,1303,3319,52223
11-04-2016,11,16158,17179,9960,4447,47744,1046,912,1271,3229,50973
11-04-2016,12,16055,17048,9797,4337,47237,1067,930,1297,3294,50531
11-04-2016,13,15723,16809,9687,4327,46546,1048,923,1287,3258,49804
11-04-2016,14,15617,16532,9628,4219,45996,1021,909,1290,3220,49216
11-04-2016,15,15470,16389,9477,4028,45364,992,887,1265,3144,48508
11-04-2016,16,15401,16332,9390,3955,45078,970,856,1226,3052,48130
11-04-2016,17,15241,16267,9370,4226,45104,947,870,1214,3031,48135
11-04-2016,18,15179,16162,9434,4123,44898,942,863,1215,3020,47918
11-04-2016,19,15153,16235,9528,3959,44875,950,879,1231,3060,47935
11-04-2016,20,15472,16651,9549,3918,45590,970,899,1249,3118,48708
11-04-2016,21,15740,16335,9600,3829,45504,901,811,1087,2799,48303
11-04-2016,22,15229,15565,9367,3538,43699,811,718,947,2476,46175
11-04-2016,23,14580,14738,8927,3166,41411,746,645,868,2259,43670
12-04-2016,0,13945,14089,8580,2877,39491,705,606,803,2114,41605
12-04-2016,1,13704,13999,8356,2770,38829,688,592,783,2063,40892
12-04-2016,2,13680,14046,8205,2732,38663,678,587,777,2042,40705
12-04-2016,3,13852,14180,8341,2757,39130,689,597,785,2071,41201
12-04-2016,4,14043,14272,8633,2873,39821,714,640,850,2204,42025
12-04-2016,5,14583,15068,9270,3118,42039,809,722,1030,2561,44600
12-04-2016,6,15846,16622,9854,3678,46000,954,858,1223,3035,49035
12-04-2016,7,17338,18100,10044,4259,49741,1047,964,1370,3381,53122
12-04-2016,8,17519,18439,10081,4500,50539,1054,1005,1403,3462,54001
12-04-2016,9,17066,17904,9986,4539,49495,1035,997,1394,3426,52921
12-04-2016,10,16424,17333,9917,4606,48280,1029,979,1365,3373,51653
12-04-2016,11,15926,16880,9802,4574,47182,1010,947,1331,3288,50470
12-04-2016,12,15717,16660,9555,4470,46402,1027,957,1345,3329,49731
12-04-2016,13,15684,16606,9420,4499,46209,1015,954,1319,3288,49497
12-04-2016,14,15660,16483,9441,4420,46004,998,939,1307,3244,49248
12-04-2016,15,15428,16183,9321,4257,45189,944,901,1271,3116,48305
12-04-2016,16,15332,16141,9306,4252,45031,923,882,1242,3047,48078
12-04-2016,17,15140,16180,9253,4534,45107,913,873,1232,3018,48125
12-04-2016,18,14982,16210,9324,4414,44930,907,868,1225,3000,47930
12-04-2016,19,15051,16296,9395,4173,44915,915,887,1273,3075,47990
12-04-2016,20,15428,16693,9418,4043,45582,948,891,1266,3105,48687
12-04-2016,21,15778,16290,9493,3868,45429,869,811,1109,2789,48218
12-04-2016,22,15330,15209,9314,3537,43390,780,713,962,2455,45845
12-04-2016,23,14599,14549,8899,3203,41250,726,645,873,2244,43494
13-04-2016,0,14003,13874,8602,2968,39447,696,611,799,2106,41553
13-04-2016,1,13688,13715,8465,2863,38731,678,597,778,2053,40784
13-04-2016,2,13602,13642,8403,2815,38462,668,590,773,2031,40493
13-04-2016,3,13624,13763,8500,2814,38701,686,597,781,2064,40765
13-04-2016,4,13710,14027,8834,2887,39458,711,627,846,2184,41642
13-04-2016,5,14213,14703,9491,3133,41540,807,716,1029,2552,44092
13-04-2016,6,15407,16340,10039,3710,45496,938,842,1218,2998,48494
13-04-2016,7,17114,17798,10209,4290,49411,1030,941,1379,3350,52761
13-04-2016,8,17291,18012,10175,4510,49988,1051,984,1430,3465,53453
13-04-2016,9,16961,18103,9993,4517,49574,1035,977,1414,3426,53000
13-04-2016,10,16651,17788,9918,4603,48960,1019,968,1440,3427,52387
13-04-2016,11,16173,17334,9810,4561,47878,1007,940,1425,3372,51250
13-04-2016,12,16098,17045,9687,4490,47320,1021,965,1438,3424,50744
13-04-2016,13,16147,16896,9605,4500,47148,1005,962,1409,3376,50524
13-04-2016,14,15913,16735,9455,4423,46526,994,940,1392,3326,49852
13-04-2016,15,15631,16537,9391,4276,45835,962,930,1355,3247,49082
13-04-2016,16,15566,16339,9356,4239,45500,938,912,1307,3157,48657
13-04-2016,17,15508,16640,9353,4474,45975,927,907,1292,3126,49101
13-04-2016,18,15417,16600,9544,4363,45924,919,907,1276,3102,49026
13-04-2016,19,15466,16762,9581,4166,45975,927,928,1309,3164,49139
13-04-2016,20,15740,17022,9539,4078,46379,938,908,1280,3126,49505
13-04-2016,21,15779,16527,9598,3919,45823,864,819,1119,2802,48625
13-04-2016,22,15269,15579,9468,3578,43894,778,727,972,2477,46371
13-04-2016,23,14491,14850,9035,3230,41606,713,660,885,2258,43864
14-04-2016,0,13782,14232,8764,3006,39784,680,631,811,2122,41906
14-04-2016,1,13588,13992,8589,2887,39056,665,618,786,2069,41125
14-04-2016,2,13483,14107,8543,2834,38967,660,614,774,2048,41015
14-04-2016,3,13523,14145,8688,2877,39233,665,621,782,2068,41301
14-04-2016,4,13660,14410,8977,2975,40022,694,658,847,2199,42221
14-04-2016,5,13965,14838,9560,3209,41572,787,742,1025,2554,44126
14-04-2016,6,15206,16393,10155,3768,45522,933,869,1211,3013,48535
14-04-2016,7,16865,18226,10356,4356,49803,1050,988,1363,3401,53204
14-04-2016,8,17288,18379,10287,4556,50510,1078,1041,1411,3530,54040
14-04-2016,9,16845,18194,10213,4572,49824,1082,1048,1402,3532,53356
14-04-2016,10,16594,17984,10228,4612,49418,1072,1025,1379,3476,52894
14-04-2016,11,16324,17868,10130,4587,48909,1070,990,1347,3407,52316
14-04-2016,12,16384,17578,9960,4500,48422,1088,1009,1369,3466,51888
14-04-2016,13,16386,17304,9799,4516,48005,1065,984,1349,3398,51403
14-04-2016,14,16128,17039,9762,4395,47324,1053,956,1327,3336,50660
14-04-2016,15,16045,17150,9636,4235,47066,1009,932,1334,3275,50341
14-04-2016,16,15951,16992,9625,4209,46777,984,899,1304,3187,49964
14-04-2016,17,15815,17196,9600,4422,47033,955,878,1241,3074,50107
14-04-2016,18,15713,17114,9731,4307,46865,954,866,1222,3042,49907
14-04-2016,19,15793,17132,9779,4082,46786,962,877,1240,3079,49865
14-04-2016,20,16160,17310,9896,3989,47355,995,901,1251,3147,50502
14-04-2016,21,16213,16741,9974,3869,46797,927,819,1097,2843,49640
14-04-2016,22,15624,15690,9799,3537,44650,834,729,944,2507,47157
14-04-2016,23,14745,14966,9346,3178,42235,771,655,863,2289,44524
15-04-2016,0,14270,14229,9058,2924,40481,731,610,820,2161,42642
15-04-2016,1,13934,13873,8858,2805,39470,717,594,805,2116,41586
15-04-2016,2,13754,13730,8841,2761,39086,709,588,803,2100,41186
15-04-2016,3,13726,13850,8937,2780,39293,721,596,814,2131,41424
15-04-2016,4,13857,14105,9247,2859,40068,746,632,873,2251,42319
15-04-2016,5,14556,14747,9917,3113,42333,841,718,1027,2586,44919
15-04-2016,6,15734,16203,10459,3668,46064,969,848,1200,3017,49081
15-04-2016,7,17585,17835,10622,4303,50345,1077,955,1293,3325,53670
15-04-2016,8,17535,18524,10682,4544,51285,1100,1004,1318,3422,54707
15-04-2016,9,17381,18373,10581,4561,50896,1091,996,1294,3381,54277
15-04-2016,10,17290,18024,10509,4632,50455,1087,972,1281,3340,53795
15-04-2016,11,17048,17622,10445,4574,49689,1065,938,1239,3242,52931
15-04-2016,12,16696,17149,10362,4398,48605,1080,948,1254,3282,51887
15-04-2016,13,16516,16888,10272,4288,47964,1060,936,1220,3216,51180
15-04-2016,14,16285,16670,10158,4080,47193,1035,917,1187,3139,50332
15-04-2016,15,15974,16434,10004,3948,46360,978,893,1157,3028,49388
15-04-2016,16,15970,16514,9962,4006,46452,957,868,1152,2977,49429
15-04-2016,17,15869,16532,9949,4263,46613,941,861,1133,2935,49548
15-04-2016,18,15786,16587,9918,4209,46500,920,845,1138,2903,49403
15-04-2016,19,15845,16304,9866,3962,45977,926,855,1167,2948,48925
15-04-2016,20,15705,16008,9770,3807,45290,966,885,1214,3065,48355
15-04-2016,21,15639,15372,9911,3666,44588,902,810,1101,2813,47401
15-04-2016,22,15154,14615,9793,3410,42972,816,725,953,2494,45466
15-04-2016,23,14480,14022,9310,3140,40952,757,656,864,2277,43229
16-04-2016,0,14040,13364,8858,2917,39179,716,611,805,2132,41311
16-04-2016,1,13696,13162,8575,2775,38208,699,586,777,2062,40270
16-04-2016,2,13517,13037,8561,2713,37828,689,580,764,2033,39861
16-04-2016,3,13557,13028,8594,2712,37891,697,581,762,2040,39931
16-04-2016,4,13565,13164,8565,2727,38021,696,595,782,2073,40094
16-04-2016,5,13636,13207,8601,2798,38242,702,604,809,2115,40357
16-04-2016,6,13803,13616,8708,2921,39048,742,667,902,2311,41359
16-04-2016,7,14294,14180,8950,3224,40648,803,750,1019,2572,43220
16-04-2016,8,14983,14990,9149,3555,42677,858,809,1084,2751,45428
16-04-2016,9,15337,15726,9194,3765,44022,870,826,1116,2812,46834
16-04-2016,10,15293,15906,9089,3858,44146,865,815,1097,2777,46923
16-04-2016,11,15193,15950,8916,3848,43907,853,808,1087,2748,46655
16-04-2016,12,14927,15724,8773,3755,43179,841,806,1111,2758,45937
16-04-2016,13,14587,15434,8742,3733,42496,826,797,1086,2709,45205
16-04-2016,14,14377,15144,8707,3647,41875,818,780,1053,2651,44526
16-04-2016,15,14205,15110,8807,3560,41682,811,777,1030,2618,44300
16-04-2016,16,14338,15220,8913,3566,42037,816,784,1025,2625,44662
16-04-2016,17,14565,15346,9067,3767,42745,824,777,1029,2630,45375
16-04-2016,18,14709,15402,9165,3733,43009,827,769,1038,2634,45643
16-04-2016,19,14726,15543,9107,3549,42925,841,778,1068,2687,45612
16-04-2016,20,14780,15335,9074,3390,42579,862,817,1112,2791,45370
16-04-2016,21,14704,14758,9192,3314,41968,804,757,1022,2583,44551
16-04-2016,22,14426,14121,9144,3101,40792,745,680,915,2340,43132
16-04-2016,23,14050,13592,8736,2851,39229,697,624,837,2158,41387
17-04-2016,0,13748,13321,8233,2728,38030,661,587,782,2030,40060
17-04-2016,1,13432,13077,8013,2627,37149,642,569,759,1970,39119
17-04-2016,2,13306,13001,7854,2549,36710,636,555,744,1935,38645
17-04-2016,3,13335,13011,7891,2507,36744,638,557,749,1944,38688
17-04-2016,4,13475,13086,7823,2538,36922,639,568,763,1970,38892
17-04-2016,5,13684,13074,7733,2603,37094,631,567,783,1981,39075
17-04-2016,6,13749,13044,7831,2692,37316,684,612,846,2142,39458
17-04-2016,7,13952,13450,8126,2922,38450,753,685,947,2385,40835
17-04-2016,8,14430,14386,8444,3221,40481,820,757,1035,2612,43093
17-04-2016,9,14960,15084,8652,3436,42132,849,789,1069,2707,44839
17-04-2016,10,15250,15505,8829,3523,43107,860,791,1081,2732,45839
17-04-2016,11,15321,15658,8914,3592,43485,861,785,1078,2724,46209
17-04-2016,12,15121,15544,8893,3609,43167,852,783,1077,2712,45879
17-04-2016,13,14945,15509,8811,3563,42828,844,780,1072,2696,45524
17-04-2016,14,14611,15272,8799,3536,42218,841,762,1071,2674,44892
17-04-2016,15,14332,15254,8812,3497,41895,845,764,1082,2691,44586
17-04-2016,16,14308,15424,8845,3545,42122,856,779,1093,2728,44850
17-04-2016,17,14342,15759,8944,3766,42811,862,793,1114,2769,45580
17-04-2016,18,14372,15826,9011,3755,42964,859,794,1103,2756,45720
17-04-2016,19,14701,16051,8995,3618,43365,880,823,1112,2815,46180
17-04-2016,20,14912,16287,8948,3488,43635,899,842,1142,2883,46518
17-04-2016,21,15126,16023,9092,3475,43716,829,772,1006,2607,46323
17-04-2016,22,14749,15377,9063,3211,42400,752,684,880,2316,44716
17-04-2016,23,14111,14597,8659,2966,40333,701,624,807,2132,42465
18-04-2016,0,13661,13606,8358,2794,38419,668,588,745,2001,40420
18-04-2016,1,13483,13359,8076,2714,37632,656,572,721,1949,39581
18-04-2016,2,13273,13258,7997,2682,37210,654,557,710,1921,39131
18-04-2016,3,13352,13394,8099,2703,37548,667,558,724,1949,39497
18-04-2016,4,13437,13606,8325,2802,38170,693,593,792,2078,40248
18-04-2016,5,13901,14152,9028,3058,40139,779,685,968,2432,42571
18-04-2016,6,15002,15818,9628,3630,44078,924,819,1143,2886,46964
18-04-2016,7,16605,17583,9979,4235,48402,1043,947,1274,3264,51666
18-04-2016,8,16985,17811,9943,4491,49230,1088,1006,1317,3411,52641
18-04-2016,9,16548,17320,9998,4574,48440,1089,1005,1322,3416,51856
18-04-2016,10,16493,17730,9993,4617,48833,1098,995,1325,3418,52251
18-04-2016,11,16159,17586,9975,4551,48271,1084,962,1309,3355,51626
18-04-2016,12,15929,17344,9965,4456,47694,1100,973,1328,3401,51095
18-04-2016,13,15821,17499,9852,4444,47616,1073,967,1330,3370,50986
18-04-2016,14,15687,17294,9744,4335,47060,1065,941,1308,3314,50374
18-04-2016,15,15664,17401,9578,4196,46839,1038,912,1270,3220,50059
18-04-2016,16,15658,17172,9553,4157,46540,983,883,1228,3094,49634
18-04-2016,17,15550,17466,9461,4438,46915,969,874,1206,3049,49964
18-04-2016,18,15404,17070,9524,4384,46382,936,853,1189,2978,49360
18-04-2016,19,15495,16899,9506,4102,46002,943,867,1201,3011,49013
18-04-2016,20,15590,16962,9454,3919,45925,976,881,1241,3098,49023
18-04-2016,21,15851,16573,9500,3836,45760,907,799,1105,2811,48571
18-04-2016,22,15474,15805,9370,3527,44176,809,707,945,2461,46637
18-04-2016,23,14661,14926,8876,3204,41667,745,636,866,2247,43914
19-04-2016,0,14240,14589,8555,2956,40340,712,594,815,2121,42461
19-04-2016,1,13798,14291,8354,2902,39345,692,585,789,2066,41411
19-04-2016,2,13721,14212,8251,2818,39002,688,573,781,2042,41044
19-04-2016,3,13795,14241,8338,2814,39188,691,584,789,2064,41252
19-04-2016,4,13953,14381,8574,2880,39788,701,622,850,2173,41961
19-04-2016,5,14245,15003,9194,3102,41544,799,705,1019,2523,44067
19-04-2016,6,15325,16210,9781,3627,44943,938,850,1213,3001,47944
19-04-2016,7,16784,17976,10081,4215,49056,1047,975,1378,3400,52456
19-04-2016,8,17019,18337,10202,4403,49961,1078,1030,1409,3517,53478
19-04-2016,9,16686,18231,10120,4462,49499,1076,1020,1382,3478,52977
19-04-2016,10,16315,18054,10122,4497,48988,1080,1004,1376,3460,52448
19-04-2016,11,15939,17597,10124,4367,48027,1057,967,1351,3375,51402
19-04-2016,12,15659,17278,9993,4394,47324,1070,982,1379,3431,50755
19-04-2016,13,15696,17177,9826,4387,47086,1056,967,1362,3385,50471
19-04-2016,14,15478,17004,9663,4288,46433,1045,954,1332,3331,49764
19-04-2016,15,15338,16906,9546,4186,45976,1015,933,1298,3246,49222
19-04-2016,16,15311,16564,9518,4139,45532,982,902,1234,3118,48650
19-04-2016,17,15132,16539,9541,4331,45543,972,882,1221,3075,48618
19-04-2016,18,14982,16379,9637,4183,45181,968,864,1211,3043,48224
19-04-2016,19,14974,16533,9588,3950,45045,972,877,1252,3101,48146
19-04-2016,20,15159,16703,9532,3872,45266,1000,895,1268,3163,48429
19-04-2016,21,15473,16774,9649,3806,45702,918,811,1119,2848,48550
19-04-2016,22,15227,15887,9428,3525,44067,823,705,964,2492,46559
19-04-2016,23,14459,14833,8927,3173,41392,765,638,880,2283,43675
20-04-2016,0,13839,14053,8665,2951,39508,729,595,814,2138,41646
20-04-2016,1,13594,13815,8377,2874,38660,709,581,801,2091,40751
20-04-2016,2,13494,13825,8261,2845,38425,702,579,790,2071,40496
20-04-2016,3,13522,13886,8360,2874,38642,709,604,802,2115,40757
20-04-2016,4,13639,14222,8593,2954,39408,721,629,851,2201,41609
20-04-2016,5,13993,14698,9241,3161,41093,811,700,1014,2525,43618
20-04-2016,6,15324,16361,9760,3671,45116,952,833,1197,2982,48098
20-04-2016,7,16744,18205,10076,4215,49240,1064,951,1354,3369,52609
20-04-2016,8,16977,18515,10220,4458,50170,1116,1014,1366,3496,53666
20-04-2016,9,16313,18185,10194,4492,49184,1107,1028,1351,3486,52670
20-04-2016,10,16187,18080,10124,4488,48879,1097,1006,1368,3471,52350
20-04-2016,11,15627,17405,10132,4484,47648,1091,963,1333,3387,51035
20-04-2016,12,15331,17114,9930,4394,46769,1101,982,1334,3417,50186
20-04-2016,13,15331,16744,9806,4374,46255,1084,979,1318,3381,49636
20-04-2016,14,15245,16612,9787,4255,45899,1068,960,1301,3329,49228
20-04-2016,15,15277,16723,9696,4048,45744,1031,942,1282,3255,48999
20-04-2016,16,15287,16534,9706,3992,45519,1001,913,1255,3169,48688
20-04-2016,17,15267,16569,9696,4161,45693,995,904,1249,3148,48841
20-04-2016,18,15213,16349,9811,4050,45423,976,889,1246,3111,48534
20-04-2016,19,15212,16249,9790,3884,45135,977,893,1265,3135,48270
20-04-2016,20,15306,16950,9661,3787,45704,995,900,1280,3175,48879
20-04-2016,21,15496,16883,9774,3802,45955,926,816,1137,2879,48834
20-04-2016,22,15022,15790,9576,3480,43868,834,713,980,2527,46395
20-04-2016,23,14252,14808,9085,3114,41259,773,644,885,2302,43561
21-04-2016,0,13832,14019,8770,2871,39492,742,608,825,2175,41667
21-04-2016,1,13449,13771,8580,2762,38562,725,587,806,2118,40680
21-04-2016,2,13266,13859,8537,2721,38383,716,589,801,2106,40489
21-04-2016,3,13150,13686,8649,2744,38229,725,599,813,2137,40366
21-04-2016,4,13198,13959,8759,2836,38752,749,629,875,2253,41005
21-04-2016,5,13494,14438,9491,3058,40481,828,705,1046,2579,43060
21-04-2016,6,14673,16310,10104,3590,44677,976,842,1242,3060,47737
21-04-2016,7,16205,18159,10314,4145,48823,1090,961,1359,3410,52233
21-04-2016,8,16452,18355,10363,4379,49549,1117,1012,1386,3515,53064
21-04-2016,9,16017,17941,10202,4413,48573,1105,1008,1361,3474,52047
21-04-2016,10,15863,17630,10115,4436,48044,1098,991,1329,3418,51462
21-04-2016,11,15718,17243,10040,4350,47351,1074,948,1270,3292,50643
21-04-2016,12,15658,16945,9899,4243,46745,1083,961,1286,3330,50075
21-04-2016,13,15551,16581,9784,4239,46155,1068,945,1267,3280,49435
21-04-2016,14,15392,16321,9756,4147,45616,1045,927,1233,3205,48821
21-04-2016,15,15288,16421,9687,3981,45377,1014,923,1245,3182,48559
21-04-2016,16,15220,16305,9726,3919,45170,983,892,1218,3093,48263
21-04-2016,17,15090,16786,9685,4052,45613,967,888,1203,3058,48671
21-04-2016,18,15068,16482,9789,4018,45357,945,873,1192,3010,48367
21-04-2016,19,14984,16767,9795,3844,45390,961,873,1203,3037,48427
21-04-2016,20,15196,16856,9713,3686,45451,995,897,1233,3125,48576
21-04-2016,21,15500,16682,9910,3649,45741,932,815,1111,2858,48599
21-04-2016,22,15055,15985,9672,3346,44058,837,718,952,2507,46565
21-04-2016,23,14303,14911,9264,3059,41537,769,640,871,2280,43817
22-04-2016,0,13835,14472,8978,2816,40101,730,601,824,2155,42256
22-04-2016,1,13705,14184,8799,2758,39446,719,582,799,2100,41546
22-04-2016,2,13588,14016,8729,2660,38993,715,570,783,2068,41061
22-04-2016,3,13643,13857,8820,2682,39002,718,579,788,2085,41087
22-04-2016,4,13734,14186,8968,2726,39614,714,609,847,2170,41784
22-04-2016,5,14056,14558,9699,2854,41167,821,693,1005,2519,43686
22-04-2016,6,15239,16258,10246,2927,44670,955,829,1196,2980,47650
22-04-2016,7,16826,17741,10419,3188,48174,1062,946,1342,3350,51524
22-04-2016,8,16964,17862,10433,3450,48709,1088,1002,1385,3475,52184
22-04-2016,9,16712,17812,10384,3615,48523,1080,1000,1364,3444,51967
22-04-2016,10,16661,17673,10312,3674,48320,1071,981,1349,3401,51721
22-04-2016,11,16185,17515,10264,3622,47586,1057,943,1329,3329,50915
22-04-2016,12,15913,17172,10126,3499,46710,1071,960,1347,3378,50088
22-04-2016,13,15761,16523,9998,3386,45668,1056,949,1326,3331,48999
22-04-2016,14,15549,16107,9891,3338,44885,1030,923,1267,3220,48105
22-04-2016,15,15378,15821,9764,3260,44223,993,906,1243,3142,47365
22-04-2016,16,15330,15699,9742,3280,44051,972,884,1224,3080,47131
22-04-2016,17,15160,15880,9724,3475,44239,950,872,1217,3039,47278
22-04-2016,18,15156,15932,9797,3541,44426,939,853,1208,3000,47426
22-04-2016,19,15164,15808,9700,3427,44099,924,851,1225,3000,47099
22-04-2016,20,15182,15946,9643,3294,44065,965,875,1241,3081,47146
22-04-2016,21,15339,16099,9958,3235,44631,916,814,1124,2854,47485
22-04-2016,22,15138,15434,9762,3178,43512,838,733,990,2561,46073
22-04-2016,23,14609,14826,9307,2942,41684,777,660,907,2344,44028
23-04-2016,0,14267,13773,8937,2745,39722,737,611,866,2214,41936
23-04-2016,1,14016,13697,8722,2635,39070,716,587,844,2147,41217
23-04-2016,2,13871,13753,8649,2584,38857,701,580,831,2112,40969
23-04-2016,3,13924,13772,8597,2591,38884,693,584,837,2114,40998
23-04-2016,4,14050,13867,8472,2621,39010,685,589,848,2122,41132
23-04-2016,5,14189,13819,8616,2640,39264,706,605,885,2196,41460
23-04-2016,6,14376,14102,8727,2734,39939,765,672,980,2417,42356
23-04-2016,7,14779,14895,8972,3012,41658,847,765,1096,2708,44366
23-04-2016,8,15303,15671,9110,3277,43361,898,820,1174,2892,46253
23-04-2016,9,15699,15888,9141,3470,44198,921,835,1195,2951,47149
23-04-2016,10,15854,15777,9180,3536,44347,925,825,1193,2943,47290
23-04-2016,11,15676,15560,9195,3526,43957,932,812,1177,2921,46878
23-04-2016,12,15395,15274,9186,3475,43330,928,807,1144,2879,46209
23-04-2016,13,15093,15296,9111,3372,42872,908,798,1106,2812,45684
23-04-2016,14,14914,15275,9124,3400,42713,890,790,1090,2770,45483
23-04-2016,15,14864,14907,9151,3315,42237,875,784,1080,2739,44976
23-04-2016,16,14926,14945,9209,3382,42462,875,781,1078,2734,45196
23-04-2016,17,14985,15326,9457,3659,43427,867,768,1082,2717,46144
23-04-2016,18,15110,15302,9533,3680,43625,868,758,1085,2711,46336
23-04-2016,19,15026,15075,9452,3460,43013,865,778,1086,2729,45742
23-04-2016,20,15066,15457,9310,3345,43178,899,813,1144,2856,46034
23-04-2016,21,15280,15738,9641,3383,44042,880,768,1061,2709,46751
23-04-2016,22,15146,15296,9613,3201,43256,821,693,958,2472,45728
23-04-2016,23,14793,14872,9232,2951,41848,770,631,883,2284,44132
24-04-2016,0,14269,14237,8771,2804,40081,740,596,818,2154,42235
24-04-2016,1,14171,13949,8573,2705,39398,724,577,788,2089,41487
24-04-2016,2,14083,13838,8520,2662,39103,717,570,770,2057,41160
24-04-2016,3,14025,13869,8558,2643,39095,717,569,771,2057,41152
24-04-2016,4,14106,13943,8388,2661,39098,697,571,781,2049,41147
24-04-2016,5,14103,13791,8440,2676,39010,713,578,805,2096,41106
24-04-2016,6,14211,13959,8440,2775,39385,755,636,880,2271,41656
24-04-2016,7,14463,14476,8651,3043,40633,820,710,978,2508,43141
24-04-2016,8,14805,14876,8781,3320,41782,869,789,1078,2736,44518
24-04-2016,9,15167,15543,8890,3478,43078,893,831,1136,2860,45938
24-04-2016,10,15353,15749,8977,3587,43666,889,839,1150,2878,46544
24-04-2016,11,15193,15666,8966,3598,43423,893,826,1154,2873,46296
24-04-2016,12,15016,15391,8877,3490,42774,897,822,1156,2875,45649
24-04-2016,13,14829,15369,8851,3443,42492,895,819,1127,2841,45333
24-04-2016,14,14769,15445,8812,3424,42450,899,804,1108,2811,45261
24-04-2016,15,14665,15403,8861,3363,42292,907,791,1099,2797,45089
24-04-2016,16,14742,15471,8947,3457,42617,930,805,1091,2826,45443
24-04-2016,17,14752,15768,9081,3788,43389,941,807,1093,2841,46230
24-04-2016,18,14895,16059,9219,3777,43950,948,821,1106,2875,46825
24-04-2016,19,15087,16163,9216,3603,44069,935,842,1131,2908,46977
24-04-2016,20,15367,16317,9107,3488,44279,932,861,1188,2981,47260
24-04-2016,21,15644,16554,9363,3487,45048,874,795,1083,2752,47800
24-04-2016,22,15516,15839,9351,3222,43928,796,702,953,2451,46379
24-04-2016,23,14892,15213,9036,3005,42146,742,646,873,2261,44407
25-04-2016,0,14330,14493,8757,2816,40396,708,594,814,2116,42512
25-04-2016,1,14073,14391,8497,2723,39684,691,580,794,2065,41749
25-04-2016,2,14017,14615,8386,2719,39737,692,582,788,2062,41799
25-04-2016,3,14049,14807,8401,2750,40007,701,591,804,2096,42103
25-04-2016,4,14217,15006,8584,2838,40645,718,610,863,2191,42836
25-04-2016,5,14920,15416,9242,3074,42652,823,710,1048,2581,45233
25-04-2016,6,16231,17353,9911,3614,47109,964,843,1202,3009,50118
25-04-2016,7,17936,19127,10274,4237,51574,1081,957,1355,3393,54967
25-04-2016,8,17980,19473,10439,4503,52395,1121,1015,1408,3544,55939
25-04-2016,9,17495,19053,10453,4561,51562,1116,1017,1410,3543,55105
25-04-2016,10,17101,18960,10324,4641,51026,1111,1005,1400,3516,54542
25-04-2016,11,16772,18772,10280,4732,50556,1092,968,1371,3431,53987
25-04-2016,12,16363,18269,10110,4670,49412,1095,985,1378,3458,52870
25-04-2016,13,16305,18019,9912,4646,48882,1079,971,1372,3422,52304
25-04-2016,14,16030,17677,9829,4466,48002,1073,953,1347,3373,51375
25-04-2016,15,16003,17552,9685,4306,47546,1049,933,1305,3287,50833
25-04-2016,16,15984,17334,9662,4268,47248,1020,903,1258,3181,50429
25-04-2016,17,15890,17541,9550,4501,47482,1010,895,1246,3151,50633
25-04-2016,18,15685,17444,9557,4338,47024,994,882,1229,3105,50129
25-04-2016,19,15754,17302,9566,4101,46723,987,888,1236,3111,49834
25-04-2016,20,15861,17273,9460,3936,46530,1007,893,1253,3153,49683
25-04-2016,21,16144,17441,9701,3878,47164,941,818,1112,2871,50035
25-04-2016,22,15925,16697,9525,3537,45684,846,723,1006,2575,48259
25-04-2016,23,15105,15777,9057,3183,43122,790,652,917,2359,45481
26-04-2016,0,14505,15134,8716,2981,41336,755,617,865,2237,43573
26-04-2016,1,14280,14956,8584,2862,40682,742,597,842,2181,42863
26-04-2016,2,14134,14926,8495,2815,40370,733,587,835,2155,42525
26-04-2016,3,14124,14901,8602,2842,40469,736,590,841,2167,42636
26-04-2016,4,14291,14932,8769,2891,40883,755,619,892,2266,43149
26-04-2016,5,14684,15344,9379,3054,42461,854,710,1066,2630,45091
26-04-2016,6,15759,16938,9892,3600,46189,1000,857,1226,3083,49272
26-04-2016,7,17183,18322,9981,4208,49694,1118,983,1375,3476,53170
26-04-2016,8,17279,18458,10104,4456,50297,1167,1043,1435,3645,53942
26-04-2016,9,16885,18297,10198,4512,49892,1163,1048,1444,3655,53547
26-04-2016,10,16587,18028,10276,4647,49538,1165,1040,1432,3637,53175
26-04-2016,11,16281,17928,10299,4652,49160,1156,1001,1424,3581,52741
26-04-2016,12,16200,17747,10199,4606,48752,1189,1026,1426,3641,52393
26-04-2016,13,15982,17489,10216,4594,48281,1179,1020,1409,3608,51889
26-04-2016,14,15864,17389,10099,4514,47866,1170,1006,1393,3569,51435
26-04-2016,15,15801,17278,10069,4363,47511,1127,984,1368,3479,50990
26-04-2016,16,15764,17123,10068,4311,47266,1094,943,1314,3351,50617
26-04-2016,17,15538,17223,10050,4500,47311,1073,927,1266,3266,50577
26-04-2016,18,15387,16911,10030,4370,46698,1050,903,1238,3191,49889
26-04-2016,19,15449,16996,9930,4158,46533,1036,898,1263,3197,49730
26-04-2016,20,15622,17266,9779,3994,46661,1031,900,1285,3216,49877
26-04-2016,21,15903,17086,9808,3939,46736,954,820,1171,2945,49681
26-04-2016,22,15596,16100,9598,3599,44893,861,724,1014,2599,47492
26-04-2016,23,14928,15215,9135,3284,42562,799,651,922,2372,44934
27-04-2016,0,14226,14404,8724,3042,40396,764,610,866,2240,42636
27-04-2016,1,14053,14164,8520,2908,39645,743,591,842,2176,41821
27-04-2016,2,14031,14092,8334,2834,39291,737,584,831,2152,41443
27-04-2016,3,14088,14008,8290,2853,39239,741,596,845,2182,41421
27-04-2016,4,14297,14157,8380,2883,39717,754,611,896,2261,41978
27-04-2016,5,14516,14625,9082,3135,41358,845,711,1067,2623,43981
27-04-2016,6,15717,16378,9600,3681,45376,993,844,1207,3044,48420
27-04-2016,7,17213,18193,9933,4313,49652,1112,958,1378,3448,53100
27-04-2016,8,17221,18974,10020,4560,50775,1151,1005,1397,3553,54328
27-04-2016,9,16684,18786,10015,4610,50095,1148,999,1353,3500,53595
27-04-2016,10,16329,18722,10109,4688,49848,1125,973,1327,3425,53273
27-04-2016,11,16022,18638,9956,4659,49275,1098,933,1289,3320,52595
27-04-2016,12,15880,18339,9928,4555,48702,1098,955,1305,3358,52060
27-04-2016,13,15714,17922,9849,4529,48014,1074,947,1293,3314,51328
27-04-2016,14,15532,17586,9671,4440,47229,1059,932,1274,3265,50494
27-04-2016,15,15433,17569,9512,4266,46780,1023,914,1272,3209,49989
27-04-2016,16,15504,17612,9406,4224,46746,994,863,1230,3087,49833
27-04-2016,17,15229,17565,9376,4475,46645,981,866,1211,3058,49703
27-04-2016,18,15040,17065,9449,4377,45931,978,848,1216,3042,48973
27-04-2016,19,15151,16928,9536,4130,45745,974,852,1242,3068,48813
27-04-2016,20,15144,16928,9321,3987,45380,983,880,1277,3140,48520
27-04-2016,21,15458,16952,9569,3925,45904,933,814,1154,2901,48805
27-04-2016,22,15227,16016,9475,3623,44341,841,726,1003,2570,46911
27-04-2016,23,14534,15308,9005,3272,42119,781,665,912,2358,44477
28-04-2016,0,14029,14750,8648,3037,40464,739,613,859,2211,42675
28-04-2016,1,13658,14627,8484,2947,39716,721,585,832,2138,41854
28-04-2016,2,13574,14485,8430,2901,39390,711,575,823,2109,41499
28-04-2016,3,13618,14436,8381,2893,39328,713,588,834,2135,41463
28-04-2016,4,13828,14396,8414,3001,39639,714,600,873,2187,41826
28-04-2016,5,14187,14889,9112,3222,41410,827,704,1042,2573,43983
28-04-2016,6,15487,16722,9625,3753,45587,966,839,1224,3029,48616
28-04-2016,7,16878,18369,9874,4391,49512,1077,954,1323,3354,52866
28-04-2016,8,17109,18843,9985,4233,50170,1094,991,1366,3451,53621
28-04-2016,9,16739,18927,9956,4679,50301,1114,995,1362,3471,53772
28-04-2016,10,16384,19003,9993,4742,50122,1096,978,1377,3451,53573
28-04-2016,11,16415,18784,10011,4715,49925,1079,944,1359,3382,53307
28-04-2016,12,16039,18150,9903,4583,48675,1085,970,1401,3456,52131
28-04-2016,13,15838,17978,9837,4624,48277,1082,964,1380,3426,51703
28-04-2016,14,15991,17914,9752,4584,48241,1062,956,1345,3363,51604
28-04-2016,15,15699,17972,9612,4334,47617,1035,956,1315,3306,50923
28-04-2016,16,15674,17696,9522,4250,47142,1022,925,1254,3201,50343
28-04-2016,17,15627,17794,9538,4405,47364,1009,897,1207,3113,50477
28-04-2016,18,15383,17700,9622,4271,46976,1006,869,1217,3092,50068
28-04-2016,19,15496,17793,9656,4089,47034,983,854,1211,3048,50082
28-04-2016,20,15661,17825,9404,3940,46830,981,873,1260,3114,49944
28-04-2016,21,15666,17550,9453,3908,46577,923,820,1155,2898,49475
28-04-2016,22,15313,16177,9204,3614,44308,829,722,1000,2551,46859
28-04-2016,23,14651,15062,8706,3276,41695,772,648,911,2331,44026
29-04-2016,0,14000,14170,8389,3027,39586,737,609,858,2204,41790
29-04-2016,1,13684,13985,8128,2901,38698,722,592,841,2155,40853
29-04-2016,2,13634,13851,8147,2867,38499,723,590,834,2147,40646
29-04-2016,3,13671,13811,8186,2882,38550,730,603,837,2170,40720
29-04-2016,4,13726,13727,8286,2970,38709,728,617,884,2229,40938
29-04-2016,5,14067,14080,9100,3164,40411,839,705,1053,2597,43008
29-04-2016,6,15392,15845,9707,3582,44526,967,827,1192,2986,47512
29-04-2016,7,16821,17609,9972,4020,48422,1043,937,1316,3296,51718
29-04-2016,8,17045,17781,10043,4309,49178,1063,977,1347,3387,52565
29-04-2016,9,16644,17374,9989,4425,48432,1052,978,1334,3364,51796
29-04-2016,10,16078,17304,9911,4478,47771,1040,954,1313,3307,51078
29-04-2016,11,15991,17502,9804,4441,47738,1027,919,1290,3236,50974
29-04-2016,12,15699,17127,9698,4317,46841,1041,946,1305,3292,50133
29-04-2016,13,15548,16599,9544,4170,45861,1025,928,1291,3244,49105
29-04-2016,14,15637,16339,9427,4036,45439,1008,906,1253,3167,48606
29-04-2016,15,15660,16094,9419,3928,45101,980,897,1228,3105,48206
29-04-2016,16,15474,15703,9402,3944,44523,941,875,1225,3041,47564
29-04-2016,17,15486,16132,9367,4169,45154,940,855,1173,2968,48122
29-04-2016,18,15376,16078,9384,4144,44982,924,841,1183,2948,47930
29-04-2016,19,15201,15902,9340,3914,44357,903,834,1148,2885,47242
29-04-2016,20,15087,15639,9141,3699,43566,917,843,1186,2946,46512
29-04-2016,21,15042,15426,9429,3621,43518,889,808,1131,2828,46346
29-04-2016,22,14788,14909,9281,3373,42351,807,720,1007,2534,44885
29-04-2016,23,14340,14407,8793,3097,40637,753,652,916,2321,42958
30-04-2016,0,13961,13698,8377,2870,38906,716,604,866,2186,41092
30-04-2016,1,13613,13582,8170,2700,38065,691,580,842,2113,40178
30-04-2016,2,13375,13546,8113,2651,37685,684,573,827,2084,39769
30-04-2016,3,13319,13458,8088,2640,37505,678,579,827,2084,39589
30-04-2016,4,13398,13164,7986,2643,37191,658,569,825,2052,39243
30-04-2016,5,13376,12836,8202,2681,37095,691,594,868,2153,39248
30-04-2016,6,13499,13113,8269,2838,37719,733,663,958,2354,40073
30-04-2016,7,14103,13808,8493,3145,39549,795,743,1064,2602,42151
30-04-2016,8,14952,14635,8768,3492,41847,844,806,1129,2779,44626
30-04-2016,9,15416,15140,8792,3682,43030,854,817,1144,2815,45845
30-04-2016,10,15638,14979,8742,3759,43118,842,806,1130,2778,45896
30-04-2016,11,15563,14675,8711,3705,42654,823,790,1113,2726,45380
30-04-2016,12,15459,14258,8631,3592,41940,816,775,1102,2693,44633
30-04-2016,13,15372,14439,8543,3475,41829,801,764,1083,2648,44477
30-04-2016,14,15183,14317,8522,3397,41419,789,749,1072,2610,44029
30-04-2016,15,15183,14155,8562,3359,41259,778,741,1067,2586,43845
30-04-2016,16,15049,14222,8589,3441,41301,773,734,1073,2580,43881
30-04-2016,17,15191,14503,8647,3676,42017,769,736,1080,2585,44602
30-04-2016,18,15268,14694,8649,3738,42349,769,732,1085,2586,44935
30-04-2016,19,15117,14558,8534,3513,41722,765,736,1098,2599,44321
30-04-2016,20,14886,14324,8360,3358,40928,785,766,1135,2686,43614
30-04-2016,21,14946,14814,8906,3384,42050,786,749,1070,2605,44655
30-04-2016,22,14623,14231,8898,3215,40967,731,675,951,2357,43324
30-04-2016,23,14278,13424,8484,2974,39160,683,619,861,2163,41323
01-05-2016,0,13648,13020,8042,2777,37487,641,585,785,2011,39498
01-05-2016,1,13470,12739,7887,2675,36771,626,565,756,1947,38718
01-05-2016,2,13232,12514,7841,2620,36207,615,552,742,1909,38116
01-05-2016,3,13113,12545,7808,2610,36076,612,555,742,1909,37985
01-05-2016,4,13121,12665,7644,2617,36047,587,527,737,1851,37898
01-05-2016,5,13061,12521,7716,2618,35916,607,547,761,1915,37831
01-05-2016,6,13125,12598,7728,2754,36205,645,593,840,2078,38283
01-05-2016,7,13382,12740,7857,3010,36989,706,661,939,2306,39295
01-05-2016,8,13686,13452,7984,3299,38421,764,716,1023,2503,40924
01-05-2016,9,13982,13748,8097,3474,39301,787,740,1058,2585,41886
01-05-2016,10,14258,13943,8104,3555,39860,778,732,1066,2576,42436
01-05-2016,11,14319,13880,8046,3547,39792,766,722,1063,2551,42343
01-05-2016,12,14153,13750,7957,3476,39336,759,715,1051,2525,41861
01-05-2016,13,13931,13488,7893,3399,38711,753,705,1032,2490,41201
01-05-2016,14,13802,13234,7907,3334,38277,754,698,1012,2464,40741
01-05-2016,15,13737,13086,7923,3282,38028,754,700,1005,2459,40487
01-05-2016,16,13714,13136,7937,3340,38127,761,704,1013,2478,40605
01-05-2016,17,13901,13364,8063,3600,38928,770,719,1030,2519,41447
01-05-2016,18,14005,13625,8231,3657,39518,792,727,1052,2571,42089
01-05-2016,19,14175,14050,8297,3512,40034,786,745,1078,2609,42643
01-05-2016,20,14191,14182,8130,3370,39873,819,780,1140,2739,42612
01-05-2016,21,14474,14456,8624,3418,40972,809,737,1054,2600,43572
01-05-2016,22,14523,14035,8654,3233,40445,734,647,921,2302,42747
01-05-2016,23,13917,13095,8233,2964,38209,678,579,826,2083,40292
02-05-2016,0,13533,12660,7946,2775,36914,650,552,766,1968,38882
02-05-2016,1,13166,12615,7804,2709,36294,636,537,749,1922,38216
02-05-2016,2,12938,12585,7795,2674,35992,632,532,745,1909,37901
02-05-2016,3,13022,12855,7868,2681,36426,637,544,760,1941,38367
02-05-2016,4,13169,13107,7989,2788,37053,633,552,800,1985,39038
02-05-2016,5,13414,13685,8727,2931,38757,746,653,988,2387,41144
02-05-2016,6,14646,15341,9338,3509,42834,887,791,1178,2856,45690
02-05-2016,7,16219,16950,9559,4115,46843,1020,897,1319,3236,50079
02-05-2016,8,16586,17190,9577,4398,47751,1032,954,1347,3333,51084
02-05-2016,9,16406,16853,9522,4357,47138,1018,954,1343,3315,50453
02-05-2016,10,16146,16466,9485,4395,46492,1000,939,1323,3262,49754
02-05-2016,11,15935,16303,9384,4357,45979,981,907,1299,3187,49166
02-05-2016,12,15924,16296,9207,4245,45672,999,931,1313,3243,48915
02-05-2016,13,15620,16033,9171,4238,45062,989,918,1299,3206,48268
02-05-2016,14,15535,15735,9060,4149,44479,978,902,1275,3155,47634
02-05-2016,15,15472,15503,8876,3949,43800,942,890,1236,3068,46868
02-05-2016,16,15481,15392,8854,3904,43631,913,851,1196,2960,46591
02-05-2016,17,15423,15389,8762,4120,43694,892,845,1189,2926,46620
02-05-2016,18,15321,15174,8846,4087,43428,880,822,1178,2880,46308
02-05-2016,19,15305,15266,8923,3881,43375,876,805,1176,2857,46232
02-05-2016,20,15188,15243,8681,3740,42852,881,822,1206,2909,45761
02-05-2016,21,15248,15218,9012,3692,43170,869,797,1119,2785,45955
02-05-2016,22,14746,14244,8806,3440,41236,783,698,976,2457,43693
02-05-2016,23,13876,13166,8294,3089,38425,717,630,884,2231,40656
03-05-2016,0,13459,12757,7990,2853,37059,680,590,828,2098,39157
03-05-2016,1,12971,12789,7715,2733,36208,668,574,804,2046,38254
03-05-2016,2,12798,12724,7646,2684,35852,662,566,800,2028,37880
03-05-2016,3,12727,12738,7619,2691,35775,662,573,808,2043,37818
03-05-2016,4,12655,12843,7712,2766,35976,653,565,839,2057,38033
03-05-2016,5,12836,13001,8453,2938,37228,768,659,1011,2438,39666
03-05-2016,6,14074,14669,8967,3497,41207,900,793,1189,2882,44089
03-05-2016,7,15582,16272,9165,4126,45145,1007,901,1304,3212,48357
03-05-2016,8,16039,16743,9129,4394,46305,1032,942,1344,3318,49623
03-05-2016,9,15947,16473,9095,4435,45950,1029,938,1317,3284,49234
03-05-2016,10,15636,16265,9082,4550,45533,1021,925,1302,3248,48781
03-05-2016,11,15696,16011,9003,4522,45232,1003,894,1296,3193,48425
03-05-2016,12,15509,15641,8850,4396,44396,1025,908,1320,3253,47649
03-05-2016,13,15513,15470,8765,4371,44119,1010,890,1308,3208,47327
03-05-2016,14,15248,15494,8703,4224,43669,992,865,1281,3138,46807
03-05-2016,15,14954,15609,8553,4049,43165,953,842,1232,3027,46192
03-05-2016,16,14835,15323,8519,4004,42681,926,821,1204,2951,45632
03-05-2016,17,14756,15433,8512,4221,42922,905,808,1189,2902,45824
03-05-2016,18,14653,15424,8490,4158,42725,892,788,1181,2861,45586
03-05-2016,19,14542,15356,8557,3962,42417,889,776,1177,2842,45259
03-05-2016,20,14539,15097,8422,3789,41847,892,776,1212,2880,44727
03-05-2016,21,14464,14831,8793,3720,41808,874,751,1140,2765,44573
03-05-2016,22,14400,14113,8683,3487,40683,786,666,984,2436,43119
03-05-2016,23,13653,13400,8167,3126,38346,718,598,889,2205,40551
04-05-2016,0,13308,12737,7904,2864,36813,679,558,816,2053,38866
04-05-2016,1,13110,12500,7801,2758,36169,659,543,794,1996,38165
04-05-2016,2,12998,12638,7731,2720,36087,658,533,790,1981,38068
04-05-2016,3,12977,12759,7656,2758,36150,654,532,801,1987,38137
04-05-2016,4,13181,12867,7751,2843,36642,642,513,827,1982,38624
04-05-2016,5,13449,13185,8560,3014,38208,766,545,997,2308,40516
04-05-2016,6,14724,14738,9063,3557,42082,902,626,1178,2706,44788
04-05-2016,7,15963,16322,9295,4136,45716,997,715,1277,2989,48705
04-05-2016,8,15993,16639,9347,4383,46362,1024,778,1275,3077,49439
04-05-2016,9,15720,16645,9340,4425,46130,1018,793,1271,3082,49212
04-05-2016,10,15454,16363,9376,4466,45659,1013,784,1259,3056,48715
04-05-2016,11,15154,16079,9350,4426,45009,997,756,1235,2988,47997
04-05-2016,12,14749,15719,9244,4308,44020,1026,755,1258,3039,47059
04-05-2016,13,14620,15441,9134,4297,43492,1003,746,1265,3014,46506
04-05-2016,14,14499,15175,9020,4168,42862,999,735,1262,2996,45858
04-05-2016,15,14244,14984,8924,3994,42146,962,729,1241,2932,45078
04-05-2016,16,14258,14911,8829,3873,41871,934,723,1201,2858,44729
04-05-2016,17,14061,14934,8700,3941,41636,906,726,1188,2820,44456
04-05-2016,18,13930,14822,8761,3974,41487,896,726,1173,2795,44282
04-05-2016,19,13906,14515,8762,3800,40983,883,730,1167,2780,43763
04-05-2016,20,13850,14582,8487,3610,40529,889,746,1199,2834,43363
04-05-2016,21,13937,14716,8809,3607,41069,876,724,1116,2716,43785
04-05-2016,22,13804,13990,8647,3421,39862,785,643,967,2395,42257
04-05-2016,23,13304,13290,8092,3102,37788,715,573,869,2157,39945
05-05-2016,0,12730,12451,7732,2857,35770,679,536,799,2014,37784
05-05-2016,1,12512,11980,7494,2688,34674,663,523,783,1969,36643
05-05-2016,2,12302,11919,7473,2607,34301,656,523,780,1959,36260
05-05-2016,3,12275,12042,7388,2579,34284,645,527,788,1960,36244
05-05-2016,4,12247,12059,7384,2593,34283,650,528,821,1999,36282
05-05-2016,5,12292,12053,7687,2599,34631,769,631,997,2397,37028
05-05-2016,6,12673,12242,7929,2753,35597,908,769,1177,2854,38451
05-05-2016,7,13126,13057,8142,3055,37380,1005,878,1264,3147,40527
05-05-2016,8,13479,13760,8396,3348,38983,1035,929,1298,3262,42245
05-05-2016,9,13829,14003,8434,3478,39744,1030,925,1283,3238,42982
05-05-2016,10,13934,13965,8442,3495,39836,1019,907,1266,3192,43028
05-05-2016,11,13891,13910,8414,3455,39670,1005,881,1240,3126,42796
05-05-2016,12,13768,13773,8343,3378,39262,1024,902,1257,3183,42445
05-05-2016,13,13601,13637,8288,3279,38805,1010,895,1244,3149,41954
05-05-2016,14,13473,13431,8298,3206,38408,1000,880,1223,3103,41511
05-05-2016,15,13347,13207,8234,3153,37941,964,859,1187,3010,40951
05-05-2016,16,13236,13126,8199,3300,37861,938,825,1163,2926,40787
05-05-2016,17,13098,13429,8226,3650,38403,916,816,1163,2895,41298
05-05-2016,18,13143,13411,8310,3629,38493,904,796,1149,2849,41342
05-05-2016,19,13372,13643,8270,3266,38551,887,792,1115,2794,41345
05-05-2016,20,13235,13530,8017,3204,37986,885,796,1157,2838,40824
05-05-2016,21,13300,13577,8500,3221,38598,875,774,1100,2749,41347
05-05-2016,22,13295,13099,8439,3094,37927,783,678,951,2412,40339
05-05-2016,23,12785,12496,7992,2798,36071,714,605,864,2183,38254
06-05-2016,0,12369,12091,7663,2605,34728,681,564,812,2057,36785
06-05-2016,1,12106,11909,7471,2500,33986,661,551,789,2001,35987
06-05-2016,2,12052,11897,7343,2452,33744,651,546,779,1976,35720
06-05-2016,3,12116,12132,7300,2457,34005,642,549,789,1980,35985
06-05-2016,4,12172,12175,7344,2512,34203,652,543,816,2011,36214
06-05-2016,5,12538,12352,7864,2556,35310,764,646,988,2398,37708
06-05-2016,6,13535,13256,8413,2798,38002,900,781,1170,2851,40853
06-05-2016,7,14340,14271,8751,3221,40583,996,886,1273,3155,43738
06-05-2016,8,14767,15076,8897,3578,42318,1030,930,1298,3258,45576
06-05-2016,9,14795,15309,8882,3701,42687,1028,927,1280,3235,45922
06-05-2016,10,14486,15151,8793,3700,42130,1024,911,1264,3199,45329
06-05-2016,11,14326,14585,8799,3630,41340,1009,886,1243,3138,44478
06-05-2016,12,14045,14412,8723,3546,40726,1024,904,1259,3187,43913
06-05-2016,13,13731,14022,8585,3471,39809,996,900,1238,3134,42943
06-05-2016,14,13687,13708,8539,3404,39338,976,888,1219,3083,42421
06-05-2016,15,13440,13553,8437,3346,38776,913,867,1214,2994,41770
06-05-2016,16,13197,13513,8353,3327,38390,911,834,1190,2935,41325
06-05-2016,17,13218,13699,8370,3489,38776,893,819,1177,2889,41665
06-05-2016,18,13220,13820,8429,3504,38973,880,798,1165,2843,41816
06-05-2016,19,13146,13496,8333,3330,38305,861,786,1148,2795,41100
06-05-2016,20,13063,13150,8002,3166,37381,856,786,1137,2779,40160
06-05-2016,21,13098,13301,8423,3138,37960,862,766,1113,2741,40701
06-05-2016,22,12959,12962,8408,2964,37293,786,680,982,2448,39741
06-05-2016,23,12535,12467,7959,2720,35681,716,609,881,2206,37887
07-05-2016,0,12072,12203,7615,2505,34395,667,567,794,2028,36423
07-05-2016,1,11802,12116,7459,2398,33775,642,552,766,1960,35735
07-05-2016,2,11666,12034,7375,2340,33415,645,542,766,1953,35368
07-05-2016,3,11733,12010,7296,2346,33385,625,543,771,1939,35324
07-05-2016,4,11702,11731,7219,2355,33007,602,525,758,1885,34892
07-05-2016,5,11494,11446,7393,2341,32674,638,558,821,2017,34691
07-05-2016,6,11693,11613,7542,2495,33343,684,629,921,2234,35577
07-05-2016,7,12086,12068,7761,2784,34699,764,712,1023,2499,37198
07-05-2016,8,12533,12654,7949,3066,36202,815,764,1095,2674,38876
07-05-2016,9,13056,12979,7952,3262,37249,822,784,1124,2730,39979
07-05-2016,10,13223,12825,8025,3330,37403,813,781,1122,2716,40119
07-05-2016,11,13012,13012,7985,3291,37300,799,773,1113,2685,39985
07-05-2016,12,12850,13009,7922,3206,36987,797,767,1105,2669,39656
07-05-2016,13,12598,13118,7883,3118,36717,783,758,1082,2623,39340
07-05-2016,14,12429,12880,7920,3053,36282,770,744,1061,2575,38857
07-05-2016,15,12278,12796,7941,2992,36007,767,736,1053,2556,38563
07-05-2016,16,12167,12761,8077,3016,36021,768,736,1053,2557,38578
07-05-2016,17,12213,12923,8217,3206,36559,762,732,1054,2548,39107
07-05-2016,18,12189,12643,8295,3194,36321,761,725,1054,2540,38861
07-05-2016,19,12373,12425,8201,3141,36140,758,725,1049,2532,38672
07-05-2016,20,12078,12203,7966,2925,35172,764,734,1077,2575,37747
07-05-2016,21,12069,12374,8241,2936,35620,782,728,1065,2575,38195
07-05-2016,22,12076,12275,8199,2831,35381,726,662,947,2335,37716
07-05-2016,23,11717,12287,7699,2641,34344,670,591,854,2115,36459
08-05-2016,0,11415,11678,7376,2466,32935,613,545,761,1919,34854
08-05-2016,1,11225,11514,7174,2332,32245,597,531,731,1859,34104
08-05-2016,2,11058,11386,7081,2293,31818,591,524,720,1835,33653
08-05-2016,3,10966,11223,6973,2287,31449,578,520,721,1819,33268
08-05-2016,4,10926,10904,6881,2322,31033,561,494,710,1765,32798
08-05-2016,5,10804,10549,7004,2321,30678,585,512,753,1850,32528
08-05-2016,6,10910,10766,7148,2425,31249,635,571,832,2038,33287
08-05-2016,7,11166,11280,7377,2643,32466,714,647,935,2296,34762
08-05-2016,8,11607,11642,7597,2961,33807,777,717,1033,2527,36334
08-05-2016,9,11982,12181,7753,3155,35071,795,747,1074,2616,37687
08-05-2016,10,12181,12260,7826,3216,35483,789,749,1084,2622,38105
08-05-2016,11,12154,12264,7767,3202,35387,775,738,1080,2593,37980
08-05-2016,12,12128,12416,7620,3133,35297,761,730,1074,2565,37862
08-05-2016,13,11936,12482,7498,3075,34991,758,724,1060,2542,37533
08-05-2016,14,11784,12342,7548,3030,34704,752,703,1054,2509,37213
08-05-2016,15,11813,12227,7570,3009,34619,753,702,1052,2507,37126
08-05-2016,16,11799,12315,7536,3080,34730,752,713,1060,2525,37255
08-05-2016,17,11726,12510,7533,3303,35072,757,718,1072,2547,37619
08-05-2016,18,11821,12572,7672,3332,35397,770,720,1089,2579,37976
08-05-2016,19,12054,12524,7710,3192,35480,774,730,1098,2602,38082
08-05-2016,20,12060,12356,7581,3073,35070,778,751,1141,2670,37740
08-05-2016,21,12197,12378,8070,3064,35709,784,746,1092,2622,38331
08-05-2016,22,12289,12001,8038,2933,35261,710,655,937,2302,37563
08-05-2016,23,11706,11486,7546,2654,33392,655,585,830,2070,35462
09-05-2016,0,11237,11243,7161,2510,32151,615,549,749,1913,34064
09-05-2016,1,11197,10993,7012,2405,31607,603,537,726,1866,33473
09-05-2016,2,10928,10932,6930,2381,31171,605,531,729,1865,33036
09-05-2016,3,10900,11028,6874,2410,31212,587,532,733,1852,33064
09-05-2016,4,11000,11139,7062,2450,31651,597,531,764,1892,33543
09-05-2016,5,11133,10992,7954,2615,32694,714,638,968,2320,35014
09-05-2016,6,12492,12215,8588,3192,36487,862,779,1161,2802,39289
09-05-2016,7,14030,13720,8962,3833,40545,971,897,1288,3156,43701
09-05-2016,8,14349,14190,9075,4129,41743,1013,950,1333,3296,45039
09-05-2016,9,14001,14209,9019,4192,41421,1006,959,1334,3299,44720
09-05-2016,10,13890,14176,9037,4231,41334,1001,949,1329,3279,44613
09-05-2016,11,13747,14206,9021,4231,41205,988,920,1315,3223,44428
09-05-2016,12,13620,14092,8696,4177,40585,1008,943,1341,3292,43877
09-05-2016,13,13646,14026,8458,4228,40358,994,939,1325,3258,43616
09-05-2016,14,13623,13856,8419,4127,40025,984,915,1313,3212,43237
09-05-2016,15,13465,13797,8402,3955,39619,947,900,1278,3125,42744
09-05-2016,16,13560,13756,8387,3852,39555,917,866,1235,3018,42573
09-05-2016,17,13345,13604,8288,4009,39246,894,852,1220,2966,42212
09-05-2016,18,13008,13482,8374,3931,38795,873,829,1204,2906,41701
09-05-2016,19,12796,13249,8351,3757,38153,858,815,1190,2863,41016
09-05-2016,20,12782,13030,8031,3568,37411,852,800,1206,2858,40269
09-05-2016,21,12946,12788,8324,3489,37547,854,787,1150,2791,40338
09-05-2016,22,12874,12287,8178,3333,36672,765,690,989,2444,39116
09-05-2016,23,12174,11572,7647,2977,34370,693,618,881,2192,36562
10-05-2016,0,11676,10843,7259,2751,32529,650,577,804,2031,34560
10-05-2016,1,11251,10693,7011,2682,31637,639,561,794,1994,33631
10-05-2016,2,11008,10837,7000,2600,31445,629,553,793,1975,33420
10-05-2016,3,10928,10859,6922,2602,31311,609,553,804,1966,33277
10-05-2016,4,11069,10834,6994,2651,31548,636,554,824,2014,33562
10-05-2016,5,11337,10654,7822,2770,32583,740,652,993,2385,34968
10-05-2016,6,12569,11838,8402,3371,36180,865,783,1161,2809,38989
10-05-2016,7,14005,13397,8714,3943,40059,974,896,1251,3121,43180
10-05-2016,8,14253,13864,8782,4195,41094,1004,950,1284,3238,44332
10-05-2016,9,14151,13749,8796,4261,40957,1011,955,1295,3261,44218
10-05-2016,10,13907,13991,8864,4332,41094,1008,944,1294,3246,44340
10-05-2016,11,13858,13968,8870,4374,41070,999,917,1284,3200,44270
10-05-2016,12,13689,14311,8809,4287,41096,1020,944,1310,3274,44370
10-05-2016,13,13757,14918,8576,4303,41554,1009,939,1296,3244,44798
10-05-2016,14,13672,14829,8496,4218,41215,996,925,1275,3196,44411
10-05-2016,15,13628,14521,8398,4041,40588,965,911,1277,3153,43741
10-05-2016,16,13437,14293,8389,3944,40063,927,870,1251,3048,43111
10-05-2016,17,13302,14252,8263,4093,39910,917,855,1239,3011,42921
10-05-2016,18,13183,13972,8306,3965,39426,892,835,1222,2949,42375
10-05-2016,19,13141,13965,8294,3774,39174,883,827,1216,2926,42100
10-05-2016,20,13065,13855,7985,3607,38512,870,824,1236,2930,41442
10-05-2016,21,13030,13703,8158,3521,38412,849,798,1168,2815,41227
10-05-2016,22,12924,13028,7974,3357,37283,760,697,1010,2467,39750
10-05-2016,23,12260,12043,7417,3014,34734,690,623,910,2223,36957
11-05-2016,0,11701,11039,7099,2803,32642,642,572,833,2047,34689
11-05-2016,1,11295,10803,6918,2639,31655,622,551,809,1982,33637
11-05-2016,2,11265,10994,6892,2617,31768,605,548,803,1956,33724
11-05-2016,3,11295,11122,6759,2595,31771,599,541,808,1948,33719
11-05-2016,4,11187,11056,6909,2640,31792,600,546,831,1977,33769
11-05-2016,5,11469,11491,7725,2749,33434,714,646,1012,2372,35806
11-05-2016,6,12663,12954,8391,3333,37341,863,790,1186,2839,40180
11-05-2016,7,13958,14212,8681,3923,40774,960,892,1263,3115,43889
11-05-2016,8,14304,15324,8772,4148,42548,1011,938,1296,3245,45793
11-05-2016,9,14083,15358,8679,4223,42343,986,944,1290,3220,45563
11-05-2016,10,13897,15475,8630,4294,42296,978,927,1286,3191,45487
11-05-2016,11,13798,15140,8680,4274,41892,961,903,1289,3153,45045
11-05-2016,12,13675,15147,8616,4198,41636,983,927,1276,3186,44822
11-05-2016,13,13680,15020,8562,4226,41488,972,914,1302,3188,44676
11-05-2016,14,13521,14790,8548,4157,41016,963,892,1274,3129,44145
11-05-2016,15,13491,14731,8372,4002,40596,938,882,1244,3064,43660
11-05-2016,16,13280,14306,8332,3934,39852,909,847,1225,2981,42833
11-05-2016,17,13065,14468,8244,4065,39842,891,830,1182,2903,42745
11-05-2016,18,12926,14001,8321,4010,39258,872,812,1185,2869,42127
11-05-2016,19,12901,13914,8230,3881,38926,873,792,1166,2831,41757
11-05-2016,20,12883,13858,7958,3688,38387,858,788,1168,2814,41201
11-05-2016,21,12917,13571,8198,3576,38262,835,773,1111,2719,40981
11-05-2016,22,12832,12892,8302,3396,37422,751,682,961,2394,39816
11-05-2016,23,12208,11891,7839,3050,34988,687,609,865,2161,37149
12-05-2016,0,11681,11459,7481,2833,33454,648,568,801,2017,35471
12-05-2016,1,11362,11434,7314,2693,32803,641,546,786,1973,34776
12-05-2016,2,11183,11302,7296,2635,32416,637,543,786,1966,34382
12-05-2016,3,11203,11354,7207,2640,32404,621,540,780,1941,34345
12-05-2016,4,11224,11274,7296,2697,32491,627,548,794,1969,34460
12-05-2016,5,11361,11826,8043,2819,34049,734,649,975,2358,36407
12-05-2016,6,12560,13492,8559,3342,37953,873,780,1162,2815,40768
12-05-2016,7,14006,15573,8878,3929,42386,965,889,1237,3091,45477
12-05-2016,8,14181,15699,8965,4184,43029,991,936,1266,3193,46222
12-05-2016,9,14136,15696,8870,4257,42959,988,927,1255,3170,46129
12-05-2016,10,14078,15454,8928,4341,42801,983,919,1245,3147,45948
12-05-2016,11,13970,15257,8909,4295,42431,972,889,1236,3097,45528
12-05-2016,12,13980,15258,8830,4073,42141,992,914,1251,3157,45298
12-05-2016,13,13870,14938,8796,4227,41831,985,908,1248,3141,44972
12-05-2016,14,13850,14796,8707,4147,41500,974,896,1240,3110,44610
12-05-2016,15,13903,14654,8610,3986,41153,946,888,1243,3077,44230
12-05-2016,16,13812,14468,8582,3952,40814,912,849,1209,2970,43784
12-05-2016,17,13591,14631,8533,4086,40841,894,833,1192,2919,43760
12-05-2016,18,13578,14609,8573,3999,40759,868,812,1175,2855,43614
12-05-2016,19,13482,14334,8584,3833,40233,876,807,1156,2839,43072
12-05-2016,20,13530,14135,8360,3662,39687,845,793,1156,2794,42481
12-05-2016,21,13655,13874,8599,3586,39714,833,780,1094,2707,42421
12-05-2016,22,13595,13663,8467,3443,39168,757,694,975,2426,41594
12-05-2016,23,12931,13004,8012,3103,37050,694,618,864,2176,39226
13-05-2016,0,12330,12161,7606,2837,34934,647,568,780,1995,36929
13-05-2016,1,11837,11832,7405,2703,33777,627,545,752,1924,35701
13-05-2016,2,11655,11655,7340,2642,33292,622,539,738,1899,35191
13-05-2016,3,11591,11695,7240,2629,33155,601,535,750,1886,35041
13-05-2016,4,11690,11641,7429,2673,33433,605,533,785,1923,35356
13-05-2016,5,12004,12060,8217,2791,35072,727,636,973,2336,37408
13-05-2016,6,13294,13547,8878,3327,39046,865,773,1157,2795,41841
13-05-2016,7,14755,15262,9159,3929,43105,963,873,1237,3073,46178
13-05-2016,8,15238,15913,9172,4190,44513,996,920,1260,3176,47689
13-05-2016,9,15231,15783,9197,4235,44446,988,922,1260,3170,47616
13-05-2016,10,15252,16002,9199,4289,44742,981,908,1255,3144,47886
13-05-2016,11,15019,15778,9196,4207,44200,969,882,1235,3086,47286
13-05-2016,12,14771,15408,9083,4052,43314,990,907,1262,3159,46473
13-05-2016,13,14547,14791,8987,3984,42309,968,906,1253,3127,45436
13-05-2016,14,14307,14575,8937,3815,41634,956,894,1229,3079,44713
13-05-2016,15,14100,14408,8767,3684,40959,926,881,1205,3012,43971
13-05-2016,16,13867,14105,8717,3658,40347,888,848,1173,2909,43256
13-05-2016,17,13854,14184,8685,3765,40488,870,834,1147,2851,43339
13-05-2016,18,13841,14221,8716,3720,40498,854,807,1156,2817,43315
13-05-2016,19,13921,13930,8608,3554,40013,841,794,1126,2761,42774
13-05-2016,20,13818,13467,8278,3345,38908,819,782,1164,2765,41673
13-05-2016,21,13690,13310,8456,3285,38741,818,766,1133,2717,41458
13-05-2016,22,13694,13004,8384,3163,38245,745,691,998,2434,40679
13-05-2016,23,13266,12339,7929,2893,36427,681,619,905,2205,38632
14-05-2016,0,12638,11578,7463,2661,34340,635,571,835,2041,36381
14-05-2016,1,12367,11370,7283,2562,33582,616,552,806,1974,35556
14-05-2016,2,12169,11254,7176,2481,33080,602,537,796,1935,35015
14-05-2016,3,12146,11118,7025,2472,32761,580,528,791,1899,34660
14-05-2016,4,12071,11094,6996,2462,32623,564,511,773,1848,34471
14-05-2016,5,11930,11041,7289,2429,32689,611,542,826,1979,34668
14-05-2016,6,12058,11330,7496,2569,33453,656,617,927,2200,35653
14-05-2016,7,12463,12184,7815,2852,35314,738,711,1036,2485,37799
14-05-2016,8,12971,12998,8025,3161,37155,793,776,1100,2669,39824
14-05-2016,9,13403,13758,8160,3330,38651,812,802,1153,2767,41418
14-05-2016,10,13726,14062,8237,3349,39374,821,802,1161,2784,42158
14-05-2016,11,13645,14104,8350,3362,39461,825,795,1158,2778,42239
14-05-2016,12,13520,13860,8346,3271,38997,826,797,1147,2770,41767
14-05-2016,13,13301,13728,8280,3213,38522,812,783,1135,2730,41252
14-05-2016,14,13095,13569,8308,3208,38180,802,766,1119,2687,40867
14-05-2016,15,12931,13508,8358,3151,37948,795,757,1110,2662,40610
14-05-2016,16,12901,13779,8503,3219,38402,795,753,1103,2651,41053
14-05-2016,17,12949,14075,8674,3412,39110,800,754,1095,2649,41759
14-05-2016,18,12975,13981,8686,3412,39054,797,751,1089,2637,41691
14-05-2016,19,13060,13911,8454,3221,38646,780,757,1082,2619,41265
14-05-2016,20,13033,13906,8104,3029,38072,772,755,1103,2630,40702
14-05-2016,21,12899,13887,8398,3022,38206,764,728,1049,2541,40747
14-05-2016,22,13062,13396,8318,2975,37751,715,669,960,2344,40095
14-05-2016,23,12636,13012,7841,2777,36266,669,610,892,2171,38437
15-05-2016,0,12336,12412,7507,2600,34855,636,570,827,2033,36888
15-05-2016,1,12011,11885,7224,2460,33580,603,543,763,1909,35489
15-05-2016,2,11870,11706,7123,2411,33110,594,528,731,1853,34963
15-05-2016,3,11868,11650,6977,2419,32914,569,516,727,1812,34726
15-05-2016,4,11781,11445,6877,2414,32517,549,498,713,1760,34277
15-05-2016,5,11787,11333,6995,2341,32456,578,526,747,1851,34307
15-05-2016,6,11864,11609,7146,2477,33096,625,580,831,2036,35132
15-05-2016,7,11933,12197,7409,2684,34223,692,645,929,2266,36489
15-05-2016,8,12225,12839,7724,2953,35741,751,704,1006,2461,38202
15-05-2016,9,12618,13536,7970,3134,37258,785,737,1062,2584,39842
15-05-2016,10,12864,14015,8114,3241,38234,785,749,1106,2640,40874
15-05-2016,11,12937,14301,8123,3207,38568,779,745,1105,2629,41197
15-05-2016,12,12821,14233,8089,3278,38421,770,751,1081,2602,41023
15-05-2016,13,12580,14069,7995,3236,37880,767,749,1068,2584,40464
15-05-2016,14,12460,13938,7942,3130,37470,766,746,1049,2561,40031
15-05-2016,15,12359,13817,8077,3075,37328,761,744,1036,2541,39869
15-05-2016,16,12298,13809,8144,3143,37394,766,748,1035,2549,39943
15-05-2016,17,12289,14116,8178,3406,37989,768,749,1046,2563,40552
15-05-2016,18,12342,14196,8285,3435,38258,779,748,1062,2589,40847
15-05-2016,19,12462,13958,8168,3243,37831,776,751,1081,2608,40439
15-05-2016,20,12471,13774,7890,3125,37260,769,744,1095,2608,39868
15-05-2016,21,12605,13645,8320,3083,37653,756,724,1061,2541,40194
15-05-2016,22,12713,13000,8393,2997,37103,696,653,939,2288,39391
15-05-2016,23,12456,12183,7912,2818,35369,636,589,820,2045,37414
16-05-2016,0,12010,11828,7533,2562,33933,593,543,763,1899,35832
16-05-2016,1,11717,11809,7264,2431,33221,588,527,738,1853,35074
16-05-2016,2,11602,11821,7181,2379,32983,587,522,738,1847,34830
16-05-2016,3,11650,11834,7046,2372,32902,578,521,742,1841,34743
16-05-2016,4,11593,11799,7290,2372,33054,581,531,771,1883,34937
16-05-2016,5,11657,12413,8174,2373,34617,694,627,960,2281,36898
16-05-2016,6,12004,14377,8848,2533,37762,846,775,1133,2754,40516
16-05-2016,7,12405,16215,9273,2773,40666,952,891,1249,3092,43758
16-05-2016,8,12766,16747,9361,3096,41970,991,950,1288,3229,45199
16-05-2016,9,13277,16749,9331,3294,42651,984,955,1252,3191,45842
16-05-2016,10,13512,16938,9290,3362,43102,980,948,1253,3181,46283
16-05-2016,11,13533,16798,9249,3360,42940,966,920,1261,3147,46087
16-05-2016,12,13307,16579,9121,3309,42316,988,940,1276,3204,45520
16-05-2016,13,13081,16292,8978,3242,41593,968,930,1256,3154,44747
16-05-2016,14,13027,16236,8994,3202,41459,957,913,1238,3108,44567
16-05-2016,15,12856,16143,8955,3194,41148,925,893,1213,3031,44179
16-05-2016,16,12785,15885,8852,3245,40767,896,856,1174,2926,43693
16-05-2016,17,12834,15974,8744,3494,41046,880,845,1158,2883,43929
16-05-2016,18,12954,15910,8807,3480,41151,857,824,1149,2830,43981
16-05-2016,19,12889,15755,8755,3320,40719,847,809,1153,2809,43528
16-05-2016,20,12857,15450,8419,3131,39857,834,797,1161,2792,42649
16-05-2016,21,12988,15165,8626,3045,39824,819,776,1106,2701,42525
16-05-2016,22,13012,14479,8466,2934,38891,748,691,966,2405,41296
16-05-2016,23,12639,13400,8008,2707,36754,682,620,883,2185,38939
17-05-2016,0,12166,12498,7552,2521,34737,636,569,805,2010,36747
17-05-2016,1,11861,12353,7339,2412,33965,615,550,781,1946,35911
17-05-2016,2,11789,12296,7279,2363,33727,611,545,772,1928,35655
17-05-2016,3,11627,12060,7093,2384,33164,583,531,772,1886,35050
17-05-2016,4,11528,11972,7241,2450,33191,605,537,798,1940,35131
17-05-2016,5,11653,12410,7982,2616,34661,727,647,986,2360,37021
17-05-2016,6,12146,14301,8636,3227,38310,865,783,1159,2807,41117
17-05-2016,7,12905,16052,8990,3777,41724,957,897,1269,3123,44847
17-05-2016,8,13505,15883,9140,4106,42634,993,955,1320,3268,45902
17-05-2016,9,13705,15685,9130,4154,42674,991,964,1339,3294,45968
17-05-2016,10,13368,15731,9184,4179,42462,997,957,1333,3287,45749
17-05-2016,11,12958,15583,9250,4148,41939,988,928,1308,3224,45163
17-05-2016,12,12765,15409,9110,4018,41302,1005,947,1320,3272,44574
17-05-2016,13,12590,15225,9009,4074,40898,997,940,1296,3233,44131
17-05-2016,14,12464,15278,8965,4080,40787,995,921,1277,3193,43980
17-05-2016,15,12325,15022,8822,3970,40139,966,905,1245,3116,43255
17-05-2016,16,12252,14740,8794,3959,39745,936,868,1211,3015,42760
17-05-2016,17,12169,14915,8692,4057,39833,912,850,1198,2960,42793
17-05-2016,18,12365,14698,8814,3986,39863,895,825,1188,2908,42771
17-05-2016,19,12470,14481,8721,3847,39519,869,810,1179,2858,42377
17-05-2016,20,12524,14259,8343,3658,38784,855,792,1175,2822,41606
17-05-2016,21,12720,14158,8551,3545,38974,845,783,1140,2768,41742
17-05-2016,22,12837,13604,8540,3300,38281,786,697,1008,2491,40772
17-05-2016,23,12244,12757,8004,2905,35910,709,626,911,2246,38156
18-05-2016,0,12038,12257,7672,2804,34771,668,580,838,2086,36857
18-05-2016,1,11767,11922,7475,2715,33879,653,561,812,2026,35905
18-05-2016,2,11709,11930,7480,2668,33787,646,552,808,2006,35793
18-05-2016,3,11767,11758,7360,2691,33576,610,546,809,1965,35541
18-05-2016,4,11835,11672,7556,2713,33776,633,562,835,2030,35806
18-05-2016,5,12175,12080,8355,2885,35495,754,668,1009,2431,37926
18-05-2016,6,13190,13884,8863,3459,39396,892,809,1188,2889,42285
18-05-2016,7,14555,15825,9141,4037,43558,984,920,1295,3199,46757
18-05-2016,8,15041,15830,9229,4286,44386,1020,967,1289,3276,47662
18-05-2016,9,14979,15624,9175,4316,44094,1012,970,1290,3272,47366
18-05-2016,10,15028,15871,9220,4431,44550,1008,952,1294,3254,47804
18-05-2016,11,14779,15928,9263,4428,44398,992,923,1295,3210,47608
18-05-2016,12,14643,15792,9219,4313,43967,1020,946,1290,3256,47223
18-05-2016,13,14443,15557,9070,4330,43400,1008,938,1273,3219,46619
18-05-2016,14,14497,15472,9059,4253,43281,999,920,1255,3174,46455
18-05-2016,15,14417,15483,8915,4090,42905,968,900,1201,3069,45974
18-05-2016,16,14480,15303,8812,4028,42623,933,867,1162,2962,45585
18-05-2016,17,14371,15250,8875,4239,42735,914,856,1148,2918,45653
18-05-2016,18,14254,15041,8962,4157,42414,910,830,1139,2879,45293
18-05-2016,19,14194,14845,8947,3950,41936,889,826,1155,2870,44806
18-05-2016,20,14203,14777,8531,3757,41268,871,821,1165,2857,44125
18-05-2016,21,13911,14315,8667,3636,40529,858,812,1110,2780,43309
18-05-2016,22,13611,13713,8666,3493,39483,791,717,985,2493,41976
18-05-2016,23,13057,12768,8168,3168,37161,713,639,885,2237,39398
19-05-2016,0,12343,12156,7800,2927,35226,677,590,816,2083,37309
19-05-2016,1,12059,11864,7570,2779,34272,663,569,777,2009,36281
19-05-2016,2,11698,11720,7436,2724,33578,653,564,772,1989,35567
19-05-2016,3,11670,11702,7327,2737,33436,629,551,768,1948,35384
19-05-2016,4,11681,11596,7510,2780,33567,647,561,790,1998,35565
19-05-2016,5,12030,11789,8292,2935,35046,756,657,959,2372,37418
19-05-2016,6,13189,13615,8874,3522,39200,893,800,1117,2810,42010
19-05-2016,7,14584,15309,9138,4110,43141,981,909,1222,3112,46253
19-05-2016,8,14936,15722,9220,4374,44252,1013,955,1251,3219,47471
19-05-2016,9,14857,15753,9193,4384,44187,1013,954,1253,3220,47407
19-05-2016,10,14664,15794,9199,4466,44123,1004,942,1257,3203,47326
19-05-2016,11,14544,15760,9151,4455,43910,983,919,1267,3169,47079
19-05-2016,12,14456,15469,9088,4402,43415,1010,950,1292,3252,46667
19-05-2016,13,14350,15377,8956,4398,43081,1001,941,1277,3219,46300
19-05-2016,14,14306,15135,8959,4319,42719,995,924,1258,3177,45896
19-05-2016,15,14269,15203,8878,4151,42501,973,904,1239,3116,45617
19-05-2016,16,14221,15093,8797,4074,42185,939,869,1203,3011,45196
19-05-2016,17,13982,15037,8712,4236,41967,916,857,1195,2968,44935
19-05-2016,18,13945,14828,8769,4130,41672,895,836,1184,2915,44587
19-05-2016,19,13948,14756,8812,3942,41458,889,825,1163,2877,44335
19-05-2016,20,13930,14582,8520,3739,40771,860,805,1157,2822,43593
19-05-2016,21,13858,14180,8588,3606,40232,849,790,1133,2772,43004
19-05-2016,22,13572,13578,8579,3449,39178,790,705,996,2491,41669
19-05-2016,23,12914,12546,8142,3119,36721,724,623,892,2239,38960
20-05-2016,0,12291,11840,7784,2870,34785,689,583,830,2102,36887
20-05-2016,1,11949,11507,7655,2738,33849,664,560,802,2026,35875
20-05-2016,2,11830,11478,7588,2683,33579,655,556,804,2015,35594
20-05-2016,3,11798,11430,7443,2718,33389,627,553,810,1990,35379
20-05-2016,4,11731,11303,7671,2765,33470,647,551,831,2029,35499
20-05-2016,5,12011,11560,8547,2882,35000,761,653,997,2411,37411
20-05-2016,6,13051,13169,9054,3433,38707,882,790,1169,2841,41548
20-05-2016,7,14530,14925,9248,4082,42785,979,902,1280,3161,45946
20-05-2016,8,14921,15296,9284,4326,43827,1014,951,1313,3278,47105
20-05-2016,9,14826,15579,9199,4379,43983,1013,947,1271,3231,47214
20-05-2016,10,14748,15441,9176,4475,43840,1009,930,1254,3193,47033
20-05-2016,11,14607,15250,9117,4396,43370,993,899,1244,3136,46506
20-05-2016,12,14537,14874,9006,4256,42673,1009,920,1257,3186,45859
20-05-2016,13,14371,14661,8963,4106,42101,986,904,1231,3121,45222
20-05-2016,14,14246,14461,8879,3936,41522,974,893,1200,3067,44589
20-05-2016,15,13931,14130,8722,3797,40580,936,862,1160,2958,43538
20-05-2016,16,14129,14087,8732,3782,40730,912,833,1128,2873,43603
20-05-2016,17,13879,14208,8641,3924,40652,882,821,1115,2818,43470
20-05-2016,18,13837,14065,8663,3854,40419,865,798,1104,2767,43186
20-05-2016,19,13711,13735,8606,3634,39686,843,781,1095,2719,42405
20-05-2016,20,13813,13219,8283,3433,38748,829,762,1067,2658,41406
20-05-2016,21,13206,12951,8429,3306,37892,817,753,1055,2625,40517
20-05-2016,22,13133,12616,8392,3226,37367,771,692,976,2439,39806
20-05-2016,23,12680,12040,7887,2998,35605,716,621,884,2221,37826
21-05-2016,0,12158,11237,7395,2772,33562,665,576,820,2061,35623
21-05-2016,1,11750,11049,7231,2622,32652,643,550,792,1985,34637
21-05-2016,2,11538,10802,7128,2542,32010,641,542,784,1967,33977
21-05-2016,3,11441,10702,6975,2515,31633,602,522,771,1895,33528
21-05-2016,4,11274,10528,6980,2484,31266,598,513,756,1867,33133
21-05-2016,5,11161,10481,7226,2463,31331,631,556,812,1999,33330
21-05-2016,6,11356,10853,7428,2611,32248,681,630,918,2229,34477
21-05-2016,7,11833,11602,7690,2941,34066,759,718,1018,2495,36561
21-05-2016,8,12294,12214,7842,3259,35609,816,772,1081,2669,38278
21-05-2016,9,12797,12844,7938,3425,37004,834,786,1098,2718,39722
21-05-2016,10,13058,13021,7991,3490,37560,829,785,1096,2710,40270
21-05-2016,11,12962,12955,7958,3491,37366,817,772,1081,2670,40036
21-05-2016,12,12788,12752,7898,3392,36830,809,774,1067,2650,39480
21-05-2016,13,12677,12683,7879,3359,36598,796,759,1034,2589,39187
21-05-2016,14,12527,12433,7916,3284,36160,780,742,1013,2535,38695
21-05-2016,15,12463,12321,7917,3247,35948,771,740,1007,2518,38466
21-05-2016,16,12542,12308,7956,3292,36098,768,737,1002,2507,38605
21-05-2016,17,12691,12497,8100,3552,36840,768,728,1005,2501,39341
21-05-2016,18,13027,12668,8276,3563,37534,776,719,1013,2508,40042
21-05-2016,19,12997,12468,8152,3365,36982,766,713,1014,2493,39475
21-05-2016,20,12695,12291,7824,3223,36033,752,702,1022,2476,38509
21-05-2016,21,12411,12102,8026,3145,35684,749,700,1029,2478,38162
21-05-2016,22,12270,12102,8101,3017,35490,716,660,935,2311,37801
21-05-2016,23,11947,11488,7688,2759,33882,661,598,841,2100,35982
22-05-2016,0,11489,11161,7322,2586,32558,625,555,789,1969,34527
22-05-2016,1,11171,10853,7091,2467,31582,603,531,762,1896,33478
22-05-2016,2,10927,10757,6941,2398,31023,596,525,755,1876,32899
22-05-2016,3,10880,10648,6712,2358,30598,558,502,744,1804,32402
22-05-2016,4,10787,10317,6653,2307,30064,552,488,728,1768,31832
22-05-2016,5,10760,10195,6837,2286,30078,576,514,771,1861,31939
22-05-2016,6,10832,10394,6929,2405,30560,620,569,841,2030,32590
22-05-2016,7,11035,10901,7166,2678,31780,691,647,929,2267,34047
22-05-2016,8,11646,11508,7377,3004,33535,759,719,1019,2497,36032
22-05-2016,9,12220,12193,7587,3214,35214,791,750,1063,2604,37818
22-05-2016,10,12641,12573,7691,3319,36224,792,753,1076,2621,38845
22-05-2016,11,12730,12661,7707,3304,36402,786,744,1062,2592,38994
22-05-2016,12,12665,12710,7654,3268,36297,781,743,1057,2581,38878
22-05-2016,13,12707,12501,7625,3259,36092,770,740,1042,2552,38644
22-05-2016,14,12739,12375,7633,3186,35933,767,732,1037,2536,38469
22-05-2016,15,12644,12173,7620,3140,35577,766,732,1037,2535,38112
22-05-2016,16,12570,12528,7693,3198,35989,770,736,1047,2553,38542
22-05-2016,17,12625,12806,7677,3443,36551,776,731,1063,2570,39121
22-05-2016,18,12683,12878,7815,3505,36881,789,737,1072,2598,39479
22-05-2016,19,12619,12946,7740,3413,36718,790,743,1094,2627,39345
22-05-2016,20,12545,12725,7436,3261,35967,774,736,1102,2612,38579
22-05-2016,21,12482,12295,7692,3160,35629,766,729,1087,2582,38211
22-05-2016,22,12280,11907,7940,3066,35193,728,674,960,2362,37555
22-05-2016,23,11918,10945,7553,2864,33280,668,595,846,2109,35389
23-05-2016,0,11339,10399,7198,2711,31647,630,540,786,1956,33603
23-05-2016,1,10953,10242,7006,2597,30798,606,521,752,1879,32677
23-05-2016,2,10867,10471,6915,2542,30795,592,517,742,1851,32646
23-05-2016,3,10825,10590,6775,2542,30732,561,505,735,1801,32533
23-05-2016,4,10834,10306,6941,2569,30650,596,522,766,1884,32534
23-05-2016,5,11112,10809,7749,2732,32402,716,638,941,2295,34697
23-05-2016,6,12370,12859,8306,3313,36848,846,774,1099,2719,39567
23-05-2016,7,13976,14674,8669,3952,41271,958,892,1215,3065,44336
23-05-2016,8,14472,15463,8806,4279,43020,993,950,1253,3196,46216
23-05-2016,9,14476,15542,8802,4365,43185,996,963,1252,3211,46396
23-05-2016,10,14524,15514,8820,4451,43309,986,962,1250,3198,46507
23-05-2016,11,14328,15221,8821,4418,42788,987,933,1234,3154,45942
23-05-2016,12,14311,14963,8759,4383,42416,1008,960,1256,3224,45640
23-05-2016,13,14223,15068,8669,4432,42392,990,955,1237,3182,45574
23-05-2016,14,14231,14966,8596,4287,42080,985,942,1225,3152,45232
23-05-2016,15,14177,14920,8502,4085,41684,944,924,1189,3057,44741
23-05-2016,16,14101,14771,8417,4025,41314,914,884,1152,2950,44264
23-05-2016,17,14051,14876,8332,4247,41506,894,862,1173,2929,44435
23-05-2016,18,13891,14345,8301,4160,40697,876,840,1128,2844,43541
23-05-2016,19,13753,14025,8277,3888,39943,855,826,1113,2794,42737
23-05-2016,20,13800,13758,8020,3681,39259,830,800,1127,2757,42016
23-05-2016,21,13491,13356,8062,3522,38431,802,779,1099,2680,41111
23-05-2016,22,13191,13020,7964,3369,37544,744,702,969,2415,39959
23-05-2016,23,12429,12009,7509,3042,34989,680,623,869,2172,37161
24-05-2016,0,11881,11172,7001,2805,32859,642,576,819,2037,34896
24-05-2016,1,11659,11092,6783,2694,32228,621,557,794,1972,34200
24-05-2016,2,11529,10936,6708,2639,31812,611,548,783,1942,33754
24-05-2016,3,11485,10771,6605,2667,31528,584,531,771,1886,33414
24-05-2016,4,11434,10525,6814,2714,31487,607,550,802,1959,33446
24-05-2016,5,11646,10755,7683,2861,32945,722,660,972,2354,35299
24-05-2016,6,12888,12468,8291,3409,37056,856,803,1018,2677,39733
24-05-2016,7,14437,14254,8631,4008,41330,964,912,1014,2890,44220
24-05-2016,8,14749,14811,8802,4283,42645,1009,966,872,2847,45492
24-05-2016,9,14709,14963,8784,4341,42797,998,974,876,2848,45645
24-05-2016,10,14675,15074,8784,4456,42989,1001,963,1255,3219,46208
24-05-2016,11,14548,14841,8809,4434,42632,991,934,1241,3166,45798
24-05-2016,12,14376,14729,8751,4398,42254,1014,962,1262,3238,45492
24-05-2016,13,14408,14472,8665,4416,41961,996,959,1253,3208,45169
24-05-2016,14,14322,14618,8571,4308,41819,992,940,1235,3167,44986
24-05-2016,15,14244,14565,8477,4119,41405,945,919,1200,3064,44469
24-05-2016,16,14116,14187,8404,4053,40760,920,889,1190,2999,43759
24-05-2016,17,13943,14268,8275,4218,40704,899,870,158,1927,42631
24-05-2016,18,13825,13899,8357,4060,40141,873,841,1229,2943,43084
24-05-2016,19,13626,13551,8295,3861,39333,860,825,1120,2805,42138
24-05-2016,20,13611,13336,7910,3664,38521,825,800,1118,2743,41264
24-05-2016,21,13578,13261,7951,3483,38273,803,775,1090,2668,40941
24-05-2016,22,13448,12886,7884,3329,37547,744,705,961,2410,39957
24-05-2016,23,12841,11907,7389,2998,35135,676,624,857,2157,37292
25-05-2016,0,12193,11404,6998,2773,33368,636,583,802,2021,35389
25-05-2016,1,11766,11094,6777,2643,32280,619,568,780,1967,34247
25-05-2016,2,11577,11129,6654,2567,31927,609,555,772,1936,33863
25-05-2016,3,11520,11085,6513,2570,31688,578,537,767,1882,33570
25-05-2016,4,11514,10828,6719,2621,31682,599,552,795,1946,33628
25-05-2016,5,12337,11413,7505,2784,34039,722,653,968,2343,36382
25-05-2016,6,13562,13084,8035,3333,38014,855,789,1136,2780,40794
25-05-2016,7,14743,15107,8392,3939,42181,956,902,1215,3073,45254
25-05-2016,8,14383,15398,8633,4188,42602,991,958,1219,3168,45770
25-05-2016,9,14251,15598,8664,4241,42754,985,967,1253,3205,45959
25-05-2016,10,14067,15773,8735,4324,42899,986,955,1256,3197,46096
25-05-2016,11,13891,15889,8760,4339,42879,970,928,1251,3149,46028
25-05-2016,12,13813,15810,8667,4269,42559,999,959,1270,3228,45787
25-05-2016,13,13819,15758,8579,4235,42391,993,949,1250,3192,45583
25-05-2016,14,13729,15629,8505,4112,41975,985,920,1273,3178,45153
25-05-2016,15,13875,15521,8467,3967,41830,948,897,1197,3042,44872
25-05-2016,16,13792,15313,8390,3900,41395,920,865,1164,2949,44344
25-05-2016,17,13464,15223,8370,4075,41132,904,854,1178,2936,44068
25-05-2016,18,13240,14619,8374,3913,40146,870,826,1157,2853,42999
25-05-2016,19,12997,14451,8348,3703,39499,848,812,1136,2796,42295
25-05-2016,20,13066,14339,7902,3538,38845,826,788,1106,2720,41565
25-05-2016,21,13025,14167,7931,3387,38510,798,765,1067,2630,41140
25-05-2016,22,12886,13676,7863,3258,37683,738,698,957,2393,40076
25-05-2016,23,12400,12814,7364,2965,35543,673,622,870,2165,37708
26-05-2016,0,12046,12105,6985,2729,33865,645,581,816,2042,35907
26-05-2016,1,11698,11809,6788,2626,32921,625,560,792,1977,34898
26-05-2016,2,11621,11758,6756,2570,32705,612,553,784,1949,34654
26-05-2016,3,11556,11624,6621,2573,32374,589,540,773,1902,34276
26-05-2016,4,11494,11426,6785,2602,32307,613,556,798,1967,34274
26-05-2016,5,11699,11902,7661,2774,34036,723,663,975,2361,36397
26-05-2016,6,12860,13522,8397,3331,38110,856,813,1118,2787,40897
26-05-2016,7,14103,15419,8703,3953,42178,977,948,1240,3165,45343
26-05-2016,8,14404,16096,8844,4232,43576,1019,993,1270,3282,46858
26-05-2016,9,14167,16096,8854,4303,43420,1013,1000,1291,3304,46724
26-05-2016,10,13894,15922,8807,4384,43007,1012,976,1267,3255,46262
26-05-2016,11,13872,15736,8806,4383,42797,1000,949,1254,3203,46000
26-05-2016,12,13549,15686,8768,4311,42314,1023,980,1267,3270,45584
26-05-2016,13,13444,15471,8762,4333,42010,1009,972,1245,3226,45236
26-05-2016,14,13348,15502,8712,4253,41815,996,963,1214,3173,44988
26-05-2016,15,13299,15435,8594,4092,41420,954,933,1181,3068,44488
26-05-2016,16,13304,15331,8608,4020,41263,924,902,1155,2981,44244
26-05-2016,17,13161,15273,8526,4174,41134,896,884,1139,2919,44053
26-05-2016,18,13027,15134,8607,4061,40829,880,847,1132,2859,43688
26-05-2016,19,13042,15111,8613,3836,40602,859,821,1116,2796,43398
26-05-2016,20,13059,14852,8199,3647,39757,840,792,1099,2731,42488
26-05-2016,21,12988,14587,8228,3476,39279,813,771,1071,2655,41934
26-05-2016,22,12849,13904,8136,3386,38275,758,717,968,2443,40718
26-05-2016,23,12367,12827,7655,3087,35936,692,643,878,2213,38149
27-05-2016,0,11664,12096,7342,2865,33967,655,592,815,2062,36029
27-05-2016,1,11268,11747,7129,2724,32868,636,572,786,1994,34862
27-05-2016,2,11036,11659,7018,2645,32358,624,564,779,1967,34325
27-05-2016,3,10934,11722,7008,2637,32301,590,537,766,1893,34194
27-05-2016,4,10887,11691,7230,2645,32453,600,554,792,1946,34399
27-05-2016,5,11395,12157,8064,2822,34438,714,651,962,2327,36765
27-05-2016,6,12479,13839,8663,3362,38343,835,783,1095,2713,41056
27-05-2016,7,13660,15509,8987,3925,42081,929,893,1198,3020,45101
27-05-2016,8,13908,15920,9082,4182,43092,964,940,1230,3134,46226
27-05-2016,9,13817,15801,9044,4219,42881,966,946,1223,3135,46016
27-05-2016,10,13729,16063,9102,4298,43192,969,937,1217,3123,46315
27-05-2016,11,13565,15914,9066,4257,42802,959,905,1206,3070,45872
27-05-2016,12,13376,15603,8954,4120,42053,972,922,1221,3115,45168
27-05-2016,13,13277,15355,8828,4062,41522,953,912,1201,3066,44588
27-05-2016,14,13144,14767,8758,3868,40537,940,892,1172,3004,43541
27-05-2016,15,13100,14588,8728,3706,40122,908,876,1150,2934,43056
27-05-2016,16,12904,14434,8685,3671,39694,878,851,1156,2885,42579
27-05-2016,17,12651,14462,8544,3802,39459,851,831,1125,2807,42266
27-05-2016,18,12555,14250,8565,3717,39087,841,807,1113,2761,41848
27-05-2016,19,12516,13824,8466,3483,38289,829,786,1094,2709,40998
27-05-2016,20,12380,13500,8123,3317,37320,796,768,1077,2641,39961
27-05-2016,21,12201,13097,8161,3194,36653,771,753,1054,2578,39231
27-05-2016,22,12123,12826,8142,3169,36260,737,700,967,2404,38664
27-05-2016,23,11885,12369,7669,2947,34870,680,627,875,2182,37052
28-05-2016,0,11454,11675,7249,2707,33085,638,578,806,2022,35107
28-05-2016,1,11062,11508,6986,2547,32103,608,549,776,1933,34036
28-05-2016,2,10677,11163,6890,2436,31166,591,540,757,1888,33054
28-05-2016,3,10381,11113,6776,2398,30668,558,513,733,1804,32472
28-05-2016,4,10177,10822,6852,2329,30180,569,510,728,1807,31987
28-05-2016,5,10095,10702,7072,2351,30220,601,549,781,1931,32151
28-05-2016,6,10450,10970,7339,2520,31279,652,622,886,2160,33439
28-05-2016,7,10989,11594,7677,2850,33110,732,706,985,2423,35533
28-05-2016,8,11460,12229,7939,3200,34828,791,776,1079,2646,37474
28-05-2016,9,11952,12994,7937,3363,36246,815,802,1087,2704,38950
28-05-2016,10,12110,13045,7953,3441,36549,808,799,1088,2695,39244
28-05-2016,11,11924,12975,7924,3424,36247,786,787,1082,2655,38902
28-05-2016,12,11992,12831,7907,3363,36093,775,778,1078,2631,38724
28-05-2016,13,11984,12712,7840,3292,35828,762,768,1061,2591,38419
28-05-2016,14,11847,12483,7864,3242,35436,751,764,1047,2562,37998
28-05-2016,15,11762,12279,7911,3201,35153,743,753,1048,2544,37697
28-05-2016,16,11859,12519,8018,3200,35596,742,747,1032,2521,38117
28-05-2016,17,11882,12517,8141,3377,35917,740,739,1033,2512,38429
28-05-2016,18,11917,12650,8204,3367,36138,738,730,1027,2495,38633
28-05-2016,19,11879,12579,8070,3216,35744,725,718,1003,2446,38190
28-05-2016,20,11748,12442,7717,3094,35001,711,701,984,2396,37397
28-05-2016,21,11456,12216,7835,2972,34479,705,692,992,2389,36868
28-05-2016,22,11347,12165,7838,2928,34278,679,662,923,2264,36542
28-05-2016,23,11113,11741,7468,2736,33058,625,601,838,2064,35122
29-05-2016,0,10698,11079,7106,2557,31440,584,558,773,1915,33355
29-05-2016,1,10330,10909,6863,2421,30523,563,542,740,1845,32368
29-05-2016,2,10133,10681,6773,2348,29935,554,528,725,1807,31742
29-05-2016,3,10023,10522,6669,2322,29536,520,502,706,1728,31264
29-05-2016,4,9983,10291,6643,2280,29197,511,489,690,1690,30887
29-05-2016,5,9857,10127,6777,2265,29026,542,515,741,1798,30824
29-05-2016,6,10031,10424,6901,2398,29754,583,572,823,1978,31732
29-05-2016,7,10404,10970,7144,2643,31161,657,654,924,2235,33396
29-05-2016,8,10885,11765,7408,2958,33016,727,730,1011,2468,35484
29-05-2016,9,11355,12284,7598,3175,34412,759,768,1041,2568,36980
29-05-2016,10,11738,12664,7681,3258,35341,763,770,1058,2591,37932
29-05-2016,11,11908,12937,7770,3266,35881,754,758,1051,2563,38444
29-05-2016,12,11830,12944,7655,3232,35661,750,760,1043,2553,38214
29-05-2016,13,11821,12759,7641,3210,35431,747,763,1034,2544,37975
29-05-2016,14,11706,12550,7631,3187,35074,741,753,1028,2522,37596
29-05-2016,15,11674,12405,7661,3150,34890,740,745,1027,2512,37402
29-05-2016,16,11720,12699,7778,3227,35424,746,748,1039,2533,37957
29-05-2016,17,11879,12891,7797,3466,36033,749,751,1053,2553,38586
29-05-2016,18,11935,12913,7897,3483,36228,753,753,1061,2567,38795
29-05-2016,19,12012,13033,7898,3385,36328,753,754,1054,2561,38889
29-05-2016,20,11965,13008,7671,3210,35854,738,745,1052,2535,38389
29-05-2016,21,11889,12662,7875,3073,35499,716,732,1047,2495,37994
29-05-2016,22,11665,12389,8021,2949,35024,688,677,943,2308,37332
29-05-2016,23,11202,11875,7631,2743,33451,625,596,835,2056,35507
30-05-2016,0,10649,11278,7302,2588,31817,581,552,774,1907,33724
30-05-2016,1,10308,11105,7041,2510,30964,561,536,746,1843,32807
30-05-2016,2,10140,11087,6940,2485,30652,544,524,741,1809,32461
30-05-2016,3,10081,10949,6836,2491,30357,526,510,732,1768,32125
30-05-2016,4,10100,10862,7054,2530,30546,544,531,770,1845,32391
30-05-2016,5,10411,11337,7840,2722,32310,646,623,961,2230,34540
30-05-2016,6,11614,13078,8572,3271,36535,796,771,1142,2709,39244
30-05-2016,7,12920,14702,8955,3880,40457,917,899,1250,3066,43523
30-05-2016,8,13468,15317,9080,4164,42029,985,960,1287,3232,45261
30-05-2016,9,13388,15504,9087,4284,42263,991,977,1285,3253,45516
30-05-2016,10,13384,15480,9171,4413,42448,978,976,1280,3234,45682
30-05-2016,11,13226,15260,9242,4405,42133,968,953,1279,3200,45333
30-05-2016,12,13125,15389,9174,4341,42029,988,979,1312,3279,45308
30-05-2016,13,13109,15123,9069,4362,41663,976,979,1312,3267,44930
30-05-2016,14,13081,15100,9075,4274,41530,972,960,1300,3232,44762
30-05-2016,15,12884,14985,8932,4043,40844,942,950,1267,3159,44003
30-05-2016,16,12855,14786,8802,3974,40417,913,911,1239,3063,43480
30-05-2016,17,12675,14703,8654,4116,40148,876,893,1213,2982,43130
30-05-2016,18,12474,14454,8684,4044,39656,856,871,1194,2921,42577
30-05-2016,19,12408,14206,8603,3842,39059,840,847,1174,2861,41920
30-05-2016,20,12307,13950,8261,3629,38147,820,817,1147,2784,40931
30-05-2016,21,11982,13541,8257,3469,37249,779,793,1113,2685,39934
30-05-2016,22,11944,13133,8178,3358,36613,731,736,990,2457,39070
30-05-2016,23,11331,12255,7740,3043,34369,664,649,894,2207,36576
31-05-2016,0,10789,11360,7444,2819,32412,621,598,821,2040,34452
31-05-2016,1,10447,11241,7257,2704,31649,602,575,795,1972,33621
31-05-2016,2,10195,11069,7128,2617,31009,587,566,786,1939,32948
31-05-2016,3,10071,10836,6966,2639,30512,560,545,771,1876,32388
31-05-2016,4,9999,10582,7159,2619,30359,584,558,801,1943,32302
31-05-2016,5,10270,11254,7912,2794,32230,691,654,972,2317,34547
31-05-2016,6,11451,12974,8638,3314,36377,827,787,1156,2770,39147
31-05-2016,7,12761,14786,8906,3940,40393,936,916,1265,3117,43510
31-05-2016,8,13058,15195,8982,4172,41407,981,980,1313,3274,44681
31-05-2016,9,13033,15351,9001,4191,41576,987,999,1316,3302,44878
31-05-2016,10,12931,15421,9005,4352,41709,996,997,1305,3298,45007
31-05-2016,11,12834,15523,9050,4344,41751,1003,968,1300,3271,45022
31-05-2016,12,12941,15511,8989,4313,41754,1022,995,1330,3347,45101
31-05-2016,13,12835,15345,8902,4372,41454,1001,987,1321,3309,44763
31-05-2016,14,12741,15276,8900,4335,41252,995,974,1302,3271,44523
31-05-2016,15,12601,15156,8788,4203,40748,961,955,1273,3189,43937
31-05-2016,16,12648,14814,8715,4084,40261,930,911,1231,3072,43333
31-05-2016,17,12427,14952,8473,4198,40050,903,897,1219,3019,43069
31-05-2016,18,12171,14676,8523,4075,39445,875,866,1196,2937,42382
31-05-2016,19,12131,14572,8420,3878,39001,863,842,1175,2880,41881
31-05-2016,20,12045,13980,8097,3698,37820,838,821,1143,2802,40622
31-05-2016,21,11904,13388,8119,3513,36924,800,801,1132,2733,39657
31-05-2016,22,11806,13012,8094,3378,36290,760,741,1012,2513,38803
31-05-2016,23,11310,12027,7728,3065,34130,689,655,907,2251,36381
01-06-2016,0,10740,11290,7378,2830,32238,648,604,831,2083,34321
01-06-2016,1,10284,10984,7192,2669,31129,625,579,803,2007,33136
01-06-2016,2,10122,10854,7075,2615,30666,603,567,790,1960,32626
01-06-2016,3,9921,10709,6944,2645,30219,578,552,771,1901,32120
01-06-2016,4,9753,10532,7132,2650,30067,600,559,809,1968,32035
01-06-2016,5,9882,10935,7931,2800,31548,697,653,969,2319,33867
01-06-2016,6,11031,12598,8586,3367,35582,840,783,1148,2771,38353
01-06-2016,7,12176,14577,8895,4004,39652,953,910,1260,3123,42775
01-06-2016,8,12600,15504,9026,4296,41426,994,974,1312,3280,44706
01-06-2016,9,12633,15495,9080,4370,41578,989,996,1324,3309,44887
01-06-2016,10,12693,15620,9158,4435,41906,979,993,1320,3292,45198
01-06-2016,11,12659,15402,9104,4479,41644,970,972,1308,3250,44894
01-06-2016,12,12733,15434,9093,4412,41672,993,996,1323,3312,44984
01-06-2016,13,12814,15355,9041,4459,41669,984,993,1318,3295,44964
01-06-2016,14,12700,15126,8987,4374,41187,975,975,1301,3251,44438
01-06-2016,15,12655,15120,8869,4192,40836,946,956,1267,3169,44005
01-06-2016,16,12536,14690,8778,4139,40143,913,919,1249,3081,43224
01-06-2016,17,12379,14796,8565,4213,39953,884,901,1220,3005,42958
01-06-2016,18,12211,14421,8602,4082,39316,860,867,1201,2928,42244
01-06-2016,19,12245,14084,8574,3845,38748,841,858,1171,2870,41618
01-06-2016,20,12072,13634,8210,3686,37602,820,832,1148,2800,40402
01-06-2016,21,11878,13069,8224,3527,36698,782,805,1125,2712,39410
01-06-2016,22,11769,12703,8175,3445,36092,738,752,1026,2516,38608
01-06-2016,23,11467,11853,7723,3191,34234,669,673,924,2266,36500
02-06-2016,0,10670,10798,7392,2953,31813,627,622,855,2104,33917
02-06-2016,1,10406,10583,7159,2823,30971,607,596,828,2031,33002
02-06-2016,2,10175,10492,7037,2756,30460,586,582,815,1983,32443
02-06-2016,3,10007,10200,6944,2742,29893,562,558,799,1919,31812
02-06-2016,4,9878,10022,7181,2746,29827,587,579,826,1992,31819
02-06-2016,5,10133,10394,7900,2906,31333,684,665,980,2329,33662
02-06-2016,6,11197,12193,8525,3462,35377,829,791,1150,2770,38147
02-06-2016,7,12515,14117,8889,4058,39579,934,915,1278,3127,42706
02-06-2016,8,12904,14913,9070,4332,41219,979,977,1311,3267,44486
02-06-2016,9,12875,15311,9103,4448,41737,986,998,1316,3300,45037
02-06-2016,10,12845,15554,9140,4550,42089,987,990,1225,3202,45291
02-06-2016,11,12745,15323,9199,4555,41822,985,964,1279,3228,45050
02-06-2016,12,12612,14970,9150,4500,41232,1001,991,1337,3329,44561
02-06-2016,13,12539,14956,9127,4491,41113,971,982,1334,3287,44400
02-06-2016,14,12517,14750,9055,4405,40727,958,955,1327,3240,43967
02-06-2016,15,12482,14591,8958,4233,40264,922,941,1281,3144,43408
02-06-2016,16,12264,14461,9005,4069,39799,881,895,1246,3022,42821
02-06-2016,17,12245,14379,8857,4115,39596,847,877,1234,2958,42554
02-06-2016,18,11888,14179,8746,4008,38821,825,850,1212,2887,41708
02-06-2016,19,11884,14055,8674,3851,38464,819,829,1186,2834,41298
02-06-2016,20,11803,13785,8356,3726,37670,792,812,1160,2764,40434
02-06-2016,21,11710,13407,8364,3564,37045,760,792,1149,2701,39746
02-06-2016,22,11622,12692,8260,3457,36031,713,748,1048,2509,38540
02-06-2016,23,11168,11651,7806,3166,33791,645,663,940,2248,36039
03-06-2016,0,10538,10930,7444,2955,31867,598,604,870,2072,33939
03-06-2016,1,9942,10630,7189,2824,30585,584,584,834,2002,32587
03-06-2016,2,9856,10652,7050,2739,30297,564,565,815,1944,32241
03-06-2016,3,9822,10448,6987,2736,29993,549,542,798,1889,31882
03-06-2016,4,9648,10066,7170,2720,29604,581,564,835,1980,31584
03-06-2016,5,9795,10495,7965,2874,31129,686,654,994,2334,33463
03-06-2016,6,10861,12335,8698,3418,35312,820,771,1147,2738,38050
03-06-2016,7,11959,14316,9023,4012,39310,941,903,1275,3119,42429
03-06-2016,8,12611,15309,9143,4314,41377,985,961,1331,3277,44654
03-06-2016,9,12993,15188,9231,4390,41802,989,978,1321,3288,45090
03-06-2016,10,13048,15379,9273,4502,42202,992,974,1336,3302,45504
03-06-2016,11,12971,15426,9249,4464,42110,974,951,1298,3223,45333
03-06-2016,12,12864,15108,9139,4350,41461,989,968,1332,3289,44750
03-06-2016,13,12662,14649,9052,4265,40628,971,950,1310,3231,43859
03-06-2016,14,12650,14239,8976,4086,39951,954,925,1297,3176,43127
03-06-2016,15,12256,14076,8870,3938,39140,926,904,1247,3077,42217
03-06-2016,16,12128,13957,8702,3896,38683,887,872,1213,2972,41655
03-06-2016,17,12001,13862,8594,3936,38393,859,850,1199,2908,41301
03-06-2016,18,11948,13575,8532,3862,37917,836,824,1183,2843,40760
03-06-2016,19,11867,12945,8541,3661,37014,823,797,1150,2770,39784
03-06-2016,20,11589,12641,8184,3461,35875,778,764,1116,2658,38533
03-06-2016,21,11305,12091,8158,3347,34901,752,750,1106,2608,37509
03-06-2016,22,11168,12242,7995,3293,34698,716,725,1034,2475,37173
03-06-2016,23,11000,11574,7572,3113,33259,657,652,929,2238,35497
04-06-2016,0,10816,10685,7184,2866,31551,614,600,856,2070,33621
04-06-2016,1,10389,10152,6834,2713,30088,590,572,815,1977,32065
04-06-2016,2,9790,9964,6763,2630,29147,568,556,804,1928,31075
04-06-2016,3,9905,9801,6617,2580,28903,538,529,775,1842,30745
04-06-2016,4,9724,9489,6700,2496,28409,544,521,769,1834,30243
04-06-2016,5,9758,9701,7006,2494,28959,572,558,816,1946,30905
04-06-2016,6,9964,10093,7327,2673,30057,633,617,915,2165,32222
04-06-2016,7,10451,10842,7577,3003,31873,707,697,1011,2415,34288
04-06-2016,8,10975,11894,7671,3324,33864,761,762,1084,2607,36471
04-06-2016,9,11613,12701,7820,3523,35657,788,785,1101,2674,38331
04-06-2016,10,11950,12865,7970,3630,36415,789,789,1092,2670,39085
04-06-2016,11,11836,12682,7893,3606,36017,780,776,1081,2637,38654
04-06-2016,12,11748,12728,7782,3576,35834,775,769,1062,2606,38440
04-06-2016,13,11583,12534,7632,3522,35271,761,756,1034,2551,37822
04-06-2016,14,11477,12158,7695,3404,34734,749,734,1014,2497,37231
04-06-2016,15,11281,11994,7738,3326,34339,746,735,1009,2490,36829
04-06-2016,16,11284,12142,7818,3343,34587,743,723,1008,2474,37061
04-06-2016,17,11453,12447,7966,3471,35337,740,720,1013,2473,37810
04-06-2016,18,11502,12629,8063,3457,35651,736,707,1010,2453,38104
04-06-2016,19,11475,12556,7999,3321,35351,717,700,999,2416,37767
04-06-2016,20,11321,12254,7842,3234,34651,706,675,979,2360,37011
04-06-2016,21,11204,11864,7830,3127,34025,692,671,978,2341,36366
04-06-2016,22,11104,11743,7949,3087,33883,682,657,927,2266,36149
04-06-2016,23,10990,11197,7596,2963,32746,644,600,847,2091,34837
05-06-2016,0,10623,10499,7343,2738,31203,602,550,772,1924,33127
05-06-2016,1,10225,10241,7092,2590,30148,580,536,735,1851,31999
05-06-2016,2,9986,10058,6929,2508,29481,562,530,728,1820,31301
05-06-2016,3,9844,9758,6733,2437,28772,535,501,698,1734,30506
05-06-2016,4,9629,9650,6737,2349,28365,536,492,693,1721,30086
05-06-2016,5,9601,9677,6892,2341,28511,559,518,742,1819,30330
05-06-2016,6,9747,10016,6939,2479,29181,605,563,808,1976,31157
05-06-2016,7,10046,10669,7218,2758,30691,667,628,884,2179,32870
05-06-2016,8,10427,11390,7484,3082,32383,733,692,959,2384,34767
05-06-2016,9,10922,11902,7662,3282,33768,759,722,999,2480,36248
05-06-2016,10,11167,12236,7754,3377,34534,764,721,1004,2489,37023
05-06-2016,11,11244,12376,7801,3390,34811,760,717,994,2471,37282
05-06-2016,12,11206,12438,7824,3358,34826,762,711,984,2457,37283
05-06-2016,13,11159,12321,7687,3301,34468,758,705,966,2429,36897
05-06-2016,14,11108,12082,7699,3251,34140,767,700,951,2418,36558
05-06-2016,15,11020,11989,7642,3239,33890,759,696,946,2401,36291
05-06-2016,16,11017,11953,7819,3289,34078,765,694,953,2412,36490
05-06-2016,17,11120,12051,7903,3513,34587,766,690,962,2418,37005
05-06-2016,18,11218,12126,8020,3525,34889,771,688,983,2442,37331
05-06-2016,19,11219,11976,8036,3429,34660,763,691,988,2442,37102
05-06-2016,20,11362,11931,7769,3331,34393,739,681,982,2402,36795
05-06-2016,21,11445,11729,8030,3214,34418,711,659,969,2339,36757
05-06-2016,22,11395,11653,8126,3161,34335,694,629,893,2216,36551
05-06-2016,23,11126,10877,7837,2971,32811,642,567,809,2018,34829
06-06-2016,0,10701,10803,7547,2793,31844,603,520,746,1869,33713
06-06-2016,1,10241,10621,7372,2687,30921,583,507,727,1817,32738
06-06-2016,2,10036,10494,7240,2655,30425,566,497,722,1785,32210
06-06-2016,3,9899,10367,7207,2645,30118,551,494,701,1746,31864
06-06-2016,4,9951,10256,7472,2623,30302,577,518,744,1839,32141
06-06-2016,5,10265,10308,8202,2780,31555,669,604,907,2180,33735
06-06-2016,6,11291,10806,8910,3305,34312,798,726,1043,2567,36879
06-06-2016,7,12493,11582,8988,3937,37000,918,835,1159,2912,39912
06-06-2016,8,12871,12061,9250,4200,38382,966,893,1191,3050,41432
06-06-2016,9,12841,12458,9314,4308,38921,983,907,1214,3104,42025
06-06-2016,10,12982,12889,9301,4394,39566,975,901,1223,3099,42665
06-06-2016,11,12785,12889,9284,4404,39362,963,873,1223,3059,42421
06-06-2016,12,12570,12856,9249,4350,39025,982,896,1239,3117,42142
06-06-2016,13,12598,12684,9164,4381,38827,964,886,1223,3073,41900
06-06-2016,14,12744,12456,9085,4287,38572,945,872,1197,3014,41586
06-06-2016,15,12628,12478,8911,4101,38118,920,852,1185,2957,41075
06-06-2016,16,12592,12779,8828,4032,38231,897,822,1203,2922,41153
06-06-2016,17,12370,12834,8733,4194,38131,868,809,1192,2869,41000
06-06-2016,18,12237,12938,8767,4098,38040,843,786,1175,2804,40844
06-06-2016,19,12148,12906,8765,3911,37730,832,775,1150,2757,40487
06-06-2016,20,12120,12718,8446,3727,37011,815,755,1152,2722,39733
06-06-2016,21,11996,12376,8461,3545,36378,773,724,1118,2615,38993
06-06-2016,22,11751,12122,8416,3410,35699,735,680,999,2414,38113
06-06-2016,23,11324,11398,7987,3195,33904,679,600,911,2190,36094
07-06-2016,0,10835,10681,7720,2968,32204,635,562,844,2041,34245
07-06-2016,1,10252,10426,7476,2822,30976,617,539,824,1980,32956
07-06-2016,2,10081,10525,7317,2751,30674,590,524,818,1932,32606
07-06-2016,3,9992,10309,7222,2725,30248,574,507,798,1879,32127
07-06-2016,4,9946,10142,7414,2718,30220,599,525,831,1955,32175
07-06-2016,5,10114,10684,8166,2889,31853,699,623,977,2299,34152
07-06-2016,6,11211,12554,8637,3407,35809,833,745,1129,2707,38516
07-06-2016,7,12600,14685,8857,4014,40156,937,852,1234,3023,43179
07-06-2016,8,13017,15304,8980,4293,41594,976,899,1253,3128,44722
07-06-2016,9,12995,15244,8978,4395,41612,978,913,1271,3162,44774
07-06-2016,10,13104,15448,9013,4501,42066,981,905,1271,3157,45223
07-06-2016,11,13050,15438,9025,4486,41999,969,877,1256,3102,45101
07-06-2016,12,13015,15231,8906,4432,41584,987,900,1275,3162,44746
07-06-2016,13,12902,15182,8873,4439,41396,972,898,1257,3127,44523
07-06-2016,14,12908,15091,8903,4355,41257,959,880,1246,3085,44342
07-06-2016,15,12872,14916,8844,4198,40830,922,860,1220,3002,43832
07-06-2016,16,12819,14655,8766,4102,40342,900,829,1210,2939,43281
07-06-2016,17,12668,14583,8623,4199,40073,875,810,1201,2886,42959
07-06-2016,18,12590,14746,8673,4104,40113,854,784,1189,2827,42940
07-06-2016,19,12480,14754,8622,3909,39765,837,769,1166,2772,42537
07-06-2016,20,12251,14364,8220,3721,38556,819,752,1153,2724,41280
07-06-2016,21,12035,13587,8212,3538,37372,785,736,1130,2651,40023
07-06-2016,22,11773,12876,8182,3388,36219,734,678,1022,2434,38653
07-06-2016,23,11446,11869,7787,3131,34233,675,604,928,2207,36440
08-06-2016,0,10797,11280,7429,2908,32414,632,560,855,2047,34461
08-06-2016,1,10504,11131,7202,2760,31597,607,540,826,1973,33570
08-06-2016,2,10304,11043,7108,2662,31117,583,518,814,1915,33032
08-06-2016,3,10154,10828,7043,2661,30686,565,506,797,1868,32554
08-06-2016,4,10039,10665,7203,2653,30560,587,528,827,1942,32502
08-06-2016,5,10341,11123,7886,2833,32183,689,622,978,2289,34472
08-06-2016,6,11431,12776,8441,3362,36010,823,750,1144,2717,38727
08-06-2016,7,12801,14733,8842,3947,40323,944,866,1252,3062,43385
08-06-2016,8,13114,15276,9061,4226,41677,987,924,1287,3198,44875
08-06-2016,9,13281,15544,9152,4289,42266,994,940,1293,3227,45493
08-06-2016,10,13144,15649,9180,4364,42337,997,937,1291,3225,45562
08-06-2016,11,12895,15606,9241,4410,42152,983,909,1286,3178,45330
08-06-2016,12,13085,15099,9151,4316,41651,997,938,1314,3249,44900
08-06-2016,13,13055,15113,9041,4381,41590,989,931,1302,3222,44812
08-06-2016,14,13142,14973,8929,4328,41372,982,904,1295,3181,44553
08-06-2016,15,13109,14977,8775,4148,41009,934,875,1282,3091,44100
08-06-2016,16,12969,14791,8727,4086,40573,901,860,1252,3013,43586
08-06-2016,17,12761,14698,8723,4203,40385,873,862,1239,2974,43359
08-06-2016,18,12609,14304,8898,4165,39976,858,844,1204,2906,42882
08-06-2016,19,12482,14074,8882,3951,39389,841,821,1174,2836,42225
08-06-2016,20,12395,13973,8488,3749,38605,813,778,1171,2762,41367
08-06-2016,21,12231,13699,8436,3588,37954,769,744,1119,2632,40586
08-06-2016,22,12079,13385,8350,3418,37232,728,681,1009,2418,39650
08-06-2016,23,11731,12604,8071,3188,35594,672,605,903,2180,37774
09-06-2016,0,11263,11833,7718,2979,33793,625,560,845,2030,35823
09-06-2016,1,10736,11623,7484,2844,32687,607,540,820,1967,34654
09-06-2016,2,10524,11594,7286,2800,32204,581,523,807,1911,34115
09-06-2016,3,10554,11359,7232,2781,31926,561,502,788,1851,33777
09-06-2016,4,10476,11323,7429,2747,31975,588,521,812,1921,33896
09-06-2016,5,10779,11699,8079,2940,33497,686,615,966,2267,35764
09-06-2016,6,11850,13250,8646,3474,37220,822,747,1136,2705,39925
09-06-2016,7,13156,15103,8964,4030,41253,932,857,1238,3027,44280
09-06-2016,8,13448,15488,9116,4296,42348,970,913,1284,3167,45515
09-06-2016,9,13479,15503,9179,4329,42490,955,927,1269,3151,45641
09-06-2016,10,13406,15648,9218,4380,42652,960,917,1290,3167,45819
09-06-2016,11,13385,15518,9233,4407,42543,946,892,1282,3120,45663
09-06-2016,12,13336,15401,9176,4335,42248,964,912,1285,3161,45409
09-06-2016,13,13335,15177,9132,4361,42005,955,887,1274,3116,45121
09-06-2016,14,13303,14976,9026,4258,41563,939,872,1254,3065,44628
09-06-2016,15,13279,14769,9003,4080,41131,905,855,1221,2981,44112
09-06-2016,16,13037,14607,8924,4005,40573,886,817,1189,2892,43465
09-06-2016,17,12931,14765,8863,4091,40650,870,803,1172,2845,43495
09-06-2016,18,12849,14760,8986,3989,40584,856,783,1152,2791,43375
09-06-2016,19,12807,14630,9014,3827,40278,842,770,1161,2773,43051
09-06-2016,20,12888,14243,8667,3665,39463,801,745,1130,2676,42139
09-06-2016,21,12782,13718,8681,3513,38694,756,709,1103,2568,41262
09-06-2016,22,12609,13251,8645,3342,37847,720,665,1011,2396,40243
09-06-2016,23,12070,12350,8211,3123,35754,655,596,918,2169,37923
10-06-2016,0,11510,11720,7908,2853,33991,621,558,861,2040,36031
10-06-2016,1,11176,11240,7731,2713,32860,596,533,835,1964,34824
10-06-2016,2,10972,11012,7511,2649,32144,574,512,824,1910,34054
10-06-2016,3,10888,11164,7477,2655,32184,548,499,801,1848,34032
10-06-2016,4,10777,11098,7660,2636,32171,579,523,828,1930,34101
10-06-2016,5,11147,11533,8429,2813,33922,672,615,970,2257,36179
10-06-2016,6,12164,13076,8944,3315,37499,798,729,1120,2647,40146
10-06-2016,7,13430,14864,9256,3866,41416,913,835,1239,2987,44403
10-06-2016,8,13618,15552,9363,4161,42694,976,890,1286,3152,45846
10-06-2016,9,13640,15415,9437,4220,42712,982,912,1288,3182,45894
10-06-2016,10,13558,15404,9362,4340,42664,988,904,1286,3178,45842
10-06-2016,11,13334,15084,9403,4310,42131,984,876,1277,3137,45268
10-06-2016,12,13287,15031,9277,4181,41776,1001,894,1308,3203,44979
10-06-2016,13,13186,14775,9087,4090,41138,972,884,1301,3157,44295
10-06-2016,14,13078,14668,9009,3903,40658,956,868,1266,3090,43748
10-06-2016,15,12835,14447,8947,3751,39980,919,847,1230,2996,42976
10-06-2016,16,12859,14245,8893,3728,39725,902,826,1222,2950,42675
10-06-2016,17,12751,14162,8877,3851,39641,877,819,1203,2899,42540
10-06-2016,18,12551,13872,8940,3775,39138,857,803,1181,2841,41979
10-06-2016,19,12387,13862,8814,3568,38631,844,784,1148,2776,41407
10-06-2016,20,12327,13534,8464,3373,37698,821,753,1105,2679,40377
10-06-2016,21,12062,13154,8481,3235,36932,760,709,1053,2522,39454
10-06-2016,22,11847,12709,8460,3160,36176,726,666,989,2381,38557
10-06-2016,23,11696,12278,8145,2996,35115,679,602,892,2173,37288
11-06-2016,0,11280,11811,7756,2779,33626,639,559,833,2031,35657
11-06-2016,1,10991,11437,7511,2629,32568,607,531,798,1936,34504
11-06-2016,2,10763,11178,7329,2554,31824,581,514,784,1879,33703
11-06-2016,3,10748,11016,7223,2515,31502,564,502,759,1825,33327
11-06-2016,4,10589,10782,7280,2429,31080,568,495,747,1810,32890
11-06-2016,5,10563,10768,7560,2456,31347,599,525,800,1924,33271
11-06-2016,6,10855,11216,7710,2624,32405,658,590,874,2122,34527
11-06-2016,7,11059,11662,7898,2929,33548,727,666,975,2368,35916
11-06-2016,8,11535,12345,8042,3233,35155,794,737,1062,2593,37748
11-06-2016,9,12094,13102,8166,3408,36770,828,770,1117,2715,39485
11-06-2016,10,12403,13307,8227,3482,37419,835,781,1134,2750,40169
11-06-2016,11,12305,13317,8251,3435,37308,838,775,1133,2746,40054
11-06-2016,12,12133,13241,8160,3395,36929,836,767,1123,2726,39655
11-06-2016,13,12001,12980,8072,3347,36400,819,760,1095,2674,39074
11-06-2016,14,11819,12775,8114,3291,35999,823,749,1058,2630,38629
11-06-2016,15,11707,12638,8197,3243,35785,802,735,1038,2575,38360
11-06-2016,16,11768,12683,8285,3287,36023,797,724,1026,2547,38570
11-06-2016,17,11857,12708,8360,3447,36372,794,719,1016,2529,38901
11-06-2016,18,11772,12690,8454,3463,36379,788,713,1016,2517,38896
11-06-2016,19,11725,12495,8314,3308,35842,779,700,1013,2492,38334
11-06-2016,20,11577,12442,8041,3184,35244,767,692,997,2456,37700
11-06-2016,21,11438,12209,8141,3069,34857,750,670,983,2403,37260
11-06-2016,22,11303,12101,8227,2980,34611,710,640,935,2285,36896
11-06-2016,23,11233,11884,7914,2871,33902,661,584,848,2093,35995
12-06-2016,0,11012,11327,7584,2682,32605,617,546,788,1951,34556
12-06-2016,1,10656,11007,7337,2541,31541,594,523,755,1872,33413
12-06-2016,2,10440,10957,7190,2473,31060,569,508,745,1822,32882
12-06-2016,3,10453,10722,7100,2425,30700,537,488,715,1740,32440
12-06-2016,4,10312,10444,7097,2333,30186,543,486,716,1745,31931
12-06-2016,5,10225,10337,7250,2335,30147,571,509,761,1841,31988
12-06-2016,6,10344,10536,7334,2465,30679,624,558,830,2012,32691
12-06-2016,7,10529,10946,7560,2728,31763,682,623,907,2212,33975
12-06-2016,8,10925,11529,7760,3020,33234,753,684,993,2430,35664
12-06-2016,9,11331,12135,7917,3203,34586,781,709,1035,2525,37111
12-06-2016,10,11584,12462,8070,3300,35416,784,711,1050,2545,37961
12-06-2016,11,11788,12675,8097,3317,35877,783,706,1046,2535,38412
12-06-2016,12,11693,12744,8054,3267,35758,779,703,1036,2518,38276
12-06-2016,13,11677,12761,7985,3247,35670,773,696,1023,2492,38162
12-06-2016,14,11582,12697,7985,3236,35500,765,685,1016,2466,37966
12-06-2016,15,11535,12576,7965,3231,35307,760,683,1014,2457,37764
12-06-2016,16,11487,12641,8063,3292,35483,761,682,1016,2459,37942
12-06-2016,17,11517,12815,8100,3592,36024,763,684,1039,2486,38510
12-06-2016,18,11532,12690,8126,3628,35976,764,690,1057,2511,38487
12-06-2016,19,11590,12463,8107,3474,35634,759,693,1068,2520,38154
12-06-2016,20,11685,12540,7854,3328,35407,750,684,1064,2498,37905
12-06-2016,21,11753,12243,8056,3117,35169,721,657,1036,2414,37583
12-06-2016,22,11585,11911,8183,2985,34664,695,633,966,2294,36958
12-06-2016,23,11347,11488,7836,3008,33679,653,565,876,2094,35773
13-06-2016,0,10952,11217,7461,2794,32424,624,530,824,1978,34402
13-06-2016,1,10599,11084,7280,2768,31731,600,507,806,1913,33644
13-06-2016,2,10382,11210,7196,2706,31494,574,493,796,1863,33357
13-06-2016,3,10473,10977,7191,2634,31275,559,479,774,1812,33087
13-06-2016,4,10413,10777,7404,2638,31232,587,499,810,1896,33128
13-06-2016,5,10722,11243,8193,2902,33060,691,595,981,2267,35327
13-06-2016,6,11807,12823,8862,3420,36912,820,713,1138,2671,39583
13-06-2016,7,13089,14560,9158,3862,40669,937,825,1259,3021,43690
13-06-2016,8,13348,15130,9291,4097,41866,976,881,1321,3178,45044
13-06-2016,9,13285,15242,9271,4011,41809,978,889,1310,3177,44986
13-06-2016,10,13129,15350,9325,4035,41839,983,883,1304,3170,45009
13-06-2016,11,13244,15467,9388,4024,42123,976,857,1273,3106,45229
13-06-2016,12,13164,15366,9271,4214,42015,973,883,1289,3145,45160
13-06-2016,13,13099,15084,9162,4305,41650,956,878,1278,3112,44762
13-06-2016,14,13146,14922,9072,4217,41357,944,858,1283,3085,44442
13-06-2016,15,13010,14820,8951,4103,40884,914,840,1248,3002,43886
13-06-2016,16,12919,14483,8900,4093,40395,886,804,1223,2913,43308
13-06-2016,17,12633,14569,8780,4290,40272,868,793,1207,2868,43140
13-06-2016,18,12492,14073,8791,4153,39509,848,775,1193,2816,42325
13-06-2016,19,12381,13659,8738,3894,38672,830,760,1176,2766,41438
13-06-2016,20,12294,13472,8431,3704,37901,804,744,1155,2703,40604
13-06-2016,21,12097,13267,8448,3550,37362,762,710,1120,2592,39954
13-06-2016,22,11932,12680,8418,3337,36367,727,671,1027,2425,38792
13-06-2016,23,11561,12177,7979,3072,34789,681,605,916,2202,36991
14-06-2016,0,11017,11523,7610,2849,32999,636,556,860,2052,35051
14-06-2016,1,10542,11159,7410,2736,31847,615,531,835,1981,33828
14-06-2016,2,10390,11209,7200,2677,31476,584,512,826,1922,33398
14-06-2016,3,10270,11117,7188,2660,31235,570,494,800,1864,33099
14-06-2016,4,10207,11043,7404,2657,31311,597,518,827,1942,33253
14-06-2016,5,10530,11310,8239,2826,32905,700,618,974,2292,35197
14-06-2016,6,11445,12847,8759,3381,36432,822,741,1134,2697,39129
14-06-2016,7,12653,14513,9037,3961,40164,923,843,1270,3036,43200
14-06-2016,8,12941,14823,9157,4229,41150,968,900,1310,3178,44328
14-06-2016,9,12862,14766,9065,4306,40999,968,912,1306,3186,44185
14-06-2016,10,12868,14964,9110,4439,41381,959,901,1302,3162,44543
14-06-2016,11,12790,14927,9183,4439,41339,938,885,1295,3118,44457
14-06-2016,12,12756,14811,9071,4377,41015,946,908,1292,3146,44161
14-06-2016,13,12890,14718,8939,4414,40961,941,902,1299,3142,44103
14-06-2016,14,12942,14776,8948,4391,41057,930,885,1280,3095,44152
14-06-2016,15,12825,14733,8854,4208,40620,904,868,1241,3013,43633
14-06-2016,16,12812,14497,8790,4186,40285,877,839,1249,2965,43250
14-06-2016,17,12542,14486,8642,4383,40053,859,815,1224,2898,42951
14-06-2016,18,12239,14204,8716,4249,39408,844,800,1208,2852,42260
14-06-2016,19,12281,14009,8682,4000,38972,828,789,1195,2812,41784
14-06-2016,20,12326,14036,8348,3800,38510,805,767,1178,2750,41260
14-06-2016,21,12156,13282,8362,3641,37441,768,729,1140,2637,40078
14-06-2016,22,11847,12746,8239,3466,36298,719,691,1042,2452,38750
14-06-2016,23,11505,12075,7804,3176,34560,660,614,934,2208,36768
15-06-2016,0,10864,11341,7531,2930,32666,614,567,881,2062,34728
15-06-2016,1,10479,10960,7334,2820,31593,590,541,857,1988,33581
15-06-2016,2,10280,10944,7096,2772,31092,558,527,842,1927,33019
15-06-2016,3,10129,10913,7083,2765,30890,544,507,828,1879,32769
15-06-2016,4,10031,10772,7301,2769,30873,574,531,847,1952,32825
15-06-2016,5,10185,11181,8000,2939,32305,688,619,999,2306,34611
15-06-2016,6,11209,12738,8615,3484,36046,820,742,1152,2714,38760
15-06-2016,7,12445,14395,8863,4076,39779,931,858,1286,3075,42854
15-06-2016,8,12861,14795,8976,4365,40997,972,915,1356,3243,44240
15-06-2016,9,12968,15024,9006,4458,41456,974,928,1358,3260,44716
15-06-2016,10,13055,15256,9022,4532,41865,971,929,1346,3246,45111
15-06-2016,11,13147,15309,8974,4559,41989,950,902,1342,3194,45183
15-06-2016,12,12887,15238,8912,4503,41540,971,942,1370,3283,44823
15-06-2016,13,13018,15043,8872,4483,41416,962,986,1395,3343,44759
15-06-2016,14,13096,14890,8781,4419,41186,955,929,1391,3275,44461
15-06-2016,15,13067,14824,8736,4265,40892,934,911,1362,3207,44099
15-06-2016,16,13030,14562,8603,4171,40366,905,935,1316,3156,43522
15-06-2016,17,12965,14694,8524,4364,40547,890,872,1292,3054,43601
15-06-2016,18,12755,14398,8598,4252,40003,861,809,1268,2938,42941
15-06-2016,19,12649,14020,8550,4035,39254,855,757,1232,2844,42098
15-06-2016,20,12425,13710,8230,3816,38181,833,766,1201,2800,40981
15-06-2016,21,12229,13078,8171,3643,37121,793,725,1163,2681,39802
15-06-2016,22,11933,12412,8086,3488,35919,759,711,1050,2520,38439
15-06-2016,23,11528,11700,7634,3259,34121,692,531,951,2174,36295
16-06-2016,0,10886,10974,7186,3046,32092,656,587,902,2145,34237
16-06-2016,1,10413,10733,6917,2911,30974,635,568,875,2078,33052
16-06-2016,2,10293,10665,6797,2833,30588,616,550,862,2028,32616
16-06-2016,3,10168,10527,6718,2827,30240,589,539,843,1971,32211
16-06-2016,4,10193,10304,6929,2832,30258,619,555,875,2049,32307
16-06-2016,5,10471,10757,7726,3003,31957,717,652,1020,2389,34346
16-06-2016,6,11411,12137,8403,3543,35494,839,766,1166,2771,38265
16-06-2016,7,12660,14035,8781,4114,39590,944,863,1295,3102,42692
16-06-2016,8,13038,14759,8889,4377,41063,996,945,1328,3269,44332
16-06-2016,9,12943,14696,8946,4443,41028,1014,951,1356,3321,44349
16-06-2016,10,12995,15135,9048,4541,41719,1011,945,1354,3310,45029
16-06-2016,11,12954,15073,9056,4552,41635,997,915,1340,3252,44887
16-06-2016,12,12785,15004,9068,4435,41292,1027,936,1391,3354,44646
16-06-2016,13,12881,15045,8993,4488,41407,1012,931,1383,3326,44733
16-06-2016,14,12932,14902,8908,4418,41160,991,914,1356,3261,44421
16-06-2016,15,12865,14906,8887,4281,40939,962,902,1311,3175,44114
16-06-2016,16,12879,14517,8856,4168,40420,926,870,1276,3072,43492
16-06-2016,17,12801,14754,8785,4314,40654,898,855,1257,3010,43664
16-06-2016,18,12587,14274,8866,4199,39926,878,834,1237,2949,42875
16-06-2016,19,12518,13972,8816,4084,39390,853,816,1217,2886,42276
16-06-2016,20,12440,13590,8444,3804,38278,822,785,1194,2801,41079
16-06-2016,21,12295,13223,8436,3654,37608,773,757,1146,2676,40284
16-06-2016,22,11994,12716,8235,3542,36487,738,721,1075,2534,39021
16-06-2016,23,11631,11660,7774,3319,34384,688,646,966,2300,36684
17-06-2016,0,11042,11122,7497,3033,32694,644,590,898,2132,34826
17-06-2016,1,10628,10988,7127,2886,31629,632,561,867,2060,33689
17-06-2016,2,10508,10718,6949,2822,30997,629,545,855,2029,33026
17-06-2016,3,10372,10665,6852,2797,30686,558,528,831,1917,32603
17-06-2016,4,10167,10540,7114,2773,30594,585,550,863,1998,32592
17-06-2016,5,10477,11026,7915,2954,32372,689,654,999,2342,34714
17-06-2016,6,11443,12651,8591,3472,36157,810,767,1170,2747,38904
17-06-2016,7,12727,14286,8894,4028,39935,921,876,1291,3088,43023
17-06-2016,8,13179,14825,9178,4286,41468,970,932,1333,3235,44703
17-06-2016,9,13169,15084,9283,4355,41891,978,942,1351,3271,45162
17-06-2016,10,13169,15302,9354,4449,42274,981,938,1345,3264,45538
17-06-2016,11,13027,15294,9317,4409,42047,968,915,1317,3200,45247
17-06-2016,12,12861,15149,9246,4304,41560,979,947,1332,3258,44818
17-06-2016,13,12770,14844,9106,4178,40898,966,937,1328,3231,44129
17-06-2016,14,12780,14464,9119,3996,40359,953,903,1304,3160,43519
17-06-2016,15,12616,14267,9026,3879,39788,918,898,1289,3105,42893
17-06-2016,16,12293,13620,8925,3810,38648,886,859,1272,3017,41665
17-06-2016,17,12331,13578,8829,3941,38679,863,836,1235,2934,41613
17-06-2016,18,12397,13161,8843,3855,38256,854,811,1198,2863,41119
17-06-2016,19,12281,13107,8782,3639,37809,842,817,1152,2811,40620
17-06-2016,20,12051,12658,8353,3445,36507,808,778,1107,2693,39200
17-06-2016,21,11756,12105,8319,3280,35460,779,724,1061,2564,38024
17-06-2016,22,11571,11804,8243,3161,34779,724,684,1001,2409,37188
17-06-2016,23,11272,11360,7798,3001,33431,662,615,906,2183,35614
18-06-2016,0,10795,10841,7438,2767,31841,624,574,841,2039,33880
18-06-2016,1,10476,10351,7116,2615,30558,598,553,802,1953,32511
18-06-2016,2,10260,10178,7026,2544,30008,562,546,789,1897,31905
18-06-2016,3,10099,10004,6859,2524,29486,532,527,758,1817,31303
18-06-2016,4,9856,9756,6884,2465,28961,525,530,736,1791,30752
18-06-2016,5,9872,9792,7090,2471,29225,567,574,786,1927,31152
18-06-2016,6,10161,10196,7285,2636,30278,620,632,874,2126,32404
18-06-2016,7,10547,10826,7595,2873,31841,688,698,967,2353,34194
18-06-2016,8,11105,11579,7815,3143,33642,751,758,1047,2556,36198
18-06-2016,9,11721,12464,7978,3352,35515,785,783,1088,2656,38171
18-06-2016,10,12098,12853,8112,3460,36523,803,785,1095,2683,39206
18-06-2016,11,11999,12893,8150,3438,36480,808,787,1090,2685,39165
18-06-2016,12,12179,12694,8144,3389,36406,801,787,1081,2669,39075
18-06-2016,13,12098,12785,8083,3330,36296,785,772,1056,2613,38909
18-06-2016,14,11879,12596,8097,3278,35850,774,761,1039,2574,38424
18-06-2016,15,11791,12539,8181,3241,35752,767,750,1032,2549,38301
18-06-2016,16,11792,12608,8290,3291,35981,764,743,1026,2533,38514
18-06-2016,17,11906,12592,8382,3456,36336,763,741,1025,2529,38865
18-06-2016,18,11947,12504,8385,3426,36262,765,731,1028,2524,38786
18-06-2016,19,11963,12247,8273,3254,35737,751,720,1022,2493,38230
18-06-2016,20,11697,11920,7923,3092,34632,728,696,1009,2433,37065
18-06-2016,21,11473,11520,7998,2978,33969,703,670,995,2368,36337
18-06-2016,22,11377,11303,8045,2868,33593,678,647,956,2281,35874
18-06-2016,23,11152,11020,7655,2746,32573,636,591,868,2095,34668
19-06-2016,0,10785,10575,7303,2577,31240,598,548,808,1954,33194
19-06-2016,1,10467,10352,7084,2453,30356,575,537,772,1884,32240
19-06-2016,2,10319,10193,6945,2392,29849,558,513,755,1826,31675
19-06-2016,3,10210,10036,6782,2342,29370,536,489,725,1750,31120
19-06-2016,4,10035,9740,6707,2282,28764,540,488,724,1752,30516
19-06-2016,5,10019,9720,6849,2293,28881,568,523,770,1861,30742
19-06-2016,6,10172,10184,6969,2456,29781,617,579,848,2044,31825
19-06-2016,7,10515,10627,7214,2705,31061,675,646,934,2255,33316
19-06-2016,8,10924,11189,7406,2962,32481,740,713,1010,2463,34944
19-06-2016,9,11312,11795,7580,3144,33831,781,745,1023,2549,36380
19-06-2016,10,11659,12340,7672,3266,34937,783,748,1023,2554,37491
19-06-2016,11,11809,12628,7741,3302,35480,785,738,1026,2549,38029
19-06-2016,12,11876,12542,7676,3286,35380,780,742,1017,2539,37919
19-06-2016,13,11836,12437,7649,3263,35185,771,743,1008,2522,37707
19-06-2016,14,11767,12247,7651,3226,34891,765,737,1011,2513,37404
19-06-2016,15,11758,12170,7635,3212,34775,759,731,1033,2523,37298
19-06-2016,16,11717,12278,7674,3253,34922,753,727,1016,2496,37418
19-06-2016,17,11822,12481,7686,3482,35471,751,732,1042,2525,37996
19-06-2016,18,11874,12545,7675,3497,35591,751,728,1038,2517,38108
19-06-2016,19,11907,12694,7679,3360,35640,752,736,1073,2561,38201
19-06-2016,20,12030,12750,7425,3212,35417,741,719,1063,2523,37940
19-06-2016,21,11984,12442,7554,3099,35079,713,699,1051,2463,37542
19-06-2016,22,11861,12097,7532,2981,34471,690,675,985,2350,36821
19-06-2016,23,11630,11381,7143,2848,33002,646,608,874,2128,35130
20-06-2016,0,11101,11046,6815,2696,31658,603,554,819,1976,33634
20-06-2016,1,10751,10802,6606,2601,30760,577,534,789,1900,32660
20-06-2016,2,10602,10821,6434,2568,30425,547,515,780,1842,32267
20-06-2016,3,10493,10600,6442,2565,30100,537,502,757,1796,31896
20-06-2016,4,10407,10559,6660,2546,30172,566,532,794,1892,32064
20-06-2016,5,10646,11119,7434,2724,31923,669,627,924,2220,34143
20-06-2016,6,11645,12806,8088,3277,35816,786,746,1095,2627,38443
20-06-2016,7,12870,14330,8430,3875,39505,902,870,1232,3004,42509
20-06-2016,8,13521,14806,8585,4102,41014,964,938,1289,3191,44205
20-06-2016,9,13496,14767,8638,4195,41096,967,951,1302,3220,44316
20-06-2016,10,13479,14812,8663,4278,41232,964,952,1314,3230,44462
20-06-2016,11,13431,15018,8674,4251,41374,948,933,1310,3191,44565
20-06-2016,12,13452,15050,8594,4185,41281,976,964,1329,3269,44550
20-06-2016,13,13406,15088,8469,4210,41173,968,957,1311,3236,44409
20-06-2016,14,13531,14891,8376,4160,40958,947,940,1303,3190,44148
20-06-2016,15,13460,14604,8225,4036,40325,916,931,1265,3112,43437
20-06-2016,16,13364,14260,8066,3988,39678,891,898,1220,3009,42687
20-06-2016,17,13381,14012,7998,4251,39642,862,885,1202,2949,42591
20-06-2016,18,13172,13882,8026,4152,39232,838,856,1189,2883,42115
20-06-2016,19,13082,14033,8006,3906,39027,825,826,1178,2829,41856
20-06-2016,20,12825,13798,7759,3702,38084,800,803,1156,2759,40843
20-06-2016,21,12726,13248,7818,3570,37362,759,771,1123,2653,40015
20-06-2016,22,12267,12235,7640,3409,35551,726,729,1004,2459,38010
20-06-2016,23,11844,11633,7222,3160,33859,676,652,934,2262,36121
21-06-2016,0,11177,11309,6864,2949,32299,629,590,864,2083,34382
21-06-2016,1,10770,10950,6614,2837,31171,605,565,851,2021,33192
21-06-2016,2,10509,10851,6450,2810,30620,573,555,841,1969,32589
21-06-2016,3,10371,10797,6457,2800,30425,557,549,825,1931,32356
21-06-2016,4,10336,10681,6661,2805,30483,580,565,839,1984,32467
21-06-2016,5,10691,10940,7448,2959,32038,678,647,985,2310,34348
21-06-2016,6,11620,12482,7978,3459,35539,780,752,1138,2670,38209
21-06-2016,7,12878,14201,8254,4050,39383,897,870,1251,3018,42401
21-06-2016,8,13201,14997,8405,4298,40901,950,932,1299,3181,44082
21-06-2016,9,13220,15243,8521,3992,40976,965,949,1307,3221,44197
21-06-2016,10,13224,15314,8628,4428,41594,963,946,1314,3223,44817
21-06-2016,11,13099,15042,8648,4375,41164,946,927,1299,3172,44336
21-06-2016,12,12924,14937,8602,4310,40773,962,963,1313,3238,44011
21-06-2016,13,13007,14930,8434,4354,40725,948,953,1292,3193,43918
21-06-2016,14,13049,14663,8312,4261,40285,946,936,1268,3150,43435
21-06-2016,15,12927,14652,8185,4108,39872,910,918,1229,3057,42929
21-06-2016,16,12890,14492,8061,4022,39465,882,892,1213,2987,42452
21-06-2016,17,12652,14417,7967,4192,39228,855,874,1200,2929,42157
21-06-2016,18,12526,13958,7769,4036,38289,854,842,1212,2908,41197
21-06-2016,19,12521,13753,7808,3834,37916,843,822,1169,2834,40750
21-06-2016,20,12439,13482,7578,3639,37138,827,783,1166,2776,39914
21-06-2016,21,12302,12961,7579,3470,36312,784,738,1125,2647,38959
21-06-2016,22,12045,12359,7491,3354,35249,730,686,1035,2451,37700
21-06-2016,23,11640,11716,6997,3157,33510,663,618,928,2209,35719
22-06-2016,0,11095,11120,6647,2951,31813,620,573,871,2064,33877
22-06-2016,1,10711,10839,6443,2807,30800,599,552,843,1994,32794
22-06-2016,2,10555,10635,6294,2737,30221,584,539,831,1954,32175
22-06-2016,3,10455,10389,6155,2728,29727,560,532,817,1909,31636
22-06-2016,4,10314,10364,6242,2714,29634,579,547,841,1967,31601
22-06-2016,5,10610,10856,7033,2899,31398,672,635,988,2295,33693
22-06-2016,6,11506,12537,7659,3423,35125,784,745,1147,2676,37801
22-06-2016,7,12482,14057,8019,3980,38538,889,860,1248,2997,41535
22-06-2016,8,12900,14505,8204,4280,39889,945,921,1290,3156,43045
22-06-2016,9,13018,14620,8264,4356,40258,947,939,1309,3195,43453
22-06-2016,10,13060,14775,8263,4454,40552,941,933,1312,3186,43738
22-06-2016,11,13051,15012,8267,4425,40755,913,905,1301,3119,43874
22-06-2016,12,13326,15045,8161,4343,40875,896,910,1313,3119,43994
22-06-2016,13,13261,14837,8000,4389,40487,867,890,1300,3057,43544
22-06-2016,14,12981,14586,7869,4320,39756,844,859,1282,2985,42741
22-06-2016,15,12946,14452,7807,4161,39366,815,838,1244,2897,42263
22-06-2016,16,12756,14185,7694,4069,38704,797,826,1243,2866,41570
22-06-2016,17,12583,14199,7581,4223,38586,779,811,1227,2817,41403
22-06-2016,18,12508,14100,7541,4077,38226,760,784,1214,2758,40984
22-06-2016,19,12447,13944,7482,3878,37751,736,754,1168,2658,40409
22-06-2016,20,12372,13514,7212,3677,36775,718,735,1162,2615,39390
22-06-2016,21,12185,12788,7214,3516,35703,681,712,1126,2519,38222
22-06-2016,22,12102,12438,7123,3371,35034,655,686,1065,2406,37440
22-06-2016,23,11748,11817,6728,3164,33457,636,623,949,2208,35665
23-06-2016,0,10929,11187,6395,2954,31465,582,559,879,2020,33485
23-06-2016,1,10569,10826,6207,2822,30424,559,526,842,1927,32351
23-06-2016,2,10392,10654,6075,2714,29835,528,504,828,1860,31695
23-06-2016,3,10515,10446,6044,2736,29741,509,480,799,1788,31529
23-06-2016,4,10201,10304,6285,2732,29522,512,481,829,1822,31344
23-06-2016,5,10393,10706,6951,2886,30936,538,517,981,2036,32972
23-06-2016,6,11188,12259,7542,3393,34382,597,577,1150,2324,36706
23-06-2016,7,12352,13852,7921,4014,38139,668,658,1276,2602,40741
23-06-2016,8,12835,14515,8056,4302,39708,717,718,1307,2742,42450
23-06-2016,9,12658,14793,8098,4408,39957,744,747,1316,2807,42764
23-06-2016,10,12971,14918,8130,4518,40537,748,753,1321,2822,43359
23-06-2016,11,12855,14867,8185,4521,40428,742,747,1309,2798,43226
23-06-2016,12,12738,14683,7991,4474,39886,739,738,1320,2797,42683
23-06-2016,13,12730,14531,7815,4451,39527,732,724,1294,2750,42277
23-06-2016,14,12452,14170,7790,4388,38800,723,713,1258,2694,41494
23-06-2016,15,12659,13842,7677,4223,38401,711,703,1223,2637,41038
23-06-2016,16,12575,13628,7558,4177,37938,699,690,1201,2590,40528
23-06-2016,17,12725,13768,7456,4237,38186,676,673,1194,2543,40729
23-06-2016,18,12327,13655,7332,4022,37336,664,654,1167,2485,39821
23-06-2016,19,12268,13345,7310,3753,36676,632,621,1101,2354,39030
23-06-2016,20,12128,12887,6999,3584,35598,615,588,1053,2256,37854
23-06-2016,21,11983,12313,7136,3466,34898,594,573,1025,2192,37090
23-06-2016,22,11684,11832,7045,3409,33970,604,588,1002,2194,36164
23-06-2016,23,11356,11064,6659,3219,32298,597,568,932,2097,34395
24-06-2016,0,10984,10417,6371,2999,30771,566,546,862,1974,32745
24-06-2016,1,10604,10115,6126,2827,29672,549,522,818,1889,31561
24-06-2016,2,10343,9929,5967,2772,29011,535,493,785,1813,30824
24-06-2016,3,10166,9816,5858,2740,28580,495,461,747,1703,30283
24-06-2016,4,10196,9474,5839,2767,28276,493,449,745,1687,29963
24-06-2016,5,10327,9358,6083,2883,28651,518,476,794,1788,30439
24-06-2016,6,11086,9934,6296,3382,30698,551,504,901,1956,32654
24-06-2016,7,12119,11100,6535,4012,33766,596,545,981,2122,35888
24-06-2016,8,12794,12221,6688,4258,35961,639,592,1067,2298,38259
24-06-2016,9,12943,12417,6865,4326,36551,674,631,1101,2406,38957
24-06-2016,10,13085,12583,6932,4506,37106,690,651,1102,2443,39549
24-06-2016,11,13069,12704,6920,4464,37157,697,652,1110,2459,39616
24-06-2016,12,12970,12588,6896,4322,36776,702,651,1108,2461,39237
24-06-2016,13,12878,12169,6940,4238,36225,703,652,1087,2442,38667
24-06-2016,14,12643,11940,6913,4046,35542,695,654,1064,2413,37955
24-06-2016,15,12604,11825,6854,3887,35170,695,656,1059,2410,37580
24-06-2016,16,12552,11764,6878,3812,35006,692,667,1062,2421,37427
24-06-2016,17,12422,11705,6829,3892,34848,697,673,1056,2426,37274
24-06-2016,18,12221,11337,6788,3812,34158,692,669,1061,2422,36580
24-06-2016,19,12098,11152,6674,3624,33548,685,662,1055,2402,35950
24-06-2016,20,11904,10847,6437,3452,32640,676,659,1025,2360,35000
24-06-2016,21,11607,10663,6698,3292,32260,650,643,998,2291,34551
24-06-2016,22,11377,10508,6744,3173,31802,639,638,986,2263,34065
24-06-2016,23,11171,10436,6476,3024,31107,603,584,886,2073,33180
25-06-2016,0,10789,9758,6165,2848,29560,569,538,819,1926,31486
25-06-2016,1,10419,9361,5944,2724,28448,553,515,784,1852,30300
25-06-2016,2,10211,9137,5792,2613,27753,525,493,764,1782,29535
25-06-2016,3,10069,8952,5671,2602,27294,498,467,733,1698,28992
25-06-2016,4,9854,8634,5666,2525,26679,508,469,742,1719,28398
25-06-2016,5,9827,8663,5778,2533,26801,534,513,798,1845,28646
25-06-2016,6,10072,8955,5907,2718,27652,583,572,884,2039,29691
25-06-2016,7,10349,9279,6073,2970,28671,655,647,992,2294,30965
25-06-2016,8,10923,10123,6294,3234,30574,720,717,1077,2514,33088
25-06-2016,9,11448,10830,6439,3432,32149,755,758,1123,2636,34785
25-06-2016,10,11741,11256,6540,3554,33091,750,770,1129,2649,35740
25-06-2016,11,11852,11398,6606,3579,33435,750,770,1124,2644,36079
25-06-2016,12,11798,11460,6655,3578,33491,742,765,1114,2621,36112
25-06-2016,13,11776,11179,6641,3556,33152,734,761,1101,2596,35748
25-06-2016,14,11482,11128,6686,3480,32776,736,747,1087,2570,35346
25-06-2016,15,11433,11027,6752,3405,32617,729,742,1084,2555,35172
25-06-2016,16,11384,11056,6729,3428,32597,732,741,1071,2544,35141
25-06-2016,17,11443,11217,6729,3584,32973,726,735,1064,2525,35498
25-06-2016,18,11426,11249,6790,3573,33038,723,729,1066,2518,35556
25-06-2016,19,11381,11154,6760,3374,32669,714,721,1064,2499,35168
25-06-2016,20,11112,10769,6619,3223,31723,692,706,1037,2435,34158
25-06-2016,21,10967,10577,6750,3120,31414,673,691,1045,2409,33823
25-06-2016,22,10885,10384,6703,2978,30950,654,681,999,2334,33284
25-06-2016,23,10763,10143,6453,2818,30177,608,627,908,2143,32320
26-06-2016,0,10554,9898,6204,2651,29307,571,568,838,1977,31284
26-06-2016,1,10236,9531,5976,2513,28256,530,540,805,1875,30131
26-06-2016,2,10031,9333,5716,2464,27544,499,515,798,1812,29356
26-06-2016,3,9804,8995,5593,2475,26867,494,495,772,1761,28628
26-06-2016,4,9589,8746,5682,2437,26454,507,490,765,1762,28216
26-06-2016,5,9565,8844,5784,2335,26528,533,524,812,1869,28397
26-06-2016,6,9742,9293,5912,2464,27411,580,585,878,2043,29454
26-06-2016,7,10161,10016,6086,2657,28920,644,660,943,2247,31167
26-06-2016,8,10403,10457,6347,2986,30193,710,734,1027,2471,32664
26-06-2016,9,10834,11110,6581,3150,31675,752,783,1075,2610,34285
26-06-2016,10,11199,11712,6730,3244,32885,765,793,1099,2657,35542
26-06-2016,11,11419,12238,6709,3250,33616,767,790,1089,2646,36262
26-06-2016,12,11433,12307,6667,3238,33645,771,790,1088,2649,36294
26-06-2016,13,11415,12130,6670,3192,33407,763,783,1082,2628,36035
26-06-2016,14,11439,12009,6749,3182,33379,760,779,1075,2614,35993
26-06-2016,15,11420,11921,6809,3162,33312,767,780,1075,2622,35934
26-06-2016,16,11454,11901,6840,3219,33414,756,777,1084,2617,36031
26-06-2016,17,11499,11970,6828,3443,33740,751,772,1091,2614,36354
26-06-2016,18,11539,12027,6798,3494,33858,756,768,1111,2635,36493
26-06-2016,19,11486,12147,6805,3382,33820,741,767,1092,2600,36420
26-06-2016,20,11466,12216,6715,3266,33663,722,750,1090,2562,36225
26-06-2016,21,11412,12051,6896,3130,33489,701,721,1072,2494,35983
26-06-2016,22,11361,11684,6848,2996,32889,679,679,997,2355,35244
26-06-2016,23,11082,10893,6440,2885,31300,627,613,894,2134,33434
27-06-2016,0,10503,10078,6090,2727,29398,580,572,828,1980,31378
27-06-2016,1,9983,9793,5868,2593,28237,570,554,804,1928,30165
27-06-2016,2,9727,9846,5735,2544,27852,545,536,792,1873,29725
27-06-2016,3,9621,9774,5709,2542,27646,529,521,777,1827,29473
27-06-2016,4,9697,9719,5869,2539,27824,550,529,812,1891,29715
27-06-2016,5,9982,10029,6654,2716,29381,638,619,962,2219,31600
27-06-2016,6,10918,11831,7415,3208,33372,768,737,1124,2629,36001
27-06-2016,7,12089,13340,7823,3807,37059,866,851,1262,2979,40038
27-06-2016,8,12576,13804,8040,4087,38507,935,922,1285,3142,41649
27-06-2016,9,12613,14062,8137,4201,39013,957,948,1299,3204,42217
27-06-2016,10,12712,14509,8207,4306,39734,960,949,1301,3210,42944
27-06-2016,11,12579,14255,8246,4402,39482,943,922,1286,3151,42633
27-06-2016,12,12777,14535,8227,4297,39836,964,937,1301,3202,43038
27-06-2016,13,12680,14458,8220,4337,39695,960,928,1281,3169,42864
27-06-2016,14,12813,14328,8137,4293,39571,953,894,1257,3104,42675
27-06-2016,15,12740,14332,8044,4066,39182,916,867,1226,3009,42191
27-06-2016,16,12680,14392,7994,4023,39089,897,843,1235,2975,42064
27-06-2016,17,12549,14492,8018,4221,39280,862,823,1220,2905,42185
27-06-2016,18,12334,14169,8053,4129,38685,825,796,1211,2832,41517
27-06-2016,19,12267,13924,7973,3879,38043,801,774,1177,2752,40795
27-06-2016,20,12215,13638,7600,3661,37114,777,753,1153,2683,39797
27-06-2016,21,12085,13101,7599,3441,36226,718,719,1117,2554,38780
27-06-2016,22,11679,12481,7506,3326,34992,689,695,1052,2436,37428
27-06-2016,23,11316,11823,7070,3146,33355,650,619,947,2216,35571
28-06-2016,0,10865,10938,6752,2904,31459,592,567,855,2014,33473
28-06-2016,1,10484,10765,6543,2757,30549,573,536,825,1934,32483
28-06-2016,2,10327,10563,6463,2697,30050,551,514,809,1874,31924
28-06-2016,3,10224,10417,6482,2684,29807,534,488,792,1814,31621
28-06-2016,4,10192,10242,6725,2683,29842,557,508,817,1882,31724
28-06-2016,5,10464,10665,7460,2856,31445,645,596,956,2197,33642
28-06-2016,6,11288,12140,8035,3336,34799,767,712,1123,2602,37401
28-06-2016,7,12278,13472,8371,3921,38042,855,825,1206,2886,40928
28-06-2016,8,12795,14107,8579,4198,39679,915,893,1262,3070,42749
28-06-2016,9,12924,14464,8670,4304,40362,935,913,1272,3120,43482
28-06-2016,10,13020,14448,8704,4397,40569,937,912,1274,3123,43692
28-06-2016,11,12902,14200,8739,4394,40235,921,890,1279,3090,43325
28-06-2016,12,12870,14532,8737,4282,40421,940,913,1310,3163,43584
28-06-2016,13,12882,14577,8628,4338,40425,925,913,1306,3144,43569
28-06-2016,14,12873,14504,8610,4302,40289,916,892,1281,3089,43378
28-06-2016,15,12765,14523,8503,4121,39912,892,875,1239,3006,42918
28-06-2016,16,12728,14106,8534,4048,39416,877,843,1216,2936,42352
28-06-2016,17,12426,13831,8466,4206,38929,846,821,1217,2884,41813
28-06-2016,18,12411,13766,8425,4116,38718,813,793,1164,2770,41488
28-06-2016,19,12254,13623,8385,3903,38165,797,776,1144,2717,40882
28-06-2016,20,12104,13391,8047,3700,37242,765,748,1157,2670,39912
28-06-2016,21,11980,12836,8082,3519,36417,742,723,1124,2589,39006
28-06-2016,22,11771,12459,7962,3408,35600,702,687,1036,2425,38025
28-06-2016,23,11501,11950,7597,3194,34242,647,617,945,2209,36451
29-06-2016,0,11049,11175,7275,2936,32435,601,568,873,2042,34477
29-06-2016,1,10673,10940,7099,2791,31503,581,539,841,1961,33464
29-06-2016,2,10428,10920,6984,2700,31032,560,519,833,1912,32944
29-06-2016,3,10303,10711,6909,2700,30623,539,496,814,1849,32472
29-06-2016,4,10159,10765,7050,2711,30685,562,512,837,1911,32596
29-06-2016,5,10334,11193,7625,2871,32023,648,599,970,2217,34240
29-06-2016,6,11203,12497,8134,3357,35191,768,722,1133,2623,37814
29-06-2016,7,12254,13933,8482,3937,38606,884,837,1236,2957,41563
29-06-2016,8,12654,14512,8697,4236,40099,937,893,1300,3130,43229
29-06-2016,9,12501,14534,8686,4354,40075,946,910,1324,3180,43255
29-06-2016,10,12692,14840,8754,4482,40768,946,905,1326,3177,43945
29-06-2016,11,12749,14916,8865,4503,41033,939,886,1327,3152,44185
29-06-2016,12,12732,14934,8840,4448,40954,957,909,1346,3212,44166
29-06-2016,13,12730,14913,8717,4422,40782,952,908,1344,3204,43986
29-06-2016,14,12860,14758,8360,4326,40304,942,903,1326,3171,43475
29-06-2016,15,12640,14555,8203,4139,39537,908,885,1286,3079,42616
29-06-2016,16,12673,14006,8466,4026,39171,881,849,1261,2991,42162
29-06-2016,17,12593,14354,8405,4201,39553,865,835,1238,2938,42491
29-06-2016,18,12390,14201,8356,4153,39100,825,810,1221,2856,41956
29-06-2016,19,12494,14170,8321,4030,39015,803,796,1199,2798,41813
29-06-2016,20,12459,13788,7989,3856,38092,801,764,1184,2749,40841
29-06-2016,21,12252,13039,8058,3672,37021,759,751,1161,2671,39692
29-06-2016,22,12003,12470,8014,3351,35838,724,714,1080,2518,38356
29-06-2016,23,11620,11847,7700,3166,34333,667,643,972,2282,36615
30-06-2016,0,11200,11133,7343,2916,32592,606,587,887,2080,34672
30-06-2016,1,10764,10862,7125,2771,31522,582,559,852,1993,33515
30-06-2016,2,10542,10721,6959,2736,30958,556,536,842,1934,32892
30-06-2016,3,10422,10711,6866,2725,30724,531,514,826,1871,32595
30-06-2016,4,10299,10550,7030,2708,30587,555,526,849,1930,32517
30-06-2016,5,10473,11001,7667,2871,32012,648,612,983,2243,34255
30-06-2016,6,11131,12315,8209,3332,34987,767,740,1159,2666,37653
30-06-2016,7,12229,13859,8534,3908,38530,876,876,1278,3030,41560
30-06-2016,8,12797,14325,8671,4195,39988,930,936,1316,3182,43170
30-06-2016,9,13054,14788,8798,4299,40939,961,953,1346,3260,44199
30-06-2016,10,13360,14979,8840,4362,41541,972,942,1355,3269,44810
30-06-2016,11,13111,15122,8902,4341,41476,951,942,1342,3235,44711
30-06-2016,12,12972,15214,8755,4340,41281,973,967,1365,3305,44586
30-06-2016,13,12884,14853,8665,4328,40730,964,959,1352,3275,44005
30-06-2016,14,12819,14750,8646,4256,40471,954,939,1331,3224,43695
30-06-2016,15,12691,14797,8659,4107,40254,917,922,1297,3136,43390
30-06-2016,16,12552,14464,8583,3997,39596,896,877,1276,3049,42645
30-06-2016,17,12363,14613,8521,4142,39639,857,857,1240,2954,42593
30-06-2016,18,12359,14534,8553,4005,39451,829,834,1217,2880,42331
30-06-2016,19,12272,14178,8539,3762,38751,815,812,1192,2819,41570
30-06-2016,20,12230,13769,8220,3549,37768,791,779,1163,2733,40501
30-06-2016,21,11906,12945,8270,3428,36549,755,764,1134,2653,39202
30-06-2016,22,11527,12663,8137,3328,35655,731,732,1062,2525,38180
30-06-2016,23,11161,11816,7818,3166,33961,673,660,974,2307,36268
01-07-2016,0,10884,11039,7445,2914,32282,625,607,894,2126,34408
01-07-2016,1,10542,10816,7209,2825,31392,600,584,864,2048,33440
01-07-2016,2,10347,10573,7103,2760,30783,568,566,849,1983,32766
01-07-2016,3,10161,10481,7012,2736,30390,548,549,828,1925,32315
01-07-2016,4,9932,10322,7209,2741,30204,561,552,853,1966,32170
01-07-2016,5,10224,10540,7864,2867,31495,649,627,983,2259,33754
01-07-2016,6,11062,12104,8467,3297,34930,783,746,1104,2633,37563
01-07-2016,7,12075,13842,8793,3807,38517,894,867,1248,3009,41526
01-07-2016,8,12449,14360,8950,4121,39880,951,937,1331,3219,43099
01-07-2016,9,12567,14705,8978,4223,40473,972,957,1334,3263,43736
01-07-2016,10,12729,14849,9004,4339,40921,977,951,1329,3257,44178
01-07-2016,11,12636,14804,9050,4263,40753,958,930,1322,3210,43963
01-07-2016,12,12648,14527,8997,4095,40267,972,954,1336,3262,43529
01-07-2016,13,12472,13903,8936,3982,39293,961,947,1328,3236,42529
01-07-2016,14,12456,13672,8904,3808,38840,940,930,1285,3155,41995
01-07-2016,15,12328,13172,8823,3664,37987,898,907,1241,3046,41033
01-07-2016,16,12188,13257,8760,3651,37856,869,877,1208,2954,40810
01-07-2016,17,12240,13376,8568,3777,37961,838,858,1185,2881,40842
01-07-2016,18,12162,13341,8462,3756,37721,815,834,1164,2813,40534
01-07-2016,19,12094,12996,8415,3567,37072,799,813,1137,2749,39821
01-07-2016,20,11979,12744,8080,3384,36187,766,774,1094,2634,38821
01-07-2016,21,11775,12311,8068,3241,35395,733,739,1085,2557,37952
01-07-2016,22,11412,11778,8022,3102,34314,710,719,1067,2496,36810
01-07-2016,23,11081,11138,7606,2903,32728,668,656,969,2293,35021
02-07-2016,0,10683,10700,7271,2688,31342,618,606,893,2117,33459
02-07-2016,1,10378,10427,6996,2592,30393,587,574,851,2012,32405
02-07-2016,2,10234,10231,6879,2582,29926,556,552,830,1938,31864
02-07-2016,3,10145,9962,6742,2550,29399,530,526,797,1853,31252
02-07-2016,4,9907,9575,6785,2491,28758,533,529,790,1852,30610
02-07-2016,5,9879,9587,7052,2453,28971,568,563,847,1978,30949
02-07-2016,6,10122,9892,7287,2558,29859,618,631,948,2197,32056
02-07-2016,7,10610,10722,7546,2768,31646,695,712,1045,2452,34098
02-07-2016,8,11072,11526,7783,2917,33298,758,779,1121,2658,35956
02-07-2016,9,11478,11887,7932,3133,34430,788,812,1111,2711,37141
02-07-2016,10,11811,12190,7944,3295,35240,783,816,1113,2712,37952
02-07-2016,11,11805,12104,8010,3310,35229,777,803,1107,2687,37916
02-07-2016,12,11805,12017,7978,3207,35007,779,796,1104,2679,37686
02-07-2016,13,11703,11926,7944,3149,34722,762,789,1085,2636,37358
02-07-2016,14,11516,11942,7998,3032,34488,757,779,1063,2599,37087
02-07-2016,15,11386,11860,8062,3031,34339,748,766,1051,2565,36904
02-07-2016,16,11436,12028,8114,3044,34622,744,762,1049,2555,37177
02-07-2016,17,11507,12305,8110,3226,35148,741,750,1048,2539,37687
02-07-2016,18,11549,12136,8118,3262,35065,740,746,1047,2533,37598
02-07-2016,19,11596,11918,8024,3151,34689,737,735,1032,2504,37193
02-07-2016,20,11477,11734,7765,2996,33972,713,715,1003,2431,36403
02-07-2016,21,11322,11327,7857,2883,33389,693,708,1024,2425,35814
02-07-2016,22,11040,11171,7810,2834,32855,679,696,992,2367,35222
02-07-2016,23,10871,10673,7549,2768,31861,637,648,918,2203,34064
03-07-2016,0,10713,10389,7251,2603,30956,601,595,850,2046,33002
03-07-2016,1,10391,10108,6978,2439,29916,569,562,792,1923,31839
03-07-2016,2,10287,9926,6826,2367,29406,541,536,766,1843,31249
03-07-2016,3,10103,9760,6684,2372,28919,518,507,762,1787,30706
03-07-2016,4,9977,9518,6648,2340,28483,521,502,762,1785,30268
03-07-2016,5,9979,9578,6807,2351,28715,542,535,775,1852,30567
03-07-2016,6,10093,9913,6967,2462,29435,583,591,826,2000,31435
03-07-2016,7,10222,10565,7245,2646,30678,647,649,932,2228,32906
03-07-2016,8,10522,10773,7455,2889,31639,703,709,1005,2417,34056
03-07-2016,9,10922,11169,7592,3114,32797,741,752,1068,2561,35358
03-07-2016,10,11267,11806,7824,3216,34113,759,758,1091,2608,36721
03-07-2016,11,11456,12274,7869,3336,34935,756,750,1100,2606,37541
03-07-2016,12,11402,12517,7832,3339,35090,751,750,1099,2600,37690
03-07-2016,13,11412,12383,7800,3354,34949,755,741,1067,2563,37512
03-07-2016,14,11317,12027,7733,3260,34337,749,725,1060,2534,36871
03-07-2016,15,11170,12189,7716,3195,34270,754,727,1052,2533,36803
03-07-2016,16,11235,12343,7734,3207,34519,756,729,1057,2542,37061
03-07-2016,17,11294,12370,7821,3452,34937,741,727,1031,2499,37436
03-07-2016,18,11486,12623,7865,3480,35454,741,729,1072,2542,37996
03-07-2016,19,11565,12495,7840,3345,35245,733,736,1069,2538,37783
03-07-2016,20,11757,12312,7776,3219,35064,724,730,1051,2505,37569
03-07-2016,21,11679,12086,8021,3057,34843,703,698,1009,2410,37253
03-07-2016,22,11504,11717,8001,2964,34186,679,652,931,2262,36448
03-07-2016,23,11272,10995,7626,2868,32761,638,600,844,2082,34843
04-07-2016,0,10831,10735,7311,2697,31574,599,554,783,1936,33510
04-07-2016,1,10547,10419,7097,2553,30616,585,536,756,1877,32493
04-07-2016,2,10413,10264,7088,2473,30238,579,526,744,1849,32087
04-07-2016,3,10371,10245,6994,2513,30123,565,504,727,1796,31919
04-07-2016,4,10316,10352,7135,2518,30321,573,511,751,1835,32156
04-07-2016,5,10467,10804,7802,2658,31731,658,594,908,2160,33891
04-07-2016,6,11226,12190,8374,3083,34873,774,716,1070,2560,37433
04-07-2016,7,12241,13483,8738,3621,38083,875,840,1198,2913,40996
04-07-2016,8,12706,14073,8980,3912,39671,932,903,1217,3052,42723
04-07-2016,9,12787,14423,9146,4089,40445,960,926,1230,3116,43561
04-07-2016,10,12939,14430,9200,4172,40741,968,926,1233,3127,43868
04-07-2016,11,12838,14650,9094,4222,40804,954,898,1221,3073,43877
04-07-2016,12,12765,14505,9029,4151,40450,967,922,1235,3124,43574
04-07-2016,13,12700,14406,8880,4139,40125,951,918,1215,3084,43209
04-07-2016,14,12740,14374,8869,4099,40082,938,890,1217,3045,43127
04-07-2016,15,12534,14340,8787,3909,39570,915,871,1194,2980,42550
04-07-2016,16,12428,13864,8765,3829,38886,875,835,1150,2860,41746
04-07-2016,17,12268,13825,8711,3935,38739,857,817,1140,2814,41553
04-07-2016,18,12243,13599,8804,3837,38483,833,797,1128,2758,41241
04-07-2016,19,12082,13396,8696,3627,37801,827,786,1110,2723,40524
04-07-2016,20,11941,13195,8400,3441,36977,799,759,1080,2638,39615
04-07-2016,21,11804,12780,8466,3301,36351,762,726,1047,2535,38886
04-07-2016,22,11720,12458,8340,3181,35699,723,683,969,2375,38074
04-07-2016,23,11413,11532,7932,2969,33846,664,604,870,2138,35984
05-07-2016,0,11187,10956,7517,2775,32435,633,554,815,2002,34437
05-07-2016,1,10765,10725,7304,2664,31458,608,532,790,1930,33388
05-07-2016,2,10661,10499,7185,2624,30969,591,517,774,1882,32851
05-07-2016,3,10603,10306,7052,2620,30581,562,503,760,1825,32406
05-07-2016,4,10529,10361,7250,2614,30754,583,515,786,1884,32638
05-07-2016,5,10775,10867,7878,2774,32294,676,604,929,2209,34503
05-07-2016,6,11490,12509,8413,3217,35629,787,723,1085,2595,38224
05-07-2016,7,12360,13884,8749,3700,38693,891,837,1205,2933,41626
05-07-2016,8,12880,14561,8902,4019,40362,942,895,1261,3098,43460
05-07-2016,9,13037,14583,9006,4186,40812,947,913,1273,3133,43945
05-07-2016,10,13123,14770,9077,4351,41321,949,918,1278,3145,44466
05-07-2016,11,12995,14679,9092,4344,41110,944,891,1254,3089,44199
05-07-2016,12,13132,14711,8922,4302,41067,962,921,1232,3115,44182
05-07-2016,13,13197,14746,8883,4354,41180,955,906,1209,3070,44250
05-07-2016,14,13053,14492,8827,4286,40658,943,890,1195,3028,43686
05-07-2016,15,13088,14542,8961,4156,40747,916,877,1172,2965,43712
05-07-2016,16,13052,14199,8896,4113,40260,894,838,1146,2878,43138
05-07-2016,17,12890,14192,8774,4264,40120,866,819,1136,2821,42941
05-07-2016,18,12810,13787,8778,4123,39498,841,799,1117,2757,42255
05-07-2016,19,12618,13811,8701,3866,38996,830,788,1094,2712,41708
05-07-2016,20,12561,13385,8429,3682,38057,806,753,1060,2619,40676
05-07-2016,21,12316,12768,8487,3493,37064,769,724,1038,2531,39595
05-07-2016,22,12004,12433,8313,3363,36113,732,693,985,2410,38523
05-07-2016,23,11689,11756,7911,3125,34481,674,619,886,2179,36660
06-07-2016,0,11005,10985,7587,2918,32495,636,565,823,2024,34519
06-07-2016,1,10591,10645,7404,2765,31405,615,546,788,1949,33354
06-07-2016,2,10376,10496,7235,2685,30792,602,534,772,1908,32700
06-07-2016,3,10232,10297,7079,2632,30240,579,517,745,1841,32081
06-07-2016,4,10066,10252,7303,2637,30258,599,525,743,1867,32125
06-07-2016,5,10280,10582,7938,2804,31604,683,610,789,2082,33686
06-07-2016,6,10971,11867,8379,3218,34435,784,719,871,2374,36809
06-07-2016,7,12009,12905,8638,3707,37259,896,836,953,2685,39944
06-07-2016,8,12748,13907,8792,3973,39420,932,896,1039,2867,42287
06-07-2016,9,12819,14450,8944,4125,40338,939,907,1067,2913,43251
06-07-2016,10,12963,14867,9057,4224,41111,944,905,1084,2933,44044
06-07-2016,11,12856,14814,9108,4231,41009,948,881,1084,2913,43922
06-07-2016,12,12707,14577,9056,4134,40474,972,907,1076,2955,43429
06-07-2016,13,12703,14354,8980,4148,40185,955,898,1055,2908,43093
06-07-2016,14,12748,14061,8940,4073,39822,946,885,1050,2881,42703
06-07-2016,15,12539,14019,8854,3926,39338,917,869,1034,2820,42158
06-07-2016,16,12456,13745,8758,3827,38786,881,838,1028,2747,41533
06-07-2016,17,12370,13751,8690,3902,38713,855,828,1035,2718,41431
06-07-2016,18,12325,13367,8793,3726,38211,828,806,1029,2663,40874
06-07-2016,19,12432,13591,8725,3498,38246,817,787,1028,2632,40878
06-07-2016,20,12385,13424,8322,3325,37456,801,767,1011,2579,40035
06-07-2016,21,12136,12833,8276,3174,36419,774,743,1001,2518,38937
06-07-2016,22,11838,12403,8210,3090,35541,744,692,937,2373,37914
06-07-2016,23,11579,11927,7720,2879,34105,683,613,849,2145,36250
07-07-2016,0,10958,11190,7382,2701,32231,647,570,795,2012,34243
07-07-2016,1,10615,10725,7239,2550,31129,625,547,766,1938,33067
07-07-2016,2,10366,10462,7171,2490,30489,603,527,754,1884,32373
07-07-2016,3,10318,10474,7052,2472,30316,580,514,739,1833,32149
07-07-2016,4,10273,10507,7167,2475,30422,597,526,763,1886,32308
07-07-2016,5,10486,10904,7833,2631,31854,680,609,908,2197,34051
07-07-2016,6,11170,12142,8363,3074,34749,789,727,1066,2582,37331
07-07-2016,7,12264,13422,8688,3593,37967,892,839,1199,2930,40897
07-07-2016,8,12766,14117,8894,3874,39651,945,900,1253,3098,42749
07-07-2016,9,12821,14494,9011,3969,40295,966,917,1263,3146,43441
07-07-2016,10,12929,14378,9019,4104,40430,970,911,1254,3135,43565
07-07-2016,11,12857,14310,9067,4118,40352,957,880,1242,3079,43431
07-07-2016,12,12876,14307,9067,4057,40307,976,903,1261,3140,43447
07-07-2016,13,12826,14355,8993,4103,40277,979,897,1242,3118,43395
07-07-2016,14,12773,14269,9023,4019,40084,958,874,1228,3060,43144
07-07-2016,15,12530,13905,8929,3919,39283,931,858,1191,2980,42263
07-07-2016,16,12360,13622,8930,3811,38723,898,826,1155,2879,41602
07-07-2016,17,12275,13669,8865,3954,38763,879,804,1136,2819,41582
07-07-2016,18,12125,13477,8786,3884,38272,859,782,1119,2760,41032
07-07-2016,19,12150,13280,8716,3691,37837,859,768,1107,2734,40571
07-07-2016,20,11978,13273,8409,3504,37164,845,745,1088,2678,39842
07-07-2016,21,11801,13119,8462,3363,36745,806,720,1053,2579,39324
07-07-2016,22,11667,12657,8293,3256,35873,751,688,977,2416,38289
07-07-2016,23,11368,11875,7842,3004,34089,688,604,874,2166,36255
08-07-2016,0,10913,11141,7422,2774,32250,647,551,811,2009,34259
08-07-2016,1,10513,10591,7277,2630,31011,627,527,782,1936,32947
08-07-2016,2,10391,10487,7207,2593,30678,608,505,774,1887,32565
08-07-2016,3,10222,10403,7124,2566,30315,594,495,765,1854,32169
08-07-2016,4,10101,10390,7257,2580,30328,605,504,779,1888,32216
08-07-2016,5,10276,10691,7871,2720,31558,686,585,910,2181,33739
08-07-2016,6,10939,11891,8354,3169,34353,791,703,1070,2564,36917
08-07-2016,7,11759,13326,8717,3706,37508,895,819,1155,2869,40377
08-07-2016,8,12369,14008,8986,4003,39366,937,872,1201,3010,42376
08-07-2016,9,12637,14212,9054,4102,40005,954,885,1214,3053,43058
08-07-2016,10,12678,14407,9084,4210,40379,954,883,1229,3066,43445
08-07-2016,11,12517,14498,9064,4183,40262,946,862,1226,3034,43296
08-07-2016,12,12348,14306,8957,4087,39698,955,895,1246,3096,42794
08-07-2016,13,12303,13940,8899,4015,39157,943,881,1212,3036,42193
08-07-2016,14,12240,13628,8856,3882,38606,927,857,1195,2979,41585
08-07-2016,15,11997,13564,8728,3787,38076,893,835,1163,2891,40967
08-07-2016,16,11941,13360,8711,3793,37805,874,810,1161,2845,40650
08-07-2016,17,11829,13236,8582,3956,37603,845,795,1141,2781,40384
08-07-2016,18,11662,12766,8602,3902,36932,825,776,1133,2734,39666
08-07-2016,19,11565,12517,8516,3638,36236,800,759,1079,2638,38874
08-07-2016,20,11420,12144,8159,3393,35116,773,725,1083,2581,37697
08-07-2016,21,11226,11558,8184,3216,34184,747,698,1062,2507,36691
08-07-2016,22,11068,11396,8106,3129,33699,730,676,986,2392,36091
08-07-2016,23,10898,11157,7684,2940,32679,692,599,905,2196,34875
09-07-2016,0,10469,10583,7321,2730,31103,647,558,843,2048,33151
09-07-2016,1,10112,10117,7059,2579,29867,615,532,811,1958,31825
09-07-2016,2,9921,10005,6950,2475,29351,593,507,792,1892,31243
09-07-2016,3,9868,9854,6832,2453,29007,567,481,781,1829,30836
09-07-2016,4,9678,9692,6884,2394,28648,565,471,764,1800,30448
09-07-2016,5,9749,9764,7091,2389,28993,594,512,817,1923,30916
09-07-2016,6,9857,10143,7296,2519,29815,643,578,897,2118,31933
09-07-2016,7,10222,10557,7544,2739,31062,702,653,1003,2358,33420
09-07-2016,8,10593,11194,7758,2976,32521,755,717,1082,2554,35075
09-07-2016,9,11015,11689,7904,3180,33788,785,744,1127,2656,36444
09-07-2016,10,11394,12061,7986,3270,34711,786,747,1136,2669,37380
09-07-2016,11,11403,12132,8026,3286,34847,782,749,1129,2660,37507
09-07-2016,12,11330,11994,8006,3153,34483,774,744,1108,2626,37109
09-07-2016,13,11262,11894,7926,3058,34140,761,733,1047,2541,36681
09-07-2016,14,11207,11625,7969,3021,33822,755,721,1034,2510,36332
09-07-2016,15,11136,11406,7991,2952,33485,744,716,1008,2468,35953
09-07-2016,16,11074,11219,8091,3000,33384,749,709,995,2453,35837
09-07-2016,17,11143,11347,8162,3164,33816,749,707,994,2450,36266
09-07-2016,18,11476,11341,8145,3196,34158,730,693,990,2413,36571
09-07-2016,19,11253,11320,8072,3045,33690,721,693,990,2404,36094
09-07-2016,20,11175,11279,7802,2956,33212,704,680,1007,2391,35603
09-07-2016,21,10953,11078,7905,2830,32766,683,660,995,2338,35104
09-07-2016,22,10795,10978,7904,2792,32469,681,641,939,2261,34730
09-07-2016,23,10793,10550,7566,2648,31557,643,584,857,2084,33641
10-07-2016,0,10308,10031,7218,2512,30069,606,544,803,1953,32022
10-07-2016,1,10005,9931,7068,2375,29379,579,517,766,1862,31241
10-07-2016,2,9795,9841,6939,2363,28938,556,498,752,1806,30744
10-07-2016,3,9621,9572,6783,2341,28317,521,464,733,1718,30035
10-07-2016,4,9454,9350,6742,2310,27856,528,459,716,1703,29559
10-07-2016,5,9337,9489,6829,2310,27965,541,486,749,1776,29741
10-07-2016,6,9457,9727,6976,2444,28604,585,535,812,1932,30536
10-07-2016,7,9685,10078,7147,2637,29547,644,596,894,2134,31681
10-07-2016,8,10095,10674,7392,2902,31063,709,658,980,2347,33410
10-07-2016,9,10505,11417,7543,3146,32611,739,695,1017,2451,35062
10-07-2016,10,10770,11790,7671,3277,33508,745,710,1027,2482,35990
10-07-2016,11,10937,12178,7710,3322,34147,755,710,1021,2486,36633
10-07-2016,12,10932,12262,7713,3291,34198,752,709,1016,2477,36675
10-07-2016,13,10914,12224,7687,3281,34106,754,708,1007,2469,36575
10-07-2016,14,10995,12066,7665,3216,33942,749,699,968,2416,36358
10-07-2016,15,10999,11983,7640,3187,33809,750,698,968,2416,36225
10-07-2016,16,11005,11977,7645,3229,33856,750,698,980,2428,36284
10-07-2016,17,11042,12052,7702,3455,34251,739,698,996,2433,36684
10-07-2016,18,11122,12058,7796,3550,34526,744,697,1014,2455,36981
10-07-2016,19,11229,11979,7892,3350,34450,742,695,1020,2457,36907
10-07-2016,20,11312,12043,7679,3232,34266,733,686,1021,2440,36706
10-07-2016,21,11054,11409,7882,3081,33426,715,671,996,2382,35808
10-07-2016,22,10860,11200,7914,3011,32985,690,646,940,2276,35261
10-07-2016,23,10636,10820,7621,2876,31953,646,581,852,2079,34032
11-07-2016,0,10486,10256,7275,2731,30748,609,528,797,1934,32682
11-07-2016,1,10002,10102,7022,2588,29714,579,504,769,1852,31566
11-07-2016,2,9743,10056,6994,2542,29335,563,492,759,1814,31149
11-07-2016,3,9714,9890,6879,2553,29036,537,476,749,1762,30798
11-07-2016,4,9536,9769,7039,2560,28904,548,485,769,1802,30706
11-07-2016,5,9802,9888,7631,2658,29979,632,579,918,2129,32108
11-07-2016,6,10405,10858,8198,3027,32488,750,704,1076,2530,35018
11-07-2016,7,11383,12217,8503,3512,35615,843,813,1187,2843,38458
11-07-2016,8,11898,13139,8641,3853,37531,897,878,1249,3024,40555
11-07-2016,9,12136,13636,8798,3987,38557,919,903,1279,3101,41658
11-07-2016,10,12308,13846,8835,4130,39119,927,914,1292,3133,42252
11-07-2016,11,12254,13820,8817,4161,39052,924,905,1281,3110,42162
11-07-2016,12,12275,13880,8777,4078,39010,943,927,1296,3166,42176
11-07-2016,13,12046,13827,8605,4109,38587,942,914,1289,3145,41732
11-07-2016,14,12009,13495,8587,3941,38032,936,901,1272,3109,41141
11-07-2016,15,11901,13449,8490,3810,37650,920,890,1243,3053,40703
11-07-2016,16,11874,13530,8438,3704,37546,899,868,1230,2997,40543
11-07-2016,17,11664,13122,8344,3894,37024,867,853,1212,2932,39956
11-07-2016,18,11604,13111,8330,3795,36840,845,823,1191,2859,39699
11-07-2016,19,11447,12800,8273,3621,36141,814,799,1162,2775,38916
11-07-2016,20,11283,12393,7996,3417,35089,775,769,1149,2693,37782
11-07-2016,21,11168,12284,7946,3280,34678,734,741,1094,2569,37247
11-07-2016,22,10954,12042,7875,3252,34123,700,701,991,2392,36515
11-07-2016,23,10727,11254,7421,2982,32384,652,627,894,2173,34557
12-07-2016,0,10319,10688,7067,2725,30799,605,561,836,2002,32801
12-07-2016,1,9988,10335,6882,2663,29868,579,539,812,1930,31798
12-07-2016,2,9813,10137,6822,2574,29346,569,528,799,1896,31242
12-07-2016,3,9740,10043,6717,2547,29047,533,507,794,1834,30881
12-07-2016,4,9669,9914,6823,2575,28981,546,515,808,1869,30850
12-07-2016,5,9881,10119,7346,2649,29995,621,599,937,2157,32152
12-07-2016,6,10368,11229,7846,3048,32491,729,725,1105,2559,35050
12-07-2016,7,11156,12473,8159,3536,35324,839,850,1251,2940,38264
12-07-2016,8,11678,13217,8366,3822,37083,881,908,1311,3100,40183
12-07-2016,9,11981,13558,8475,3972,37986,894,924,1336,3154,41140
12-07-2016,10,12148,13782,8482,4100,38512,895,924,1314,3133,41645
12-07-2016,11,12233,13712,8515,4080,38540,888,902,1273,3063,41603
12-07-2016,12,12246,13673,8500,3996,38415,911,928,1292,3131,41546
12-07-2016,13,12083,13618,8517,4015,38233,911,928,1281,3120,41353
12-07-2016,14,11946,13348,8510,3898,37702,904,914,1266,3084,40786
12-07-2016,15,11946,13279,8405,3782,37412,887,897,1233,3017,40429
12-07-2016,16,11841,13108,8399,3662,37010,860,866,1227,2953,39963
12-07-2016,17,11865,13238,8339,3823,37265,834,848,1216,2898,40163
12-07-2016,18,11630,13042,8364,3762,36798,817,824,1203,2844,39642
12-07-2016,19,11454,12738,8394,3564,36150,790,807,1173,2770,38920
12-07-2016,20,11272,12463,8103,3344,35182,765,775,1155,2695,37877
12-07-2016,21,11077,12147,8100,3203,34527,725,747,1135,2607,37134
12-07-2016,22,10922,11793,8042,3105,33862,691,704,1037,2432,36294
12-07-2016,23,10728,11112,7601,2880,32321,629,621,912,2162,34483
13-07-2016,0,10333,10228,7231,2686,30478,590,568,841,1999,32477
13-07-2016,1,10045,9900,7071,2549,29565,570,546,810,1926,31491
13-07-2016,2,9841,9854,6941,2490,29126,554,526,799,1879,31005
13-07-2016,3,9785,9826,6796,2531,28938,527,505,796,1828,30766
13-07-2016,4,9668,9678,6956,2512,28814,545,505,806,1856,30670
13-07-2016,5,9612,9850,7507,2649,29618,631,589,947,2167,31785
13-07-2016,6,10214,10992,8065,3012,32283,723,716,1116,2555,34838
13-07-2016,7,10982,12294,8420,3490,35186,837,843,1271,2951,38137
13-07-2016,8,11485,13119,8586,3801,36991,889,897,1324,3110,40101
13-07-2016,9,11874,13625,8632,3923,38054,910,914,1317,3141,41195
13-07-2016,10,12054,13928,8647,4024,38653,913,914,1325,3152,41805
13-07-2016,11,12054,13963,8674,3985,38676,911,885,1311,3107,41783
13-07-2016,12,12029,13756,8580,3921,38286,932,912,1328,3172,41458
13-07-2016,13,11980,13833,8505,3934,38252,928,912,1304,3144,41396
13-07-2016,14,12130,13543,8487,3882,38042,917,901,1282,3100,41142
13-07-2016,15,11903,13384,8426,3682,37395,902,876,1242,3020,40415
13-07-2016,16,11727,13083,8374,3614,36798,881,850,1238,2969,39767
13-07-2016,17,11618,13197,8242,3785,36842,856,836,1203,2895,39737
13-07-2016,18,11551,13157,8268,3745,36721,825,808,1185,2818,39539
13-07-2016,19,11620,12932,8245,3539,36336,810,789,1159,2758,39094
13-07-2016,20,11436,12483,7937,3341,35197,796,763,1146,2705,37902
13-07-2016,21,11207,12195,8023,3228,34653,763,736,1121,2620,37273
13-07-2016,22,11056,11965,7895,3150,34066,727,696,1038,2461,36527
13-07-2016,23,10823,11291,7483,2951,32548,660,613,936,2209,34757
14-07-2016,0,10421,10619,7183,2732,30955,615,562,858,2035,32990
14-07-2016,1,10111,10395,7006,2595,30107,598,545,835,1978,32085
14-07-2016,2,9925,10323,6947,2522,29717,591,531,825,1947,31664
14-07-2016,3,9736,10063,6743,2523,29065,566,512,811,1889,30954
14-07-2016,4,9661,9863,6869,2538,28931,572,516,819,1907,30838
14-07-2016,5,9870,10044,7410,2684,30008,648,594,948,2190,32198
14-07-2016,6,10462,10995,7949,3080,32486,753,712,1100,2565,35051
14-07-2016,7,11227,12244,8345,3577,35393,856,834,1236,2926,38319
14-07-2016,8,11721,13117,8537,3885,37260,921,891,1305,3117,40377
14-07-2016,9,12052,13507,8614,4038,38211,937,903,1322,3162,41373
14-07-2016,10,12321,13678,8586,4165,38750,946,900,1327,3173,41923
14-07-2016,11,12305,13895,8632,4156,38988,926,880,1318,3124,42112
14-07-2016,12,12209,13862,8596,4090,38757,936,906,1340,3182,41939
14-07-2016,13,12177,13757,8562,4078,38574,930,897,1329,3156,41730
14-07-2016,14,12148,13670,8583,4008,38409,926,888,1316,3130,41539
14-07-2016,15,12242,13598,8476,3864,38180,902,871,1287,3060,41240
14-07-2016,16,11850,13187,8412,3781,37230,871,849,1246,2966,40196
14-07-2016,17,11655,13197,8281,3955,37088,853,829,1228,2910,39998
14-07-2016,18,11738,12857,8252,3870,36717,827,804,1202,2833,39550
14-07-2016,19,11600,12559,8296,3710,36165,806,796,1183,2785,38950
14-07-2016,20,11447,12281,8026,3465,35219,789,768,1159,2716,37935
14-07-2016,21,11352,12050,8089,3309,34800,761,736,1088,2585,37385
14-07-2016,22,11222,11744,8094,3253,34313,729,678,959,2366,36679
14-07-2016,23,10880,10916,7676,2980,32452,662,601,881,2144,34596
15-07-2016,0,10469,10336,7324,2772,30901,618,556,837,2011,32912
15-07-2016,1,10155,9836,7077,2666,29734,596,528,813,1937,31671
15-07-2016,2,9975,9717,7013,2583,29288,587,518,804,1909,31197
15-07-2016,3,9844,9662,6908,2575,28989,568,504,794,1866,30855
15-07-2016,4,9795,9522,7026,2577,28920,572,507,821,1900,30820
15-07-2016,5,9995,9761,7525,2690,29971,651,595,953,2199,32170
15-07-2016,6,10477,10798,8110,3058,32443,757,708,1107,2572,35015
15-07-2016,7,11362,12012,8413,3458,35245,861,833,1239,2933,38178
15-07-2016,8,11883,12893,8747,3751,37274,926,896,1305,3127,40401
15-07-2016,9,12139,13466,8888,3944,38437,952,914,1318,3184,41621
15-07-2016,10,12292,13735,8987,4044,39058,960,912,1320,3192,42250
15-07-2016,11,12242,13535,8972,3982,38731,950,875,1289,3114,41845
15-07-2016,12,12218,13423,8915,3863,38419,964,892,1296,3152,41571
15-07-2016,13,12155,13185,8853,3738,37931,957,886,1270,3113,41044
15-07-2016,14,12027,12917,8893,3612,37449,942,866,1246,3054,40503
15-07-2016,15,11779,12780,8815,3441,36815,909,844,1205,2958,39773
15-07-2016,16,11592,12630,8835,3328,36385,886,819,1182,2887,39272
15-07-2016,17,11610,12583,8797,3488,36478,855,798,1158,2811,39289
15-07-2016,18,11526,12321,8782,3397,36026,819,780,1146,2745,38771
15-07-2016,19,11467,11971,8638,3176,35252,801,765,1126,2692,37944
15-07-2016,20,11364,11569,8263,3008,34204,775,738,1100,2613,36817
15-07-2016,21,11179,11161,8320,2875,33535,752,716,1080,2548,36083
15-07-2016,22,11156,11121,8105,2837,33219,710,663,981,2354,35573
15-07-2016,23,10932,10585,7697,2683,31897,655,593,885,2133,34030
16-07-2016,0,10513,10174,7389,2498,30574,609,546,830,1985,32559
16-07-2016,1,10170,9665,7197,2392,29424,578,531,810,1919,31343
16-07-2016,2,9821,9428,7091,2340,28680,571,515,791,1877,30557
16-07-2016,3,9748,9359,6880,2327,28314,542,491,778,1811,30125
16-07-2016,4,9815,9028,6892,2285,28020,547,480,765,1792,29812
16-07-2016,5,9716,8993,7070,2270,28049,558,518,811,1887,29936
16-07-2016,6,9864,9500,7262,2415,29041,604,587,900,2091,31132
16-07-2016,7,10168,9989,7542,2639,30338,656,663,995,2314,32652
16-07-2016,8,10514,10624,7749,2921,31808,722,724,1066,2512,34320
16-07-2016,9,11006,11061,7880,3112,33059,764,754,1108,2626,35685
16-07-2016,10,11280,11371,7930,3245,33826,770,763,1144,2677,36503
16-07-2016,11,11385,11507,7926,3245,34063,772,754,1142,2668,36731
16-07-2016,12,11254,11524,7889,3231,33898,765,752,1129,2646,36544
16-07-2016,13,11104,11632,7886,3213,33835,754,747,1101,2602,36437
16-07-2016,14,10972,11558,7875,3100,33505,740,727,1069,2536,36041
16-07-2016,15,10872,11592,7884,3025,33373,720,717,1053,2490,35863
16-07-2016,16,10895,11557,7936,3035,33423,719,712,1044,2475,35898
16-07-2016,17,11066,11577,7978,3169,33790,713,703,1042,2458,36248
16-07-2016,18,11056,11481,7973,3133,33643,706,694,1038,2438,36081
16-07-2016,19,11034,11369,7844,2959,33206,701,687,1031,2419,35625
16-07-2016,20,10831,11283,7617,2834,32565,688,668,1020,2376,34941
16-07-2016,21,10622,11036,7827,2757,32242,665,658,1022,2345,34587
16-07-2016,22,10617,10963,7766,2703,32049,659,629,955,2243,34292
16-07-2016,23,10514,10570,7391,2601,31076,609,569,868,2046,33122
17-07-2016,0,10115,10047,7015,2415,29592,564,528,813,1905,31497
17-07-2016,1,9883,9856,6805,2288,28832,548,507,782,1837,30669
17-07-2016,2,9690,9664,6689,2222,28265,533,495,760,1788,30053
17-07-2016,3,9569,9469,6547,2167,27752,518,468,741,1727,29479
17-07-2016,4,9521,9260,6564,2136,27481,498,455,722,1675,29156
17-07-2016,5,9600,9208,6645,2101,27554,535,485,763,1783,29337
17-07-2016,6,9545,9423,6814,2221,28003,570,544,834,1948,29951
17-07-2016,7,9587,9681,7045,2473,28786,627,611,933,2171,30957
17-07-2016,8,9976,10213,7330,2737,30256,690,669,1025,2384,32640
17-07-2016,9,10368,10679,7479,2926,31452,727,700,1077,2504,33956
17-07-2016,10,10657,11217,7605,3054,32533,733,707,1070,2510,35043
17-07-2016,11,10957,11358,7687,3116,33118,746,707,1076,2529,35647
17-07-2016,12,10939,11365,7695,3090,33089,746,712,1094,2552,35641
17-07-2016,13,10843,11449,7605,3056,32953,745,710,1088,2543,35496
17-07-2016,14,10895,11242,7707,3011,32855,736,709,1077,2522,35377
17-07-2016,15,10900,11279,7716,3003,32898,738,710,1071,2519,35417
17-07-2016,16,10965,11453,7757,3048,33223,740,707,1071,2518,35741
17-07-2016,17,10872,11536,7774,3214,33396,738,709,1084,2531,35927
17-07-2016,18,10885,11565,7819,3310,33579,739,705,1104,2548,36127
17-07-2016,19,10943,11568,7887,3160,33558,737,713,1097,2547,36105
17-07-2016,20,11049,11470,7770,2982,33271,720,702,1084,2506,35777
17-07-2016,21,10997,11397,7999,2847,33240,701,684,1066,2451,35691
17-07-2016,22,10922,11159,7992,2766,32839,665,639,969,2273,35112
17-07-2016,23,10709,10619,7600,2604,31532,611,567,868,2046,33578
18-07-2016,0,10337,9995,7380,2415,30127,565,527,806,1898,32025
18-07-2016,1,10029,9689,7183,2348,29249,550,503,784,1837,31086
18-07-2016,2,9882,9409,7132,2314,28737,548,497,775,1820,30557
18-07-2016,3,9770,9213,6989,2300,28272,537,491,777,1805,30077
18-07-2016,4,9801,9157,7136,2329,28423,536,490,791,1817,30240
18-07-2016,5,9948,9333,7647,2383,29311,613,575,930,2118,31429
18-07-2016,6,10489,10424,8122,2682,31717,726,694,1091,2511,34228
18-07-2016,7,11163,11717,8458,3145,34483,836,816,1234,2886,37369
18-07-2016,8,11636,12535,8692,3483,36346,902,884,1296,3082,39428
18-07-2016,9,11948,12745,8803,3669,37165,921,908,1314,3143,40308
18-07-2016,10,12115,12959,8829,3770,37673,929,909,1320,3158,40831
18-07-2016,11,12086,13027,8778,3753,37644,919,887,1313,3119,40763
18-07-2016,12,12092,13015,8759,3700,37566,933,915,1330,3178,40744
18-07-2016,13,11935,13046,8681,3689,37351,925,912,1316,3153,40504
18-07-2016,14,12029,13027,8612,3612,37280,911,884,1295,3090,40370
18-07-2016,15,11932,12805,8521,3507,36765,880,871,1257,3008,39773
18-07-2016,16,11826,12860,8492,3471,36649,853,831,1216,2900,39549
18-07-2016,17,11701,12919,8380,3616,36616,833,816,1198,2847,39463
18-07-2016,18,11624,12858,8342,3600,36424,810,793,1182,2785,39209
18-07-2016,19,11520,12640,8309,3399,35868,789,780,1174,2743,38611
18-07-2016,20,11403,12232,8039,3225,34899,769,752,1157,2678,37577
18-07-2016,21,11272,11817,8114,3094,34297,746,726,1127,2599,36896
18-07-2016,22,11163,11534,8031,2988,33716,715,665,1017,2397,36113
18-07-2016,23,10948,10840,7628,2746,32162,657,586,909,2152,34314
19-07-2016,0,10545,9906,7313,2553,30317,616,546,855,2017,32334
19-07-2016,1,10256,9706,7128,2413,29503,597,520,831,1948,31451
19-07-2016,2,10106,9567,7053,2349,29075,584,512,818,1914,30989
19-07-2016,3,10055,9508,6999,2342,28904,560,495,816,1871,30775
19-07-2016,4,9894,9402,7072,2377,28745,569,498,828,1895,30640
19-07-2016,5,9985,9661,7572,2468,29686,643,579,968,2190,31876
19-07-2016,6,10542,10347,7971,2760,31620,742,703,1126,2571,34191
19-07-2016,7,11177,11699,8263,3220,34359,848,828,1251,2927,37286
19-07-2016,8,11690,12576,8460,3527,36253,909,889,1308,3106,39359
19-07-2016,9,11952,12677,8537,3681,36847,931,903,1328,3162,40009
19-07-2016,10,12073,12730,8565,3829,37197,932,903,1326,3161,40358
19-07-2016,11,12344,12901,8636,3824,37705,924,877,1318,3119,40824
19-07-2016,12,12256,12696,8574,3765,37291,930,908,1333,3171,40462
19-07-2016,13,12048,12620,8549,3791,37008,917,903,1314,3134,40142
19-07-2016,14,11991,12425,8542,3737,36695,913,887,1299,3099,39794
19-07-2016,15,11950,12445,8448,3602,36445,892,876,1268,3036,39481
19-07-2016,16,11841,12328,8464,3510,36143,868,852,1244,2964,39107
19-07-2016,17,11754,12642,8325,3626,36347,837,824,1217,2878,39225
19-07-2016,18,11549,12260,8303,3594,35706,825,808,1197,2830,38536
19-07-2016,19,11455,12143,8293,3414,35305,805,790,1187,2782,38087
19-07-2016,20,11475,11862,8046,3242,34625,781,766,1183,2730,37355
19-07-2016,21,11362,11793,8105,3099,34359,757,741,1162,2660,37019
19-07-2016,22,11271,11582,8082,3015,33950,718,682,1022,2422,36372
19-07-2016,23,10930,10725,7653,2825,32133,657,596,914,2167,34300
20-07-2016,0,10475,10060,7240,2611,30386,618,560,854,2032,32418
20-07-2016,1,10173,9882,7093,2500,29648,591,537,829,1957,31605
20-07-2016,2,9841,9743,7066,2452,29102,583,520,819,1922,31024
20-07-2016,3,9694,9620,6970,2454,28738,558,509,819,1886,30624
20-07-2016,4,9639,9467,6990,2458,28554,569,511,829,1909,30463
20-07-2016,5,9801,9654,7389,2523,29367,650,589,964,2203,31570
20-07-2016,6,10251,10408,7739,2825,31223,761,716,1123,2600,33823
20-07-2016,7,10847,11690,8008,3259,33804,865,832,1262,2959,36763
20-07-2016,8,11340,12818,8267,3595,36020,915,887,1313,3115,39135
20-07-2016,9,11634,13069,8330,3756,36789,921,907,1322,3150,39939
20-07-2016,10,11749,13256,8391,3847,37243,924,907,1320,3151,40394
20-07-2016,11,11732,13196,8506,3876,37310,916,885,1319,3120,40430
20-07-2016,12,11688,12975,8473,3825,36961,931,908,1340,3179,40140
20-07-2016,13,11422,12958,8477,3824,36681,915,900,1326,3141,39822
20-07-2016,14,11518,12795,8448,3747,36508,911,881,1289,3081,39589
20-07-2016,15,11480,12819,8331,3619,36249,889,863,1263,3015,39264
20-07-2016,16,11492,12697,8330,3532,36051,869,838,1237,2944,38995
20-07-2016,17,11342,12708,8258,3565,35873,842,824,1219,2885,38758
20-07-2016,18,11213,12422,8266,3505,35406,822,800,1206,2828,38234
20-07-2016,19,11062,12200,8240,3347,34849,802,789,1190,2781,37630
20-07-2016,20,10936,11709,7943,3170,33758,778,759,1179,2716,36474
20-07-2016,21,10825,11315,7927,3047,33114,755,742,1149,2646,35760
20-07-2016,22,10744,11208,7894,3021,32867,714,675,1011,2400,35267
20-07-2016,23,10456,10785,7461,2810,31512,644,602,912,2158,33670
21-07-2016,0,10075,10204,7114,2561,29954,597,552,850,1999,31953
21-07-2016,1,9700,9874,6969,2419,28962,581,529,817,1927,30889
21-07-2016,2,9567,9663,6897,2341,28468,570,520,802,1892,30360
21-07-2016,3,9594,9554,6756,2338,28242,554,509,803,1866,30108
21-07-2016,4,9522,9342,6799,2354,28017,554,510,816,1880,29897
21-07-2016,5,9580,9567,7313,2430,28890,624,588,943,2155,31045
21-07-2016,6,10030,10289,7784,2751,30854,730,718,1118,2566,33420
21-07-2016,7,10667,11322,8113,3156,33258,841,846,1265,2952,36210
21-07-2016,8,11265,11991,8347,3509,35112,902,911,1357,3170,38282
21-07-2016,9,11577,12323,8393,3685,35978,929,933,1371,3233,39211
21-07-2016,10,11663,12531,8452,3792,36438,927,935,1364,3226,39664
21-07-2016,11,11795,12720,8467,3791,36773,919,911,1365,3195,39968
21-07-2016,12,11883,12781,8433,3753,36850,934,927,1382,3243,40093
21-07-2016,13,11801,12562,8459,3766,36588,928,917,1362,3207,39795
21-07-2016,14,11710,12658,8450,3719,36537,919,902,1341,3162,39699
21-07-2016,15,11576,12683,8412,3579,36250,890,886,1313,3089,39339
21-07-2016,16,11504,12677,8345,3531,36057,869,858,1281,3008,39065
21-07-2016,17,11409,12783,8266,3625,36083,838,844,1266,2948,39031
21-07-2016,18,11323,12623,8250,3554,35750,817,817,1254,2888,38638
21-07-2016,19,11223,12318,8215,3378,35134,806,812,1238,2856,37990
21-07-2016,20,11075,11871,7922,3219,34087,787,792,1230,2809,36896
21-07-2016,21,10827,11565,8077,3083,33552,771,747,1193,2711,36263
21-07-2016,22,10777,11355,7943,3037,33112,717,664,1051,2432,35544
21-07-2016,23,10481,10652,7575,2812,31520,661,593,944,2198,33718
22-07-2016,0,10175,10080,7300,2578,30133,618,557,886,2061,32194
22-07-2016,1,9793,9896,7087,2443,29219,600,537,856,1993,31212
22-07-2016,2,9647,9754,7001,2374,28776,587,523,840,1950,30726
22-07-2016,3,9563,9672,6971,2367,28573,574,518,847,1939,30512
22-07-2016,4,9511,9412,7082,2384,28389,571,512,857,1940,30329
22-07-2016,5,9519,9347,7615,2453,28934,641,588,984,2213,31147
22-07-2016,6,9919,10453,8141,2792,31305,745,720,1159,2624,33929
22-07-2016,7,10578,11638,8509,3240,33965,849,835,1299,2983,36948
22-07-2016,8,11257,12505,8665,3578,36005,912,908,1362,3182,39187
22-07-2016,9,11590,12809,8705,3755,36859,938,926,1364,3228,40087
22-07-2016,10,11697,12858,8751,3835,37141,946,917,1371,3234,40375
22-07-2016,11,11738,12806,8787,3838,37169,933,894,1356,3183,40352
22-07-2016,12,11790,12631,8674,3755,36850,947,918,1368,3233,40083
22-07-2016,13,11652,12414,8573,3732,36371,931,908,1343,3182,39553
22-07-2016,14,11657,12523,8569,3622,36371,915,891,1314,3120,39491
22-07-2016,15,11629,12447,8492,3495,36063,875,867,1288,3030,39093
22-07-2016,16,11447,12355,8459,3456,35717,847,834,1263,2944,38661
22-07-2016,17,11338,12482,8432,3538,35790,820,813,1231,2864,38654
22-07-2016,18,11214,12314,8398,3513,35439,803,787,1206,2796,38235
22-07-2016,19,11012,11880,8300,3335,34527,786,770,1178,2734,37261
22-07-2016,20,10887,11447,8031,3152,33517,764,747,1156,2667,36184
22-07-2016,21,10695,11068,8168,3057,32988,748,740,1144,2632,35620
22-07-2016,22,10574,10977,8084,3020,32655,707,682,1031,2420,35075
22-07-2016,23,10461,10537,7642,2810,31450,653,610,936,2199,33649
23-07-2016,0,10028,9909,7277,2584,29798,609,557,870,2036,31834
23-07-2016,1,9811,9622,7036,2453,28922,594,534,839,1967,30889
23-07-2016,2,9599,9417,6977,2402,28395,582,522,813,1917,30312
23-07-2016,3,9535,9385,6896,2383,28199,567,511,807,1885,30084
23-07-2016,4,9418,9177,6784,2377,27756,551,499,800,1850,29606
23-07-2016,5,9260,9040,6983,2333,27616,570,525,848,1943,29559
23-07-2016,6,9516,9200,7201,2450,28367,612,587,943,2142,30509
23-07-2016,7,9738,9684,7496,2691,29609,687,673,1041,2401,32010
23-07-2016,8,10124,11248,7763,2950,32085,751,738,1133,2622,34707
23-07-2016,9,10561,12107,7941,3134,33743,784,771,1175,2730,36473
23-07-2016,10,10941,12310,7956,3252,34459,793,778,1183,2754,37213
23-07-2016,11,10942,12320,7970,3263,34495,781,771,1178,2730,37225
23-07-2016,12,10887,12247,7953,3241,34328,774,765,1170,2709,37037
23-07-2016,13,10883,12259,7921,3196,34259,769,757,1151,2677,36936
23-07-2016,14,10767,12170,7934,3140,34011,758,749,1130,2637,36648
23-07-2016,15,10745,12129,8056,3086,34016,747,738,1115,2600,36616
23-07-2016,16,10523,12212,8100,3087,33922,742,737,1110,2589,36511
23-07-2016,17,10563,12337,8090,3214,34204,738,730,1094,2562,36766
23-07-2016,18,10538,12232,8119,3214,34103,727,716,1083,2526,36629
23-07-2016,19,10569,12243,8034,3093,33939,716,708,1072,2496,36435
23-07-2016,20,10538,10764,7781,2961,32044,702,695,1063,2460,34504
23-07-2016,21,10304,10451,7897,2862,31514,694,683,1064,2441,33955
23-07-2016,22,10318,10596,7938,2866,31718,670,645,984,2299,34017
23-07-2016,23,10269,10188,7515,2686,30658,621,582,893,2096,32754
24-07-2016,0,9995,9714,7163,2508,29380,578,538,836,1952,31332
24-07-2016,1,9697,9333,6991,2376,28397,555,514,806,1875,30272
24-07-2016,2,9567,9150,6864,2299,27880,545,509,793,1847,29727
24-07-2016,3,9488,9076,6759,2301,27624,518,494,783,1795,29419
24-07-2016,4,9348,8806,6657,2291,27102,511,481,765,1757,28859
24-07-2016,5,9157,8619,6762,2253,26791,541,512,802,1855,28646
24-07-2016,6,9285,8748,6967,2363,27363,573,559,867,1999,29362
24-07-2016,7,9515,9236,7148,2588,28487,644,627,964,2235,30722
24-07-2016,8,9768,9842,7430,2870,29910,717,697,1055,2469,32379
24-07-2016,9,10075,10556,7634,3061,31326,747,741,1104,2592,33918
24-07-2016,10,10397,10920,7777,3161,32255,757,762,1122,2641,34896
24-07-2016,11,10344,11178,7845,3174,32541,761,762,1121,2644,35185
24-07-2016,12,10332,11271,7778,3148,32529,761,758,1119,2638,35167
24-07-2016,13,10337,11217,7773,3115,32442,744,750,1116,2610,35052
24-07-2016,14,10254,11071,7759,3057,32141,750,745,1107,2602,34743
24-07-2016,15,10211,11183,7740,3039,32173,740,736,1100,2576,34749
24-07-2016,16,10279,11042,7755,3079,32155,742,738,1100,2580,34735
24-07-2016,17,10367,11213,7794,3218,32592,739,733,1103,2575,35167
24-07-2016,18,10450,11274,7822,3245,32791,743,730,1109,2582,35373
24-07-2016,19,10534,11288,7810,3156,32788,738,730,1109,2577,35365
24-07-2016,20,10514,11271,7581,3037,32403,723,723,1109,2555,34958
24-07-2016,21,10479,11294,7815,2954,32542,723,709,1105,2537,35079
24-07-2016,22,10577,11220,7943,2939,32679,685,652,1001,2338,35017
24-07-2016,23,10365,10456,7509,2724,31054,621,577,893,2091,33145
25-07-2016,0,9944,9947,7180,2535,29606,583,530,828,1941,31547
25-07-2016,1,9618,9612,7007,2393,28630,571,508,802,1881,30511
25-07-2016,2,9434,9492,6943,2330,28199,562,506,792,1860,30059
25-07-2016,3,9396,9404,6854,2341,27995,544,495,793,1832,29827
25-07-2016,4,9315,9303,6946,2342,27906,544,496,805,1845,29751
25-07-2016,5,9266,9355,7495,2423,28539,623,577,949,2149,30688
25-07-2016,6,9686,10371,7941,2761,30759,734,708,1114,2556,33315
25-07-2016,7,10480,11525,8304,3221,33530,838,841,1268,2947,36477
25-07-2016,8,11147,12374,8588,3581,35690,911,925,1360,3196,38886
25-07-2016,9,11647,13057,8715,3782,37201,925,961,1389,3275,40476
25-07-2016,10,11716,13173,8835,3873,37597,939,964,1399,3302,40899
25-07-2016,11,11899,13190,8925,3891,37905,941,953,1395,3289,41194
25-07-2016,12,11840,13157,8823,3839,37659,930,982,1415,3327,40986
25-07-2016,13,11783,13023,8759,3826,37391,925,972,1399,3296,40687
25-07-2016,14,11804,12845,8678,3776,37103,923,949,1377,3249,40352
25-07-2016,15,11827,12832,8633,3636,36928,891,930,1332,3153,40081
25-07-2016,16,11668,12569,8577,3587,36401,869,897,1294,3060,39461
25-07-2016,17,11504,12677,8356,3725,36262,851,886,1269,3006,39268
25-07-2016,18,11363,12582,8309,3718,35972,829,861,1240,2930,38902
25-07-2016,19,11288,12230,8211,3475,35204,804,840,1229,2873,38077
25-07-2016,20,11140,11797,7986,3277,34200,788,814,1217,2819,37019
25-07-2016,21,10948,11331,8190,3172,33641,778,772,1162,2712,36353
25-07-2016,22,10812,11140,8053,3115,33120,723,704,1031,2458,35578
25-07-2016,23,10443,10299,7553,2858,31153,659,623,931,2213,33366
26-07-2016,0,9942,9740,7189,2623,29494,619,576,878,2073,31567
26-07-2016,1,9732,9460,6978,2480,28650,600,550,847,1997,30647
26-07-2016,2,9586,9325,6891,2432,28234,592,539,835,1966,30200
26-07-2016,3,9545,9298,6743,2419,28005,568,532,844,1944,29949
26-07-2016,4,9476,9071,6823,2438,27808,566,527,851,1944,29752
26-07-2016,5,9516,8960,7382,2483,28341,648,611,970,2229,30570
26-07-2016,6,9965,9867,7949,2797,30578,752,734,1140,2626,33204
26-07-2016,7,10638,11181,8293,3219,33331,856,857,1290,3003,36334
26-07-2016,8,11208,12077,8454,3515,35254,918,930,1369,3217,38471
26-07-2016,9,11465,12392,8603,3669,36129,938,955,1390,3283,39412
26-07-2016,10,11710,12759,8682,3736,36887,943,973,1422,3338,40225
26-07-2016,11,11813,12819,8715,3738,37085,939,963,1425,3327,40412
26-07-2016,12,11714,12763,8673,3694,36844,949,986,1445,3380,40224
26-07-2016,13,11680,12576,8616,3691,36563,947,977,1411,3335,39898
26-07-2016,14,11483,12357,8482,3614,35936,939,957,1385,3281,39217
26-07-2016,15,11374,12102,8523,3506,35505,917,936,1352,3205,38710
26-07-2016,16,11289,11519,8511,3492,34811,899,907,1329,3135,37946
26-07-2016,17,11133,11670,8300,3574,34677,871,879,1304,3054,37731
26-07-2016,18,11160,11762,8290,3521,34733,839,839,1274,2952,37685
26-07-2016,19,11065,11568,8183,3344,34160,819,822,1247,2888,37048
26-07-2016,20,10942,11572,8018,3198,33730,802,809,1239,2850,36580
26-07-2016,21,10850,11211,8229,3089,33379,799,794,1220,2813,36192
26-07-2016,22,10752,10908,8210,3057,32927,745,724,1067,2536,35463
26-07-2016,23,10550,10420,7672,2807,31449,678,637,960,2275,33724
27-07-2016,0,10242,9892,7282,2577,29993,631,582,888,2101,32094
27-07-2016,1,9927,9435,7096,2436,28894,613,556,856,2025,30919
27-07-2016,2,9743,9195,6955,2387,28280,604,547,843,1994,30274
27-07-2016,3,9667,9110,6888,2379,28044,583,540,840,1963,30007
27-07-2016,4,9632,8942,7000,2384,27958,583,533,849,1965,29923
27-07-2016,5,9642,9200,7469,2436,28747,659,611,979,2249,30996
27-07-2016,6,9924,10075,8025,2742,30766,764,726,1139,2629,33395
27-07-2016,7,10626,11253,8398,3164,33441,881,873,1274,3028,36469
27-07-2016,8,11208,11938,8600,3483,35229,936,936,1328,3200,38429
27-07-2016,9,11493,12391,8626,3658,36168,948,967,1363,3278,39446
27-07-2016,10,11611,12816,8675,3772,36874,954,971,1361,3286,40160
27-07-2016,11,11677,12892,8751,3745,37065,951,961,1344,3256,40321
27-07-2016,12,11691,12956,8780,3716,37143,964,981,1370,3315,40458
27-07-2016,13,11569,12818,8707,3723,36817,956,976,1364,3296,40113
27-07-2016,14,11636,12852,8632,3656,36776,944,952,1345,3241,40017
27-07-2016,15,11532,12662,8600,3546,36340,920,936,1322,3178,39518
27-07-2016,16,11567,12556,8586,3503,36212,896,896,1276,3068,39280
27-07-2016,17,11527,12628,8443,3653,36251,858,868,1252,2978,39229
27-07-2016,18,11474,12475,8408,3684,36041,834,848,1235,2917,38958
27-07-2016,19,11425,12093,8344,3498,35360,812,826,1199,2837,38197
27-07-2016,20,11252,11615,8090,3286,34243,795,810,1177,2782,37025
27-07-2016,21,11145,11333,8158,3190,33826,783,794,1162,2739,36565
27-07-2016,22,11175,11009,8011,3074,33269,736,722,1042,2500,35769
27-07-2016,23,10798,10220,7540,2806,31364,670,646,952,2268,33632
28-07-2016,0,10327,9511,7101,2581,29520,630,593,914,2137,31657
28-07-2016,1,9969,9308,6970,2451,28698,607,570,875,2052,30750
28-07-2016,2,9872,9378,6913,2387,28550,596,559,865,2020,30570
28-07-2016,3,9815,9384,6811,2384,28394,580,552,870,2002,30396
28-07-2016,4,9703,9157,6901,2394,28155,580,553,881,2014,30169
28-07-2016,5,9772,9265,7409,2443,28889,649,627,990,2266,31155
28-07-2016,6,10184,10062,7981,2766,30993,748,752,1122,2622,33615
28-07-2016,7,10851,11101,8340,3218,33510,854,883,1301,3038,36548
28-07-2016,8,11402,11989,8518,3538,35447,920,950,1364,3234,38681
28-07-2016,9,11787,12779,8548,3699,36813,940,982,1392,3314,40127
28-07-2016,10,11942,12665,8644,3834,37085,945,985,1396,3326,40411
28-07-2016,11,11869,12724,8665,3838,37096,941,970,1370,3281,40377
28-07-2016,12,11760,12651,8636,3787,36834,957,997,1391,3345,40179
28-07-2016,13,11789,12604,8599,3752,36744,953,987,1388,3328,40072
28-07-2016,14,11757,12462,8601,3708,36528,947,949,1371,3267,39795
28-07-2016,15,11660,12503,8485,3579,36227,920,932,1316,3168,39395
28-07-2016,16,11597,12390,8419,3519,35925,892,894,1283,3069,38994
28-07-2016,17,11504,12292,8361,3658,35815,862,880,1244,2986,38801
28-07-2016,18,11478,12184,8416,3624,35702,843,847,1212,2902,38604
28-07-2016,19,11389,12033,8393,3455,35270,820,835,1202,2857,38127
28-07-2016,20,11173,11867,8114,3280,34434,799,806,1208,2813,37247
28-07-2016,21,11036,11471,8240,3188,33935,789,783,1162,2734,36669
28-07-2016,22,11095,11346,8135,3122,33698,728,710,1049,2487,36185
28-07-2016,23,10641,10545,7693,2886,31765,667,633,949,2249,34014
29-07-2016,0,10346,9711,7386,2658,30101,631,583,892,2106,32207
29-07-2016,1,10101,9718,7226,2511,29556,603,557,859,2019,31575
29-07-2016,2,9857,9632,7158,2445,29092,595,555,843,1993,31085
29-07-2016,3,9751,9552,7125,2453,28881,583,540,847,1970,30851
29-07-2016,4,9818,9488,7151,2476,28933,576,531,850,1957,30890
29-07-2016,5,9936,9518,7653,2522,29629,648,602,957,2207,31836
29-07-2016,6,10329,10204,8144,2791,31468,750,722,1092,2564,34032
29-07-2016,7,10918,11472,8552,3208,34150,848,846,1241,2935,37085
29-07-2016,8,11259,12111,8753,3545,35668,904,918,1312,3134,38802
29-07-2016,9,11610,12788,8821,3722,36941,927,957,1340,3224,40165
29-07-2016,10,11956,13083,8826,3790,37655,929,952,1381,3262,40917
29-07-2016,11,11897,13071,8855,3834,37657,923,918,1322,3163,40820
29-07-2016,12,11859,12793,8756,3787,37195,939,926,1342,3207,40402
29-07-2016,13,11921,12680,8715,3760,37076,931,924,1322,3177,40253
29-07-2016,14,11811,12358,8670,3669,36508,916,905,1290,3111,39619
29-07-2016,15,11735,12117,8580,3544,35976,888,883,1269,3040,39016
29-07-2016,16,11728,12141,8546,3517,35932,863,846,1260,2969,38901
29-07-2016,17,11638,12286,8415,3656,35995,837,828,1225,2890,38885
29-07-2016,18,11606,12117,8380,3615,35718,819,804,1200,2823,38541
29-07-2016,19,11515,11902,8284,3410,35111,794,784,1177,2755,37866
29-07-2016,20,11272,11511,7938,3215,33936,773,766,1163,2702,36638
29-07-2016,21,11180,11329,8198,3112,33819,768,761,1135,2664,36483
29-07-2016,22,11034,11020,8154,3039,33247,719,695,1036,2450,35697
29-07-2016,23,10740,10482,7709,2822,31753,659,616,947,2222,33975
30-07-2016,0,10319,9964,7294,2600,30177,625,574,884,2083,32260
30-07-2016,1,9995,9522,7140,2478,29135,586,549,850,1985,31120
30-07-2016,2,9849,9434,7054,2425,28762,584,538,832,1954,30716
30-07-2016,3,9771,9333,6872,2410,28386,569,528,830,1927,30313
30-07-2016,4,9753,9218,6837,2419,28227,556,508,815,1879,30106
30-07-2016,5,9654,9121,6995,2365,28135,577,541,851,1969,30104
30-07-2016,6,9741,9270,7230,2478,28719,623,605,934,2162,30881
30-07-2016,7,10018,9704,7493,2706,29921,689,685,1038,2412,32333
30-07-2016,8,10449,10399,7743,2969,31560,744,753,1124,2621,34181
30-07-2016,9,10901,11023,7869,3204,32997,777,784,1164,2725,35722
30-07-2016,10,11108,11298,7898,3317,33621,780,785,1160,2725,36346
30-07-2016,11,11110,11379,7952,3277,33718,774,776,1149,2699,36417
30-07-2016,12,11059,11319,7954,3239,33571,770,776,1145,2691,36262
30-07-2016,13,11004,11144,7917,3169,33234,763,776,1127,2666,35900
30-07-2016,14,10975,10979,7917,3103,32974,753,763,1111,2627,35601
30-07-2016,15,10882,10881,7997,3049,32809,745,751,1105,2601,35410
30-07-2016,16,10810,11101,8039,3069,33019,740,739,1104,2583,35602
30-07-2016,17,10830,11176,8079,3254,33339,734,726,1101,2561,35900
30-07-2016,18,10812,11239,8112,3211,33374,729,718,1086,2533,35907
30-07-2016,19,10811,11142,7993,3074,33020,711,713,1075,2499,35519
30-07-2016,20,10685,10825,7742,2948,32200,702,707,1070,2479,34679
30-07-2016,21,10572,10781,7971,2855,32179,703,702,1060,2465,34644
30-07-2016,22,10624,10722,7998,2829,32173,669,650,969,2288,34461
30-07-2016,23,10336,10064,7520,2636,30556,619,585,889,2093,32649
31-07-2016,0,10022,9627,7194,2451,29294,583,532,854,1969,31263
31-07-2016,1,9672,9335,6975,2308,28290,560,513,820,1893,30183
31-07-2016,2,9535,9198,6870,2224,27827,560,503,804,1867,29694
31-07-2016,3,9491,9158,6755,2215,27619,531,496,801,1828,29447
31-07-2016,4,9444,8923,6579,2230,27176,520,477,781,1778,28954
31-07-2016,5,9324,8743,6736,2172,26975,539,503,810,1852,28827
31-07-2016,6,9381,8923,6893,2276,27473,577,552,882,2011,29484
31-07-2016,7,9586,9366,7045,2508,28505,643,625,975,2243,30748
31-07-2016,8,9867,9835,7365,2817,29884,716,699,1068,2483,32367
31-07-2016,9,10207,10027,7556,3035,30825,751,743,1120,2614,33439
31-07-2016,10,10514,10704,7638,3121,31977,756,750,1126,2632,34609
31-07-2016,11,10699,10913,7635,3152,32399,755,746,1122,2623,35022
31-07-2016,12,10631,11006,7644,3121,32402,761,748,1117,2626,35028
31-07-2016,13,10674,11034,7644,3084,32436,758,745,1103,2606,35042
31-07-2016,14,10682,10924,7566,3040,32212,753,740,1085,2578,34790
31-07-2016,15,10608,10580,7583,3027,31798,745,738,1079,2562,34360
31-07-2016,16,10667,10569,7672,3081,31989,744,736,1087,2567,34556
31-07-2016,17,10777,10917,7697,3280,32671,738,728,1097,2563,35234
31-07-2016,18,10892,11146,7748,3331,33117,732,722,1097,2551,35668
31-07-2016,19,10876,11061,7786,3176,32899,722,721,1092,2535,35434
31-07-2016,20,10925,11251,7673,3040,32889,717,715,1105,2537,35426
31-07-2016,21,10923,11235,7931,2982,33071,717,713,1092,2522,35593
31-07-2016,22,10950,11102,7833,2899,32784,671,643,971,2285,35069
31-07-2016,23,10731,10405,7411,2654,31201,608,585,865,2058,33259
01-08-2016,0,10130,9707,7090,2474,29401,574,539,812,1925,31326
01-08-2016,1,9822,9359,6921,2344,28446,550,519,783,1852,30298
01-08-2016,2,9688,9240,6875,2310,28113,545,513,770,1828,29941
01-08-2016,3,9636,9327,6840,2300,28103,530,508,777,1815,29918
01-08-2016,4,9632,9299,6888,2334,28153,534,510,811,1855,30008
01-08-2016,5,9794,9343,7553,2443,29133,629,598,942,2169,31302
01-08-2016,6,10389,10311,8152,2838,31690,743,713,1116,2572,34262
01-08-2016,7,11286,11655,8459,3328,34728,862,838,1266,2966,37694
01-08-2016,8,11949,12492,8740,3669,36850,926,922,1346,3194,40044
01-08-2016,9,12021,12522,8790,3818,37151,945,956,1383,3284,40435
01-08-2016,10,12060,12634,8782,3986,37462,963,967,1391,3321,40783
01-08-2016,11,11969,12702,8878,3962,37511,956,944,1377,3277,40788
01-08-2016,12,12039,12715,8842,3861,37457,976,968,1383,3327,40784
01-08-2016,13,12049,12666,8767,3856,37338,966,948,1357,3271,40609
01-08-2016,14,12085,12659,8670,3720,37134,961,917,1339,3217,40351
01-08-2016,15,12051,12654,8585,3596,36886,922,896,1295,3113,39999
01-08-2016,16,11914,12336,8505,3465,36220,885,904,1250,3039,39259
01-08-2016,17,11813,12471,8497,3702,36483,864,831,1218,2913,39396
01-08-2016,18,11851,12434,8514,3651,36450,842,803,1211,2856,39306
01-08-2016,19,11641,12245,8514,3476,35876,811,767,1189,2767,38643
01-08-2016,20,11596,11897,8287,3268,35048,796,765,1170,2731,37779
01-08-2016,21,11478,11496,8458,3177,34609,788,714,1138,2640,37249
01-08-2016,22,11443,11160,8256,3082,33941,706,670,997,2373,36314
01-08-2016,23,11028,10510,7755,2774,32067,632,589,899,2120,34187
02-08-2016,0,10550,9812,7326,2556,30244,594,534,840,1968,32212
02-08-2016,1,10232,9467,7194,2445,29338,577,512,810,1899,31237
02-08-2016,2,10125,9436,7097,2386,29044,574,504,795,1873,30917
02-08-2016,3,10054,9447,7108,2392,29001,565,501,798,1864,30865
02-08-2016,4,10088,9420,7091,2418,29017,565,496,807,1868,30885
02-08-2016,5,10280,9388,7702,2532,29902,658,579,937,2174,32076
02-08-2016,6,10807,10388,8251,2906,32352,763,697,1095,2555,34907
02-08-2016,7,11581,11398,8638,3415,35032,878,819,1237,2934,37966
02-08-2016,8,12005,12171,8858,3763,36797,932,888,1305,3125,39922
02-08-2016,9,12298,12643,8936,3901,37778,947,910,1329,3186,40964
02-08-2016,10,12471,12911,8957,4021,38360,949,912,1331,3192,41552
02-08-2016,11,12381,12985,8945,4003,38314,943,894,1315,3152,41466
02-08-2016,12,12382,12983,8984,3953,38302,969,933,1338,3240,41542
02-08-2016,13,12269,12937,8913,3916,38035,967,938,1319,3224,41259
02-08-2016,14,12284,12673,8827,3853,37637,951,920,1309,3180,40817
02-08-2016,15,12140,12447,8758,3701,37046,919,901,1275,3095,40141
02-08-2016,16,11998,12181,8658,3614,36451,892,869,1233,2994,39445
02-08-2016,17,11808,12307,8498,3791,36404,864,851,1224,2939,39343
02-08-2016,18,11786,12173,8520,3735,36214,848,824,1209,2881,39095
02-08-2016,19,11727,11990,8464,3533,35714,835,803,1196,2834,38548
02-08-2016,20,11573,11744,8206,3352,34875,823,772,1195,2790,37665
02-08-2016,21,11475,11548,8366,3262,34651,804,755,1150,2709,37360
02-08-2016,22,11468,11116,8170,3195,33949,733,673,1017,2423,36372
02-08-2016,23,11082,10308,7649,2916,31955,665,597,925,2187,34142
03-08-2016,0,10617,9974,7330,2688,30609,625,547,857,2029,32638
03-08-2016,1,10352,9865,7057,2556,29830,602,526,825,1953,31783
03-08-2016,2,10246,9796,6978,2478,29498,592,519,812,1923,31421
03-08-2016,3,10101,9914,6907,2465,29387,584,513,819,1916,31303
03-08-2016,4,10000,9703,7010,2488,29201,579,518,841,1938,31139
03-08-2016,5,10121,9767,7618,2552,30058,666,596,961,2223,32281
03-08-2016,6,10752,10551,8191,2920,32414,769,717,1118,2604,35018
03-08-2016,7,11442,11840,8511,3435,35228,877,837,1262,2976,38204
03-08-2016,8,11925,12690,8597,3771,36983,938,908,1337,3183,40166
03-08-2016,9,12069,12902,8387,3915,37273,953,931,1359,3243,40516
03-08-2016,10,12139,13041,8466,4038,37684,961,935,1361,3257,40941
03-08-2016,11,12316,13093,8609,4009,38027,954,910,1344,3208,41235
03-08-2016,12,12227,13098,8672,4033,38030,974,939,1363,3276,41306
03-08-2016,13,12237,13093,8532,4042,37904,966,939,1351,3256,41160
03-08-2016,14,12182,13019,8571,3994,37766,954,920,1327,3201,40967
03-08-2016,15,12108,13063,8537,3880,37588,925,900,1297,3122,40710
03-08-2016,16,12015,12880,8462,3881,37238,898,874,1255,3027,40265
03-08-2016,17,11850,12953,8435,4093,37331,869,855,1239,2963,40294
03-08-2016,18,11807,12629,8427,3983,36846,850,829,1223,2902,39748
03-08-2016,19,11773,12311,8453,3649,36186,831,807,1199,2837,39023
03-08-2016,20,11664,11884,8091,3415,35054,818,790,1191,2799,37853
03-08-2016,21,11587,11679,8289,3327,34882,814,772,1134,2720,37602
03-08-2016,22,11468,10916,8149,3209,33742,738,684,994,2416,36158
03-08-2016,23,11069,10346,7591,2895,31901,665,601,908,2174,34075
04-08-2016,0,10582,10195,7298,2662,30737,616,557,849,2022,32759
04-08-2016,1,10287,9998,7186,2539,30010,610,536,819,1965,31975
04-08-2016,2,10065,9902,7127,2464,29558,597,533,803,1933,31491
04-08-2016,3,9904,9824,7027,2489,29244,593,531,802,1926,31170
04-08-2016,4,9898,9773,7022,2516,29209,583,519,822,1924,31133
04-08-2016,5,10050,9688,7495,2604,29837,656,601,946,2203,32040
04-08-2016,6,10657,10402,8162,2979,32200,767,725,1106,2598,34798
04-08-2016,7,11433,11502,8485,3467,34887,884,850,1255,2989,37876
04-08-2016,8,12009,12560,8686,3801,37056,943,924,1335,3202,40258
04-08-2016,9,12107,12739,8780,3960,37586,962,952,1362,3276,40862
04-08-2016,10,12257,13117,8837,3928,38139,972,953,1371,3296,41435
04-08-2016,11,12262,13255,8905,4132,38554,973,929,1353,3255,41809
04-08-2016,12,12231,13213,8923,4044,38411,987,937,1377,3301,41712
04-08-2016,13,12074,13272,8840,4051,38237,979,927,1362,3268,41505
04-08-2016,14,12094,13101,8785,3968,37948,968,917,1334,3219,41167
04-08-2016,15,12075,13003,8709,3807,37594,935,900,1296,3131,40725
04-08-2016,16,11999,12913,8638,3728,37278,910,871,1257,3038,40316
04-08-2016,17,11988,13183,8585,3812,37568,876,860,1242,2978,40546
04-08-2016,18,11926,13039,8646,3762,37373,842,833,1219,2894,40267
04-08-2016,19,11776,12698,8558,3550,36582,825,812,1201,2838,39420
04-08-2016,20,11665,12570,8223,3372,35830,809,793,1206,2808,38638
04-08-2016,21,11609,12339,8416,3295,35659,806,789,1170,2765,38424
04-08-2016,22,11556,11836,8198,3172,34762,733,702,1033,2468,37230
04-08-2016,23,11004,10992,7741,2857,32594,674,628,939,2241,34835
05-08-2016,0,10595,10109,7442,2638,30784,630,576,877,2083,32867
05-08-2016,1,10443,9857,7295,2502,30097,607,548,844,1999,32096
05-08-2016,2,10280,9773,7232,2463,29748,596,541,830,1967,31715
05-08-2016,3,10111,9723,7206,2479,29519,581,548,833,1962,31481
05-08-2016,4,10105,9637,7216,2494,29452,577,552,849,1978,31430
05-08-2016,5,10150,9681,7853,2592,30276,672,624,969,2265,32541
05-08-2016,6,10754,10481,8448,2930,32613,778,730,1127,2635,35248
05-08-2016,7,11438,11916,8790,3431,35575,891,855,1282,3028,38603
05-08-2016,8,12020,12965,8888,3733,37606,957,930,1349,3236,40842
05-08-2016,9,12306,13211,8929,3896,38342,973,955,1363,3291,41633
05-08-2016,10,12390,13374,8931,4027,38722,979,954,1376,3309,42031
05-08-2016,11,12389,13421,8989,3987,38786,969,932,1383,3284,42070
05-08-2016,12,12233,13255,8971,3862,38321,981,949,1390,3320,41641
05-08-2016,13,12090,13045,8932,3855,37922,967,945,1384,3296,41218
05-08-2016,14,12126,12697,8867,3710,37400,949,928,1338,3215,40615
05-08-2016,15,11816,12583,8802,3555,36756,915,907,1307,3129,39885
05-08-2016,16,11633,12269,8717,3526,36145,894,874,1283,3051,39196
05-08-2016,17,11519,12240,8645,3641,36045,876,856,1255,2987,39032
05-08-2016,18,11443,11977,8647,3572,35639,861,822,1206,2889,38528
05-08-2016,19,11397,11800,8526,3351,35074,839,811,1187,2837,37911
05-08-2016,20,11271,11494,8261,3193,34219,817,813,1195,2825,37044
05-08-2016,21,11132,11374,8459,3127,34092,797,784,1155,2736,36828
05-08-2016,22,11102,10938,8326,2971,33337,726,710,1037,2473,35810
05-08-2016,23,10820,10226,7815,2764,31625,673,643,940,2256,33881
06-08-2016,0,10353,9748,7420,2553,30074,641,607,881,2129,32203
06-08-2016,1,10026,9466,7254,2423,29169,623,587,854,2064,31233
06-08-2016,2,9831,9275,7192,2366,28664,615,570,837,2022,30686
06-08-2016,3,9715,9172,7136,2334,28357,603,593,834,2030,30387
06-08-2016,4,9730,9050,7061,2359,28200,595,568,821,1984,30184
06-08-2016,5,9624,8897,7194,2305,28020,605,576,855,2036,30056
06-08-2016,6,9722,9160,7366,2405,28653,636,628,927,2191,30844
06-08-2016,7,10138,9583,7631,2632,29984,702,699,1024,2425,32409
06-08-2016,8,10588,10215,7878,2918,31599,759,769,1106,2634,34233
06-08-2016,9,11133,10864,8001,3157,33155,792,797,1169,2758,35913
06-08-2016,10,11348,11218,8083,3232,33881,804,798,1176,2778,36659
06-08-2016,11,11481,11358,8139,3243,34221,802,791,1176,2769,36990
06-08-2016,12,11407,11435,8077,3174,34093,793,782,1159,2734,36827
06-08-2016,13,11342,11495,8036,3136,34009,781,774,1145,2700,36709
06-08-2016,14,11278,11454,8013,3115,33860,774,753,1121,2648,36508
06-08-2016,15,11118,11537,8031,3053,33739,766,739,1096,2601,36340
06-08-2016,16,11212,11517,8090,3089,33908,759,736,1093,2588,36496
06-08-2016,17,11352,11605,8165,3226,34348,750,733,1102,2585,36933
06-08-2016,18,11206,11463,8188,3237,34094,744,734,1095,2573,36667
06-08-2016,19,11171,11419,8112,3063,33765,734,731,1088,2553,36318
06-08-2016,20,11131,11266,7921,2930,33248,731,722,1080,2533,35781
06-08-2016,21,11194,11179,8209,2939,33521,737,697,1037,2471,35992
06-08-2016,22,11125,10851,8109,2895,32980,686,629,955,2270,35250
06-08-2016,23,10798,10371,7655,2662,31486,634,573,874,2081,33567
07-08-2016,0,10473,10056,7340,2465,30334,593,531,819,1943,32277
07-08-2016,1,10118,9727,7150,2336,29331,571,505,780,1856,31187
07-08-2016,2,9891,9564,7079,2274,28808,566,498,769,1833,30641
07-08-2016,3,9601,9433,7025,2259,28318,564,496,769,1829,30147
07-08-2016,4,9388,9250,6855,2284,27777,539,483,760,1782,29559
07-08-2016,5,9521,8978,6929,2266,27694,543,491,777,1811,29505
07-08-2016,6,9553,9187,7011,2365,28116,585,546,837,1968,30084
07-08-2016,7,9767,9650,7206,2575,29198,649,623,933,2205,31403
07-08-2016,8,10135,10082,7399,2854,30470,704,690,1017,2411,32881
07-08-2016,9,10628,10679,7611,3096,32014,738,719,1062,2519,34533
07-08-2016,10,11150,11026,7712,3241,33129,749,726,1072,2547,35676
07-08-2016,11,11372,11391,7789,3279,33831,762,723,1064,2549,36380
07-08-2016,12,11388,11380,7823,3292,33883,755,725,1060,2540,36423
07-08-2016,13,11345,11378,7800,3284,33807,750,715,1064,2529,36336
07-08-2016,14,11411,11493,7810,3252,33966,761,714,1040,2515,36481
07-08-2016,15,11431,11498,7842,3236,34007,753,712,1032,2497,36504
07-08-2016,16,11445,11603,7914,3335,34297,763,712,1037,2512,36809
07-08-2016,17,11489,11750,7954,3570,34763,767,713,1043,2523,37286
07-08-2016,18,11450,11826,8006,3591,34873,762,713,1055,2530,37403
07-08-2016,19,11378,11743,7995,3363,34479,756,722,1052,2530,37009
07-08-2016,20,11334,11604,7804,3173,33915,757,727,1064,2548,36463
07-08-2016,21,11335,11632,8227,3123,34317,758,715,1042,2515,36832
07-08-2016,22,11388,11124,8155,2964,33631,691,634,924,2249,35880
07-08-2016,23,10935,10294,7654,2735,31618,632,568,832,2032,33650
08-08-2016,0,10335,9768,7299,2553,29955,595,525,778,1898,31853
08-08-2016,1,9911,9446,7036,2497,28890,576,510,764,1850,30740
08-08-2016,2,9704,9455,6963,2470,28592,575,507,752,1834,30426
08-08-2016,3,9719,9454,6899,2423,28495,576,515,760,1851,30346
08-08-2016,4,9741,9490,6960,2442,28633,568,514,789,1871,30504
08-08-2016,5,9890,9738,7680,2613,29921,651,598,911,2160,32081
08-08-2016,6,10799,11018,8338,3083,33238,773,710,1064,2547,35785
08-08-2016,7,11830,12310,8635,3681,36456,886,833,1169,2888,39344
08-08-2016,8,12466,13069,8861,4029,38425,947,893,1274,3114,41539
08-08-2016,9,12597,13449,8990,4096,39132,966,923,1310,3199,42331
08-08-2016,10,12596,13807,9011,4266,39680,974,932,1317,3223,42903
08-08-2016,11,12685,13715,9079,4278,39757,970,904,1295,3169,42926
08-08-2016,12,12716,13718,8884,4194,39512,992,930,1323,3245,42757
08-08-2016,13,12629,13848,8691,4188,39356,987,933,1304,3224,42580
08-08-2016,14,12601,13647,8665,4133,39046,978,923,1311,3212,42258
08-08-2016,15,12366,13571,8617,3927,38481,958,912,1293,3163,41644
08-08-2016,16,12365,13243,8706,3879,38193,929,883,1258,3070,41263
08-08-2016,17,12302,13049,8576,4032,37959,900,864,1234,2998,40957
08-08-2016,18,12232,12820,8541,3983,37576,875,843,1219,2937,40513
08-08-2016,19,12212,12884,8619,3704,37419,859,824,1206,2889,40308
08-08-2016,20,11996,12676,8329,3506,36507,851,818,1236,2905,39412
08-08-2016,21,11711,12772,8454,3439,36376,839,783,1168,2790,39166
08-08-2016,22,11839,11980,8192,3250,35261,749,690,1030,2469,37730
08-08-2016,23,11136,11069,7712,2932,32849,671,614,942,2227,35076
09-08-2016,0,10852,10704,7391,2704,31651,622,561,887,2070,33721
09-08-2016,1,10498,10572,7168,2570,30808,596,539,862,1997,32805
09-08-2016,2,10292,10420,7137,2519,30368,592,531,848,1971,32339
09-08-2016,3,10253,10340,7187,2512,30292,596,533,854,1983,32275
09-08-2016,4,10321,10340,7260,2575,30496,602,532,874,2008,32504
09-08-2016,5,10460,10510,7869,2704,31543,685,605,999,2289,33832
09-08-2016,6,11266,11306,8456,3161,34189,821,739,1174,2734,36923
09-08-2016,7,12328,13017,8874,3745,37964,938,870,1300,3108,41072
09-08-2016,8,12766,13597,9046,4008,39417,987,934,1385,3306,42723
09-08-2016,9,12913,13873,9178,3692,39656,1001,943,1418,3362,43018
09-08-2016,10,13012,14218,9245,4137,40612,1008,948,1415,3371,43983
09-08-2016,11,12972,14015,9238,4176,40401,996,925,1414,3335,43736
09-08-2016,12,12861,13807,9103,4128,39899,1012,947,1430,3389,43288
09-08-2016,13,12834,13731,9019,4134,39718,1001,946,1414,3361,43079
09-08-2016,14,12817,13804,8984,4068,39673,988,921,1393,3302,42975
09-08-2016,15,12891,13730,8861,3860,39342,957,906,1355,3218,42560
09-08-2016,16,12892,13462,8776,3823,38953,928,878,1319,3125,42078
09-08-2016,17,12722,13408,8695,4093,38918,905,857,1292,3054,41972
09-08-2016,18,12736,13214,8773,3951,38674,882,832,1275,2989,41663
09-08-2016,19,12501,13105,8786,3761,38153,866,818,1272,2956,41109
09-08-2016,20,12573,13102,8553,3560,37788,856,818,1277,2951,40739
09-08-2016,21,12489,13178,8658,3526,37851,842,778,1181,2801,40652
09-08-2016,22,12277,12555,8358,3338,36528,752,686,1045,2483,39011
09-08-2016,23,11614,11764,7863,2979,34220,684,608,961,2253,36473
10-08-2016,0,11073,11014,7548,2754,32389,641,557,889,2087,34476
10-08-2016,1,10608,10702,7324,2629,31263,616,530,858,2004,33267
10-08-2016,2,10521,10532,7305,2570,30928,611,521,838,1970,32898
10-08-2016,3,10469,10320,7351,2581,30721,602,525,845,1972,32693
10-08-2016,4,10521,10453,7362,2632,30968,598,522,875,1995,32963
10-08-2016,5,10746,10716,8012,2811,32285,683,596,994,2273,34558
10-08-2016,6,11704,11822,8724,3298,35548,808,722,1155,2685,38233
10-08-2016,7,12737,13559,9087,3854,39237,923,839,1298,3060,42297
10-08-2016,8,13507,13921,9247,4130,40805,969,905,1363,3237,44042
10-08-2016,9,13630,14148,9262,4248,41288,979,922,1393,3294,44582
10-08-2016,10,13593,14332,9316,4381,41622,981,920,1401,3302,44924
10-08-2016,11,13534,14680,9317,4321,41852,962,891,1390,3243,45095
10-08-2016,12,13422,14711,9238,4260,41631,1000,923,1403,3326,44957
10-08-2016,13,13236,14596,9070,4292,41194,991,919,1378,3288,44482
10-08-2016,14,13000,14224,9061,4204,40489,979,902,1361,3242,43731
10-08-2016,15,12998,13998,8937,4069,40002,957,891,1328,3176,43178
10-08-2016,16,12875,13728,8872,3998,39473,935,864,1298,3097,42570
10-08-2016,17,12980,13545,8826,4210,39561,901,854,1274,3029,42590
10-08-2016,18,12844,13491,8904,4124,39363,889,836,1262,2987,42350
10-08-2016,19,12777,13317,8891,3888,38873,879,830,1268,2977,41850
10-08-2016,20,12814,12931,8596,3718,38059,881,821,1273,2975,41034
10-08-2016,21,12983,12970,8676,3616,38245,846,762,1160,2768,41013
10-08-2016,22,12830,12636,8341,3357,37164,755,669,1016,2440,39604
10-08-2016,23,12212,11671,7829,3015,34727,694,600,933,2227,36954
11-08-2016,0,11666,10983,7512,2795,32956,642,556,881,2079,35035
11-08-2016,1,11201,10519,7402,2682,31804,624,529,849,2002,33806
11-08-2016,2,11032,10331,7311,2627,31301,614,518,834,1966,33267
11-08-2016,3,10886,10471,7287,2632,31276,615,527,844,1986,33262
11-08-2016,4,10913,10590,7413,2662,31578,609,530,877,2016,33594
11-08-2016,5,11222,10807,8065,2825,32919,678,601,988,2267,35186
11-08-2016,6,12047,12013,8816,3320,36196,795,725,1155,2675,38871
11-08-2016,7,13190,13484,9147,3906,39727,920,844,1296,3060,42787
11-08-2016,8,13609,14187,9364,4201,41361,960,904,1351,3215,44576
11-08-2016,9,13516,14490,9376,4238,41620,967,919,1360,3246,44866
11-08-2016,10,13579,14680,9414,4350,42023,967,918,1357,3242,45265
11-08-2016,11,13448,14542,9414,4316,41720,964,894,1348,3206,44926
11-08-2016,12,13333,14401,9354,4262,41350,994,919,1362,3275,44625
11-08-2016,13,13236,14158,9297,4307,40998,983,912,1348,3243,44241
11-08-2016,14,13172,14012,9182,4218,40584,974,896,1328,3198,43782
11-08-2016,15,12952,13959,9104,4107,40122,948,879,1305,3132,43254
11-08-2016,16,12944,13786,9023,4046,39799,929,851,1262,3042,42841
11-08-2016,17,12787,13524,8896,4237,39444,901,834,1247,2982,42426
11-08-2016,18,12687,13221,8961,4143,39012,884,813,1234,2931,41943
11-08-2016,19,12597,13056,8926,3966,38545,873,801,1217,2891,41436
11-08-2016,20,12637,12653,8664,3790,37744,880,807,1245,2932,40676
11-08-2016,21,12682,12628,8793,3697,37800,855,783,1174,2812,40612
11-08-2016,22,12681,12129,8604,3447,36861,772,691,1025,2488,39349
11-08-2016,23,12147,11295,8075,3105,34622,703,613,924,2240,36862
12-08-2016,0,11446,11025,7632,2900,33003,658,560,880,2098,35101
12-08-2016,1,11106,10697,7439,2769,32011,632,536,853,2021,34032
12-08-2016,2,10913,10681,7433,2717,31744,623,533,840,1996,33740
12-08-2016,3,10851,10741,7405,2713,31710,628,541,855,2024,33734
12-08-2016,4,10886,10731,7489,2755,31861,622,538,889,2049,33910
12-08-2016,5,11113,10980,8107,2894,33094,710,609,987,2306,35400
12-08-2016,6,11962,12608,8768,3365,36703,821,725,1141,2687,39390
12-08-2016,7,12926,13765,9065,3956,39712,930,844,1268,3042,42754
12-08-2016,8,13540,14213,9183,4208,41144,967,901,1332,3200,44344
12-08-2016,9,13484,14228,9223,4299,41234,973,915,1337,3225,44459
12-08-2016,10,13727,14650,9162,4357,41896,990,912,1345,3247,45143
12-08-2016,11,13668,14580,9159,4347,41754,979,889,1333,3201,44955
12-08-2016,12,13623,14380,9056,4207,41266,995,910,1355,3260,44526
12-08-2016,13,13490,14114,8901,4110,40615,975,903,1333,3211,43826
12-08-2016,14,13382,13589,8872,3939,39782,951,893,1313,3157,42939
12-08-2016,15,13080,13355,8778,3804,39017,927,865,1286,3078,42095
12-08-2016,16,12990,13151,8708,3781,38630,902,841,1276,3019,41649
12-08-2016,17,12906,13232,8624,3931,38693,869,825,1245,2939,41632
12-08-2016,18,12936,13021,8633,3843,38433,844,800,1225,2869,41302
12-08-2016,19,12672,12474,8563,3565,37274,827,786,1205,2818,40092
12-08-2016,20,12486,12192,8327,3328,36333,838,795,1238,2871,39204
12-08-2016,21,12299,12345,8561,3249,36454,827,770,1176,2773,39227
12-08-2016,22,12051,11993,8339,3046,35429,743,684,1053,2480,37909
12-08-2016,23,11568,10793,7775,2804,32940,675,610,959,2244,35184
13-08-2016,0,11096,10538,7411,2606,31651,635,572,887,2094,33745
13-08-2016,1,10710,10206,7327,2484,30727,613,543,850,2006,32733
13-08-2016,2,10546,10117,7314,2405,30382,603,529,834,1966,32348
13-08-2016,3,10499,10140,7261,2396,30296,600,529,831,1960,32256
13-08-2016,4,10481,10068,7176,2423,30148,582,521,828,1931,32079
13-08-2016,5,10362,10089,7253,2430,30134,598,547,856,2001,32135
13-08-2016,6,10520,10257,7459,2537,30773,644,613,943,2200,32973
13-08-2016,7,10921,10705,7721,2830,32177,713,693,1055,2461,34638
13-08-2016,8,11433,11625,8038,3148,34244,782,762,1149,2693,36937
13-08-2016,9,11965,12385,8141,3344,35835,815,792,1191,2798,38633
13-08-2016,10,12261,12603,8268,3441,36573,830,789,1202,2821,39394
13-08-2016,11,12363,12522,8298,3441,36624,832,791,1194,2817,39441
13-08-2016,12,12236,12607,8293,3387,36523,835,787,1186,2808,39331
13-08-2016,13,12089,12563,8308,3312,36272,828,780,1170,2778,39050
13-08-2016,14,11753,12466,8310,3265,35794,815,765,1151,2731,38525
13-08-2016,15,11571,12281,8301,3210,35363,802,756,1140,2698,38061
13-08-2016,16,11590,12309,8361,3284,35544,796,753,1136,2685,38229
13-08-2016,17,11589,12235,8467,3424,35715,788,749,1129,2666,38381
13-08-2016,18,11613,12366,8527,3390,35896,781,743,1122,2646,38542
13-08-2016,19,11600,12104,8385,3196,35285,773,745,1126,2644,37929
13-08-2016,20,11562,12034,8073,3040,34709,773,758,1157,2688,37397
13-08-2016,21,11563,12217,8330,3034,35144,762,717,1103,2582,37726
13-08-2016,22,11473,11730,8108,2885,34196,707,651,986,2344,36540
13-08-2016,23,11055,10840,7688,2648,32231,654,593,907,2154,34385
14-08-2016,0,10577,10552,7279,2488,30896,618,556,873,2047,32943
14-08-2016,1,10279,10287,7165,2355,30086,585,534,841,1960,32046
14-08-2016,2,10080,10055,7082,2306,29523,576,523,811,1910,31433
14-08-2016,3,10031,10021,7085,2289,29426,585,520,802,1907,31333
14-08-2016,4,9948,10005,6964,2281,29198,568,503,803,1874,31072
14-08-2016,5,9955,9891,7005,2303,29154,580,516,815,1911,31065
14-08-2016,6,9878,10075,7159,2359,29471,613,569,884,2066,31537
14-08-2016,7,10161,10519,7312,2625,30617,683,642,981,2306,32923
14-08-2016,8,10579,11104,7574,2937,32194,744,711,1063,2518,34712
14-08-2016,9,10894,11827,7773,3156,33650,785,746,1112,2643,36293
14-08-2016,10,11272,12120,7916,3275,34583,793,755,1116,2664,37247
14-08-2016,11,11397,12342,7975,3314,35028,800,749,1110,2659,37687
14-08-2016,12,11322,12345,7928,3237,34832,806,747,1106,2659,37491
14-08-2016,13,11181,12252,7934,3240,34607,800,742,1091,2633,37240
14-08-2016,14,11183,12200,7977,3227,34587,793,736,1067,2596,37183
14-08-2016,15,11111,12064,8007,3242,34424,787,729,1059,2575,36999
14-08-2016,16,11194,12236,8042,3284,34756,790,729,1057,2576,37332
14-08-2016,17,11243,12369,8091,3571,35274,795,729,1056,2580,37854
14-08-2016,18,11378,12364,8121,3643,35506,796,725,1056,2577,38083
14-08-2016,19,11471,12578,8198,3455,35702,794,736,1081,2611,38313
14-08-2016,20,11693,12629,8108,3301,35731,808,766,1117,2691,38422
14-08-2016,21,11913,12817,8430,3245,36405,785,728,1067,2580,38985
14-08-2016,22,11698,12105,8314,3071,35188,704,643,949,2296,37484
14-08-2016,23,11275,11297,7850,2824,33246,644,573,863,2080,35326
15-08-2016,0,10609,10631,7540,2640,31420,612,538,812,1962,33382
15-08-2016,1,10334,10545,7300,2544,30723,595,524,785,1904,32627
15-08-2016,2,10121,10526,7223,2484,30354,588,515,772,1875,32229
15-08-2016,3,10121,10630,7236,2453,30440,599,519,773,1891,32331
15-08-2016,4,10184,10688,7355,2538,30765,594,523,770,1887,32652
15-08-2016,5,10346,10902,8074,2767,32089,679,597,794,2070,34159
15-08-2016,6,11209,12319,8752,3218,35498,802,716,884,2402,37900
15-08-2016,7,12475,14090,9044,3844,39453,912,840,980,2732,42185
15-08-2016,8,12893,14748,9233,4163,41037,968,911,1067,2946,43983
15-08-2016,9,12981,14955,9288,4214,41438,989,932,1107,3028,44466
15-08-2016,10,12961,15125,9405,4317,41808,996,930,1116,3042,44850
15-08-2016,11,12949,15208,9382,4346,41885,985,911,1111,3007,44892
15-08-2016,12,12988,15302,9256,4224,41770,1003,941,1105,3049,44819
15-08-2016,13,12908,15117,9212,4306,41543,992,927,1091,3010,44553
15-08-2016,14,12777,14989,9148,4245,41159,981,906,1084,2971,44130
15-08-2016,15,12778,14634,8928,4046,40386,949,890,1071,2910,43296
15-08-2016,16,12666,14131,8821,3995,39613,931,866,1064,2861,42474
15-08-2016,17,12533,14251,8728,4196,39708,905,847,1078,2830,42538
15-08-2016,18,12468,14349,8788,4086,39691,878,823,1085,2786,42477
15-08-2016,19,12409,14009,8699,3889,39006,874,823,1094,2791,41797
15-08-2016,20,12410,13972,8645,3670,38697,884,832,1135,2851,41548
15-08-2016,21,12523,13738,8792,3625,38678,854,773,1059,2686,41364
15-08-2016,22,12359,12749,8483,3338,36929,761,678,926,2365,39294
15-08-2016,23,11598,11727,7914,2980,34219,689,600,842,2131,36350
16-08-2016,0,11006,11192,7521,2757,32476,656,559,801,2016,34492
16-08-2016,1,10710,10705,7377,2686,31478,631,536,774,1941,33419
16-08-2016,2,10569,10711,7329,2624,31233,620,527,636,1783,33016
16-08-2016,3,10481,10731,7286,2627,31125,625,532,791,1948,33073
16-08-2016,4,10496,10739,7333,2708,31276,638,540,833,2011,33287
16-08-2016,5,10664,10891,7882,2882,32319,719,615,947,2281,34600
16-08-2016,6,11477,12052,8517,3397,35443,841,738,1121,2700,38143
16-08-2016,7,12643,13887,8753,4026,39309,969,857,1261,3087,42396
16-08-2016,8,13108,14806,9008,4284,41206,1026,918,1347,3291,44497
16-08-2016,9,13140,15027,9169,4412,41748,1041,935,1370,3346,45094
16-08-2016,10,13177,15146,9188,4492,42003,1050,938,1372,3360,45363
16-08-2016,11,13014,15202,9214,4439,41869,1037,922,1358,3317,45186
16-08-2016,12,12895,15099,9195,4376,41565,1060,951,1380,3391,44956
16-08-2016,13,12853,15164,9143,4403,41563,1049,948,1366,3363,44926
16-08-2016,14,12811,14987,9035,4325,41158,1036,937,1345,3318,44476
16-08-2016,15,12670,14896,8952,4170,40688,1005,922,1310,3237,43925
16-08-2016,16,12614,14576,8966,4083,40239,970,891,1265,3126,43365
16-08-2016,17,12669,14656,8919,4195,40439,956,872,1249,3077,43516
16-08-2016,18,12392,14494,9029,4042,39957,937,855,1239,3031,42988
16-08-2016,19,12407,14469,9014,3903,39793,923,850,1238,3011,42804
16-08-2016,20,12335,14252,8758,3720,39065,928,848,1265,3041,42106
16-08-2016,21,12521,14036,8694,3696,38947,865,776,1131,2772,41719
16-08-2016,22,12253,12704,8406,3451,36814,772,694,982,2448,39262
16-08-2016,23,11609,11867,7888,3118,34482,706,610,907,2223,36705
17-08-2016,0,10935,11102,7495,2865,32397,662,573,847,2082,34479
17-08-2016,1,10607,10694,7359,2748,31408,638,554,827,2019,33427
17-08-2016,2,10423,10596,7319,2691,31029,629,549,818,1996,33025
17-08-2016,3,10361,10702,7385,2697,31145,632,551,826,2009,33154
17-08-2016,4,10452,10872,7497,2751,31572,639,564,865,2068,33640
17-08-2016,5,10654,11123,8128,2960,32865,714,634,977,2325,35190
17-08-2016,6,11411,12264,8747,3457,35879,837,749,1145,2731,38610
17-08-2016,7,12559,14020,9015,4013,39607,953,872,1292,3117,42724
17-08-2016,8,13062,15187,9206,4253,41708,1011,941,1358,3310,45018
17-08-2016,9,13081,15434,9247,4340,42102,1026,960,1383,3369,45471
17-08-2016,10,13177,15573,9275,4420,42445,1028,952,1378,3358,45803
17-08-2016,11,13017,15444,9378,4426,42265,1020,922,1371,3313,45578
17-08-2016,12,12832,15383,9284,4367,41866,1042,947,1397,3386,45252
17-08-2016,13,12819,15438,9081,4392,41730,1028,942,1376,3346,45076
17-08-2016,14,12815,15265,8959,4308,41347,1016,925,1364,3305,44652
17-08-2016,15,12799,15011,8928,4155,40893,981,910,1332,3223,44116
17-08-2016,16,12681,14590,8851,4065,40187,953,881,1292,3126,43313
17-08-2016,17,12462,14866,8780,4271,40379,933,871,1260,3064,43443
17-08-2016,18,12385,14603,8883,4147,40018,907,853,1255,3015,43033
17-08-2016,19,12307,14308,8853,3934,39402,892,848,1255,2995,42397
17-08-2016,20,12213,14345,8587,3751,38896,905,846,1284,3035,41931
17-08-2016,21,12271,13986,8656,3714,38627,849,784,1170,2803,41430
17-08-2016,22,11977,12999,8254,3469,36699,755,685,1008,2448,39147
17-08-2016,23,11259,12211,7743,3155,34368,689,612,941,2242,36610
18-08-2016,0,10732,11620,7398,2854,32604,634,567,865,2066,34670
18-08-2016,1,10411,11329,7229,2701,31670,617,543,840,2000,33670
18-08-2016,2,10299,11252,7134,2647,31332,622,537,832,1991,33323
18-08-2016,3,10256,11153,7332,2665,31406,631,543,840,2014,33420
18-08-2016,4,10357,11177,7435,2736,31705,639,550,877,2066,33771
18-08-2016,5,10583,11421,7946,2934,32884,714,621,989,2324,35208
18-08-2016,6,11173,12715,8637,3430,35955,836,742,1154,2732,38687
18-08-2016,7,12552,14158,9059,3966,39735,954,867,1298,3119,42854
18-08-2016,8,12826,14696,9242,4188,40952,1005,931,1372,3308,44260
18-08-2016,9,12833,15134,9241,4309,41517,1016,950,1389,3355,44872
18-08-2016,10,12939,15345,9288,4393,41965,1025,947,1385,3357,45322
18-08-2016,11,12859,15390,9285,4378,41912,1015,922,1377,3314,45226
18-08-2016,12,12772,15596,9210,4346,41924,1025,946,1407,3378,45302
18-08-2016,13,12770,15541,9133,4316,41760,1017,942,1397,3356,45116
18-08-2016,14,12632,15359,9109,4238,41338,1006,931,1381,3318,44656
18-08-2016,15,12607,15342,9002,4088,41039,981,916,1340,3237,44276
18-08-2016,16,12472,15000,8945,4091,40508,953,880,1311,3144,43652
18-08-2016,17,12312,15159,8877,4264,40612,926,860,1287,3073,43685
18-08-2016,18,12208,14709,8904,4156,39977,901,844,1263,3008,42985
18-08-2016,19,12095,14452,8829,3930,39306,897,835,1267,2999,42305
18-08-2016,20,12203,14599,8639,3757,39198,918,846,1292,3056,42254
18-08-2016,21,12301,14431,8678,3741,39151,848,776,1166,2790,41941
18-08-2016,22,11969,13315,8364,3445,37093,765,684,1009,2458,39551
18-08-2016,23,11362,12307,7841,3091,34601,702,610,926,2238,36839
19-08-2016,0,10607,11488,7460,2849,32404,654,562,865,2081,34485
19-08-2016,1,10356,11136,7285,2734,31511,634,540,831,2005,33516
19-08-2016,2,10172,11144,7215,2689,31220,622,535,817,1974,33194
19-08-2016,3,10144,11065,7284,2705,31198,626,544,826,1996,33194
19-08-2016,4,10205,11115,7494,2756,31570,629,553,863,2045,33615
19-08-2016,5,10404,11546,8136,2937,33023,708,617,976,2301,35324
19-08-2016,6,11086,12789,8799,3439,36113,829,741,1148,2718,38831
19-08-2016,7,12240,14413,9134,4023,39810,930,856,1294,3080,42890
19-08-2016,8,12802,15073,9367,4295,41537,977,919,1353,3249,44786
19-08-2016,9,12738,15262,9294,4397,41691,988,938,1373,3299,44990
19-08-2016,10,12733,15517,9282,4473,42005,986,933,1382,3301,45306
19-08-2016,11,12692,15707,9257,4436,42092,979,907,1370,3256,45348
19-08-2016,12,12599,15459,9126,4309,41493,996,930,1397,3323,44816
19-08-2016,13,12578,15127,9024,4236,40965,981,921,1378,3280,44245
19-08-2016,14,12457,14785,8943,4077,40262,976,902,1354,3232,43494
19-08-2016,15,12330,14378,8827,3954,39489,951,891,1332,3174,42663
19-08-2016,16,12114,14087,8772,3927,38900,930,862,1305,3097,41997
19-08-2016,17,11967,14218,8691,4042,38918,902,851,1275,3028,41946
19-08-2016,18,11859,13917,8696,3984,38456,883,839,1263,2985,41441
19-08-2016,19,11902,13563,8643,3731,37839,870,831,1252,2953,40792
19-08-2016,20,11828,13208,8476,3544,37056,893,849,1300,3042,40098
19-08-2016,21,11729,13105,8563,3516,36913,840,791,1198,2829,39742
19-08-2016,22,11437,12393,8210,3255,35295,750,704,1048,2502,37797
19-08-2016,23,11024,11766,7697,2972,33459,681,628,962,2271,35730
20-08-2016,0,10576,11095,7347,2857,31875,623,576,901,2100,33975
20-08-2016,1,10387,10589,7175,2715,30866,610,551,870,2031,32897
20-08-2016,2,10092,10398,7179,2638,30307,599,538,849,1986,32293
20-08-2016,3,9948,10314,7193,2599,30054,592,536,848,1976,32030
20-08-2016,4,9857,10265,7094,2591,29807,578,529,855,1962,31769
20-08-2016,5,9832,10138,7139,2633,29742,587,547,876,2010,31752
20-08-2016,6,9907,10288,7427,2731,30353,650,616,977,2243,32596
20-08-2016,7,10388,10793,7732,3015,31928,725,703,1094,2522,34450
20-08-2016,8,10689,11550,7960,3324,33523,779,771,1194,2744,36267
20-08-2016,9,11380,12289,8131,3564,35364,808,799,1230,2837,38201
20-08-2016,10,11676,12842,8224,3706,36448,810,802,1232,2844,39292
20-08-2016,11,11785,12878,8194,3690,36547,798,793,1222,2813,39360
20-08-2016,12,11698,12722,8136,3608,36164,792,788,1208,2788,38952
20-08-2016,13,11466,12532,8089,3539,35626,781,785,1193,2759,38385
20-08-2016,14,11398,12490,8093,3480,35461,774,771,1179,2724,38185
20-08-2016,15,11443,12482,8159,3479,35563,777,770,1176,2723,38286
20-08-2016,16,11488,12485,8226,3501,35700,776,765,1167,2708,38408
20-08-2016,17,11818,12555,8306,3696,36375,777,766,1161,2704,39079
20-08-2016,18,11920,12345,8342,3651,36258,764,749,1152,2665,38923
20-08-2016,19,11906,12070,8279,3465,35720,761,747,1146,2654,38374
20-08-2016,20,11823,11996,8156,3313,35288,798,787,1190,2775,38063
20-08-2016,21,11680,11839,8352,3268,35139,766,734,1104,2604,37743
20-08-2016,22,11436,11378,8109,3076,33999,696,658,977,2331,36330
20-08-2016,23,10983,10903,7636,2851,32373,641,597,894,2132,34505
21-08-2016,0,10513,10588,7301,2683,31085,608,558,838,2004,33089
21-08-2016,1,10193,10504,7109,2571,30377,590,538,804,1932,32309
21-08-2016,2,10074,10215,7056,2486,29831,590,531,788,1909,31740
21-08-2016,3,10035,10034,7064,2456,29589,582,529,786,1897,31486
21-08-2016,4,9956,10135,6909,2450,29450,560,523,790,1873,31323
21-08-2016,5,9890,10064,6930,2484,29368,567,527,800,1894,31262
21-08-2016,6,9871,10097,7051,2515,29534,604,577,889,2070,31604
21-08-2016,7,10000,10322,7236,2740,30298,672,658,997,2327,32625
21-08-2016,8,10430,11107,7518,3070,32125,745,733,1104,2582,34707
21-08-2016,9,10914,11892,7773,3330,33909,785,774,1156,2715,36624
21-08-2016,10,11221,12407,7948,3447,35023,788,778,1158,2724,37747
21-08-2016,11,11202,12874,7963,3483,35522,780,772,1153,2705,38227
21-08-2016,12,11451,13072,8015,3443,35981,778,773,1151,2702,38683
21-08-2016,13,11338,12978,7990,3369,35675,780,773,1140,2693,38368
21-08-2016,14,11226,12891,7976,3372,35465,784,768,1127,2679,38144
21-08-2016,15,11256,12766,8031,3350,35403,785,764,1121,2670,38073
21-08-2016,16,11258,12742,8064,3432,35496,786,764,1129,2679,38175
21-08-2016,17,11379,13037,8172,3698,36286,783,768,1151,2702,38988
21-08-2016,18,11413,12998,8221,3745,36377,791,763,1153,2707,39084
21-08-2016,19,11498,13007,8223,3545,36273,800,781,1184,2765,39038
21-08-2016,20,11641,13194,8164,3372,36371,839,818,1243,2900,39271
21-08-2016,21,11840,13075,8306,3406,36627,777,753,1136,2666,39293
21-08-2016,22,11650,12186,8125,3159,35120,705,660,992,2357,37477
21-08-2016,23,11011,11251,7703,2942,32907,640,593,906,2139,35046
22-08-2016,0,10459,10563,7357,2768,31147,609,554,855,2018,33165
22-08-2016,1,10182,10468,7169,2671,30490,591,535,827,1953,32443
22-08-2016,2,9996,10343,7110,2643,30092,589,528,815,1932,32024
22-08-2016,3,10016,10539,7152,2648,30355,591,531,824,1946,32301
22-08-2016,4,10190,10678,7323,2695,30886,608,548,872,2028,32914
22-08-2016,5,10450,11219,7938,2930,32537,692,622,1006,2320,34857
22-08-2016,6,11417,12604,8666,3379,36066,819,747,1178,2744,38810
22-08-2016,7,12711,14361,8997,3895,39964,945,871,1322,3138,43102
22-08-2016,8,13111,15074,9144,4190,41519,1000,937,1404,3341,44860
22-08-2016,9,13162,14999,9278,4303,41742,1016,962,1442,3420,45162
22-08-2016,10,13071,15426,9337,4411,42245,1028,963,1415,3406,45651
22-08-2016,11,13003,15300,9317,4413,42033,1019,941,1420,3380,45413
22-08-2016,12,12939,15233,9246,4320,41738,1046,964,1476,3486,45224
22-08-2016,13,12838,15054,9179,4372,41443,1012,979,1467,3458,44901
22-08-2016,14,12685,14686,9128,4289,40788,1033,953,1452,3438,44226
22-08-2016,15,12671,14752,8997,4124,40544,998,933,1420,3351,43895
22-08-2016,16,12729,14581,8952,4103,40365,966,914,1355,3235,43600
22-08-2016,17,12616,14795,8846,4340,40597,949,892,1333,3174,43771
22-08-2016,18,12424,14241,8801,4264,39730,919,869,1331,3119,42849
22-08-2016,19,12380,14070,8762,4093,39305,919,866,1339,3124,42429
22-08-2016,20,12418,13973,8579,3953,38923,933,876,1363,3172,42095
22-08-2016,21,12442,13614,8561,3818,38435,860,782,1209,2851,41286
22-08-2016,22,12074,12548,8202,3485,36309,765,684,1060,2509,38818
22-08-2016,23,11343,11527,7638,3123,33631,696,615,971,2282,35913
23-08-2016,0,10752,10967,7294,2924,31937,658,574,926,2158,34095
23-08-2016,1,10425,10746,7106,2794,31071,644,558,903,2105,33176
23-08-2016,2,10308,10564,7015,2727,30614,633,547,889,2069,32683
23-08-2016,3,10245,10352,7102,2745,30444,625,545,890,2060,32504
23-08-2016,4,10313,10571,7334,2829,31047,638,559,931,2128,33175
23-08-2016,5,10655,10930,8008,3020,32613,704,630,1044,2378,34991
23-08-2016,6,11367,12512,8669,3559,36107,824,755,1211,2790,38897
23-08-2016,7,12690,14058,9015,4135,39898,937,875,1351,3163,43061
23-08-2016,8,13096,14749,9181,4390,41416,991,942,1372,3305,44721
23-08-2016,9,13088,14680,9185,4435,41388,998,962,1411,3371,44759
23-08-2016,10,13027,14921,9181,4495,41624,1004,954,1409,3367,44991
23-08-2016,11,12993,15029,9149,4483,41654,990,920,1405,3315,44969
23-08-2016,12,12850,14997,9097,4398,41342,1007,944,1443,3394,44736
23-08-2016,13,12877,14884,9028,4393,41182,1004,938,1416,3358,44540
23-08-2016,14,12907,14761,8982,4326,40976,993,932,1407,3332,44308
23-08-2016,15,12892,14665,8845,4175,40577,967,916,1375,3258,43835
23-08-2016,16,12873,14344,8737,4132,40086,946,875,1334,3155,43241
23-08-2016,17,12698,14481,8707,4295,40181,913,859,1317,3089,43270
23-08-2016,18,12527,14168,8716,4180,39591,887,839,1296,3022,42613
23-08-2016,19,12485,13911,8788,3963,39147,877,836,1316,3029,42176
23-08-2016,20,12513,13865,8612,3818,38808,908,869,1344,3121,41929
23-08-2016,21,12684,13360,8641,3763,38448,846,782,1193,2821,41269
23-08-2016,22,12264,12378,8241,3443,36326,759,690,1042,2491,38817
23-08-2016,23,11438,11549,7700,3106,33793,692,623,978,2293,36086
24-08-2016,0,10806,10960,7358,2886,32010,640,577,912,2129,34139
24-08-2016,1,10491,10806,7112,2767,31176,618,557,880,2055,33231
24-08-2016,2,10430,10829,7096,2743,31098,611,543,871,2025,33123
24-08-2016,3,10313,10730,7142,2742,30927,612,546,876,2034,32961
24-08-2016,4,10285,10882,7314,2792,31273,632,558,899,2089,33362
24-08-2016,5,10448,10942,8000,2983,32373,709,626,1015,2350,34723
24-08-2016,6,11289,12140,8634,3472,35535,833,748,1184,2765,38300
24-08-2016,7,12710,13938,8860,4010,39518,948,872,1329,3149,42667
24-08-2016,8,12932,14791,9006,4306,41035,1004,934,1396,3334,44369
24-08-2016,9,12896,15009,9073,4367,41345,1022,954,1413,3389,44734
24-08-2016,10,12988,15246,9059,4465,41758,1034,943,1408,3385,45143
24-08-2016,11,12815,15268,9057,4437,41577,1028,927,1387,3342,44919
24-08-2016,12,12782,15188,8937,4426,41333,1043,950,1413,3406,44739
24-08-2016,13,12881,15227,8846,4449,41403,1025,940,1403,3368,44771
24-08-2016,14,12973,15142,8777,4344,41236,1024,927,1353,3304,44540
24-08-2016,15,12886,14970,8712,4184,40752,990,914,1356,3260,44012
24-08-2016,16,12795,14480,8698,4137,40110,965,877,1317,3159,43269
24-08-2016,17,12676,14609,8634,4261,40180,852,859,1297,3008,43188
24-08-2016,18,12628,14317,8745,4153,39843,957,836,1279,3072,42915
24-08-2016,19,12656,14200,8818,3906,39580,906,836,1277,3019,42599
24-08-2016,20,12583,14089,8714,3778,39164,955,863,1346,3164,42328
24-08-2016,21,12453,13679,8748,3771,38651,900,788,1196,2884,41535
24-08-2016,22,11944,12506,8464,3451,36365,781,687,1060,2528,38893
24-08-2016,23,11239,11472,7876,3098,33685,660,607,974,2241,35926
25-08-2016,0,10641,10892,7563,2871,31967,584,569,898,2051,34018
25-08-2016,1,10401,10566,7385,2750,31102,626,551,871,2048,33150
25-08-2016,2,10278,10371,7367,2679,30695,635,535,862,2032,32727
25-08-2016,3,10219,10359,7454,2707,30739,637,538,870,2045,32784
25-08-2016,4,10293,10551,7657,2748,31249,640,554,905,2099,33348
25-08-2016,5,10461,10842,8229,2959,32491,707,619,1019,2345,34836
25-08-2016,6,11470,12551,8932,3444,36397,845,741,1185,2771,39168
25-08-2016,7,12687,14058,9210,4031,39986,961,862,1326,3149,43135
25-08-2016,8,13029,14724,9346,4338,41437,1006,925,1391,3322,44759
25-08-2016,9,13066,14918,9317,4438,41739,1007,944,1421,3372,45111
25-08-2016,10,13118,15262,9366,4569,42315,1025,941,1426,3392,45707
25-08-2016,11,13131,15281,9367,4549,42328,1011,918,1418,3347,45675
25-08-2016,12,13040,15116,9337,4475,41968,1032,945,1440,3417,45385
25-08-2016,13,12991,15176,9237,4455,41859,1029,943,1427,3399,45258
25-08-2016,14,13046,14894,9182,4378,41500,1017,932,1409,3358,44858
25-08-2016,15,12998,14872,9001,4242,41113,985,918,1382,3285,44398
25-08-2016,16,13155,14760,8968,4156,41039,959,890,1348,3197,44236
25-08-2016,17,12993,14838,8950,4276,41057,935,870,1321,3126,44183
25-08-2016,18,12826,14528,9096,4160,40610,911,832,1294,3037,43647
25-08-2016,19,12771,14450,9143,3952,40316,911,834,1298,3043,43359
25-08-2016,20,12698,14321,9035,3821,39875,941,870,1346,3157,43032
25-08-2016,21,12590,13491,8992,3831,38904,866,782,1191,2839,41743
25-08-2016,22,12126,12611,8646,3528,36911,764,684,1036,2484,39395
25-08-2016,23,11430,11554,8088,3180,34252,694,610,935,2239,36491
26-08-2016,0,11019,11181,7652,2910,32762,655,572,886,2113,34875
26-08-2016,1,10600,10882,7529,2767,31778,637,551,862,2050,33828
26-08-2016,2,10426,10615,7508,2699,31248,627,540,847,2014,33262
26-08-2016,3,10403,10646,7597,2697,31343,631,548,854,2033,33376
26-08-2016,4,10409,10669,7811,2743,31632,658,566,885,2109,33741
26-08-2016,5,10625,11145,8463,2952,33185,742,625,1000,2367,35552
26-08-2016,6,11375,12615,9041,3387,36418,861,747,1159,2767,39185
26-08-2016,7,12662,14268,9243,3965,40138,975,867,1304,3146,43284
26-08-2016,8,13170,15196,9350,4299,42015,1025,929,1373,3327,45342
26-08-2016,9,13051,15327,9324,4405,42107,1028,945,1390,3363,45470
26-08-2016,10,13141,15362,9295,4503,42301,1034,943,1391,3368,45669
26-08-2016,11,13100,15434,9284,4436,42254,1027,917,1380,3324,45578
26-08-2016,12,13010,14949,9218,4260,41437,1043,946,1402,3391,44828
26-08-2016,13,12848,14582,9144,4146,40720,1024,943,1390,3357,44077
26-08-2016,14,12684,14420,9095,3942,40141,1011,930,1370,3311,43452
26-08-2016,15,12597,14044,8963,3807,39411,979,913,1345,3237,42648
26-08-2016,16,12441,13613,8932,3741,38727,951,884,1320,3155,41882
26-08-2016,17,12413,13394,8798,3819,38424,915,856,1303,3074,41498
26-08-2016,18,12371,13049,8782,3764,37966,888,828,1266,2982,40948
26-08-2016,19,12181,12811,8928,3619,37539,874,827,1254,2955,40494
26-08-2016,20,11875,12706,8846,3514,36941,906,859,1303,3068,40009
26-08-2016,21,11810,12458,8757,3451,36476,835,779,1173,2787,39263
26-08-2016,22,11419,11785,8342,3172,34718,745,686,1020,2451,37169
26-08-2016,23,11181,11040,7698,2873,32792,680,623,925,2228,35020
27-08-2016,0,10727,10587,7396,2640,31350,633,579,870,2082,33432
27-08-2016,1,10280,10244,7235,2506,30265,615,557,838,2010,32275
27-08-2016,2,9910,9930,7193,2436,29469,597,548,828,1973,31442
27-08-2016,3,9906,9878,7228,2432,29444,594,549,821,1964,31408
27-08-2016,4,10018,9929,7261,2444,29652,598,548,833,1979,31631
27-08-2016,5,10113,9955,7268,2480,29816,600,557,850,2007,31823
27-08-2016,6,10044,9845,7481,2547,29917,653,621,948,2222,32139
27-08-2016,7,10444,10688,7745,2819,31696,737,716,1090,2543,34239
27-08-2016,8,10989,11681,8017,3174,33861,800,788,1171,2759,36620
27-08-2016,9,11657,12053,8166,3374,35250,826,809,1225,2860,38110
27-08-2016,10,11934,12253,8224,3519,35930,826,809,1233,2868,38798
27-08-2016,11,11894,12454,8267,3488,36103,823,791,1220,2834,38937
27-08-2016,12,11893,12198,8228,3406,35725,814,787,1212,2813,38538
27-08-2016,13,11622,11923,8142,3397,35084,797,785,1189,2771,37855
27-08-2016,14,11595,11924,8164,3312,34995,783,768,1170,2721,37716
27-08-2016,15,11548,12245,8209,3249,35251,775,759,1157,2691,37942
27-08-2016,16,11509,12312,8284,3307,35412,772,755,1153,2680,38092
27-08-2016,17,11582,12352,8350,3417,35701,765,750,1155,2670,38371
27-08-2016,18,11675,12560,8411,3423,36069,772,734,1145,2651,38720
27-08-2016,19,11594,12373,8397,3277,35641,767,740,1154,2661,38302
27-08-2016,20,11570,12356,8322,3228,35476,805,778,1204,2787,38263
27-08-2016,21,11651,12053,8421,3209,35334,764,712,1105,2581,37915
27-08-2016,22,11358,11317,8216,2951,33842,693,636,982,2311,36153
27-08-2016,23,11015,10672,7804,2763,32254,650,579,913,2142,34396
28-08-2016,0,10725,10317,7470,2595,31107,614,541,855,2010,33117
28-08-2016,1,10434,10082,7195,2471,30182,596,525,831,1952,32134
28-08-2016,2,10385,10100,7074,2406,29965,587,517,818,1922,31887
28-08-2016,3,10381,10066,7124,2411,29982,584,518,817,1919,31901
28-08-2016,4,10261,9997,7097,2372,29727,582,517,826,1925,31652
28-08-2016,5,10222,9785,6993,2377,29377,571,518,832,1921,31298
28-08-2016,6,10308,10009,7095,2447,29859,610,563,896,2069,31928
28-08-2016,7,10459,10378,7342,2658,30837,677,639,1003,2319,33156
28-08-2016,8,10919,11031,7641,2932,32523,756,706,1101,2563,35086
28-08-2016,9,11390,11864,7868,3127,34249,785,743,1148,2676,36925
28-08-2016,10,11683,12207,7998,3296,35184,789,746,1147,2682,37866
28-08-2016,11,11756,12370,8005,3371,35502,784,743,1150,2677,38179
28-08-2016,12,11755,12695,7969,3410,35829,781,739,1156,2676,38505
28-08-2016,13,11751,12791,7933,3390,35865,777,735,1154,2666,38531
28-08-2016,14,11848,12822,7882,3334,35886,776,728,1139,2643,38529
28-08-2016,15,11824,12817,7898,3338,35877,776,729,1140,2645,38522
28-08-2016,16,11879,12902,7984,3411,36176,786,733,1147,2666,38842
28-08-2016,17,11991,13118,8036,3715,36860,784,733,1145,2662,39522
28-08-2016,18,12171,13297,8239,3742,37449,793,744,1154,2691,40140
28-08-2016,19,12339,13411,8359,3547,37656,820,784,1189,2793,40449
28-08-2016,20,12441,13733,8363,3451,37988,832,792,1230,2854,40842
28-08-2016,21,12488,13089,8444,3339,37360,760,705,1106,2571,39931
28-08-2016,22,12157,12280,8309,3031,35777,683,619,977,2279,38056
28-08-2016,23,11547,11477,7806,2806,33636,621,559,897,2077,35713
29-08-2016,0,10845,10717,7517,2649,31728,584,528,843,1955,33683
29-08-2016,1,10572,10413,7398,2541,30924,569,511,814,1894,32818
29-08-2016,2,10467,10374,7381,2491,30713,565,506,804,1875,32588
29-08-2016,3,10467,10402,7544,2484,30897,576,513,812,1901,32798
29-08-2016,4,10529,10540,7780,2566,31415,608,532,848,1988,33403
29-08-2016,5,10783,11065,8437,2774,33059,682,598,985,2265,35324
29-08-2016,6,11797,12937,9111,3258,37103,812,724,1169,2705,39808
29-08-2016,7,13249,14556,9243,3827,40875,938,855,1324,3117,43992
29-08-2016,8,13501,15026,9424,4119,42070,994,919,1391,3304,45374
29-08-2016,9,13418,15010,9429,4221,42078,1009,933,1412,3354,45432
29-08-2016,10,13483,15362,9429,4324,42598,1013,935,1430,3378,45976
29-08-2016,11,13434,15203,9352,4278,42267,1012,912,1428,3352,45619
29-08-2016,12,13263,15070,9255,4186,41774,1038,953,1457,3448,45222
29-08-2016,13,13026,15092,9233,4180,41531,1031,949,1444,3424,44955
29-08-2016,14,13096,15246,9144,4087,41573,1014,932,1422,3368,44941
29-08-2016,15,13041,14882,9096,3964,40983,979,911,1394,3284,44267
29-08-2016,16,13032,14634,9041,3890,40597,943,876,1338,3157,43754
29-08-2016,17,12881,14811,8988,4060,40740,914,854,1312,3080,43820
29-08-2016,18,12600,14570,9041,3937,40148,894,832,1294,3020,43168
29-08-2016,19,12604,14488,9044,3760,39896,903,845,1319,3067,42963
29-08-2016,20,12735,14659,8890,3661,39945,906,855,1346,3107,43052
29-08-2016,21,12888,13852,8735,3551,39026,823,760,1177,2760,41786
29-08-2016,22,12353,12577,8377,3247,36554,731,666,1018,2415,38969
29-08-2016,23,11608,11683,7888,2931,34110,663,596,952,2211,36321
30-08-2016,0,11010,11109,7580,2739,32438,631,557,879,2067,34505
30-08-2016,1,10680,11223,7421,2627,31951,615,539,845,1999,33950
30-08-2016,2,10667,11101,7402,2588,31758,602,528,837,1967,33725
30-08-2016,3,10662,11053,7515,2608,31838,602,532,843,1977,33815
30-08-2016,4,10727,11160,7765,2679,32331,630,551,882,2063,34394
30-08-2016,5,11012,11766,8381,2949,34108,700,620,1014,2334,36442
30-08-2016,6,12035,13125,8989,3437,37586,830,742,1190,2762,40348
30-08-2016,7,13381,14775,9216,4016,41388,948,869,1328,3145,44533
30-08-2016,8,13712,15195,9272,4292,42471,1006,930,1386,3322,45793
30-08-2016,9,13470,15410,9208,4323,42411,1016,946,1396,3358,45769
30-08-2016,10,13376,14927,9174,4390,41867,1031,940,1401,3372,45239
30-08-2016,11,13243,14546,9149,4354,41292,1026,910,1384,3320,44612
30-08-2016,12,13185,14988,9019,4299,41491,1043,939,1394,3376,44867
30-08-2016,13,13110,14700,9006,4306,41122,1028,935,1370,3333,44455
30-08-2016,14,12997,14513,8969,4210,40689,1013,914,1346,3273,43962
30-08-2016,15,12970,14352,8908,4063,40293,984,897,1316,3197,43490
30-08-2016,16,13060,14162,8875,4025,40122,952,859,1284,3095,43217
30-08-2016,17,12955,14532,8826,4224,40537,921,842,1278,3041,43578
30-08-2016,18,12882,14464,8941,4121,40408,892,819,1266,2977,43385
30-08-2016,19,12760,14262,9086,3913,40021,889,821,1294,3004,43025
30-08-2016,20,12828,14357,8910,3827,39922,919,837,1313,3069,42991
30-08-2016,21,12839,13809,8793,3713,39154,837,749,1149,2735,41889
30-08-2016,22,12249,12585,8454,3390,36678,742,649,1017,2408,39086
30-08-2016,23,11476,11585,7821,3048,33930,674,579,936,2189,36119
31-08-2016,0,11109,10875,7524,2825,32333,643,544,875,2062,34395
31-08-2016,1,10678,10707,7294,2730,31409,622,528,855,2005,33414
31-08-2016,2,10361,10773,7241,2680,31055,614,518,846,1978,33033
31-08-2016,3,10358,10966,7371,2680,31375,616,523,853,1992,33367
31-08-2016,4,10508,11193,7609,2769,32079,645,546,899,2090,34169
31-08-2016,5,10982,11632,8349,3004,33967,721,611,1014,2346,36313
31-08-2016,6,11871,13156,8939,3510,37476,840,728,1179,2747,40223
31-08-2016,7,13059,14896,9096,4057,41108,948,852,1318,3118,44226
31-08-2016,8,13385,15329,9219,4320,42253,987,917,1380,3284,45537
31-08-2016,9,13385,15267,9188,4405,42245,997,928,1391,3316,45561
31-08-2016,10,13277,15338,9127,4492,42234,1004,924,1388,3316,45550
31-08-2016,11,13104,15339,9111,4510,42064,983,898,1386,3267,45331
31-08-2016,12,12887,15022,9062,4399,41370,1009,918,1414,3341,44711
31-08-2016,13,12810,15068,8957,4412,41247,989,912,1422,3323,44570
31-08-2016,14,12915,15243,8858,4311,41327,985,900,1413,3298,44625
31-08-2016,15,13013,15149,8842,4172,41176,954,879,1383,3216,44392
31-08-2016,16,13161,14730,8853,4123,40867,934,854,1332,3120,43987
31-08-2016,17,13038,14976,8767,4228,41009,909,844,1306,3059,44068
31-08-2016,18,12808,14594,8893,4140,40435,893,821,1308,3022,43457
31-08-2016,19,12736,14575,9136,3940,40387,913,849,1355,3117,43504
31-08-2016,20,12962,14754,8997,3866,40579,943,868,1374,3185,43764
31-08-2016,21,12761,14153,8836,3733,39483,852,769,1217,2838,42321
31-08-2016,22,12119,12842,8457,3394,36812,750,661,1052,2463,39275
31-08-2016,23,11336,11840,7913,3015,34104,670,583,960,2213,36317
01-09-2016,0,10866,11197,7403,2781,32247,643,554,889,2086,34333
01-09-2016,1,10525,10895,7299,2686,31405,621,536,865,2022,33427
01-09-2016,2,10476,10843,7344,2629,31292,608,526,855,1989,33281
01-09-2016,3,10396,11002,7391,2644,31433,610,534,862,2006,33439
01-09-2016,4,10395,11180,7666,2715,31956,643,555,904,2102,34058
01-09-2016,5,10641,11528,8322,2933,33424,712,623,1032,2367,35791
01-09-2016,6,11428,13011,8988,3415,36842,846,751,1222,2819,39661
01-09-2016,7,12651,14591,9352,3975,40569,957,859,1360,3176,43745
01-09-2016,8,12916,15153,9550,4256,41875,1004,896,1386,3286,45161
01-09-2016,9,12944,15106,9590,4306,41946,1004,898,1363,3265,45211
01-09-2016,10,12931,15095,9653,4436,42115,999,894,1364,3257,45372
01-09-2016,11,12903,14818,9604,4429,41754,988,878,1372,3238,44992
01-09-2016,12,12960,14791,9429,4316,41496,1005,901,1407,3313,44809
01-09-2016,13,12848,15047,9244,4305,41444,992,899,1401,3292,44736
01-09-2016,14,12873,14907,9202,4228,41210,977,882,1390,3249,44459
01-09-2016,15,12897,14742,9134,4057,40830,952,875,1364,3191,44021
01-09-2016,16,12864,14517,9077,3997,40455,899,841,1317,3057,43512
01-09-2016,17,12788,14789,8909,4140,40626,878,824,1297,2999,43625
01-09-2016,18,12697,14590,8954,4020,40261,867,810,1278,2955,43216
01-09-2016,19,12736,14530,9082,3864,40212,892,834,1320,3046,43258
01-09-2016,20,12761,14644,9030,3809,40244,901,845,1328,3074,43318
01-09-2016,21,12748,14002,8860,3643,39253,825,748,1166,2739,41992
01-09-2016,22,12292,12862,8413,3295,36862,732,640,1011,2383,39245
01-09-2016,23,11563,12066,7756,2947,34332,650,576,930,2156,36488
02-09-2016,0,10913,10882,7419,2702,31916,619,542,871,2032,33948
02-09-2016,1,10653,10605,7335,2591,31184,602,523,847,1972,33156
02-09-2016,2,10530,10727,7346,2550,31153,593,515,839,1947,33100
02-09-2016,3,10414,10683,7467,2559,31123,596,520,853,1969,33092
02-09-2016,4,10497,10455,7750,2643,31345,626,545,902,2073,33418
02-09-2016,5,10805,11069,8323,2840,33037,703,623,1055,2381,35418
02-09-2016,6,11861,12697,8997,3357,36912,832,750,1216,2798,39710
02-09-2016,7,13059,14310,9306,3895,40570,946,855,1340,3141,43711
02-09-2016,8,13397,14947,9439,4183,41966,990,908,1392,3290,45256
02-09-2016,9,13286,14999,9387,4270,41942,1004,915,1392,3311,45253
02-09-2016,10,13306,14971,9428,4380,42085,1011,908,1390,3309,45394
02-09-2016,11,13184,14925,9355,4313,41777,1007,888,1389,3284,45061
02-09-2016,12,12971,14615,9227,4143,40956,1022,916,1414,3352,44308
02-09-2016,13,12803,14353,9210,4058,40424,1000,903,1393,3296,43720
02-09-2016,14,12774,13976,9074,3893,39717,980,874,1361,3215,42932
02-09-2016,15,12788,13910,9014,3738,39450,949,851,1329,3129,42579
02-09-2016,16,12616,13816,8974,3724,39130,922,820,1286,3028,42158
02-09-2016,17,12450,13911,8785,3879,39025,899,803,1259,2961,41986
02-09-2016,18,12491,13741,8855,3853,38940,880,779,1247,2906,41846
02-09-2016,19,12422,13393,8892,3645,38352,901,801,1286,2988,41340
02-09-2016,20,12501,13280,8704,3562,38047,914,809,1295,3018,41065
02-09-2016,21,12340,12938,8669,3404,37351,829,726,1160,2715,40066
02-09-2016,22,11883,12023,8441,3105,35452,739,640,1025,2404,37856
02-09-2016,23,11362,11379,7878,2850,33469,680,581,944,2205,35674
03-09-2016,0,10823,10727,7531,2631,31712,641,545,872,2058,33770
03-09-2016,1,10533,10271,7310,2504,30618,619,524,847,1990,32608
03-09-2016,2,10337,10215,7305,2418,30275,613,514,830,1957,32232
03-09-2016,3,10316,10250,7336,2382,30284,612,515,831,1958,32242
03-09-2016,4,10274,10227,7435,2394,30330,617,523,849,1989,32319
03-09-2016,5,10296,10212,7443,2469,30420,610,531,874,2015,32435
03-09-2016,6,10461,10383,7615,2567,31026,656,589,956,2201,33227
03-09-2016,7,10680,10754,7926,2810,32170,739,674,1077,2490,34660
03-09-2016,8,11190,11690,8170,3166,34216,803,734,1168,2705,36921
03-09-2016,9,11738,12399,8252,3305,35694,826,766,1202,2794,38488
03-09-2016,10,11929,12520,8348,3310,36107,827,769,1211,2807,38914
03-09-2016,11,11796,12600,8315,3334,36045,829,770,1211,2810,38855
03-09-2016,12,11856,12620,8272,3291,36039,831,774,1205,2810,38849
03-09-2016,13,11701,12390,8273,3250,35614,833,770,1172,2775,38389
03-09-2016,14,11586,12208,8288,3141,35223,836,761,1143,2740,37963
03-09-2016,15,11451,12033,8372,3091,34947,829,756,1141,2726,37673
03-09-2016,16,11506,12443,8489,3202,35640,832,755,1121,2708,38348
03-09-2016,17,11721,12478,8611,3418,36228,832,749,1110,2691,38919
03-09-2016,18,11744,12631,8697,3486,36558,822,752,1104,2678,39236
03-09-2016,19,11715,12353,8760,3329,36157,842,787,1164,2793,38950
03-09-2016,20,11769,12481,8532,3301,36083,826,772,1163,2761,38844
03-09-2016,21,11729,12088,8530,3153,35500,757,696,1055,2508,38008
03-09-2016,22,11449,11179,8263,2935,33826,686,623,946,2255,36081
03-09-2016,23,10961,10418,7752,2725,31856,636,567,856,2059,33915
04-09-2016,0,10843,10354,7383,2565,31145,599,531,807,1937,33082
04-09-2016,1,10551,10072,7245,2437,30305,584,509,791,1884,32189
04-09-2016,2,10343,9995,7203,2401,29942,571,512,790,1873,31815
04-09-2016,3,10305,9862,7186,2373,29726,568,515,791,1874,31600
04-09-2016,4,10249,9855,7256,2368,29728,571,519,809,1899,31627
04-09-2016,5,10355,9827,7201,2409,29792,557,518,834,1909,31701
04-09-2016,6,10360,9850,7149,2512,29871,609,561,884,2054,31925
04-09-2016,7,10544,10148,7401,2722,30815,689,641,987,2317,33132
04-09-2016,8,11093,11133,7687,3024,32937,759,712,1080,2551,35488
04-09-2016,9,11473,11819,7883,3251,34426,795,744,1129,2668,37094
04-09-2016,10,11721,12185,7977,3397,35280,789,752,1154,2695,37975
04-09-2016,11,11835,12445,8071,3419,35770,793,748,1164,2705,38475
04-09-2016,12,11448,12279,8035,3411,35173,797,745,1159,2701,37874
04-09-2016,13,11471,12215,7996,3399,35081,793,743,1147,2683,37764
04-09-2016,14,11411,12132,7966,3403,34912,789,731,1133,2653,37565
04-09-2016,15,11426,12116,7967,3356,34865,787,729,1127,2643,37508
04-09-2016,16,11538,12235,8061,3468,35302,791,729,1136,2656,37958
04-09-2016,17,11531,12448,8116,3785,35880,803,731,1145,2679,38559
04-09-2016,18,11684,12759,8201,3785,36429,827,736,1172,2735,39164
04-09-2016,19,11938,12945,8431,3554,36868,864,788,1235,2887,39755
04-09-2016,20,12230,13137,8289,3492,37148,860,797,1216,2873,40021
04-09-2016,21,12359,12556,8318,3319,36552,781,706,1080,2567,39119
04-09-2016,22,11960,11672,8076,2995,34703,698,619,935,2252,36955
04-09-2016,23,11311,10871,7568,2745,32495,637,556,856,2049,34544
05-09-2016,0,10696,10703,7282,2608,31289,609,524,809,1942,33231
05-09-2016,1,10544,10340,7073,2484,30441,598,509,793,1900,32341
05-09-2016,2,10516,10289,7024,2436,30265,594,511,797,1902,32167
05-09-2016,3,10497,10303,7161,2433,30394,598,521,807,1926,32320
05-09-2016,4,10602,10490,7442,2528,31062,633,549,857,2039,33101
05-09-2016,5,10905,11064,8171,2775,32915,724,637,1060,2421,35336
05-09-2016,6,11986,12978,8756,3323,37043,865,766,1219,2850,39893
05-09-2016,7,13140,14901,9144,3842,41027,971,869,1337,3177,44204
05-09-2016,8,13529,15684,9194,4117,42524,1014,924,1388,3326,45850
05-09-2016,9,13505,15433,9197,4245,42380,1022,931,1380,3333,45713
05-09-2016,10,13334,15754,9172,4345,42605,1023,925,1361,3309,45914
05-09-2016,11,13182,15698,9191,4333,42404,982,895,1328,3205,45609
05-09-2016,12,13047,15355,9123,4271,41796,1000,922,1365,3287,45083
05-09-2016,13,12999,15322,9005,4363,41689,1008,913,1357,3278,44967
05-09-2016,14,12868,15305,8953,4245,41371,1005,896,1340,3241,44612
05-09-2016,15,12718,15205,8847,4104,40874,967,879,1307,3153,44027
05-09-2016,16,12832,14965,8785,4007,40589,934,842,1270,3046,43635
05-09-2016,17,12649,15054,8676,4236,40615,916,829,1257,3002,43617
05-09-2016,18,12650,14818,8740,4163,40371,900,811,1249,2960,43331
05-09-2016,19,12652,14695,9001,3938,40286,933,852,1307,3092,43378
05-09-2016,20,13030,15074,8878,3893,40875,941,852,1294,3087,43962
05-09-2016,21,12931,14393,8704,3713,39741,859,754,1119,2732,42473
05-09-2016,22,12370,13100,8476,3347,37293,759,661,978,2398,39691
05-09-2016,23,11560,11940,7979,2990,34469,693,593,902,2188,36657
06-09-2016,0,11017,11375,7626,2748,32766,664,558,858,2080,34846
06-09-2016,1,10758,11244,7537,2639,32178,641,544,845,2030,34208
06-09-2016,2,10583,11117,7462,2596,31758,639,537,837,2013,33771
06-09-2016,3,10694,11235,7531,2612,32072,645,540,855,2040,34112
06-09-2016,4,10725,11398,7881,2679,32683,676,576,906,2158,34841
06-09-2016,5,10950,11727,8527,2882,34086,755,656,1068,2479,36565
06-09-2016,6,11803,13185,9082,3408,37478,876,775,1224,2875,40353
06-09-2016,7,13006,15152,9355,3980,41493,974,882,1335,3191,44684
06-09-2016,8,13407,15215,9380,4199,42201,1007,934,1342,3283,45484
06-09-2016,9,13397,15265,9327,4294,42283,1004,940,1359,3303,45586
06-09-2016,10,13389,15300,9266,4313,42268,1006,931,1321,3258,45526
06-09-2016,11,13184,15171,9275,4468,42098,992,900,1315,3207,45305
06-09-2016,12,13185,14821,9221,4672,41899,1020,926,1361,3307,45206
06-09-2016,13,13095,14469,9095,4246,40905,1001,910,1358,3269,44174
06-09-2016,14,13015,14660,9133,4209,41017,1003,911,1357,3271,44288
06-09-2016,15,13108,14650,9065,4046,40869,963,892,1330,3185,44054
06-09-2016,16,13086,14626,8871,3989,40572,943,859,1282,3084,43656
06-09-2016,17,12857,14757,8905,4175,40694,924,847,1265,3036,43730
06-09-2016,18,12733,14566,9008,4104,40411,902,833,1253,2988,43399
06-09-2016,19,12763,14534,9303,3942,40542,927,869,1345,3141,43683
06-09-2016,20,13068,14664,9002,3898,40632,930,866,1324,3120,43752
06-09-2016,21,12777,14209,8752,3677,39415,837,763,1164,2764,42179
06-09-2016,22,12100,12707,8411,3325,36543,736,660,1012,2408,38951
06-09-2016,23,11282,11751,7856,2964,33853,672,621,933,2226,36079
07-09-2016,0,10644,11430,7510,2758,32342,638,561,875,2074,34416
07-09-2016,1,10367,11196,7325,2653,31541,627,547,854,2028,33569
07-09-2016,2,10145,11127,7263,2617,31152,610,538,843,1991,33143
07-09-2016,3,10194,11381,7206,2625,31406,617,546,854,2017,33423
07-09-2016,4,10330,11370,7453,2707,31860,657,573,913,2143,34003
07-09-2016,5,10605,11759,8175,2983,33522,755,663,1076,2494,36016
07-09-2016,6,11612,12898,8779,3568,36857,875,790,1226,2891,39748
07-09-2016,7,12784,14628,9019,4136,40567,986,896,1338,3220,43787
07-09-2016,8,13070,15133,9132,4399,41734,1038,945,1379,3362,45096
07-09-2016,9,12961,15292,9185,4491,41929,1045,949,1382,3376,45305
07-09-2016,10,12985,15157,9143,4536,41821,1043,936,1375,3354,45175
07-09-2016,11,12932,15179,9223,4531,41865,1022,908,1353,3283,45148
07-09-2016,12,12831,14987,9207,4466,41491,1040,938,1377,3355,44846
07-09-2016,13,12792,14891,9099,4444,41226,1022,938,1371,3331,44557
07-09-2016,14,12950,14644,9090,4390,41074,1002,929,1362,3293,44367
07-09-2016,15,12732,14543,9036,4232,40543,970,915,1333,3218,43761
07-09-2016,16,12776,14702,8992,4209,40679,939,883,1293,3115,43794
07-09-2016,17,12727,15116,8975,4404,41222,922,869,1283,3074,44296
07-09-2016,18,12537,14904,9127,4266,40834,907,861,1275,3043,43877
07-09-2016,19,12565,14667,9332,4076,40640,932,890,1360,3182,43822
07-09-2016,20,12732,14628,9083,4030,40473,935,863,1319,3117,43590
07-09-2016,21,12623,14146,8779,3792,39340,836,762,1148,2746,42086
07-09-2016,22,12131,12877,8459,3432,36899,743,666,1003,2412,39311
07-09-2016,23,11262,11807,7901,3052,34022,674,597,929,2200,36222
08-09-2016,0,10738,11194,7485,2841,32258,638,563,876,2077,34335
08-09-2016,1,10472,11001,7314,2727,31514,628,546,854,2028,33542
08-09-2016,2,10267,10867,7290,2670,31094,621,541,848,2010,33104
08-09-2016,3,10233,10814,7343,2672,31062,629,550,859,2038,33100
08-09-2016,4,10286,10796,7617,2746,31445,663,580,920,2163,33608
08-09-2016,5,10694,11275,8224,3005,33198,753,670,1096,2519,35717
08-09-2016,6,11668,12934,8817,3537,36956,873,799,1253,2925,39881
08-09-2016,7,12797,14609,9077,4053,40536,979,907,1378,3264,43800
08-09-2016,8,13135,15136,9191,4378,41840,1005,954,1423,3382,45222
08-09-2016,9,13109,15256,9135,4392,41892,1008,950,1433,3391,45283
08-09-2016,10,13097,15244,9153,4440,41934,1009,946,1417,3372,45306
08-09-2016,11,12934,15031,9116,4372,41453,995,913,1396,3304,44757
08-09-2016,12,12765,14680,9127,4301,40873,1009,939,1426,3374,44247
08-09-2016,13,12692,14740,9033,4295,40760,994,933,1425,3352,44112
08-09-2016,14,12728,14824,8973,4217,40742,996,927,1420,3343,44085
08-09-2016,15,12893,14795,8961,4103,40752,960,904,1385,3249,44001
08-09-2016,16,12740,14710,8904,4047,40401,927,867,1324,3118,43519
08-09-2016,17,12640,14841,8856,4208,40545,912,847,1302,3061,43606
08-09-2016,18,12490,14662,8966,4105,40223,899,830,1290,3019,43242
08-09-2016,19,12425,14609,9252,3950,40236,938,879,1372,3189,43425
08-09-2016,20,12671,14772,9118,3944,40505,936,866,1341,3143,43648
08-09-2016,21,12471,14013,8886,3762,39132,847,763,1174,2784,41916
08-09-2016,22,11960,12708,8601,3386,36655,759,670,1046,2475,39130
08-09-2016,23,11196,11560,8114,3050,33920,698,602,966,2266,36186
09-09-2016,0,10737,10929,7776,2847,32289,664,562,902,2128,34417
09-09-2016,1,10378,10668,7632,2724,31402,647,544,886,2077,33479
09-09-2016,2,10104,10473,7622,2706,30905,639,534,875,2048,32953
09-09-2016,3,10056,10414,7697,2699,30866,642,549,883,2074,32940
09-09-2016,4,10181,10504,8036,2756,31477,673,577,932,2182,33659
09-09-2016,5,10373,11106,8801,2987,33267,763,658,1099,2520,35787
09-09-2016,6,11462,12908,9247,3546,37163,879,778,1233,2890,40053
09-09-2016,7,12510,14588,9546,4076,40720,983,875,1327,3185,43905
09-09-2016,8,12889,15097,9503,4274,41763,1017,928,1373,3318,45081
09-09-2016,9,12975,15520,9453,4319,42267,1012,928,1370,3310,45577
09-09-2016,10,12994,15859,9470,4400,42723,1009,919,1359,3287,46010
09-09-2016,11,12805,15481,9370,4362,42018,994,890,1341,3225,45243
09-09-2016,12,12789,15168,9298,4244,41499,1004,913,1380,3297,44796
09-09-2016,13,12456,14854,9148,4153,40611,987,912,1354,3253,43864
09-09-2016,14,12415,14634,9033,3961,40043,988,904,1368,3260,43303
09-09-2016,15,12398,14583,9013,3833,39827,955,881,1339,3175,43002
09-09-2016,16,12313,14437,8988,3827,39565,926,845,1301,3072,42637
09-09-2016,17,12303,14441,8937,3967,39648,910,829,1260,2999,42647
09-09-2016,18,12177,14345,9074,3909,39505,893,811,1247,2951,42456
09-09-2016,19,12188,14292,9340,3696,39516,923,853,1322,3098,42614
09-09-2016,20,12275,14221,8934,3631,39061,906,842,1302,3050,42111
09-09-2016,21,11964,13437,8793,3455,37649,826,758,1172,2756,40405
09-09-2016,22,11465,12521,8475,3163,35624,739,661,1026,2426,38050
09-09-2016,23,10987,11655,7881,2891,33414,683,601,949,2233,35647
10-09-2016,0,10601,11068,7502,2678,31849,638,554,879,2071,33920
10-09-2016,1,10317,10612,7353,2523,30805,617,540,847,2004,32809
10-09-2016,2,10165,10405,7290,2450,30310,599,534,0,1133,31443
10-09-2016,3,10122,10194,7314,2416,30046,598,534,837,1969,32015
10-09-2016,4,10106,10102,7439,2401,30048,609,541,858,2008,32056
10-09-2016,5,10166,10356,7611,2456,30589,615,548,891,2054,32643
10-09-2016,6,10140,10522,7702,2559,30923,659,603,970,2232,33155
10-09-2016,7,10388,11104,8075,2804,32371,729,695,1095,2519,34890
10-09-2016,8,11070,12165,8352,3174,34761,802,761,1176,2739,37500
10-09-2016,9,11532,12727,8463,3364,36086,821,780,1197,2798,38884
10-09-2016,10,11840,12845,8489,3447,36621,823,783,1218,2824,39445
10-09-2016,11,11806,12824,8538,3435,36603,823,773,0,1596,38199
10-09-2016,12,11807,12790,8494,3364,36455,821,776,0,1597,38052
10-09-2016,13,11758,12559,8448,3309,36074,815,773,0,1588,37662
10-09-2016,14,11688,12303,8492,3258,35741,799,763,0,1562,37303
10-09-2016,15,11583,12204,8520,3221,35528,787,756,0,1543,37071
10-09-2016,16,11687,12530,8645,3277,36139,785,754,0,1539,37678
10-09-2016,17,11818,12804,8737,3507,36866,780,749,0,1529,38395
10-09-2016,18,11796,12863,8804,3539,37002,777,747,0,1524,38526
10-09-2016,19,11823,12718,8993,3390,36924,826,805,0,1631,38555
10-09-2016,20,11809,12936,8717,3377,36839,818,793,0,1611,38450
10-09-2016,21,11546,12374,8641,3181,35742,750,710,0,1460,37202
10-09-2016,22,11276,11671,8206,2931,34084,680,636,0,1316,35400
10-09-2016,23,10833,11143,7705,2668,32349,628,583,0,1211,33560
11-09-2016,0,10464,10507,7424,2515,30910,604,548,855,2007,32917
11-09-2016,1,10134,10254,7231,2394,30013,589,530,838,1957,31970
11-09-2016,2,9977,10118,7205,2335,29635,577,522,828,1927,31562
11-09-2016,3,9866,9995,7184,2298,29343,578,526,825,1929,31272
11-09-2016,4,9811,9885,7301,2273,29270,588,529,837,1954,31224
11-09-2016,5,9846,9924,7279,2295,29344,589,535,865,1989,31333
11-09-2016,6,9794,9773,7288,2402,29257,608,575,912,2095,31352
11-09-2016,7,9790,9991,7558,2597,29936,686,654,1011,2351,32287
11-09-2016,8,10474,10817,7808,2914,32013,758,727,1109,2594,34607
11-09-2016,9,11165,11746,7991,3120,34022,785,761,1147,2693,36715
11-09-2016,10,11389,12148,8038,3172,34747,781,768,1154,2703,37450
11-09-2016,11,11405,12105,7998,3179,34687,776,763,1147,2686,37373
11-09-2016,12,11282,12142,7900,3211,34535,774,761,1144,2679,37214
11-09-2016,13,11263,12156,7863,3217,34499,767,759,1137,2663,37162
11-09-2016,14,11126,12148,7891,3186,34351,767,755,1130,2652,37003
11-09-2016,15,11251,12090,7967,3166,34474,771,750,1127,2648,37122
11-09-2016,16,11385,12254,8117,3306,35062,777,752,1134,2663,37725
11-09-2016,17,11270,12670,8205,3607,35752,783,751,1146,2680,38432
11-09-2016,18,11397,13216,8423,3663,36699,813,766,1171,2750,39449
11-09-2016,19,11670,13499,8680,3551,37400,863,838,1273,2974,40374
11-09-2016,20,12253,13790,8301,3576,37920,840,817,1240,2897,40817
11-09-2016,21,11952,13061,8291,3342,36646,755,722,1099,2576,39222
11-09-2016,22,11486,12227,7932,3059,34704,671,637,974,2282,36986
11-09-2016,23,10844,11576,7465,2803,32688,624,575,887,2086,34774
12-09-2016,0,10514,10975,7239,2639,31367,588,539,828,1955,33322
12-09-2016,1,10255,10862,7105,2533,30755,581,525,808,1914,32669
12-09-2016,2,10168,10794,7081,2472,30515,576,523,800,1899,32414
12-09-2016,3,10137,10782,7197,2471,30587,585,534,816,1935,32522
12-09-2016,4,10250,10908,7700,2526,31384,621,560,874,2055,33439
12-09-2016,5,10610,11742,8447,2750,33549,723,665,1079,2467,36016
12-09-2016,6,11734,13252,8980,3345,37311,851,793,1229,2873,40184
12-09-2016,7,13141,14914,9160,3905,41120,958,895,1349,3202,44322
12-09-2016,8,13455,15578,9270,4182,42485,997,957,1400,3354,45839
12-09-2016,9,13247,15775,9230,4265,42517,991,951,1407,3349,45866
12-09-2016,10,13096,15710,9237,4380,42423,984,947,1401,3332,45755
12-09-2016,11,13082,15416,9197,4371,42066,967,909,1379,3255,45321
12-09-2016,12,13043,15110,9104,4291,41548,992,941,1407,3340,44888
12-09-2016,13,12921,15167,9063,4318,41469,979,934,1404,3317,44786
12-09-2016,14,12960,15176,9074,4217,41427,979,924,1394,3297,44724
12-09-2016,15,12974,15224,9003,4064,41265,938,904,1359,3201,44466
12-09-2016,16,12770,15045,8938,3985,40738,914,862,1316,3092,43830
12-09-2016,17,12643,15083,8930,4178,40834,910,847,1302,3059,43893
12-09-2016,18,12398,14874,9062,4115,40449,902,831,1291,3024,43473
12-09-2016,19,12472,14878,9266,3962,40578,944,887,1376,3207,43785
12-09-2016,20,12658,14968,8964,3916,40506,922,856,1316,3094,43600
12-09-2016,21,12390,14194,8773,3679,39036,829,748,1143,2720,41756
12-09-2016,22,11845,12976,8391,3296,36508,731,655,986,2372,38880
12-09-2016,23,11290,12211,7863,2962,34326,666,597,907,2170,36496
13-09-2016,0,10806,11813,7597,2757,32973,638,564,871,2073,35046
13-09-2016,1,10527,11631,7458,2663,32279,615,549,854,2018,34297
13-09-2016,2,10287,11557,7405,2624,31873,615,542,845,2002,33875
13-09-2016,3,10301,11562,7516,2636,32015,619,549,853,2021,34036
13-09-2016,4,10361,11729,7890,2714,32694,659,582,913,2154,34848
13-09-2016,5,10542,12281,8576,2929,34328,757,675,1096,2528,36856
13-09-2016,6,11642,13547,9103,3515,37807,876,788,1248,2912,40719
13-09-2016,7,12777,14927,9313,4059,41076,980,895,1362,3237,44313
13-09-2016,8,13161,15321,9303,4298,42083,1011,953,1401,3365,45448
13-09-2016,9,13221,15356,9302,4379,42258,1007,951,1385,3343,45601
13-09-2016,10,13131,15586,9269,4515,42501,999,933,1372,3304,45805
13-09-2016,11,12987,15432,9270,4569,42258,981,902,1352,3235,45493
13-09-2016,12,12918,15384,9190,4450,41942,1008,931,1375,3314,45256
13-09-2016,13,12907,15243,9050,4429,41629,1002,927,1362,3291,44920
13-09-2016,14,12884,15133,9089,4327,41433,994,910,1348,3252,44685
13-09-2016,15,12639,14975,9044,4187,40845,959,894,1319,3172,44017
13-09-2016,16,12717,14912,8991,4089,40709,930,861,1282,3073,43782
13-09-2016,17,12601,15061,8953,4237,40852,913,846,1275,3034,43886
13-09-2016,18,12528,14848,9104,4145,40625,905,837,1275,3017,43642
13-09-2016,19,12711,14748,9415,4003,40877,961,903,1369,3233,44110
13-09-2016,20,12922,14834,9051,3981,40788,932,860,1306,3098,43886
13-09-2016,21,12645,13888,8835,3720,39088,843,758,1134,2735,41823
13-09-2016,22,12094,12561,8572,3357,36584,744,659,988,2391,38975
13-09-2016,23,11306,11847,8070,3013,34236,678,597,917,2192,36428
14-09-2016,0,10785,11157,7812,2824,32578,649,566,885,2100,34678
14-09-2016,1,10301,10818,7642,2708,31469,629,551,867,2047,33516
14-09-2016,2,10131,10789,7647,2652,31219,627,546,859,2032,33251
14-09-2016,3,10144,10863,7700,2672,31379,632,556,867,2055,33434
14-09-2016,4,10163,11014,7957,2710,31844,660,584,917,2161,34005
14-09-2016,5,10457,11695,8613,2957,33722,758,679,1101,2538,36260
14-09-2016,6,11463,13346,9093,3487,37389,878,784,1247,2909,40298
14-09-2016,7,12511,14698,9350,3995,40554,974,886,1357,3217,43771
14-09-2016,8,12920,15186,9368,4254,41728,1009,937,1387,3333,45061
14-09-2016,9,12976,15382,9283,4357,41998,1013,943,1378,3334,45332
14-09-2016,10,13055,15668,9180,4484,42387,1007,934,1357,3298,45685
14-09-2016,11,12901,15370,9127,4472,41870,995,903,1332,3230,45100
14-09-2016,12,12865,15305,9050,4403,41623,1024,921,1365,3310,44933
14-09-2016,13,12913,15162,8944,4409,41428,1016,917,1362,3295,44723
14-09-2016,14,12842,15052,8860,4341,41095,1001,904,1342,3247,44342
14-09-2016,15,12921,15171,8830,4180,41102,966,882,1311,3159,44261
14-09-2016,16,12795,15142,8853,4078,40868,934,845,1278,3057,43925
14-09-2016,17,12443,15211,8851,4209,40714,916,838,1270,3024,43738
14-09-2016,18,12323,14835,9092,4125,40375,902,829,1271,3002,43377
14-09-2016,19,12775,14761,9456,3983,40975,961,894,1368,3223,44198
14-09-2016,20,12747,14804,9086,3972,40609,943,856,1303,3102,43711
14-09-2016,21,12464,13844,8798,3740,38846,848,759,1130,2737,41583
14-09-2016,22,11853,12669,8445,3436,36403,758,666,984,2408,38811
14-09-2016,23,11096,11874,7939,3010,33919,693,597,905,2195,36114
15-09-2016,0,10571,11254,7631,2795,32251,658,565,879,2102,34353
15-09-2016,1,10194,10840,7496,2684,31214,634,547,863,2044,33258
15-09-2016,2,10125,10807,7494,2629,31055,629,539,859,2027,33082
15-09-2016,3,10112,10876,7568,2629,31185,630,549,867,2046,33231
15-09-2016,4,10228,11075,7859,2698,31860,665,583,922,2170,34030
15-09-2016,5,10402,11564,8539,2948,33453,765,676,1100,2541,35994
15-09-2016,6,11703,12774,8975,3518,36970,880,788,1244,2912,39882
15-09-2016,7,12908,14716,9190,4032,40846,0,886,1343,2229,43075
15-09-2016,8,13252,15100,9295,4310,41957,0,944,1373,2317,44274
15-09-2016,9,13151,15281,9302,4396,42130,0,954,1371,2325,44455
15-09-2016,10,13048,15341,9287,4538,42214,0,930,1365,2295,44509
15-09-2016,11,12899,15396,9236,4533,42064,0,902,1345,2247,44311
15-09-2016,12,12773,15361,9186,4449,41769,1025,930,1366,3321,45090
15-09-2016,13,12850,15256,9142,4438,41686,1012,923,1359,3294,44980
15-09-2016,14,12785,15055,8999,4329,41168,1009,908,1348,3265,44433
15-09-2016,15,12719,15093,8970,4147,40929,977,893,1324,3194,44123
15-09-2016,16,12443,14927,8903,4082,40355,948,858,1289,3095,43450
15-09-2016,17,12369,15020,8837,4210,40436,936,852,1266,3054,43490
15-09-2016,18,12356,14844,8962,4103,40265,945,850,1273,3068,43333
15-09-2016,19,12463,14757,9356,3992,40568,957,910,1373,3240,43808
15-09-2016,20,12761,14957,8990,3993,40701,912,869,1304,3085,43786
15-09-2016,21,12448,13775,8806,3705,38734,823,761,1131,2715,41449
15-09-2016,22,11849,12548,8479,3350,36226,735,670,985,2390,38616
15-09-2016,23,11326,11747,7995,2996,34064,671,604,906,2181,36245
16-09-2016,0,10791,11287,7719,2805,32602,647,571,875,2093,34695
16-09-2016,1,10338,10935,7540,2682,31495,627,555,855,2037,33532
16-09-2016,2,10239,10827,7512,2619,31197,621,551,846,2018,33215
16-09-2016,3,10225,10738,7596,2613,31172,622,560,861,2043,33215
16-09-2016,4,10260,10895,7994,2687,31836,660,592,917,2169,34005
16-09-2016,5,10542,11488,8720,2913,33663,760,688,1095,2543,36206
16-09-2016,6,11565,13189,9102,3500,37356,870,802,1220,2892,40248
16-09-2016,7,12641,14663,9397,3999,40700,972,898,1342,3212,43912
16-09-2016,8,13003,15006,9452,4214,41675,1012,938,1392,3342,45017
16-09-2016,9,13107,15061,9451,4295,41914,1004,948,1401,3353,45267
16-09-2016,10,13230,15131,9377,4359,42097,1002,935,1388,3325,45422
16-09-2016,11,13063,15093,9312,4260,41728,993,903,1358,3254,44982
16-09-2016,12,12820,14855,9209,4070,40954,1020,923,1371,3314,44268
16-09-2016,13,12751,14823,9080,3960,40614,1003,916,1354,3273,43887
16-09-2016,14,12681,14515,9031,3774,40001,993,892,1331,3216,43217
16-09-2016,15,12464,14218,8947,3668,39297,962,873,1292,3127,42424
16-09-2016,16,12416,14024,8988,3708,39136,940,846,1263,3049,42185
16-09-2016,17,12360,13938,8996,3909,39203,921,835,1241,2997,42200
16-09-2016,18,12276,14065,9160,3892,39393,924,832,1244,3000,42393
16-09-2016,19,12352,14179,9397,3763,39691,944,884,1326,3154,42845
16-09-2016,20,12410,13809,9018,3648,38885,891,838,1253,2982,41867
16-09-2016,21,11918,12963,8831,3384,37096,809,749,1102,2660,39756
16-09-2016,22,11638,12339,8534,3114,35625,725,662,971,2358,37983
16-09-2016,23,11038,11597,8026,2829,33490,675,604,898,2177,35667
17-09-2016,0,10666,10980,7674,2630,31950,643,570,869,2082,34032
17-09-2016,1,10278,10772,7475,2507,31032,625,547,846,2018,33050
17-09-2016,2,10147,10700,7454,2449,30750,614,539,829,1982,32732
17-09-2016,3,10122,10529,7448,2397,30496,608,539,828,1975,32471
17-09-2016,4,10182,10552,7561,2419,30714,615,551,846,2012,32726
17-09-2016,5,10313,10629,7766,2476,31184,627,575,894,2096,33280
17-09-2016,6,10431,10961,7743,2628,31763,653,622,967,2242,34005
17-09-2016,7,10598,11315,8045,2856,32814,736,712,1081,2529,35343
17-09-2016,8,11295,12486,8311,3177,35269,801,776,1161,2738,38007
17-09-2016,9,11800,13109,8356,3383,36648,825,795,1186,2806,39454
17-09-2016,10,12079,13157,8382,3484,37102,823,788,1171,2782,39884
17-09-2016,11,11990,13247,8267,3438,36942,815,779,1166,2760,39702
17-09-2016,12,11891,13195,8234,3385,36705,807,772,1168,2747,39452
17-09-2016,13,11789,13034,8264,3304,36391,795,765,1143,2703,39094
17-09-2016,14,11706,12847,8284,3238,36075,788,749,1116,2653,38728
17-09-2016,15,11523,12786,8284,3202,35795,779,742,1100,2621,38416
17-09-2016,16,11653,12873,8427,3239,36192,779,741,1100,2620,38812
17-09-2016,17,11733,13095,8593,3444,36865,798,743,1107,2648,39513
17-09-2016,18,12058,13096,8820,3478,37452,830,756,1143,2729,40181
17-09-2016,19,12179,13545,9101,3381,38206,874,822,1215,2911,41117
17-09-2016,20,11917,13421,8724,3376,37438,829,782,1155,2766,40204
17-09-2016,21,11639,12844,8655,3142,36280,755,706,1036,2497,38777
17-09-2016,22,11499,12145,8407,2925,34976,687,632,929,2248,37224
17-09-2016,23,11272,11447,7887,2690,33296,636,581,859,2076,35372
18-09-2016,0,10549,10991,7615,2510,31665,601,548,818,1967,33632
18-09-2016,1,10316,10761,7403,2410,30890,582,527,798,1907,32797
18-09-2016,2,10180,10693,7333,2349,30555,575,521,790,1886,32441
18-09-2016,3,10085,10660,7345,2341,30431,574,523,790,1887,32318
18-09-2016,4,9974,10651,7464,2350,30439,588,533,804,1925,32364
18-09-2016,5,10086,10734,7502,2412,30734,603,550,837,1990,32724
18-09-2016,6,10193,10855,7399,2535,30982,627,579,882,2088,33070
18-09-2016,7,10375,11131,7671,2723,31900,702,659,990,2351,34251
18-09-2016,8,10801,11814,7824,3033,33472,777,729,1082,2588,36060
18-09-2016,9,11365,12462,7984,3222,35033,804,766,1105,2675,37708
18-09-2016,10,11502,12957,8069,3285,35813,799,765,1104,2668,38481
18-09-2016,11,11560,13018,8030,3264,35872,792,751,1095,2638,38510
18-09-2016,12,11379,13056,7952,3255,35642,787,749,1089,2625,38267
18-09-2016,13,11288,12960,7875,3254,35377,782,746,1090,2618,37995
18-09-2016,14,11361,12708,7846,3214,35129,778,736,1081,2595,37724
18-09-2016,15,11421,12791,7898,3231,35341,778,732,1079,2589,37930
18-09-2016,16,11488,12919,7999,3306,35712,787,733,1087,2607,38319
18-09-2016,17,11571,13243,8107,3657,36578,801,747,1107,2655,39233
18-09-2016,18,11694,13737,8453,3669,37553,846,785,1168,2799,40352
18-09-2016,19,12080,14198,8867,3575,38720,897,852,1251,3000,41720
18-09-2016,20,12403,14298,8459,3509,38669,851,803,1177,2831,41500
18-09-2016,21,12089,13427,8511,3244,37271,766,712,1032,2510,39781
18-09-2016,22,11666,12639,8334,2971,35610,690,628,894,2212,37822
18-09-2016,23,11097,11845,7921,2746,33609,638,569,811,2018,35627
19-09-2016,0,10533,11160,7543,2612,31848,608,536,773,1917,33765
19-09-2016,1,10357,11062,7443,2518,31380,592,525,757,1874,33254
19-09-2016,2,10258,11075,7393,2479,31205,595,523,755,1873,33078
19-09-2016,3,10209,11039,7493,2531,31272,599,528,767,1894,33166
19-09-2016,4,10380,11185,7828,2601,31994,634,565,831,2030,34024
19-09-2016,5,10750,11945,8714,2831,34240,754,681,1057,2492,36732
19-09-2016,6,11940,13749,9237,3458,38384,874,794,1213,2881,41265
19-09-2016,7,13116,15292,9533,4047,41988,979,901,1351,3231,45219
19-09-2016,8,13343,15599,9575,4262,42779,1032,958,1407,3397,46176
19-09-2016,9,13406,15546,9533,4328,42813,1036,960,1413,3409,46222
19-09-2016,10,13434,15744,9497,4415,43090,1031,946,1389,3366,46456
19-09-2016,11,13088,15597,9429,4368,42482,1009,916,1333,3258,45740
19-09-2016,12,13072,15550,9330,4337,42289,1027,944,1353,3324,45613
19-09-2016,13,13098,15468,9315,4299,42180,1014,935,1338,3287,45467
19-09-2016,14,12927,15181,9196,4217,41521,1007,918,1324,3249,44770
19-09-2016,15,12844,15108,9077,4056,41085,969,900,1270,3139,44224
19-09-2016,16,12768,14807,9028,4003,40606,945,873,1236,3054,43660
19-09-2016,17,12710,14844,8897,4270,40721,939,877,1232,3048,43769
19-09-2016,18,12628,14710,9180,4186,40704,961,887,1264,3112,43816
19-09-2016,19,12906,14916,9472,4062,41356,985,923,1364,3272,44628
19-09-2016,20,13017,14777,9029,3927,40750,934,873,1271,3078,43828
19-09-2016,21,12715,13717,8825,3647,38904,840,768,1090,2698,41602
19-09-2016,22,12213,12764,8499,3302,36778,737,670,945,2352,39130
19-09-2016,23,11445,11741,7977,2975,34138,681,610,865,2156,36294
20-09-2016,0,10813,11149,7778,2790,32530,646,566,817,2029,34559
20-09-2016,1,10583,10940,7582,2687,31792,625,549,798,1972,33764
20-09-2016,2,10399,10853,7546,2648,31446,622,544,793,1959,33405
20-09-2016,3,10395,10793,7643,2667,31498,626,555,806,1987,33485
20-09-2016,4,10472,10848,8002,2731,32053,656,587,861,2104,34157
20-09-2016,5,10697,11568,8887,2986,34138,776,701,1044,2521,36659
20-09-2016,6,11844,13490,9251,3568,38153,884,817,1201,2902,41055
20-09-2016,7,12980,14962,9535,4075,41552,988,934,1329,3251,44803
20-09-2016,8,13387,14900,9575,4261,42123,1020,988,1387,3395,45518
20-09-2016,9,13244,15138,9492,4322,42196,1015,976,1372,3363,45559
20-09-2016,10,13283,15475,9438,4394,42590,1010,961,1352,3323,45913
20-09-2016,11,13097,15458,9429,4401,42385,990,924,1321,3235,45620
20-09-2016,12,13029,15220,9284,4296,41829,1010,960,1340,3310,45139
20-09-2016,13,12904,15065,9218,4294,41481,1001,951,1320,3272,44753
20-09-2016,14,12830,14932,9108,4198,41068,991,930,1303,3224,44292
20-09-2016,15,12797,14701,9069,4043,40610,959,918,1259,3136,43746
20-09-2016,16,12855,14849,9119,4024,40847,930,886,1223,3039,43886
20-09-2016,17,12746,15002,9136,4238,41122,917,888,1229,3034,44156
20-09-2016,18,12686,14996,9508,4164,41354,935,913,1256,3104,44458
20-09-2016,19,12830,15137,9828,4069,41864,970,937,1347,3254,45118
20-09-2016,20,13066,15046,9270,3974,41356,918,873,1253,3044,44400
20-09-2016,21,12752,14100,9088,3679,39619,826,773,1067,2666,42285
20-09-2016,22,12103,12881,8790,3327,37101,729,680,930,2339,39440
20-09-2016,23,11545,12139,8267,3003,34954,670,620,858,2148,37102
21-09-2016,0,10955,11414,7895,2796,33060,634,582,799,2015,35075
21-09-2016,1,10631,11185,7750,2691,32257,618,564,790,1972,34229
21-09-2016,2,10455,11178,7716,2661,32010,612,557,783,1952,33962
21-09-2016,3,10403,11098,7830,2668,31999,619,558,793,1970,33969
21-09-2016,4,10379,11257,8100,2732,32468,649,593,821,2063,34531
21-09-2016,5,10692,11795,8984,2978,34449,764,709,1003,2476,36925
21-09-2016,6,11865,13634,9439,3590,38528,877,812,1162,2851,41379
21-09-2016,7,13163,15147,9631,4131,42072,977,916,1286,3179,45251
21-09-2016,8,13370,15393,9668,4349,42780,1010,968,1349,3327,46107
21-09-2016,9,13343,15579,9572,4396,42890,1009,976,1345,3330,46220
21-09-2016,10,13272,15502,9532,4471,42777,1003,965,1354,3322,46099
21-09-2016,11,13136,15430,9499,4438,42503,983,936,1304,3223,45726
21-09-2016,12,13074,15214,9400,4381,42069,1003,964,1327,3294,45363
21-09-2016,13,13340,15170,9316,4391,42217,991,962,1318,3271,45488
21-09-2016,14,13249,14871,9178,4299,41597,980,941,1343,3264,44861
21-09-2016,15,13249,14795,9077,4097,41218,953,917,1276,3146,44364
21-09-2016,16,13271,14699,9099,4057,41126,929,886,1236,3051,44177
21-09-2016,17,13249,14856,9099,4257,41461,921,884,1228,3033,44494
21-09-2016,18,12923,14924,9511,4177,41535,947,906,1264,3117,44652
21-09-2016,19,13124,15420,9677,4127,42348,974,957,1344,3275,45623
21-09-2016,20,13176,15317,9149,4009,41651,925,906,1248,3079,44730
21-09-2016,21,12769,14340,8964,3713,39786,833,802,1084,2719,42505
21-09-2016,22,12242,13293,8692,3340,37567,730,689,937,2356,39923
21-09-2016,23,11506,12347,8152,2995,35000,667,627,858,2152,37152
22-09-2016,0,11041,11466,7792,2761,33060,642,596,821,2059,35119
22-09-2016,1,10670,11365,7631,2635,32301,623,577,805,2005,34306
22-09-2016,2,10492,11259,7549,2595,31895,621,570,797,1988,33883
22-09-2016,3,10384,11338,7576,2608,31906,624,577,806,2007,33913
22-09-2016,4,10409,11459,7963,2677,32508,654,615,857,2126,34634
22-09-2016,5,10663,12189,8805,2941,34598,782,736,1062,2580,37178
22-09-2016,6,11732,14015,9239,3531,38517,895,857,1220,2972,41489
22-09-2016,7,12890,15451,9490,4029,41860,986,953,1337,3276,45136
22-09-2016,8,13157,15640,9645,4222,42664,1035,1008,1398,3441,46105
22-09-2016,9,13239,15532,9604,4290,42665,1028,1007,1399,3434,46099
22-09-2016,10,13199,15650,9534,4372,42755,1025,983,1385,3393,46148
22-09-2016,11,13082,15667,9421,4363,42533,1013,942,1365,3320,45853
22-09-2016,12,13069,15659,9278,4265,42271,1041,964,1377,3382,45653
22-09-2016,13,12994,15261,9230,4278,41763,1031,949,1349,3329,45092
22-09-2016,14,12891,14989,9220,4197,41297,1021,938,1330,3289,44586
22-09-2016,15,12922,15173,9199,4051,41345,995,917,1281,3193,44538
22-09-2016,16,13124,15015,9222,4011,41372,969,890,1245,3104,44476
22-09-2016,17,13038,15079,9186,4218,41521,940,887,1250,3077,44598
22-09-2016,18,12922,15074,9564,4160,41720,974,917,1294,3185,44905
22-09-2016,19,13103,15299,9660,4122,42184,982,942,1361,3285,45469
22-09-2016,20,13222,15169,9171,3972,41534,932,880,1279,3091,44625
22-09-2016,21,12924,14340,9043,3674,39981,841,777,1086,2704,42685
22-09-2016,22,12466,13299,8818,3302,37885,743,684,945,2372,40257
22-09-2016,23,11662,12286,8249,2954,35151,688,619,877,2184,37335
23-09-2016,0,11094,11547,7922,2758,33321,668,583,823,2074,35395
23-09-2016,1,10751,11343,7763,2660,32517,655,566,811,2032,34549
23-09-2016,2,10640,11328,7750,2604,32322,648,558,807,2013,34335
23-09-2016,3,10664,11340,7830,2603,32437,653,565,814,2032,34469
23-09-2016,4,10654,11336,8185,2667,32842,685,600,869,2154,34996
23-09-2016,5,10919,12033,9053,2924,34929,809,728,1075,2612,37541
23-09-2016,6,11878,13892,9511,3547,38828,923,841,1226,2990,41818
23-09-2016,7,13093,15282,9726,4091,42192,1023,932,1348,3303,45495
23-09-2016,8,13453,15715,9780,4256,43204,1066,975,1393,3434,46638
23-09-2016,9,13520,15694,9796,4301,43311,1062,980,1384,3426,46737
23-09-2016,10,13512,15614,9779,4354,43259,1056,959,1363,3378,46637
23-09-2016,11,13369,15406,9746,4258,42779,1048,925,1341,3314,46093
23-09-2016,12,13318,15153,9648,4059,42178,1065,944,1357,3366,45544
23-09-2016,13,13131,14667,9551,3940,41289,1054,939,1331,3324,44613
23-09-2016,14,13055,14264,9494,3800,40613,1027,909,1291,3227,43840
23-09-2016,15,12912,14020,9438,3660,40030,1003,888,1238,3129,43159
23-09-2016,16,12693,13665,9480,3620,39458,984,867,1216,3067,42525
23-09-2016,17,12693,13872,9487,3886,39938,975,867,1210,3052,42990
23-09-2016,18,12837,13907,9792,3905,40441,1002,910,1267,3179,43620
23-09-2016,19,13039,14284,9713,3789,40825,992,930,1331,3253,44078
23-09-2016,20,13037,13918,9188,3590,39733,927,864,1231,3022,42755
23-09-2016,21,12566,12913,9008,3332,37819,848,772,1074,2694,40513
23-09-2016,22,12224,12187,8744,3078,36233,757,686,955,2398,38631
23-09-2016,23,11790,11438,8225,2802,34255,683,615,881,2179,36434
24-09-2016,0,11342,11237,7818,2615,33012,651,575,820,2046,35058
24-09-2016,1,11061,10976,7636,2495,32168,631,560,794,1985,34153
24-09-2016,2,10923,10813,7551,2451,31738,620,552,785,1957,33695
24-09-2016,3,10912,10777,7547,2402,31638,609,552,785,1946,33584
24-09-2016,4,10854,10846,7707,2418,31825,633,564,802,1999,33824
24-09-2016,5,10964,11019,8040,2492,32515,675,597,865,2137,34652
24-09-2016,6,11217,11431,7947,2661,33256,690,637,932,2259,35515
24-09-2016,7,11537,11758,8230,2896,34421,771,727,1045,2543,36964
24-09-2016,8,12122,13057,8540,3196,36915,835,794,1133,2762,39677
24-09-2016,9,12624,13829,8604,3394,38451,872,821,1154,2847,41298
24-09-2016,10,12778,13306,8612,3468,38164,876,816,1143,2835,40999
24-09-2016,11,12630,13000,8560,3432,37622,876,799,1138,2813,40435
24-09-2016,12,12345,12802,8594,3317,37058,867,794,1127,2788,39846
24-09-2016,13,12251,12421,8589,3238,36499,856,784,1105,2745,39244
24-09-2016,14,12206,12584,8576,3209,36575,849,772,1089,2710,39285
24-09-2016,15,12194,12605,8742,3186,36727,840,762,1084,2686,39413
24-09-2016,16,12244,12455,8905,3270,36874,844,763,1087,2694,39568
24-09-2016,17,12411,13260,9072,3509,38252,863,766,1091,2720,40972
24-09-2016,18,12504,13202,9371,3547,38624,899,814,1152,2865,41489
24-09-2016,19,12678,13622,9235,3498,39033,909,847,1222,2978,42011
24-09-2016,20,12502,12944,8735,3339,37520,853,795,1140,2788,40308
24-09-2016,21,12031,12226,8664,3100,36021,785,722,1014,2521,38542
24-09-2016,22,11729,11685,8393,2859,34666,728,651,917,2296,36962
24-09-2016,23,11353,11082,7968,2648,33051,687,595,854,2136,35187
25-09-2016,0,10835,10749,7562,2472,31618,656,555,791,2002,33620
25-09-2016,1,10566,10643,7341,2357,30907,629,536,770,1935,32842
25-09-2016,2,10343,10485,7268,2318,30414,610,530,760,1900,32314
25-09-2016,3,10192,10344,7172,2293,30001,613,531,758,1902,31903
25-09-2016,4,10292,10396,7268,2286,30242,620,540,773,1933,32175
25-09-2016,5,10332,10496,7444,2341,30613,646,565,813,2024,32637
25-09-2016,6,10418,10829,7344,2494,31085,657,590,854,2101,33186
25-09-2016,7,10540,11001,7478,2673,31692,735,671,959,2365,34057
25-09-2016,8,10946,11547,7856,2957,33306,801,743,1061,2605,35911
25-09-2016,9,11482,12180,8072,3179,34913,826,768,1098,2692,37605
25-09-2016,10,11680,12519,8185,3260,35644,820,768,1101,2689,38333
25-09-2016,11,11793,12623,8219,3255,35890,813,755,1091,2659,38549
25-09-2016,12,11720,12565,8119,3160,35564,809,748,1079,2636,38200
25-09-2016,13,11697,12622,8152,3099,35570,798,743,1070,2611,38181
25-09-2016,14,11587,12485,8186,3091,35349,793,734,1059,2586,37935
25-09-2016,15,11528,12383,8203,3084,35198,795,730,1059,2584,37782
25-09-2016,16,11585,12456,8324,3138,35503,809,737,1072,2618,38121
25-09-2016,17,11559,12793,8430,3461,36243,823,753,1102,2678,38921
25-09-2016,18,11685,13102,8955,3538,37280,893,819,1193,2905,40185
25-09-2016,19,12041,13517,8960,3506,38024,930,872,1252,3054,41078
25-09-2016,20,12268,13164,8495,3291,37218,881,817,1164,2862,40080
25-09-2016,21,12124,12396,8463,3048,36031,799,721,1022,2542,38573
25-09-2016,22,11703,11575,8351,2777,34406,724,636,896,2256,36662
25-09-2016,23,11060,11067,7890,2615,32632,674,571,816,2061,34693
26-09-2016,0,10574,10795,7580,2485,31434,636,537,766,1939,33373
26-09-2016,1,10371,10492,7402,2433,30698,625,527,743,1895,32593
26-09-2016,2,10364,10430,7395,2421,30610,621,516,737,1874,32484
26-09-2016,3,10283,10628,7481,2436,30828,627,523,749,1899,32727
26-09-2016,4,10254,10813,7848,2511,31426,666,561,810,2037,33463
26-09-2016,5,10710,11709,8733,2804,33956,793,683,1051,2527,36483
26-09-2016,6,11727,13517,9106,3474,37824,920,811,1210,2941,40765
26-09-2016,7,12987,14734,9415,4096,41232,1018,926,1326,3270,44502
26-09-2016,8,13453,15285,9498,4317,42553,1039,978,1369,3386,45939
26-09-2016,9,13516,15561,9494,4356,42927,1032,976,1362,3370,46297
26-09-2016,10,13375,15694,9480,4432,42981,1023,966,1352,3341,46322
26-09-2016,11,13271,15697,9459,4407,42834,1000,928,1325,3253,46087
26-09-2016,12,13364,15708,9356,4337,42765,1029,942,1340,3311,46076
26-09-2016,13,13292,15630,9247,4318,42487,1007,932,1333,3272,45759
26-09-2016,14,13169,15437,9180,4218,42004,1009,930,1310,3249,45253
26-09-2016,15,12964,15269,9064,4063,41360,988,905,1270,3163,44523
26-09-2016,16,12934,15059,9027,4054,41074,964,861,1229,3054,44128
26-09-2016,17,12878,15238,9007,4296,41419,955,856,1237,3048,44467
26-09-2016,18,12957,15186,9368,4230,41741,996,901,1316,3213,44954
26-09-2016,19,13292,15601,9444,4217,42554,996,935,1360,3291,45845
26-09-2016,20,13171,15137,8920,3976,41204,966,884,1281,3131,44335
26-09-2016,21,12854,14034,8743,3697,39328,871,779,1118,2768,42096
26-09-2016,22,12294,13046,8426,3353,37119,786,678,965,2429,39548
26-09-2016,23,11575,12079,7832,2997,34483,720,614,890,2224,36707
27-09-2016,0,11059,11679,7541,2813,33092,684,574,831,2089,35181
27-09-2016,1,10827,11397,7432,2695,32351,669,560,812,2041,34392
27-09-2016,2,10750,11359,7425,2641,32175,664,552,807,2023,34198
27-09-2016,3,10737,11327,7512,2650,32226,675,558,814,2047,34273
27-09-2016,4,10783,11591,7872,2719,32965,713,598,872,2183,35148
27-09-2016,5,11165,12318,8722,2969,35174,836,721,1088,2645,37819
27-09-2016,6,12416,14350,9204,3606,39576,937,822,1262,3021,42597
27-09-2016,7,13581,15630,9376,4156,42743,1045,939,1380,3364,46107
27-09-2016,8,13810,15816,9459,4349,43434,1064,992,1442,3498,46932
27-09-2016,9,13765,15744,9475,4337,43321,1055,986,1424,3465,46786
27-09-2016,10,13677,15811,9484,4389,43361,1046,961,1406,3413,46774
27-09-2016,11,13598,15600,9432,4358,42988,1050,920,1369,3339,46327
27-09-2016,12,13485,15260,9336,4256,42337,1068,945,1380,3393,45730
27-09-2016,13,13409,14982,9310,4256,41957,1049,935,1370,3354,45311
27-09-2016,14,13416,14741,9240,4099,41496,1044,926,1350,3320,44816
27-09-2016,15,13489,14620,9118,3930,41157,1011,912,1311,3234,44391
27-09-2016,16,13621,14450,9160,3906,41137,982,881,1272,3135,44272
27-09-2016,17,13683,14565,9058,4153,41459,971,878,1271,3120,44579
27-09-2016,18,13641,14611,9509,4091,41852,1032,927,1347,3306,45158
27-09-2016,19,13763,14844,9565,4091,42263,1038,950,1396,3384,45647
27-09-2016,20,13594,14400,9021,3808,40823,976,891,1284,3151,43974
27-09-2016,21,13187,13366,8844,3484,38881,873,780,1108,2761,41642
27-09-2016,22,12442,12542,8508,3139,36631,779,678,961,2418,39049
27-09-2016,23,11725,11904,7934,2816,34379,716,612,886,2214,36593
28-09-2016,0,11388,11484,7609,2587,33068,678,575,837,2090,35158
28-09-2016,1,11013,11141,7437,2506,32097,662,562,819,2043,34140
28-09-2016,2,10857,11156,7406,2470,31889,659,554,811,2024,33913
28-09-2016,3,10716,11096,7507,2498,31817,664,557,821,2042,33859
28-09-2016,4,10734,11246,7867,2576,32423,695,586,882,2163,34586
28-09-2016,5,11025,11993,8734,2822,34574,826,713,1098,2637,37211
28-09-2016,6,12163,13823,9181,3424,38591,938,822,1248,3008,41599
28-09-2016,7,13360,15066,9261,4004,41691,1044,925,1362,3331,45022
28-09-2016,8,13661,15399,9442,4157,42659,1070,985,1397,3452,46111
28-09-2016,9,13660,15689,9464,4142,42955,1068,995,1392,3455,46410
28-09-2016,10,13496,15812,9501,4213,43022,1082,986,1384,3452,46474
28-09-2016,11,13359,15803,9548,4166,42876,1086,951,1368,3405,46281
28-09-2016,12,13212,15653,9479,4114,42458,1111,988,1379,3478,45936
28-09-2016,13,13218,15457,9462,4131,42268,1046,979,1373,3398,45666
28-09-2016,14,13255,15331,9451,4051,42088,1091,983,1362,3436,45524
28-09-2016,15,13282,15307,9431,3853,41873,1126,961,1322,3409,45282
28-09-2016,16,13326,15046,9534,3810,41716,1017,932,1294,3243,44959
28-09-2016,17,13192,15189,9622,4098,42101,1026,936,1305,3267,45368
28-09-2016,18,13221,15116,10058,4028,42423,1061,967,1362,3390,45813
28-09-2016,19,13655,15323,9945,4072,42995,1042,949,1351,3342,46337
28-09-2016,20,13691,14824,9338,3855,41708,992,889,1249,3130,44838
28-09-2016,21,13283,14053,9088,3598,40022,894,780,1096,2770,42792
28-09-2016,22,12615,13018,8751,3234,37618,795,679,945,2419,40037
28-09-2016,23,11663,12391,8183,2863,35100,727,611,866,2204,37304
29-09-2016,0,11305,11891,7875,2643,33714,693,581,827,2101,35815
29-09-2016,1,11019,11708,7652,2542,32921,672,562,804,2038,34959
29-09-2016,2,11035,11636,7589,2446,32706,667,554,792,2013,34719
29-09-2016,3,11020,11564,7685,2477,32746,676,563,814,2053,34799
29-09-2016,4,11025,11555,8041,2558,33179,706,597,874,2177,35356
29-09-2016,5,11179,12036,8897,2822,34934,833,714,1085,2632,37566
29-09-2016,6,12438,13432,9335,3435,38640,946,816,1238,3000,41640
29-09-2016,7,13615,14802,9520,4014,41951,1039,918,1359,3316,45267
29-09-2016,8,13694,14962,9606,4218,42480,1071,967,1395,3433,45913
29-09-2016,9,13667,15042,9558,4249,42516,1072,969,1384,3425,45941
29-09-2016,10,13707,15258,9518,4335,42818,1059,951,1368,3378,46196
29-09-2016,11,13530,15415,9483,4329,42757,1035,918,1341,3294,46051
29-09-2016,12,13457,15309,9392,4220,42378,1055,949,1360,3364,45742
29-09-2016,13,13679,15336,9338,4259,42612,1043,950,1351,3344,45956
29-09-2016,14,13737,15425,9297,4190,42649,1035,946,1347,3328,45977
29-09-2016,15,13635,15474,9312,4067,42488,1025,930,1308,3263,45751
29-09-2016,16,13598,15256,9417,3970,42241,1015,903,1275,3193,45434
29-09-2016,17,13429,15463,9528,4092,42512,1023,915,1281,3219,45731
29-09-2016,18,13570,15422,9877,3966,42835,1058,955,1345,3358,46193
29-09-2016,19,13801,15592,9817,3946,43156,1026,942,1340,3308,46464
29-09-2016,20,13664,15250,9286,3719,41919,967,883,1240,3090,45009
29-09-2016,21,13249,14322,9094,3414,40079,868,775,1076,2719,42798
29-09-2016,22,12559,13275,8767,3097,37698,778,680,937,2395,40093
29-09-2016,23,11859,12409,8250,2809,35327,725,617,866,2208,37535
30-09-2016,0,11397,11846,7894,2576,33713,688,585,816,2089,35802
30-09-2016,1,11106,11539,7757,2479,32881,663,567,794,2024,34905
30-09-2016,2,10993,11404,7715,2513,32625,660,555,785,2000,34625
30-09-2016,3,11004,11296,7779,2530,32609,659,563,795,2017,34626
30-09-2016,4,11226,11354,8063,2606,33249,692,596,854,2142,35391
30-09-2016,5,11561,11959,8943,2884,35347,822,712,1061,2595,37942
30-09-2016,6,12648,13747,9419,3481,39295,933,834,1222,2989,42284
30-09-2016,7,14009,15040,9576,4001,42626,1030,927,1332,3289,45915
30-09-2016,8,14292,15831,9751,4154,44028,1062,971,1358,3391,47419
30-09-2016,9,14139,15650,9663,4161,43613,1074,965,1337,3376,46989
30-09-2016,10,14014,15498,9564,4249,43325,1067,950,1326,3343,46668
30-09-2016,11,13877,15263,9520,4218,42878,1044,911,1301,3256,46134
30-09-2016,12,13626,14923,9411,4107,42067,1047,924,1307,3278,45345
30-09-2016,13,13526,14597,9341,3935,41399,1021,918,1286,3225,44624
30-09-2016,14,13302,14266,9165,3729,40462,997,896,1259,3152,43614
30-09-2016,15,13339,14270,9170,3581,40360,972,872,1228,3072,43432
30-09-2016,16,13493,14476,9207,3559,40735,951,841,1211,3003,43738
30-09-2016,17,13392,14637,9255,3897,41181,941,842,1220,3003,44184
30-09-2016,18,13396,14846,9660,3808,41710,985,898,1300,3183,44893
30-09-2016,19,13694,14905,9653,3818,42070,983,909,1325,3217,45287
30-09-2016,20,13525,14155,9081,3578,40339,931,850,1241,3022,43361
30-09-2016,21,13029,13163,8936,3375,38503,847,763,1094,2704,41207
30-09-2016,22,12776,12650,8551,3146,37123,760,677,964,2401,39524
30-09-2016,23,12192,11864,7998,2878,34932,702,612,883,2197,37129
01-10-2016,0,11664,11731,7629,2644,33668,665,571,816,2052,35720
01-10-2016,1,11392,11319,7452,2535,32698,645,547,785,1977,34675
01-10-2016,2,11249,11082,7425,2475,32231,635,536,772,1943,34174
01-10-2016,3,11243,11035,7489,2431,32198,632,539,778,1949,34147
01-10-2016,4,11284,11019,7600,2428,32331,643,551,799,1993,34324
01-10-2016,5,11546,11063,7900,2502,33011,675,591,866,2132,35143
01-10-2016,6,11845,11390,7854,2710,33799,696,626,927,2249,36048
01-10-2016,7,12232,11823,8070,2944,35069,769,713,1048,2530,37599
01-10-2016,8,12800,12630,8347,3230,37007,832,776,1129,2737,39744
01-10-2016,9,13028,13278,8487,3419,38212,844,782,1146,2772,40984
01-10-2016,10,13332,13577,8512,3520,38941,840,776,1146,2762,41703
01-10-2016,11,13264,13258,8457,3486,38465,839,763,1135,2737,41202
01-10-2016,12,12998,13117,8441,3411,37967,827,765,1125,2717,40684
01-10-2016,13,12877,12919,8361,3335,37492,813,754,1090,2657,40149
01-10-2016,14,12745,12757,8374,3332,37208,804,748,1078,2630,39838
01-10-2016,15,12596,12723,8487,3320,37126,799,740,1076,2615,39741
01-10-2016,16,12580,12943,8730,3370,37623,805,742,1079,2626,40249
01-10-2016,17,12760,13435,9010,3676,38881,820,755,1096,2671,41552
01-10-2016,18,12804,13997,9404,3739,39944,883,823,1199,2905,42849
01-10-2016,19,13368,14317,9287,3710,40682,880,836,1219,2935,43617
01-10-2016,20,13073,13897,8822,3476,39268,831,790,1131,2752,42020
01-10-2016,21,12761,13226,8856,3246,38089,770,713,1020,2503,40592
01-10-2016,22,12504,12630,8719,3020,36873,711,643,917,2271,39144
01-10-2016,23,12252,12198,8234,2795,35479,657,589,848,2094,37573
02-10-2016,0,11732,11513,7894,2566,33705,628,557,784,1969,35674
02-10-2016,1,11585,11372,7727,2436,33120,607,534,752,1893,35013
02-10-2016,2,11473,11270,7722,2372,32837,599,525,740,1864,34701
02-10-2016,3,11455,11094,7765,2343,32657,600,540,748,1888,34545
02-10-2016,4,11446,11099,7888,2345,32778,613,552,766,1931,34709
02-10-2016,5,11600,11234,8032,2397,33263,643,578,817,2038,35301
02-10-2016,6,11821,11423,7957,2555,33756,656,613,866,2135,35891
02-10-2016,7,11996,11718,8144,2790,34648,727,683,955,2365,37013
02-10-2016,8,12445,12373,8342,3087,36247,796,758,1061,2615,38862
02-10-2016,9,12878,12993,8428,3328,37627,830,796,1102,2728,40355
02-10-2016,10,13070,13397,8371,3435,38273,835,807,1111,2753,41026
02-10-2016,11,13024,13426,8301,3470,38221,832,797,1107,2736,40957
02-10-2016,12,12783,13421,8231,3435,37870,817,792,1103,2712,40582
02-10-2016,13,12530,13088,8165,3427,37210,814,786,1091,2691,39901
02-10-2016,14,12450,13034,8120,3399,37003,812,773,1080,2665,39668
02-10-2016,15,12381,13095,8132,3407,37015,811,771,1080,2662,39677
02-10-2016,16,12532,13352,8299,3494,37677,825,781,1091,2697,40374
02-10-2016,17,12581,13865,8567,3869,38882,850,810,1125,2785,41667
02-10-2016,18,12842,14142,9192,3945,40121,923,864,1246,3033,43154
02-10-2016,19,13433,14496,9193,3845,40967,909,862,1271,3042,44009
02-10-2016,20,13508,13971,8739,3568,39786,858,806,1180,2844,42630
02-10-2016,21,13279,13302,8773,3299,38653,794,715,1034,2543,41196
02-10-2016,22,12972,12925,8745,3020,37662,721,630,907,2258,39920
02-10-2016,23,12429,11894,8299,2708,35330,663,568,837,2068,37398
03-10-2016,0,12024,11462,8006,2562,34054,630,533,778,1941,35995
03-10-2016,1,11803,11393,7841,2503,33540,617,525,763,1905,35445
03-10-2016,2,11757,11373,7842,2452,33424,611,529,757,1897,35321
03-10-2016,3,11817,11343,7984,2465,33609,619,548,771,1938,35547
03-10-2016,4,11934,11528,8385,2523,34370,653,576,838,2067,36437
03-10-2016,5,12398,12467,9404,2793,37062,784,701,1068,2553,39615
03-10-2016,6,13904,14294,9905,3463,41566,894,841,1251,2986,44552
03-10-2016,7,15005,15982,10048,4050,45085,985,935,1360,3280,48365
03-10-2016,8,15639,16458,10019,4235,46351,1021,998,1378,3397,49748
03-10-2016,9,15526,16776,9918,4289,46509,1014,1004,1386,3404,49913
03-10-2016,10,15026,16665,9843,4344,45878,1009,984,1377,3370,49248
03-10-2016,11,14738,16383,9795,4256,45172,997,943,1360,3300,48472
03-10-2016,12,14293,15967,9669,4136,44065,1022,963,1384,3369,47434
03-10-2016,13,14126,15708,9594,4167,43595,1015,956,1361,3332,46927
03-10-2016,14,13955,15674,9416,4099,43144,1008,930,1342,3280,46424
03-10-2016,15,13916,15562,9320,3923,42721,973,911,1313,3197,45918
03-10-2016,16,13848,15503,9386,3955,42692,944,868,1263,3075,45767
03-10-2016,17,13874,15634,9425,4209,43142,943,871,1260,3074,46216
03-10-2016,18,14010,16105,9997,4232,44344,1005,935,1362,3302,47646
03-10-2016,19,14641,16393,9942,4227,45203,995,932,1364,3291,48494
03-10-2016,20,14539,15805,9436,3949,43729,947,882,1256,3085,46814
03-10-2016,21,14168,14667,9376,3681,41892,853,773,1086,2712,44604
03-10-2016,22,13635,13521,9154,3339,39649,760,671,944,2375,42024
03-10-2016,23,13004,12856,8705,3096,37661,703,603,852,2158,39819
04-10-2016,0,12459,12180,8319,2814,35772,670,567,807,2044,37816
04-10-2016,1,12200,12067,8141,2686,35094,654,552,793,1999,37093
04-10-2016,2,12137,12280,8116,2674,35207,654,548,787,1989,37196
04-10-2016,3,12198,12247,8190,2705,35340,659,558,792,2009,37349
04-10-2016,4,12327,12278,8471,2789,35865,696,589,863,2148,38013
04-10-2016,5,12764,12918,9346,3009,38037,833,715,1081,2629,40666
04-10-2016,6,14112,14856,9976,3635,42579,948,838,1254,3040,45619
04-10-2016,7,15428,16419,9995,4223,46065,1037,928,1361,3326,49391
04-10-2016,8,15846,16812,10066,4000,46724,1070,974,1377,3421,50145
04-10-2016,9,15619,16980,10029,4374,47002,1062,974,1325,3361,50363
04-10-2016,10,15321,16827,9962,4387,46497,1063,954,1337,3354,49851
04-10-2016,11,15046,16461,9847,4336,45690,1049,915,1314,3278,48968
04-10-2016,12,14789,16279,9710,4212,44990,1074,947,1326,3347,48337
04-10-2016,13,14688,16491,9606,4286,45071,1066,944,1313,3323,48394
04-10-2016,14,14593,16149,9584,4175,44501,1065,934,1294,3293,47794
04-10-2016,15,14237,15910,9609,4056,43812,1030,919,1256,3205,47017
04-10-2016,16,13977,15677,9624,3963,43241,1010,890,1223,3123,46364
04-10-2016,17,14146,15955,9622,4237,43960,1015,902,1235,3152,47112
04-10-2016,18,14429,16448,10201,4246,45324,1061,959,1319,3339,48663
04-10-2016,19,14829,16749,10128,4241,45947,1030,952,1320,3302,49249
04-10-2016,20,14719,16176,9565,3943,44403,972,888,1253,3113,47516
04-10-2016,21,14392,15005,9504,3636,42537,873,783,1074,2730,45267
04-10-2016,22,13931,14010,9272,3306,40519,780,683,939,2402,42921
04-10-2016,23,13237,13291,8856,2942,38326,715,609,851,2175,40501
05-10-2016,0,12616,13134,8578,2735,37063,685,569,824,2078,39141
05-10-2016,1,12382,12963,8482,2712,36539,673,552,800,2025,38564
05-10-2016,2,12282,12774,8398,2688,36142,664,546,797,2007,38149
05-10-2016,3,12363,12706,8476,2699,36244,668,554,798,2020,38264
05-10-2016,4,12516,12977,8866,2763,37122,703,598,858,2159,39281
05-10-2016,5,13000,13669,9878,3006,39553,831,729,1082,2642,42195
05-10-2016,6,14329,15603,10275,3633,43840,960,858,1276,3094,46934
05-10-2016,7,15606,17292,10233,4201,47332,1049,960,1393,3402,50734
05-10-2016,8,16048,17457,10314,4360,48179,1088,1015,1446,3549,51728
05-10-2016,9,15751,17160,10213,4280,47404,1084,1016,1452,3552,50956
05-10-2016,10,15396,17006,10078,4283,46763,1071,1005,1433,3509,50272
05-10-2016,11,15021,16711,9952,4217,45901,1052,965,1415,3432,49333
05-10-2016,12,14478,16307,9749,4078,44612,1074,986,1441,3501,48113
05-10-2016,13,14537,16170,9628,4126,44461,1062,980,1413,3455,47916
05-10-2016,14,14402,15765,9614,4028,43809,1052,970,1385,3407,47216
05-10-2016,15,14026,15523,9570,3921,43040,1020,957,1362,3339,46379
05-10-2016,16,14085,15517,9563,3886,43051,1008,930,1326,3264,46315
05-10-2016,17,14128,15808,9750,4206,43892,1012,950,1349,3311,47203
05-10-2016,18,14186,16324,10385,4226,45121,1056,985,1390,3431,48552
05-10-2016,19,14719,16733,10343,4220,46015,1031,963,1361,3355,49370
05-10-2016,20,14709,16044,9838,3892,44483,981,901,1263,3145,47628
05-10-2016,21,14425,15222,9660,3562,42869,885,795,1085,2765,45634
05-10-2016,22,13852,14276,9423,3208,40759,792,691,933,2416,43175
05-10-2016,23,13194,13470,9048,2899,38611,729,617,862,2208,40819
06-10-2016,0,12646,13063,8756,2735,37200,697,580,813,2090,39290
06-10-2016,1,12444,12876,8626,2614,36560,679,560,795,2034,38594
06-10-2016,2,12338,12666,8625,2606,36235,676,561,790,2027,38262
06-10-2016,3,12549,12629,8728,2598,36504,678,569,796,2043,38547
06-10-2016,4,12752,12628,9098,2674,37152,713,622,863,2198,39350
06-10-2016,5,13252,13206,10032,2903,39393,849,741,1078,2668,42061
06-10-2016,6,14467,15055,10415,3547,43484,968,880,1292,3140,46624
06-10-2016,7,15461,16593,10396,4129,46579,1052,977,1413,3442,50021
06-10-2016,8,15792,16823,10376,4328,47319,1093,1028,1463,3584,50903
06-10-2016,9,15807,16738,10312,4318,47175,1087,1029,1465,3581,50756
06-10-2016,10,15734,16759,10185,4342,47020,1079,1016,1453,3548,50568
06-10-2016,11,15212,16411,10129,4288,46040,1062,981,1425,3468,49508
06-10-2016,12,14723,16312,9994,4222,45251,1082,1006,1446,3534,48785
06-10-2016,13,14556,16160,9874,4192,44782,1066,999,1435,3500,48282
06-10-2016,14,14392,15897,9795,4107,44191,1053,982,1416,3451,47642
06-10-2016,15,14255,15912,9850,3968,43985,1009,967,1364,3340,47325
06-10-2016,16,14202,15817,9893,3949,43861,995,937,1314,3246,47107
06-10-2016,17,14287,16132,9970,4204,44593,1018,952,1332,3302,47895
06-10-2016,18,14481,16344,10467,4216,45508,1067,984,1428,3479,48987
06-10-2016,19,14928,16516,10352,4214,46010,1038,960,1412,3410,49420
06-10-2016,20,14809,16168,9881,3929,44787,986,904,1321,3211,47998
06-10-2016,21,14337,15141,9716,3568,42762,888,796,1154,2838,45600
06-10-2016,22,13798,14227,9556,3201,40782,798,696,1004,2498,43280
06-10-2016,23,13191,13224,9102,2861,38378,744,622,925,2291,40669
07-10-2016,0,12582,12733,8737,2684,36736,710,581,882,2173,38909
07-10-2016,1,12468,12516,8592,2582,36158,689,558,863,2110,38268
07-10-2016,2,12397,12316,8568,2571,35852,679,555,856,2090,37942
07-10-2016,3,12342,12546,8710,2580,36178,690,564,869,2123,38301
07-10-2016,4,12416,12782,9071,2640,36909,724,611,927,2262,39171
07-10-2016,5,12707,13593,10017,2913,39230,854,735,1127,2716,41946
07-10-2016,6,13815,15558,10420,3544,43337,977,879,1315,3171,46508
07-10-2016,7,15196,16779,10425,4192,46592,1063,977,1449,3489,50081
07-10-2016,8,15650,17241,10417,4376,47684,1097,1036,1495,3628,51312
07-10-2016,9,15532,17290,10319,4422,47563,1094,1037,1500,3631,51194
07-10-2016,10,15337,17192,10298,4417,47244,1079,1022,1489,3590,50834
07-10-2016,11,14852,16461,10171,4323,45807,1062,987,1447,3496,49303
07-10-2016,12,14636,16151,10000,4121,44908,1083,1001,1451,3535,48443
07-10-2016,13,14270,15792,9878,4019,43959,1069,995,1420,3484,47443
07-10-2016,14,13929,15105,9778,3824,42636,1058,976,1409,3443,46079
07-10-2016,15,13629,14823,9737,3683,41872,1016,948,1374,3338,45210
07-10-2016,16,13752,14889,9759,3701,42101,1006,929,1334,3269,45370
07-10-2016,17,13705,15458,9998,3967,43128,1017,948,1348,3313,46441
07-10-2016,18,13965,15821,10404,4046,44236,1051,977,1417,3445,47681
07-10-2016,19,14357,15737,10189,3976,44259,1015,944,1376,3335,47594
07-10-2016,20,14073,15108,9639,3632,42452,965,885,1283,3133,45585
07-10-2016,21,13734,13879,9581,3383,40577,894,806,1142,2842,43419
07-10-2016,22,13288,13229,9333,3144,38994,806,724,1010,2540,41534
07-10-2016,23,12846,12749,8851,2829,37275,753,652,933,2338,39613
08-10-2016,0,12429,12344,8413,2637,35823,711,602,876,2189,38012
08-10-2016,1,12083,12030,8228,2488,34829,683,571,848,2102,36931
08-10-2016,2,11894,11904,8115,2421,34334,677,560,834,2071,36405
08-10-2016,3,11861,11879,8113,2405,34258,671,563,840,2074,36332
08-10-2016,4,11962,11879,8246,2454,34541,675,585,861,2121,36662
08-10-2016,5,12043,11970,8572,2522,35107,717,626,929,2272,37379
08-10-2016,6,12355,12558,8727,2680,36320,764,682,1001,2447,38767
08-10-2016,7,12797,13238,8830,2928,37793,821,754,1111,2686,40479
08-10-2016,8,13338,13995,9029,3202,39564,893,821,1213,2927,42491
08-10-2016,9,13944,14715,9139,3352,41150,924,860,1258,3042,44192
08-10-2016,10,14192,14959,9125,3408,41684,931,861,1276,3068,44752
08-10-2016,11,14077,14849,9064,3384,41374,934,854,1274,3062,44436
08-10-2016,12,13805,14591,8957,3313,40666,935,854,1261,3050,43716
08-10-2016,13,13585,14454,8949,3241,40229,929,843,1241,3013,43242
08-10-2016,14,13445,14384,8926,3201,39956,920,834,1215,2969,42925
08-10-2016,15,13371,14321,9063,3218,39973,922,838,1202,2962,42935
08-10-2016,16,13470,14573,9375,3344,40762,928,850,1213,2991,43753
08-10-2016,17,13797,15048,9752,3666,42263,954,873,1246,3073,45336
08-10-2016,18,14169,15575,10230,3778,43752,975,912,1326,3213,46965
08-10-2016,19,14366,15287,9807,3705,43165,937,891,1289,3117,46282
08-10-2016,20,14099,14704,9335,3418,41556,893,837,1208,2938,44494
08-10-2016,21,13846,14212,9371,3224,40653,828,763,1091,2682,43335
08-10-2016,22,13470,13709,9211,3004,39394,761,685,968,2414,41808
08-10-2016,23,13086,13297,8786,2788,37957,710,623,891,2224,40181
09-10-2016,0,12736,13132,8399,2603,36870,679,575,834,2088,38958
09-10-2016,1,12524,12178,8150,2485,35337,655,556,807,2018,37355
09-10-2016,2,12281,12139,8111,2412,34943,644,540,794,1978,36921
09-10-2016,3,12313,12090,8088,2368,34859,647,548,791,1986,36845
09-10-2016,4,12365,11936,8137,2341,34779,658,569,811,2038,36817
09-10-2016,5,12417,11869,8344,2394,35024,683,605,869,2157,37181
09-10-2016,6,12734,12316,8351,2563,35964,726,643,924,2293,38257
09-10-2016,7,13100,12483,8444,2807,36834,755,703,1002,2460,39294
09-10-2016,8,13394,13365,8724,3121,38604,839,776,1125,2740,41344
09-10-2016,9,13966,14099,8915,3355,40335,876,816,1185,2877,43212
09-10-2016,10,14304,14615,9068,3445,41432,882,831,1207,2920,44352
09-10-2016,11,14255,15082,9047,3466,41850,880,827,1216,2923,44773
09-10-2016,12,14180,15189,8950,3465,41784,886,824,1207,2917,44701
09-10-2016,13,14066,15012,8875,3381,41334,878,819,1199,2896,44230
09-10-2016,14,14020,15003,8885,3333,41241,875,828,1184,2887,44128
09-10-2016,15,14114,15007,8964,3362,41447,881,831,1185,2897,44344
09-10-2016,16,14052,15217,9086,3496,41851,902,846,1202,2950,44801
09-10-2016,17,14278,15749,9413,3858,43298,946,889,1258,3093,46391
09-10-2016,18,14568,16533,9813,3985,44899,991,936,1353,3280,48179
09-10-2016,19,14889,16425,9725,3912,44951,954,924,1320,3198,48149
09-10-2016,20,14663,15537,9306,3633,43139,899,865,1234,2998,46137
09-10-2016,21,14368,14809,9341,3357,41875,836,777,1107,2720,44595
09-10-2016,22,14015,13904,9256,3045,40220,759,679,979,2417,42637
09-10-2016,23,13519,12983,8826,2780,38108,711,609,892,2212,40320
10-10-2016,0,13125,12371,8550,2643,36689,683,572,840,2095,38784
10-10-2016,1,12805,12029,8394,2563,35791,669,561,809,2039,37830
10-10-2016,2,12724,11960,8381,2536,35601,664,554,798,2016,37617
10-10-2016,3,12751,12093,8483,2569,35896,671,562,810,2043,37939
10-10-2016,4,12900,12340,8838,2648,36726,712,612,872,2196,38922
10-10-2016,5,13248,13203,9818,2920,39189,853,751,1111,2715,41904
10-10-2016,6,14621,15062,10389,3601,43673,986,894,1313,3193,46866
10-10-2016,7,16151,16796,10339,4246,47532,1088,999,1414,3501,51033
10-10-2016,8,16569,17097,10379,4421,48466,1128,1058,1465,3651,52117
10-10-2016,9,16493,17356,10309,4443,48601,1128,1066,1484,3678,52279
10-10-2016,10,16279,17362,10287,4540,48468,1125,1036,1503,3664,52132
10-10-2016,11,16102,17263,10218,4542,48125,1090,989,1469,3548,51673
10-10-2016,12,15849,17009,10117,4460,47435,1105,998,1492,3595,51030
10-10-2016,13,15790,17011,10042,4442,47285,1090,980,1477,3547,50832
10-10-2016,14,15579,16814,9986,4355,46734,1078,959,1451,3488,50222
10-10-2016,15,15277,17064,9817,4175,46333,1044,938,1417,3399,49732
10-10-2016,16,15229,16854,9857,4218,46158,1027,910,1366,3303,49461
10-10-2016,17,15187,17085,10079,4509,46860,1046,938,1366,3350,50210
10-10-2016,18,15608,17490,10527,4523,48148,1087,1009,1438,3534,51682
10-10-2016,19,16133,17350,10364,4282,48129,1059,984,1384,3427,51556
10-10-2016,20,15932,16910,9928,3903,46673,1000,922,1313,3235,49908
10-10-2016,21,15591,15962,9857,3604,45014,917,823,1136,2876,47890
10-10-2016,22,14992,14746,9623,3257,42618,822,729,995,2546,45164
10-10-2016,23,14227,13544,9146,2904,39821,764,654,912,2330,42151
11-10-2016,0,13642,12956,8736,2692,38026,731,557,870,2158,40184
11-10-2016,1,13359,12929,8547,2597,37432,718,540,855,2113,39545
11-10-2016,2,13101,12891,8472,2565,37029,714,535,847,2096,39125
11-10-2016,3,13212,12940,8583,2588,37323,721,540,858,2119,39442
11-10-2016,4,13304,13078,8873,2747,38002,761,576,918,2255,40257
11-10-2016,5,13879,13880,9825,3200,40784,889,699,1137,2725,43509
11-10-2016,6,15193,15729,10395,3728,45045,1030,840,1330,3200,48245
11-10-2016,7,16522,16899,10398,4091,47910,1118,933,1448,3499,51409
11-10-2016,8,16766,17642,10491,4487,49386,1152,980,1494,3626,53012
11-10-2016,9,16661,17669,10433,4410,49173,1149,984,1481,3614,52787
11-10-2016,10,16487,17628,10436,4697,49248,1134,958,1471,3563,52811
11-10-2016,11,16167,17268,10455,4761,48651,1110,981,1443,3534,52185
11-10-2016,12,15808,17174,10298,4611,47891,1134,996,1460,3590,51481
11-10-2016,13,15995,17143,10221,4520,47879,1119,992,1450,3561,51440
11-10-2016,14,15980,16984,10097,4438,47499,1099,939,1428,3466,50965
11-10-2016,15,15936,17037,10053,4384,47410,1067,888,1382,3337,50747
11-10-2016,16,15866,16970,10144,4353,47333,1045,918,1345,3308,50641
11-10-2016,17,15875,17301,10414,4638,48228,1069,951,1385,3405,51633
11-10-2016,18,16021,17620,10714,4619,48974,1092,1011,1457,3560,52534
11-10-2016,19,16113,17676,10482,4422,48693,1061,988,1417,3466,52159
11-10-2016,20,15861,17164,9957,4085,47067,1001,923,1309,3233,50300
11-10-2016,21,15571,16099,9798,3779,45247,909,829,1145,2883,48130
11-10-2016,22,14896,15076,9533,3441,42946,812,737,1004,2553,45499
11-10-2016,23,14251,14236,9061,3089,40637,764,666,914,2344,42981
12-10-2016,0,13637,13499,8722,2835,38693,734,623,869,2226,40919
12-10-2016,1,13340,13340,8549,2749,37978,719,602,850,2171,40149
12-10-2016,2,13277,13154,8491,2700,37622,714,599,839,2152,39774
12-10-2016,3,13266,13203,8579,2702,37750,717,608,849,2174,39924
12-10-2016,4,13354,13459,8862,2783,38458,760,645,915,2320,40778
12-10-2016,5,13683,14222,9835,3087,40827,894,779,1136,2809,43636
12-10-2016,6,15199,16300,10456,3753,45708,1039,917,1342,3298,49006
12-10-2016,7,16662,17419,10433,4350,48864,1114,1007,1456,3577,52441
12-10-2016,8,17014,17988,10381,4513,49896,1153,1058,1512,3723,53619
12-10-2016,9,16871,18073,10340,4582,49866,1145,1050,1514,3709,53575
12-10-2016,10,16781,18129,10332,4626,49868,1138,1026,1495,3659,53527
12-10-2016,11,16740,18089,10347,4571,49747,1129,1004,1471,3604,53351
12-10-2016,12,16639,17877,10308,4452,49276,1144,1024,1485,3653,52929
12-10-2016,13,16485,17657,10216,4472,48830,1122,1006,1472,3600,52430
12-10-2016,14,16197,17484,10203,4427,48311,1104,977,1447,3528,51839
12-10-2016,15,16047,17478,10164,4326,48015,1069,951,1404,3424,51439
12-10-2016,16,15993,17473,10231,4326,48023,1048,923,1364,3335,51358
12-10-2016,17,15917,17902,10500,4577,48896,1080,957,1400,3437,52333
12-10-2016,18,16150,18307,10873,4604,49934,1113,1014,1464,3591,53525
12-10-2016,19,16383,18216,10664,4441,49704,1086,989,1412,3487,53191
12-10-2016,20,16143,17478,10079,4098,47798,1042,929,1312,3283,51081
12-10-2016,21,15715,16514,9898,3780,45907,952,832,1157,2941,48848
12-10-2016,22,15181,15557,9733,3447,43918,853,736,1014,2603,46521
12-10-2016,23,14300,14378,9231,3127,41036,791,668,940,2399,43435
13-10-2016,0,13891,13622,8912,2894,39319,762,629,898,2289,41608
13-10-2016,1,13659,13518,8703,2766,38646,744,622,877,2243,40889
13-10-2016,2,13503,13222,8676,2683,38084,734,617,874,2225,40309
13-10-2016,3,13505,13377,8714,2701,38297,737,629,889,2255,40552
13-10-2016,4,13451,13449,9090,2759,38749,777,671,956,2404,41153
13-10-2016,5,13799,14275,10050,3037,41161,910,795,1174,2879,44040
13-10-2016,6,15174,16083,10704,3704,45665,1056,935,1360,3351,49016
13-10-2016,7,16568,17922,10671,4374,49535,1130,1027,1462,3619,53154
13-10-2016,8,16882,18082,10729,4542,50235,1168,1075,1501,3744,53979
13-10-2016,9,16822,18017,10688,4563,50090,1172,1065,1474,3711,53801
13-10-2016,10,17108,18032,10672,4571,50383,1168,1038,1441,3647,54030
13-10-2016,11,16926,17829,10646,4509,49910,1145,993,1395,3533,53443
13-10-2016,12,16708,17678,10542,4361,49289,1167,1009,1402,3578,52867
13-10-2016,13,16596,17450,10515,4355,48916,1154,998,1386,3538,52454
13-10-2016,14,16449,17371,10471,4265,48556,1146,979,1360,3485,52041
13-10-2016,15,16428,17439,10386,4170,48423,1120,956,1331,3407,51830
13-10-2016,16,16360,17164,10469,4222,48215,1102,949,1304,3355,51570
13-10-2016,17,16319,17740,10691,4344,49094,1123,1002,1356,3481,52575
13-10-2016,18,16592,18235,10963,4440,50230,1137,1039,1462,3638,53868
13-10-2016,19,16695,18098,10838,4365,49996,1099,1007,1419,3525,53521
13-10-2016,20,16478,17293,10362,4029,48162,1046,941,1315,3302,51464
13-10-2016,21,16080,16481,10182,3716,46459,957,842,1164,2963,49422
13-10-2016,22,15578,15257,9958,3336,44129,862,750,1028,2640,46769
13-10-2016,23,14745,14223,9500,3015,41483,803,683,954,2440,43923
14-10-2016,0,14176,13533,9203,2731,39643,767,639,908,2314,41957
14-10-2016,1,13813,13287,9016,2650,38766,748,617,889,2254,41020
14-10-2016,2,13726,13298,8892,2610,38526,742,613,885,2240,40766
14-10-2016,3,13820,13355,9045,2608,38828,747,614,902,2263,41091
14-10-2016,4,13896,13532,9451,2648,39527,785,660,965,2410,41937
14-10-2016,5,14312,14311,10353,2844,41820,917,785,1180,2882,44702
14-10-2016,6,15599,16269,11011,3454,46333,1063,926,1385,3374,49707
14-10-2016,7,17180,17728,11020,4077,50005,1135,1016,1497,3648,53653
14-10-2016,8,17648,18090,11046,4202,50986,1183,1074,1557,3814,54800
14-10-2016,9,17680,18064,10878,4156,50778,1176,1075,1558,3809,54587
14-10-2016,10,17521,17819,10908,4225,50473,1175,1056,1545,3776,54249
14-10-2016,11,17482,17601,10872,4211,50166,1154,1012,1508,3674,53840
14-10-2016,12,17036,17242,10702,4121,49101,1174,1029,1519,3722,52823
14-10-2016,13,16940,17527,10524,4030,49021,1154,1018,1480,3652,52673
14-10-2016,14,16797,17632,10470,3800,48699,1137,1001,1437,3575,52274
14-10-2016,15,16270,17076,10380,3700,47426,1105,979,1391,3475,50901
14-10-2016,16,16316,16472,10473,3690,46951,1084,956,1375,3415,50366
14-10-2016,17,16414,16952,10728,3946,48040,1111,991,1412,3514,51554
14-10-2016,18,16617,17593,10922,4113,49245,1119,1002,1463,3584,52829
14-10-2016,19,16664,17816,10607,3924,49011,1074,957,1411,3442,52453
14-10-2016,20,16292,16618,10040,3606,46556,1024,903,1309,3236,49792
14-10-2016,21,15840,14906,9944,3325,44015,946,821,1166,2933,46948
14-10-2016,22,15339,14531,9706,3049,42625,858,730,1041,2629,45254
14-10-2016,23,14800,13845,9176,2849,40670,793,661,962,2416,43086
15-10-2016,0,14259,13308,8898,2622,39087,748,623,913,2284,41371
15-10-2016,1,14000,13006,8651,2467,38124,724,603,883,2210,40334
15-10-2016,2,13773,12671,8602,2390,37436,711,594,865,2170,39606
15-10-2016,3,13610,12688,8611,2381,37290,711,596,867,2174,39464
15-10-2016,4,13638,12829,8705,2419,37591,722,617,888,2227,39818
15-10-2016,5,13893,12991,8987,2503,38374,759,662,961,2382,40756
15-10-2016,6,14346,13396,9165,2688,39595,804,722,1047,2573,42168
15-10-2016,7,14755,13927,9194,2938,40814,855,780,1132,2767,43581
15-10-2016,8,15120,14330,9391,3158,41999,924,843,1226,2993,44992
15-10-2016,9,15778,14833,9449,3389,43449,955,861,1253,3069,46518
15-10-2016,10,15964,15088,9568,3494,44114,954,858,1245,3057,47171
15-10-2016,11,15868,15152,9565,3487,44072,952,841,1219,3012,47084
15-10-2016,12,15628,15086,9563,3491,43768,941,828,1190,2959,46727
15-10-2016,13,15414,15142,9543,3352,43451,934,817,1157,2908,46359
15-10-2016,14,15225,14961,9557,3339,43082,925,806,1131,2862,45944
15-10-2016,15,15130,14961,9688,3320,43099,916,800,1119,2835,45934
15-10-2016,16,15243,15330,9917,3422,43912,933,809,1139,2881,46793
15-10-2016,17,15510,15743,10403,3752,45408,982,855,1211,3048,48456
15-10-2016,18,15957,16280,10486,3891,46614,999,907,1307,3213,49827
15-10-2016,19,15820,15874,10104,3687,45485,959,886,1264,3109,48594
15-10-2016,20,15517,15208,9573,3456,43754,911,841,1182,2934,46688
15-10-2016,21,15069,14550,9480,3237,42336,850,769,1072,2691,45027
15-10-2016,22,14680,14074,9349,3031,41134,786,698,969,2453,43587
15-10-2016,23,14223,13623,8907,2829,39582,740,644,894,2278,41860
16-10-2016,0,13936,13153,8608,2650,38347,706,604,849,2159,40506
16-10-2016,1,13568,12969,8376,2509,37422,693,580,844,2117,39539
16-10-2016,2,13489,12829,8283,2440,37041,687,568,837,2092,39133
16-10-2016,3,13416,12727,8263,2414,36820,688,566,835,2089,38909
16-10-2016,4,13405,12706,8352,2424,36887,702,585,850,2137,39024
16-10-2016,5,13536,12952,8534,2511,37533,734,611,899,2244,39777
16-10-2016,6,13695,13137,8640,2676,38148,774,656,956,2386,40534
16-10-2016,7,13970,13494,8668,2955,39087,814,705,1021,2540,41627
16-10-2016,8,14383,13983,8848,3226,40440,886,773,1121,2780,43220
16-10-2016,9,14908,14614,9024,3469,42015,907,807,1170,2884,44899
16-10-2016,10,15238,15049,9150,3596,43033,900,811,1170,2881,45914
16-10-2016,11,15337,15228,9203,3644,43412,891,807,1153,2851,46263
16-10-2016,12,15225,15200,9175,3624,43224,889,806,1133,2828,46052
16-10-2016,13,15185,15359,9090,3590,43224,887,792,1117,2796,46020
16-10-2016,14,15120,15283,9104,3550,43057,885,785,1099,2769,45826
16-10-2016,15,15083,15387,9155,3570,43195,882,780,1105,2767,45962
16-10-2016,16,15200,15359,9306,3656,43521,908,792,1135,2835,46356
16-10-2016,17,15302,16227,9780,3981,45290,971,851,1227,3049,48339
16-10-2016,18,15672,16776,9987,4140,46575,1017,920,1345,3282,49857
16-10-2016,19,15825,16519,9787,3909,46040,986,903,1313,3202,49242
16-10-2016,20,15554,15951,9321,3627,44453,929,855,1228,3012,47465
16-10-2016,21,15163,15137,9379,3356,43035,865,771,1096,2732,45767
16-10-2016,22,14664,14248,9303,3104,41319,793,686,966,2445,43764
16-10-2016,23,13930,13614,8913,2883,39340,742,626,894,2262,41602
17-10-2016,0,13379,13373,8594,2703,38049,716,595,856,2167,40216
17-10-2016,1,13086,13154,8392,2601,37233,699,581,842,2122,39355
17-10-2016,2,12822,13020,8370,2530,36742,693,576,839,2108,38850
17-10-2016,3,12901,12995,8480,2561,36937,702,586,846,2134,39071
17-10-2016,4,13079,13193,8784,2631,37687,742,627,918,2287,39974
17-10-2016,5,13559,13980,9723,2907,40169,874,755,1161,2790,42959
17-10-2016,6,14908,15794,10380,3479,44561,1035,903,1366,3304,47865
17-10-2016,7,16388,17574,10475,4142,48579,1116,999,1472,3587,52166
17-10-2016,8,16661,17738,10475,4425,49299,1164,1057,1506,3727,53026
17-10-2016,9,16513,17545,10474,4499,49031,1165,1052,1488,3705,52736
17-10-2016,10,16278,17805,10464,4510,49057,1153,1027,1452,3632,52689
17-10-2016,11,16232,17749,10453,4500,48934,1123,983,1404,3510,52444
17-10-2016,12,16194,17755,10357,4412,48718,1136,1000,1398,3534,52252
17-10-2016,13,16149,17776,10238,4422,48585,1119,990,1374,3483,52068
17-10-2016,14,16107,17521,10193,4355,48176,1105,972,1353,3430,51606
17-10-2016,15,16219,17423,10139,4222,48003,1073,944,1322,3339,51342
17-10-2016,16,16251,17268,10249,4210,47978,1065,914,1305,3284,51262
17-10-2016,17,16254,17736,10545,4537,49072,1108,973,1370,3451,52523
17-10-2016,18,16397,18173,10594,4605,49769,1119,1015,1452,3586,53355
17-10-2016,19,16338,17690,10414,4349,48791,1077,982,1403,3462,52253
17-10-2016,20,16008,16790,9917,4032,46747,1023,916,1290,3229,49976
17-10-2016,21,15434,15882,9836,3766,44918,937,820,1132,2889,47807
17-10-2016,22,14734,14823,9531,3472,42560,843,729,1006,2578,45138
17-10-2016,23,13931,13861,9061,3153,40006,780,659,924,2363,42369
18-10-2016,0,13381,13308,8661,2930,38280,753,622,886,2261,40541
18-10-2016,1,12951,12955,8394,2785,37085,742,607,868,2217,39302
18-10-2016,2,12830,12893,8373,2750,36846,742,600,861,2203,39049
18-10-2016,3,12745,12829,8439,2753,36766,745,608,879,2232,38998
18-10-2016,4,12895,12943,8803,2809,37450,788,651,946,2385,39835
18-10-2016,5,13276,13747,9666,3076,39765,922,773,1173,2868,42633
18-10-2016,6,14542,15731,10222,3597,44092,1070,931,1371,3372,47464
18-10-2016,7,16091,17460,10277,4208,48036,1150,1018,1474,3642,51678
18-10-2016,8,16276,17500,10233,4505,48514,1171,1064,1501,3736,52250
18-10-2016,9,16168,17496,10229,4576,48469,1157,1058,1472,3687,52156
18-10-2016,10,16117,17630,10217,4653,48617,1143,1036,1442,3621,52238
18-10-2016,11,15891,17662,10265,4672,48490,1110,991,1403,3504,51994
18-10-2016,12,16007,17475,10199,4590,48271,1131,997,1403,3531,51802
18-10-2016,13,15893,17270,10155,4526,47844,1104,977,1396,3477,51321
18-10-2016,14,15867,17277,10086,4416,47646,1085,956,1390,3431,51077
18-10-2016,15,15910,17180,10096,4328,47514,1059,939,1360,3358,50872
18-10-2016,16,15901,17127,10126,4266,47420,1049,915,1325,3289,50709
18-10-2016,17,15826,17444,10431,4550,48251,1104,971,1391,3466,51717
18-10-2016,18,15989,17615,10629,4649,48882,1130,1010,1459,3599,52481
18-10-2016,19,15928,17307,10445,4395,48075,1096,972,1412,3480,51555
18-10-2016,20,15707,16643,9882,4068,46300,1039,904,1303,3246,49546
18-10-2016,21,15321,15686,9798,3772,44577,945,808,1138,2891,47468
18-10-2016,22,14589,14533,9514,3441,42077,854,715,1005,2574,44651
18-10-2016,23,13769,13749,9083,3115,39716,802,653,931,2386,42102
19-10-2016,0,13182,13087,8636,2880,37785,778,619,897,2294,40079
19-10-2016,1,12813,12813,8452,2774,36852,756,606,880,2242,39094
19-10-2016,2,12725,12791,8415,2725,36656,754,605,871,2230,38886
19-10-2016,3,12776,12745,8559,2725,36805,749,615,888,2252,39057
19-10-2016,4,12809,12820,8955,2823,37407,795,657,952,2404,39811
19-10-2016,5,13304,13490,9846,3073,39713,934,783,1171,2888,42601
19-10-2016,6,14482,15432,10526,3592,44032,1082,934,1384,3400,47432
19-10-2016,7,15915,17175,10511,4183,47784,1166,1021,1472,3659,51443
19-10-2016,8,16066,17147,10599,4446,48258,1196,1069,1496,3761,52019
19-10-2016,9,15850,17127,10590,4575,48142,1174,1063,1479,3716,51858
19-10-2016,10,15818,17325,10528,4651,48322,1153,1036,1463,3652,51974
19-10-2016,11,15633,17399,10445,4606,48083,1115,990,1428,3533,51616
19-10-2016,12,15548,17176,10242,4527,47493,1123,997,1427,3547,51040
19-10-2016,13,15496,17079,10140,4524,47239,1107,986,1405,3498,50737
19-10-2016,14,15428,16907,10214,4412,46961,1093,970,1383,3446,50407
19-10-2016,15,15377,17041,10198,4278,46894,1063,953,1343,3359,50253
19-10-2016,16,15373,17123,10279,4242,47017,1053,934,1315,3302,50319
19-10-2016,17,15439,17385,10665,4494,47983,1112,999,1382,3493,51476
19-10-2016,18,15714,17413,10857,4572,48556,1132,1023,1441,3596,52152
19-10-2016,19,15856,17158,10690,4280,47984,1104,991,1394,3489,51473
19-10-2016,20,15658,16277,10024,3937,45896,1045,923,1285,3253,49149
19-10-2016,21,15314,15407,9897,3661,44279,952,824,1121,2897,47176
19-10-2016,22,14697,14408,9756,3355,42216,868,734,983,2585,44801
19-10-2016,23,13938,13634,9205,3025,39802,806,671,904,2381,42183
20-10-2016,0,13423,13193,8914,2795,38325,778,634,871,2283,40608
20-10-2016,1,13035,12968,8780,2671,37454,767,616,849,2232,39686
20-10-2016,2,12854,12720,8725,2631,36930,764,610,846,2220,39150
20-10-2016,3,12863,12849,8874,2594,37180,774,624,856,2254,39434
20-10-2016,4,13059,12900,9267,2649,37875,813,663,920,2396,40271
20-10-2016,5,13399,13520,10117,2903,39939,944,794,1135,2873,42812
20-10-2016,6,14854,15368,10744,3418,44384,1090,946,1349,3385,47769
20-10-2016,7,16252,17222,10754,3992,48220,1174,1029,1454,3657,51877
20-10-2016,8,16634,17375,10754,4299,49062,1202,1075,1493,3770,52832
20-10-2016,9,16514,17360,10714,4432,49020,1180,1070,1487,3737,52757
20-10-2016,10,16417,17396,10636,4516,48965,1160,1050,1463,3673,52638
20-10-2016,11,16321,17775,10637,4458,49191,1124,1007,1444,3575,52766
20-10-2016,12,16139,17278,10530,4336,48283,1135,1023,1466,3624,51907
20-10-2016,13,16003,17270,10320,4307,47900,1116,1013,1451,3580,51480
20-10-2016,14,16005,17129,10279,4199,47612,1109,989,1433,3531,51143
20-10-2016,15,15853,17157,10151,4055,47216,1078,964,1371,3413,50629
20-10-2016,16,15856,17030,10275,4046,47207,1068,949,1332,3349,50556
20-10-2016,17,16075,17542,10586,4304,48507,1129,1003,1393,3525,52032
20-10-2016,18,16274,17631,10829,4441,49175,1137,1028,1437,3602,52777
20-10-2016,19,16212,17353,10550,4268,48383,1113,983,1385,3481,51864
20-10-2016,20,15971,16538,10016,3940,46465,1053,921,1269,3243,49708
20-10-2016,21,15599,15852,9974,3673,45098,964,824,1113,2901,47999
20-10-2016,22,14983,14868,9773,3375,42999,875,734,976,2585,45584
20-10-2016,23,14269,14148,9292,3041,40750,817,662,906,2385,43135
21-10-2016,0,13618,13208,8989,2817,38632,793,624,865,2282,40914
21-10-2016,1,13235,12892,8747,2666,37540,774,610,851,2235,39775
21-10-2016,2,13074,12644,8729,2616,37063,770,607,852,2229,39292
21-10-2016,3,13099,12619,8805,2640,37163,776,617,863,2256,39419
21-10-2016,4,13309,12741,9129,2712,37891,812,658,927,2397,40288
21-10-2016,5,13661,13453,10013,2909,40036,949,782,1137,2868,42904
21-10-2016,6,15011,15243,10662,3335,44251,1096,937,1358,3391,47642
21-10-2016,7,16883,17119,10765,3900,48667,1175,1023,1470,3668,52335
21-10-2016,8,17111,17394,10730,4207,49442,1211,1061,1514,3786,53228
21-10-2016,9,17037,17516,10721,4342,49616,1202,1061,1515,3778,53394
21-10-2016,10,17010,17548,10741,4488,49787,1186,1048,1490,3724,53511
21-10-2016,11,16706,17497,10755,4445,49403,1164,1014,1460,3638,53041
21-10-2016,12,16658,17325,10693,4312,48988,1181,1039,1457,3677,52665
21-10-2016,13,16519,17217,10640,4226,48602,1173,1025,1432,3630,52232
21-10-2016,14,16403,17001,10548,4149,48101,1158,1004,1407,3569,51670
21-10-2016,15,16061,16831,10525,4042,47459,1128,979,1385,3492,50951
21-10-2016,16,16062,16862,10736,4057,47717,1125,964,1361,3450,51167
21-10-2016,17,16237,17307,11052,4284,48880,1155,1008,1405,3568,52448
21-10-2016,18,16529,17894,11128,4363,49914,1142,1006,1417,3565,53479
21-10-2016,19,16358,17476,10780,4033,48647,1098,958,1368,3424,52071
21-10-2016,20,15892,16412,10202,3714,46220,1039,896,1266,3201,49421
21-10-2016,21,15474,15502,10075,3484,44535,959,816,1138,2913,47448
21-10-2016,22,14940,14624,9889,3229,42682,877,732,997,2606,45288
21-10-2016,23,14368,13854,9379,2970,40571,814,666,917,2397,42968
22-10-2016,0,13901,13223,8945,2762,38831,779,630,859,2268,41099
22-10-2016,1,13579,12843,8763,2605,37790,759,611,839,2209,39999
22-10-2016,2,13369,12674,8713,2543,37299,745,599,828,2172,39471
22-10-2016,3,13289,12620,8745,2541,37195,745,604,833,2182,39377
22-10-2016,4,13340,12679,8830,2553,37402,758,621,854,2233,39635
22-10-2016,5,13440,12868,9118,2628,38054,799,668,936,2403,40457
22-10-2016,6,13838,13427,9373,2790,39428,852,739,1033,2624,42052
22-10-2016,7,14426,13973,9478,3071,40948,903,793,1117,2813,43761
22-10-2016,8,15026,14755,9613,3347,42741,973,857,1212,3042,45783
22-10-2016,9,15771,15645,9730,3574,44720,998,887,1263,3148,47868
22-10-2016,10,16176,16137,9846,3704,45863,1004,891,1279,3174,49037
22-10-2016,11,16132,16266,9862,3722,45982,1009,880,1271,3160,49142
22-10-2016,12,15957,16305,9881,3673,45816,1003,876,1255,3134,48950
22-10-2016,13,15795,16330,9862,3644,45631,998,868,1232,3098,48729
22-10-2016,14,15637,16255,9912,3594,45398,990,854,1207,3051,48449
22-10-2016,15,15575,16299,10090,3624,45588,983,857,1203,3043,48631
22-10-2016,16,15688,16612,10453,3711,46464,999,873,1222,3094,49558
22-10-2016,17,16106,17047,10927,4066,48146,1051,924,1293,3268,51414
22-10-2016,18,16535,17239,10790,4154,48718,1040,921,1308,3269,51987
22-10-2016,19,16360,16818,10379,3850,47407,1002,895,1258,3155,50562
22-10-2016,20,15880,16203,9891,3557,45531,953,840,1177,2970,48501
22-10-2016,21,15448,15446,9804,3319,44017,889,771,1055,2715,46732
22-10-2016,22,14930,14604,9689,3077,42300,824,705,956,2485,44785
22-10-2016,23,14598,14175,9297,2889,40959,779,654,886,2319,43278
23-10-2016,0,14341,13644,8925,2690,39600,742,613,841,2196,41796
23-10-2016,1,13924,13441,8698,2555,38618,719,594,821,2134,40752
23-10-2016,2,13722,13412,8545,2483,38162,709,591,822,2122,40284
23-10-2016,3,13634,13368,8622,2438,38062,707,589,820,2116,40178
23-10-2016,4,13641,13360,8659,2467,38127,718,602,834,2154,40281
23-10-2016,5,13729,13530,8820,2541,38620,746,630,886,2262,40882
23-10-2016,6,13941,13890,8900,2705,39436,787,684,952,2423,41859
23-10-2016,7,14426,14375,8941,2975,40717,832,728,1014,2574,43291
23-10-2016,8,14846,14741,9135,3263,41985,896,796,1115,2807,44792
23-10-2016,9,15433,15342,9428,3533,43736,928,837,1179,2944,46680
23-10-2016,10,15779,15805,9527,3669,44780,935,849,1200,2984,47764
23-10-2016,11,15888,16050,9519,3711,45168,933,844,1205,2982,48150
23-10-2016,12,15940,16144,9440,3700,45224,931,841,1201,2973,48197
23-10-2016,13,15862,15970,9440,3668,44940,925,838,1183,2946,47886
23-10-2016,14,15819,15967,9540,3631,44957,926,834,1173,2933,47890
23-10-2016,15,15758,16050,9530,3615,44953,927,836,1174,2937,47890
23-10-2016,16,15782,16308,9784,3733,45607,954,854,1210,3018,48625
23-10-2016,17,15953,16974,10224,4117,47268,1024,910,1286,3220,50488
23-10-2016,18,16227,17241,10237,4321,48026,1013,922,1307,3242,51268
23-10-2016,19,16365,16878,10035,4084,47362,976,900,1257,3133,50495
23-10-2016,20,16099,16250,9569,3789,45707,927,847,1185,2959,48666
23-10-2016,21,15779,15341,9664,3531,44315,864,770,1061,2695,47010
23-10-2016,22,15222,14590,9605,3235,42652,788,699,945,2432,45084
23-10-2016,23,14518,13842,9203,2953,40516,729,637,866,2232,42748
24-10-2016,0,13883,13391,8929,2802,39005,722,603,827,2152,41157
24-10-2016,1,13630,13179,8725,2667,38201,706,589,808,2103,40304
24-10-2016,2,13567,13204,8630,2643,38044,697,583,807,2087,40131
24-10-2016,3,13557,13348,8710,2659,38274,703,594,818,2115,40389
24-10-2016,4,13796,13485,9087,2715,39083,747,631,872,2250,41333
24-10-2016,5,14220,14451,10015,2987,41673,869,741,1108,2718,44391
24-10-2016,6,15689,16275,10636,3694,46294,1025,887,1326,3238,49532
24-10-2016,7,17288,18306,10876,4445,50915,1133,999,1443,3575,54490
24-10-2016,8,17710,18534,10742,4610,51596,1191,1060,1497,3748,55344
24-10-2016,9,17536,18553,10688,4608,51385,1188,1077,1503,3768,55153
24-10-2016,10,17339,18629,10731,4660,51359,1186,1066,1499,3751,55110
24-10-2016,11,17180,18593,10743,4671,51187,1163,1031,1485,3679,54866
24-10-2016,12,16898,18568,10735,4518,50719,1174,1056,1503,3733,54452
24-10-2016,13,16693,18679,10702,4473,50547,1164,1041,1496,3701,54248
24-10-2016,14,16709,18352,10527,4368,49956,1150,1022,1480,3652,53608
24-10-2016,15,17550,18426,10486,4263,50725,1117,1010,1456,3583,54308
24-10-2016,16,16543,18249,10600,4311,49703,1111,999,1431,3541,53244
24-10-2016,17,16665,18767,10751,4665,50848,1152,1044,1479,3675,54523
24-10-2016,18,16954,18811,10758,4801,51324,1128,1040,1468,3636,54960
24-10-2016,19,16935,18307,10516,4527,50285,1086,993,1399,3478,53763
24-10-2016,20,16684,17515,10042,4200,48441,1028,930,1302,3260,51701
24-10-2016,21,16291,16445,9935,3908,46579,939,847,1137,2923,49502
24-10-2016,22,15580,15449,9706,3544,44279,851,759,1002,2612,46891
24-10-2016,23,14687,14664,9281,3169,41801,791,688,921,2400,44201
25-10-2016,0,14153,14108,8884,2963,40108,763,649,896,2308,42416
25-10-2016,1,13852,13787,8650,2850,39139,743,634,875,2252,41391
25-10-2016,2,13790,13713,8618,2807,38928,743,624,879,2246,41174
25-10-2016,3,13860,13717,8680,2830,39087,748,627,896,2271,41358
25-10-2016,4,13933,13796,8979,2898,39606,800,669,940,2409,42015
25-10-2016,5,14421,14632,9844,3160,42057,930,780,1162,2872,44929
25-10-2016,6,15780,16501,10539,3829,46649,1084,924,1365,3373,50022
25-10-2016,7,17509,18390,10723,4536,51158,1159,1043,1467,3669,54827
25-10-2016,8,18424,18764,10607,4689,52484,1219,1106,1519,3844,56328
25-10-2016,9,17382,18679,10599,4669,51329,1229,1117,1523,3869,55198
25-10-2016,10,17320,18822,10700,4752,51594,1228,1109,1521,3858,55452
25-10-2016,11,17141,18826,10758,4739,51464,1210,1065,1500,3775,55239
25-10-2016,12,16838,18687,10673,4608,50806,1226,1080,1515,3821,54627
25-10-2016,13,16717,18614,10595,4581,50507,1209,1065,1497,3771,54278
25-10-2016,14,16607,18467,10634,4520,50228,1199,1052,1499,3750,53978
25-10-2016,15,16617,18497,10613,4386,50113,1164,1035,1463,3662,53775
25-10-2016,16,16682,18423,10725,4372,50202,1158,1009,1433,3600,53802
25-10-2016,17,16919,18983,11018,4695,51615,1192,1050,1464,3706,55321
25-10-2016,18,17215,19212,10999,4881,52307,1158,1029,1449,3636,55943
25-10-2016,19,17118,18915,10848,4654,51535,1117,984,1387,3488,55023
25-10-2016,20,16820,18549,10239,4324,49932,1075,921,1312,3308,53240
25-10-2016,21,16367,17431,10172,4038,48008,982,836,1155,2973,50981
25-10-2016,22,15841,16383,9974,3671,45869,890,743,1012,2645,48514
25-10-2016,23,14991,15261,9543,3307,43102,817,675,936,2428,45530
26-10-2016,0,14584,14678,9259,3072,41593,800,635,886,2321,43914
26-10-2016,1,14141,14374,9053,2931,40499,777,620,866,2263,42762
26-10-2016,2,13809,14118,8969,2894,39790,764,611,856,2231,42021
26-10-2016,3,13872,14135,8996,2913,39916,772,619,869,2260,42176
26-10-2016,4,13948,14194,9366,2995,40503,813,662,927,2402,42905
26-10-2016,5,14265,15088,10195,3240,42788,928,772,1148,2848,45636
26-10-2016,6,15753,17225,10851,3915,47744,1075,913,1364,3352,51096
26-10-2016,7,17469,19066,11095,4620,52250,1168,1026,1483,3677,55927
26-10-2016,8,17591,19222,10970,4775,52558,1207,1082,1516,3805,56363
26-10-2016,9,17208,19036,10926,4751,51921,1207,1094,1503,3804,55725
26-10-2016,10,17006,19135,10904,4783,51828,1212,1080,1486,3778,55606
26-10-2016,11,16896,18778,10900,4751,51325,1185,1041,1437,3663,54988
26-10-2016,12,16796,18599,10790,4662,50847,1221,1070,1476,3767,54614
26-10-2016,13,16965,18341,10651,4566,50523,1203,1064,1462,3729,54252
26-10-2016,14,16674,18119,10566,4477,49836,1183,1048,1450,3681,53517
26-10-2016,15,16734,18066,10641,4304,49745,1160,1028,1410,3598,53343
26-10-2016,16,16952,18144,10850,4278,50224,1162,1003,1580,3745,53969
26-10-2016,17,17084,18802,11231,4611,51728,1192,1054,1477,3723,55451
26-10-2016,18,17146,18868,11278,4693,51985,1164,1034,1475,3673,55658
26-10-2016,19,16959,18442,11082,4387,50870,1118,998,1431,3547,54417
26-10-2016,20,16516,17610,10502,4028,48656,1069,937,1325,3331,51987
26-10-2016,21,15848,16396,10395,3785,46424,980,849,1154,2983,49407
26-10-2016,22,15273,15394,10141,3458,44266,893,753,1011,2657,46923
26-10-2016,23,14287,14505,9654,3106,41552,822,677,932,2431,43983
27-10-2016,0,13814,14096,9350,2896,40156,792,639,886,2317,42473
27-10-2016,1,13366,13844,9155,2802,39167,760,623,864,2247,41414
27-10-2016,2,13170,13733,9027,2880,38810,751,611,859,2221,41031
27-10-2016,3,13122,13787,9060,2946,38915,754,613,869,2236,41151
27-10-2016,4,13291,13992,9385,2798,39466,791,655,935,2381,41847
27-10-2016,5,13581,14641,10275,2964,41461,909,767,1153,2829,44290
27-10-2016,6,14968,16323,10865,3635,45791,1050,911,1377,3338,49129
27-10-2016,7,16463,18289,11050,4407,50209,1143,1015,1483,3641,53850
27-10-2016,8,16882,18478,10890,4645,50895,1176,1062,1518,3756,54651
27-10-2016,9,16707,18300,10796,4622,50425,1179,1071,1507,3757,54182
27-10-2016,10,16634,18012,10769,4630,50045,1174,1053,1491,3718,53763
27-10-2016,11,16378,17799,10759,4559,49495,1153,1023,1454,3630,53125
27-10-2016,12,15944,17154,10633,4412,48143,1179,1044,1459,3682,51825
27-10-2016,13,15718,16892,10530,4387,47527,1166,1034,1437,3637,51164
27-10-2016,14,15724,16808,10511,4319,47362,1164,1021,1425,3610,50972
27-10-2016,15,15870,16812,10480,4119,47281,1145,1006,1390,3541,50822
27-10-2016,16,15992,16848,10664,4186,47690,1142,988,1363,3493,51183
27-10-2016,17,15987,17655,10824,4515,48981,1169,1036,1452,3657,52638
27-10-2016,18,16147,17930,10814,4640,49531,1128,1014,1462,3604,53135
27-10-2016,19,15960,17425,10602,4340,48327,1076,980,1406,3462,51789
27-10-2016,20,15667,16451,10052,3992,46162,1013,912,1297,3222,49384
27-10-2016,21,15225,15567,9907,3691,44390,928,820,1135,2883,47273
27-10-2016,22,14586,14814,9612,3299,42311,841,734,999,2574,44885
27-10-2016,23,13984,14102,9096,2978,40160,780,669,916,2365,42525
28-10-2016,0,13605,13512,8688,2764,38569,745,627,863,2235,40804
28-10-2016,1,13066,13270,8466,2648,37450,728,608,844,2180,39630
28-10-2016,2,12930,13036,8495,2576,37037,718,596,838,2152,39189
28-10-2016,3,12894,12932,8573,2554,36953,716,601,844,2161,39114
28-10-2016,4,12964,13203,8892,2616,37675,748,638,906,2292,39967
28-10-2016,5,13324,14033,9684,2855,39896,865,747,1122,2734,42630
28-10-2016,6,14670,15679,10340,3490,44179,1005,888,1345,3238,47417
28-10-2016,7,16383,17114,10662,4232,48391,1123,997,1454,3574,51965
28-10-2016,8,16791,17450,10494,4457,49192,1163,1051,1495,3709,52901
28-10-2016,9,16704,17429,10467,4426,49026,1180,1068,1502,3750,52776
28-10-2016,10,16593,17479,10425,4424,48921,1183,1061,1498,3742,52663
28-10-2016,11,16088,17221,10442,4324,48075,1172,1026,1468,3666,51741
28-10-2016,12,16170,16789,10364,4118,47441,1187,1043,1481,3711,51152
28-10-2016,13,15825,16366,10266,3949,46406,1163,1027,1463,3653,50059
28-10-2016,14,15497,16125,10217,3834,45673,1147,1011,1424,3582,49255
28-10-2016,15,15595,15923,10192,3700,45410,1125,982,1385,3492,48902
28-10-2016,16,15497,15902,10366,3720,45485,1107,957,1380,3444,48929
28-10-2016,17,15775,16465,10650,4053,46943,1121,999,1431,3551,50494
28-10-2016,18,16098,16509,10617,4273,47497,1102,976,1403,3481,50978
28-10-2016,19,16072,16244,10333,3973,46622,1059,936,1342,3337,49959
28-10-2016,20,15663,15523,9789,3653,44628,999,884,1244,3127,47755
28-10-2016,21,15040,14929,9720,3412,43101,920,802,1105,2827,45928
28-10-2016,22,14603,14342,9479,3157,41581,840,727,991,2558,44139
28-10-2016,23,14175,13680,8999,2931,39785,786,662,932,2380,42165
29-10-2016,0,13726,13272,8614,2742,38354,747,618,867,2232,40586
29-10-2016,1,13506,13060,8450,2565,37581,725,598,840,2163,39744
29-10-2016,2,13331,12969,8384,2499,37183,709,588,813,2110,39293
29-10-2016,3,13266,12886,8454,2431,37037,710,584,815,2109,39146
29-10-2016,4,13264,13003,8583,2451,37301,722,591,855,2168,39469
29-10-2016,5,13427,13241,8897,2492,38057,760,634,932,2326,40383
29-10-2016,6,14002,13789,9149,2676,39616,817,701,1037,2555,42171
29-10-2016,7,14350,14377,9352,2971,41050,861,752,1104,2717,43767
29-10-2016,8,15194,15002,9451,3238,42885,914,809,1177,2900,45785
29-10-2016,9,15655,15570,9612,3401,44238,942,841,1197,2980,47218
29-10-2016,10,15777,15842,9625,3495,44739,946,839,1190,2975,47714
29-10-2016,11,15508,15599,9659,3406,44172,949,829,1177,2955,47127
29-10-2016,12,15252,15354,9648,3335,43589,947,829,1162,2938,46527
29-10-2016,13,15064,15140,9605,3317,43126,930,819,1138,2887,46013
29-10-2016,14,14860,15002,9657,3277,42796,924,798,1120,2842,45638
29-10-2016,15,14782,14980,9801,3262,42825,927,805,1124,2856,45681
29-10-2016,16,15037,15443,10149,3334,43963,957,829,1157,2943,46906
29-10-2016,17,15628,16460,10552,3728,46368,1013,896,1252,3161,49529
29-10-2016,18,16073,16517,10494,4038,47122,999,890,1266,3155,50277
29-10-2016,19,15854,16118,10161,3769,45902,958,866,1208,3032,48934
29-10-2016,20,15357,15505,9680,3486,44028,902,812,1133,2847,46875
29-10-2016,21,15036,14762,9727,3274,42799,848,745,1032,2625,45424
29-10-2016,22,14633,14250,9609,3077,41569,790,683,940,2413,43982
29-10-2016,23,14267,13784,9131,2877,40059,745,628,886,2259,42318
30-10-2016,0,13839,13292,8768,2689,38588,711,592,833,2136,40724
30-10-2016,1,13567,12894,8479,2610,37550,687,566,815,2068,39618
30-10-2016,2,13131,12282,8245,2499,36157,678,559,800,2037,38194
30-10-2016,2,13060,12877,8300,2497,36734,675,559,802,2036,38770
30-10-2016,3,13263,12832,8393,2495,36983,677,564,806,2047,39030
30-10-2016,4,13404,12964,8484,2536,37388,689,584,830,2103,39491
30-10-2016,5,13590,13134,8726,2614,38064,729,623,890,2242,40306
30-10-2016,6,13923,13695,8826,2859,39303,772,658,939,2369,41672
30-10-2016,7,14492,14036,8909,3149,40586,842,724,1030,2596,43182
30-10-2016,8,14870,14828,9144,3388,42230,898,785,1093,2776,45006
30-10-2016,9,15361,15338,9373,3418,43490,923,808,1114,2845,46335
30-10-2016,10,15476,15480,9436,3582,43974,930,811,1119,2860,46834
30-10-2016,11,15339,15701,9472,3616,44128,931,799,1121,2851,46979
30-10-2016,12,15264,15472,9455,3558,43749,927,799,1117,2843,46592
30-10-2016,13,15217,15092,9472,3515,43296,929,798,1106,2833,46129
30-10-2016,14,15208,14943,9460,3491,43102,938,798,1110,2846,45948
30-10-2016,15,15429,15347,9697,3547,44020,978,823,1150,2951,46971
30-10-2016,16,15787,16377,10140,3819,46123,1047,907,1266,3220,49343
30-10-2016,17,16094,17341,10189,4477,48101,1041,921,1309,3271,51372
30-10-2016,18,16119,16933,10103,4331,47486,1012,897,1267,3176,50662
30-10-2016,19,15941,16553,9840,4008,46342,969,864,1209,3042,49384
30-10-2016,20,15622,16016,9357,3687,44682,919,809,1116,2844,47526
30-10-2016,21,15198,15523,9519,3447,43687,852,723,1003,2578,46265
30-10-2016,22,14880,14809,9415,3163,42267,791,658,923,2372,44639
30-10-2016,23,14243,13997,9045,2909,40194,744,600,879,2223,42417
31-10-2016,0,13539,13720,8769,2709,38737,717,570,855,2142,40879
31-10-2016,1,13372,13702,8649,2603,38326,705,562,838,2105,40431
31-10-2016,2,13218,13666,8590,2562,38036,701,566,835,2102,40138
31-10-2016,3,13172,13680,8709,2582,38143,714,581,832,2127,40270
31-10-2016,4,13358,14128,9110,2692,39288,760,632,877,2269,41557
31-10-2016,5,13859,14821,10106,2995,41781,905,765,1050,2720,44501
31-10-2016,6,15413,16732,10725,3784,46654,1042,895,1187,3124,49778
31-10-2016,7,16972,18210,10773,4391,50346,1139,1006,1313,3458,53804
31-10-2016,8,17096,18396,10838,4583,50913,1184,1044,1374,3602,54515
31-10-2016,9,16908,18543,10794,4639,50884,1187,1055,1374,3616,54500
31-10-2016,10,16667,18487,10826,4691,50671,1177,1047,1361,3585,54256
31-10-2016,11,16429,18435,10769,4659,50292,1153,1014,1340,3507,53799
31-10-2016,12,16347,18205,10709,4591,49852,1174,1035,1339,3548,53400
31-10-2016,13,16237,18182,10677,4607,49703,1167,1026,1325,3518,53221
31-10-2016,14,16291,18026,10611,4544,49472,1154,1009,1314,3477,52949
31-10-2016,15,16750,18316,10783,4459,50308,1165,1018,1317,3500,53808
31-10-2016,16,16921,18700,11085,4638,51344,1197,1061,1411,3669,55013
31-10-2016,17,16815,19211,11076,5107,52209,1178,1057,1385,3620,55829
31-10-2016,18,16513,18773,11028,4878,51192,1142,1013,1321,3476,54668
31-10-2016,19,16287,18364,10780,4513,49944,1103,956,1276,3335,53279
31-10-2016,20,16057,17509,10322,4157,48045,1053,887,1180,3120,51165
31-10-2016,21,15653,16778,10353,3806,46590,970,799,1058,2827,49417
31-10-2016,22,14941,15634,10065,3398,44038,880,711,970,2561,46599
31-10-2016,23,14106,14730,9593,3034,41463,820,651,899,2370,43833
01-11-2016,0,13598,13960,9279,2839,39676,796,628,872,2296,41972
01-11-2016,1,13341,13744,9090,2724,38899,775,615,850,2240,41139
01-11-2016,2,13248,13715,9089,2658,38710,767,610,839,2216,40926
01-11-2016,3,13339,13642,9141,2655,38777,775,621,829,2225,41002
01-11-2016,4,13500,14011,9525,2743,39779,816,667,853,2336,42115
01-11-2016,5,14024,14513,10501,3016,42054,946,795,915,2656,44710
01-11-2016,6,15368,16218,11060,3651,46297,1083,928,971,2982,49279
01-11-2016,7,16994,17545,10990,4243,49772,1181,1035,1046,3262,53034
01-11-2016,8,17276,17810,11068,4400,50554,1218,1088,1110,3416,53970
01-11-2016,9,16927,17942,11028,4031,49928,1223,1092,1125,3440,53368
01-11-2016,10,16834,18206,10927,4438,50405,1207,1083,1118,3408,53813
01-11-2016,11,16741,18343,11004,4371,50459,1189,1046,1112,3347,53806
01-11-2016,12,16776,18328,10959,4265,50328,1202,1075,1105,3382,53710
01-11-2016,13,16790,18130,10925,4213,50058,1188,1071,1088,3347,53405
01-11-2016,14,16834,18023,10910,4157,49924,1197,1064,1090,3351,53275
01-11-2016,15,16992,18300,11201,4078,50571,1205,1078,1132,3415,53986
01-11-2016,16,17413,18794,11458,4221,51886,1241,1106,1240,3587,55473
01-11-2016,17,17573,19213,11336,4806,52928,1214,1092,1258,3564,56492
01-11-2016,18,17368,19122,11369,4605,52464,1177,1054,1239,3470,55934
01-11-2016,19,17287,18366,11130,4247,51030,1139,1011,1203,3353,54383
01-11-2016,20,16943,17910,10559,3971,49383,1066,945,1122,3133,52516
01-11-2016,21,16525,17107,10480,3664,47776,983,857,1006,2846,50622
01-11-2016,22,15971,16378,10230,3308,45887,904,763,920,2587,48474
01-11-2016,23,15042,15475,9702,3002,43221,844,705,868,2417,45638
02-11-2016,0,14461,15179,9389,2868,41897,812,670,815,2297,44194
02-11-2016,1,14036,14656,9170,2751,40613,796,653,800,2249,42862
02-11-2016,2,13980,14698,9153,2753,40584,797,642,795,2234,42818
02-11-2016,3,14009,14763,9258,2749,40779,807,646,810,2263,43042
02-11-2016,4,14245,14974,9652,2856,41727,852,687,881,2420,44147
02-11-2016,5,14734,15791,10594,3102,44221,995,815,1091,2901,47122
02-11-2016,6,16444,17400,11164,3800,48808,1130,941,1252,3323,52131
02-11-2016,7,18029,18840,11218,4405,52492,1214,1029,1401,3644,56136
02-11-2016,8,18155,19427,11251,4552,53385,1247,1085,1472,3804,57189
02-11-2016,9,18019,19601,11227,4523,53370,1252,1091,1481,3824,57194
02-11-2016,10,17720,19589,11256,4601,53166,1251,1082,1484,3817,56983
02-11-2016,11,17462,19747,11235,4523,52967,1230,1054,1463,3747,56714
02-11-2016,12,17263,19818,11202,4471,52754,1251,1075,1474,3800,56554
02-11-2016,13,17163,19814,11167,4441,52585,1242,1071,1463,3776,56361
02-11-2016,14,17219,19644,11144,4364,52371,1245,1064,1451,3760,56131
02-11-2016,15,17342,19893,11430,4301,52966,1256,1080,1436,3772,56738
02-11-2016,16,17694,20358,11703,4503,54258,1284,1107,1483,3874,58132
02-11-2016,17,18112,20596,11627,5021,55356,1269,1089,1464,3822,59178
02-11-2016,18,18070,20339,11564,4848,54821,1231,1048,1404,3683,58504
02-11-2016,19,17961,19794,11365,4521,53641,1185,996,1367,3548,57189
02-11-2016,20,17616,19038,10771,4193,51618,1131,930,1277,3338,54956
02-11-2016,21,17274,18325,10765,3897,50261,1044,833,1138,3015,53276
02-11-2016,22,16751,17227,10567,3563,48108,953,744,1048,2745,50853
02-11-2016,23,15858,16289,10003,3232,45382,889,673,974,2536,47918
03-11-2016,0,15235,15808,9635,3080,43758,853,636,928,2417,46175
03-11-2016,1,15087,15539,9474,2970,43070,837,624,902,2363,45433
03-11-2016,2,15082,15458,9442,2940,42922,832,615,895,2342,45264
03-11-2016,3,15126,15646,9525,2965,43262,836,630,897,2363,45625
03-11-2016,4,15399,15782,9843,3070,44094,869,672,945,2486,46580
03-11-2016,5,16039,16259,10788,3351,46437,1001,798,1128,2927,49364
03-11-2016,6,17310,18253,11265,4025,50853,1128,942,1304,3374,54227
03-11-2016,7,18991,19482,11201,4637,54311,1223,1035,1429,3687,57998
03-11-2016,8,19286,19921,11209,4793,55209,1271,1089,1465,3825,59034
03-11-2016,9,19133,19916,11160,4823,55032,1270,1092,1503,3865,58897
03-11-2016,10,18866,19849,11185,4793,54693,1259,1077,1500,3836,58529
03-11-2016,11,18575,19601,11155,4735,54066,1239,1050,1481,3770,57836
03-11-2016,12,18385,19297,11118,4665,53465,1258,1071,1488,3817,57282
03-11-2016,13,18326,19408,11123,4695,53552,1250,1074,1483,3807,57359
03-11-2016,14,18283,19392,11189,4633,53497,1258,1077,1508,3843,57340
03-11-2016,15,18401,19632,11414,4504,53951,1274,1087,1489,3850,57801
03-11-2016,16,18795,20194,11662,4690,55341,1300,1122,1519,3941,59282
03-11-2016,17,19013,20652,11651,5161,56477,1277,1113,1519,3909,60386
03-11-2016,18,18884,20403,11624,4953,55864,1244,1059,1444,3747,59611
03-11-2016,19,18670,19869,11340,4626,54505,1195,1008,1419,3622,58127
03-11-2016,20,18396,19138,10835,4295,52664,1137,932,1305,3374,56038
03-11-2016,21,18005,18188,10897,3959,51049,1048,838,1148,3034,54083
03-11-2016,22,17182,17307,10553,3593,48635,969,747,1046,2762,51397
03-11-2016,23,16305,16371,10114,3264,46054,900,681,990,2571,48625
04-11-2016,0,15746,15769,9890,3040,44445,878,649,947,2474,46919
04-11-2016,1,15370,15564,9669,2939,43542,861,631,921,2413,45955
04-11-2016,2,15278,15475,9610,2894,43257,852,631,903,2386,45643
04-11-2016,3,15250,15518,9654,2903,43325,859,640,915,2414,45739
04-11-2016,4,15343,15877,10023,3000,44243,904,685,956,2545,46788
04-11-2016,5,15859,16496,10978,3264,46597,1025,820,1154,2999,49596
04-11-2016,6,17458,18307,11448,3935,51148,1155,946,1316,3417,54565
04-11-2016,7,19152,19804,11360,4559,54875,1241,1027,1457,3725,58600
04-11-2016,8,19389,20365,11355,4775,55884,1271,1078,1514,3863,59747
04-11-2016,9,19260,20403,11318,4835,55816,1265,1075,1507,3847,59663
04-11-2016,10,19137,20538,11278,4863,55816,1254,1068,1479,3801,59617
04-11-2016,11,19021,20496,11320,4794,55631,1236,1030,1447,3713,59344
04-11-2016,12,18812,20247,11207,4633,54899,1252,1046,1462,3760,58659
04-11-2016,13,18711,19824,11128,4545,54208,1237,1035,1441,3713,57921
04-11-2016,14,18716,19637,11152,4359,53864,1235,1037,1422,3694,57558
04-11-2016,15,18770,19619,11479,4264,54132,1251,1048,1433,3732,57864
04-11-2016,16,18986,20057,11678,4477,55198,1279,1091,1530,3900,59098
04-11-2016,17,19028,20405,11703,4877,56013,1253,1074,1475,3802,59815
04-11-2016,18,18904,19909,11736,4655,55204,1214,1026,1439,3679,58883
04-11-2016,19,18608,19073,11485,4240,53406,1163,987,1392,3542,56948
04-11-2016,20,18081,17919,10925,3904,50829,1110,914,1292,3316,54145
04-11-2016,21,17532,17231,11096,3676,49535,1030,829,1151,3010,52545
04-11-2016,22,16876,16575,10853,3407,47711,953,746,1044,2743,50454
04-11-2016,23,16308,15825,10382,3133,45648,885,686,991,2562,48210
05-11-2016,0,15936,15298,10023,2940,44197,848,650,927,2425,46622
05-11-2016,1,15624,14869,9813,2810,43116,831,633,899,2363,45479
05-11-2016,2,15354,14644,9695,2738,42431,821,626,891,2338,44769
05-11-2016,3,15244,14486,9718,2726,42174,825,628,887,2340,44514
05-11-2016,4,15154,14652,9835,2733,42374,842,654,897,2393,44767
05-11-2016,5,15206,14873,10107,2821,43007,896,710,973,2579,45586
05-11-2016,6,15626,15458,10156,3049,44289,932,765,1055,2752,47041
05-11-2016,7,16117,15835,10288,3377,45617,989,831,1151,2971,48588
05-11-2016,8,16693,16330,10489,3644,47156,1048,892,1243,3183,50339
05-11-2016,9,17581,16983,10556,3836,48956,1065,914,1284,3263,52219
05-11-2016,10,17962,17376,10690,3984,50012,1054,910,1295,3259,53271
05-11-2016,11,18053,17617,10630,3995,50295,1040,899,1289,3228,53523
05-11-2016,12,17914,17691,10537,3948,50090,1036,895,1275,3206,53296
05-11-2016,13,17830,17575,10517,3889,49811,1032,894,1243,3169,52980
05-11-2016,14,17770,17487,10593,3918,49768,1034,903,1229,3166,52934
05-11-2016,15,17838,17711,11107,3963,50619,1081,932,1265,3278,53897
05-11-2016,16,18262,18558,11568,4149,52537,1153,999,1356,3508,56045
05-11-2016,17,18776,18812,11663,4489,53740,1136,987,1343,3466,57206
05-11-2016,18,18627,18549,11540,4300,53016,1110,953,1293,3356,56372
05-11-2016,19,18117,18069,11188,3917,51291,1076,921,1233,3230,54521
05-11-2016,20,17595,17562,10792,3689,49638,1033,874,1158,3065,52703
05-11-2016,21,17112,17072,10959,3479,48622,972,803,1054,2829,51451
05-11-2016,22,16745,16531,10862,3222,47360,922,736,976,2634,49994
05-11-2016,23,16221,15849,10518,3008,45596,878,676,908,2462,48058
06-11-2016,0,15972,15290,10205,2816,44283,851,644,865,2360,46643
06-11-2016,1,15659,15102,10046,2695,43502,833,622,839,2294,45796
06-11-2016,2,15549,14997,9980,2621,43147,832,616,833,2281,45428
06-11-2016,3,15544,14900,9965,2580,42989,836,621,828,2285,45274
06-11-2016,4,15612,14966,10035,2576,43189,846,645,845,2336,45525
06-11-2016,5,15740,15226,10206,2635,43807,880,692,914,2486,46293
06-11-2016,6,16063,15577,10214,2789,44643,908,740,969,2617,47260
06-11-2016,7,16337,15892,10276,3076,45581,957,792,1047,2796,48377
06-11-2016,8,16825,16464,10518,3373,47180,1021,861,1147,3029,50209
06-11-2016,9,17518,17340,10728,3609,49195,1048,901,1209,3158,52353
06-11-2016,10,17918,17984,10823,3736,50461,1052,904,1231,3187,53648
06-11-2016,11,17954,18192,10848,3789,50783,1051,904,1246,3201,53984
06-11-2016,12,17846,18183,10794,3742,50565,1048,906,1247,3201,53766
06-11-2016,13,17821,18337,10737,3692,50587,1045,904,1236,3185,53772
06-11-2016,14,17912,18363,10758,3677,50710,1058,909,1228,3195,53905
06-11-2016,15,18134,18518,11127,3700,51479,1121,955,1277,3353,54832
06-11-2016,16,18544,19496,11347,3965,53352,1185,1017,1379,3581,56933
06-11-2016,17,18916,19800,11452,4448,54616,1181,1009,1384,3574,58190
06-11-2016,18,18816,19775,11461,4346,54398,1162,989,1357,3508,57906
06-11-2016,19,18671,19396,11233,4061,53361,1121,965,1294,3380,56741
06-11-2016,20,18550,18767,10802,3809,51928,1076,903,1205,3184,55112
06-11-2016,21,18318,18312,11044,3573,51247,1001,816,1084,2901,54148
06-11-2016,22,18002,17576,10960,3306,49844,937,742,982,2661,52505
06-11-2016,23,17326,17066,10577,3086,48055,885,704,918,2507,50562
07-11-2016,0,16799,16724,10334,2905,46762,857,660,888,2405,49167
07-11-2016,1,16515,16632,10131,2817,46095,843,637,854,2334,48429
07-11-2016,2,16505,16600,10095,2799,45999,843,625,853,2321,48320
07-11-2016,3,16587,16673,10196,2839,46295,851,636,860,2347,48642
07-11-2016,4,16801,16947,10632,2956,47336,905,689,934,2528,49864
07-11-2016,5,17336,17636,11637,3233,49842,1041,824,1169,3034,52876
07-11-2016,6,18993,19725,12178,3919,54815,1176,957,1360,3493,58308
07-11-2016,7,20746,21482,12176,4608,59012,1262,1054,1479,3795,62807
07-11-2016,8,21185,21937,12242,4866,60230,1313,1120,1545,3978,64208
07-11-2016,9,21197,21979,12187,4894,60257,1320,1126,1547,3993,64250
07-11-2016,10,20935,21851,12168,4916,59870,1316,1117,1569,4002,63872
07-11-2016,11,20570,21904,12228,4803,59505,1288,1079,1517,3884,63389
07-11-2016,12,20270,21807,12211,4592,58880,1315,1100,1551,3966,62846
07-11-2016,13,20300,21677,12174,4670,58821,1305,1105,1543,3953,62774
07-11-2016,14,20180,21577,12048,4633,58438,1309,1101,1539,3949,62387
07-11-2016,15,20334,21902,12173,4563,58972,1324,1122,1514,3960,62932
07-11-2016,16,20835,22512,12294,4823,60464,1339,1142,1553,4034,64498
07-11-2016,17,21098,22840,12310,5330,61578,1320,1123,1533,3976,65554
07-11-2016,18,20998,22570,12270,5099,60937,1282,1078,1473,3833,64770
07-11-2016,19,20714,22127,12049,4786,59676,1235,1028,1453,3716,63392
07-11-2016,20,20485,21278,11547,4472,57782,1176,965,1358,3499,61281
07-11-2016,21,20105,20341,11587,4154,56187,1098,884,1185,3167,59354
07-11-2016,22,19338,19169,11286,3818,53611,1008,805,1056,2869,56480
07-11-2016,23,18524,18098,10804,3474,50900,941,739,966,2646,53546
08-11-2016,0,17935,17429,10481,3235,49080,913,712,927,2552,51632
08-11-2016,1,17636,17116,10287,3144,48183,902,690,897,2489,50672
08-11-2016,2,17509,17195,10247,3133,48084,891,673,887,2451,50535
08-11-2016,3,17475,17144,10349,3178,48146,888,681,900,2469,50615
08-11-2016,4,17565,17285,10745,3297,48892,925,719,968,2612,51504
08-11-2016,5,18250,17965,11741,3594,51550,1049,840,1197,3086,54636
08-11-2016,6,19721,20142,12188,4279,56330,1176,978,1373,3527,59857
08-11-2016,7,21409,21645,12102,4840,59996,1261,1075,1449,3785,63781
08-11-2016,8,21765,21858,12133,5033,60789,1284,1138,1501,3923,64712
08-11-2016,9,21559,21849,12161,5021,60590,1295,1139,1492,3926,64516
08-11-2016,10,21358,21625,12125,5076,60184,1283,1121,1457,3861,64045
08-11-2016,11,20985,21585,12074,5029,59673,1267,1085,1415,3767,63440
08-11-2016,12,20923,21338,11981,4876,59118,1285,1115,1424,3824,62942
08-11-2016,13,20795,20953,11791,4903,58442,1273,1105,1416,3794,62236
08-11-2016,14,20890,21287,11738,4860,58775,1282,1099,1407,3788,62563
08-11-2016,15,20912,21772,11999,4762,59445,1301,1127,1430,3858,63303
08-11-2016,16,21310,22166,12161,5001,60638,1327,1149,1507,3983,64621
08-11-2016,17,21296,22402,12036,5494,61228,1300,1126,1493,3919,65147
08-11-2016,18,21101,22161,12061,5266,60589,1269,1080,1458,3807,64396
08-11-2016,19,20998,21617,11884,4914,59413,1227,1032,1394,3653,63066
08-11-2016,20,20630,20515,11416,4578,57139,1165,961,1327,3453,60592
08-11-2016,21,20166,19572,11362,4249,55349,1078,871,1172,3121,58470
08-11-2016,22,19589,18480,11112,3886,53067,987,779,1039,2805,55872
08-11-2016,23,18689,17624,10621,3530,50464,922,718,961,2601,53065
09-11-2016,0,18006,17305,10283,3297,48891,889,684,925,2498,51389
09-11-2016,1,17759,17141,10095,3170,48165,879,665,912,2456,50621
09-11-2016,2,17497,17102,9989,3136,47724,885,662,911,2458,50182
09-11-2016,3,17422,17236,10091,3163,47912,885,676,928,2489,50401
09-11-2016,4,17706,17644,10471,3226,49047,928,718,999,2645,51692
09-11-2016,5,17979,18337,11403,3502,51221,1054,846,1235,3135,54356
09-11-2016,6,19504,20189,11865,4168,55726,1199,984,1410,3593,59319
09-11-2016,7,21214,21656,11823,4772,59465,1278,1090,1485,3853,63318
09-11-2016,8,21422,21693,11897,4927,59939,1322,1146,1534,4002,63941
09-11-2016,9,21199,21916,11872,4970,59957,1312,1149,1531,3992,63949
09-11-2016,10,20974,21867,11803,5136,59780,1289,1127,1544,3960,63740
09-11-2016,11,20645,21620,11842,5108,59215,1260,1081,1502,3843,63058
09-11-2016,12,20423,21582,11811,4961,58777,1274,1099,1495,3868,62645
09-11-2016,13,20501,21838,11755,4994,59088,1260,1091,1500,3851,62939
09-11-2016,14,20471,21748,11672,4902,58793,1260,1083,1524,3867,62660
09-11-2016,15,20598,22074,11995,4763,59430,1289,1115,1505,3909,63339
09-11-2016,16,20984,22457,12123,4942,60506,1313,1155,1561,4029,64535
09-11-2016,17,21021,22427,12008,5393,60849,1296,1137,1526,3959,64808
09-11-2016,18,20858,22145,12006,5215,60224,1267,1087,1474,3828,64052
09-11-2016,19,20708,21865,11822,4904,59299,1225,1049,1448,3722,63021
09-11-2016,20,20271,20943,11264,4650,57128,1178,979,1339,3496,60624
09-11-2016,21,19894,20062,11303,4333,55592,1091,882,1186,3159,58751
09-11-2016,22,19173,18963,11081,3964,53181,996,786,1063,2845,56026
09-11-2016,23,18396,17826,10658,3628,50508,931,727,987,2645,53153
10-11-2016,0,17669,17277,10309,3408,48663,895,687,941,2523,51186
10-11-2016,1,17366,17063,10171,3303,47903,884,678,917,2479,50382
10-11-2016,2,17234,16985,10097,3255,47571,881,676,912,2469,50040
10-11-2016,3,17196,16816,10202,3264,47478,890,689,931,2510,49988
10-11-2016,4,17345,16888,10611,3354,48198,932,733,1001,2666,50864
10-11-2016,5,17840,17599,11525,3633,50597,1053,858,1233,3144,53741
10-11-2016,6,19356,19448,11963,4280,55047,1189,998,1410,3597,58644
10-11-2016,7,20942,21053,11883,4844,58722,1269,1081,1481,3831,62553
10-11-2016,8,21299,21235,11846,4996,59376,1313,1124,1536,3973,63349
10-11-2016,9,21078,21324,11892,5021,59315,1307,1119,1530,3956,63271
10-11-2016,10,20939,21627,11902,5065,59533,1301,1105,1517,3923,63456
10-11-2016,11,20720,21305,11934,5011,58970,1283,1064,1490,3837,62807
10-11-2016,12,20535,20969,11877,4911,58292,1305,1096,1506,3907,62199
10-11-2016,13,20544,20893,11823,4902,58162,1299,1096,1503,3898,62060
10-11-2016,14,20506,20911,11828,4879,58124,1299,1096,1504,3899,62023
10-11-2016,15,20516,21035,12073,4883,58507,1325,1127,1522,3974,62481
10-11-2016,16,20835,21584,12110,5114,59643,1340,1155,1558,4053,63696
10-11-2016,17,20868,21802,11975,5490,60135,1322,1139,1533,3994,64129
10-11-2016,18,20682,21599,11957,5215,59453,1284,1087,1484,3855,63308
10-11-2016,19,20386,21009,11821,4874,58090,1232,1034,1435,3701,61791
10-11-2016,20,20140,20416,11344,4561,56461,1183,983,1355,3521,59982
10-11-2016,21,19818,19569,11403,4232,55022,1099,897,1194,3190,58212
10-11-2016,22,19096,18584,11102,3862,52644,1003,804,1062,2869,55513
10-11-2016,23,18366,17580,10703,3534,50183,937,733,982,2652,52835
11-11-2016,0,17661,17016,10442,3310,48429,893,697,941,2531,50960
11-11-2016,1,17347,16705,10246,3174,47472,876,683,918,2477,49949
11-11-2016,2,17212,16644,10194,3138,47188,876,673,915,2464,49652
11-11-2016,3,17291,16661,10298,3139,47389,884,678,928,2490,49879
11-11-2016,4,17426,16877,10709,3193,48205,921,719,997,2637,50842
11-11-2016,5,17921,17736,11645,3477,50779,1048,849,1227,3124,53903
11-11-2016,6,19385,19775,12240,4204,55604,1185,994,1402,3581,59185
11-11-2016,7,21049,21297,12203,4853,59402,1268,1099,1489,3856,63258
11-11-2016,8,21372,21521,12262,5022,60177,1316,1149,1539,4004,64181
11-11-2016,9,21311,21653,12138,4973,60075,1310,1145,1533,3988,64063
11-11-2016,10,21275,21724,12082,4994,60075,1299,1121,1556,3976,64051
11-11-2016,11,20925,21434,12005,4908,59272,1271,1086,1522,3879,63151
11-11-2016,12,20461,21089,11943,4739,58232,1289,1110,1491,3890,62122
11-11-2016,13,20224,20751,11871,4617,57463,1273,1098,1500,3871,61334
11-11-2016,14,20236,20370,11884,4453,56943,1270,1085,1494,3849,60792
11-11-2016,15,20361,20430,12251,4426,57468,1290,1104,1508,3902,61370
11-11-2016,16,20680,21248,12372,4728,59028,1311,1128,1541,3980,63008
11-11-2016,17,20798,21660,12316,5211,59985,1294,1099,1495,3888,63873
11-11-2016,18,20571,21445,12304,5009,59329,1257,1053,1440,3750,63079
11-11-2016,19,20278,20842,12103,4633,57856,1210,1012,1418,3640,61496
11-11-2016,20,19770,19578,11620,4285,55253,1159,955,1319,3433,58686
11-11-2016,21,19177,18796,11730,4018,53721,1086,872,1181,3139,56860
11-11-2016,22,18556,18244,11382,3762,51944,1006,792,1063,2861,54805
11-11-2016,23,18081,17497,10938,3512,50028,942,726,977,2645,52673
12-11-2016,0,17442,17210,10595,3297,48544,897,683,934,2514,51058
12-11-2016,1,17104,16970,10324,3154,47552,863,663,907,2433,49985
12-11-2016,2,16758,16618,10243,3085,46704,850,653,894,2397,49101
12-11-2016,3,16739,16737,10147,3057,46680,852,661,898,2411,49091
12-11-2016,4,16766,16793,10232,3083,46874,870,680,929,2479,49353
12-11-2016,5,16878,16855,10510,3171,47414,904,728,1018,2650,50064
12-11-2016,6,17307,17490,10626,3365,48788,956,792,1108,2856,51644
12-11-2016,7,17792,17852,10701,3681,50026,988,842,1198,3028,53054
12-11-2016,8,18456,18528,10911,3940,51835,1070,917,1295,3282,55117
12-11-2016,9,19084,19163,11058,4113,53418,1102,942,1327,3371,56789
12-11-2016,10,19483,19246,11078,4137,53944,1097,943,1328,3368,57312
12-11-2016,11,19448,19054,11069,4025,53596,1092,924,1318,3334,56930
12-11-2016,12,19024,18486,10967,3925,52402,1086,915,1295,3296,55698
12-11-2016,13,18856,18201,10953,3840,51850,1078,908,1268,3254,55104
12-11-2016,14,18802,18231,11091,3809,51933,1085,906,1264,3255,55188
12-11-2016,15,19019,18617,11579,3891,53106,1135,953,1325,3413,56519
12-11-2016,16,19332,19643,11896,4246,55117,1166,1008,1428,3602,58719
12-11-2016,17,19468,19868,11986,4700,56022,1154,1010,1417,3581,59603
12-11-2016,18,19367,19476,11882,4531,55256,1125,964,1368,3457,58713
12-11-2016,19,18946,19067,11420,4151,53584,1086,934,1306,3326,56910
12-11-2016,20,18321,18585,10928,3873,51707,1042,886,1232,3160,54867
12-11-2016,21,17792,17870,11068,3667,50397,979,816,1121,2916,53313
12-11-2016,22,17298,17118,10896,3453,48765,919,749,1024,2692,51457
12-11-2016,23,16780,16821,10491,3254,47346,871,694,942,2507,49853
13-11-2016,0,16280,16343,10112,3071,45806,848,650,897,2395,48201
13-11-2016,1,15918,16033,9843,2950,44744,829,627,874,2330,47074
13-11-2016,2,15697,15948,9722,2885,44252,816,611,864,2291,46543
13-11-2016,3,15597,15919,9705,2841,44062,814,614,864,2292,46354
13-11-2016,4,15544,16025,9719,2839,44127,825,636,884,2345,46472
13-11-2016,5,15582,16376,9878,2918,44754,856,672,947,2475,47229
13-11-2016,6,15639,16682,9916,3111,45348,890,716,1010,2616,47964
13-11-2016,7,15963,16896,9974,3363,46196,933,768,1078,2779,48975
13-11-2016,8,16468,17189,10193,3647,47497,1004,836,1173,3013,50510
13-11-2016,9,16950,17928,10449,3841,49168,1037,864,1225,3126,52294
13-11-2016,10,17283,18223,10595,3919,50020,1045,870,1242,3157,53177
13-11-2016,11,17348,18193,10590,3943,50074,1041,860,1248,3149,53223
13-11-2016,12,17227,18145,10461,3859,49692,1041,863,1245,3149,52841
13-11-2016,13,17196,17975,10369,3809,49349,1038,864,1238,3140,52489
13-11-2016,14,17190,17991,10425,3804,49410,1052,873,1241,3166,52576
13-11-2016,15,17278,18373,10891,3877,50419,1116,924,1307,3347,53766
13-11-2016,16,17693,19313,11086,4251,52343,1150,979,1407,3536,55879
13-11-2016,17,17675,19527,11081,4797,53080,1148,979,1402,3529,56609
13-11-2016,18,17535,19388,11096,4686,52705,1137,958,1371,3466,56171
13-11-2016,19,17547,19175,10960,4367,52049,1094,927,1315,3336,55385
13-11-2016,20,17390,18586,10547,4026,50549,1048,880,1230,3158,53707
13-11-2016,21,17064,17744,10761,3760,49329,984,802,1099,2885,52214
13-11-2016,22,16506,16934,10737,3486,47663,924,722,982,2628,50291
13-11-2016,23,15825,16107,10354,3219,45505,872,658,905,2435,47940
14-11-2016,0,15387,15722,10016,3066,44191,842,619,869,2330,46521
14-11-2016,1,15123,15549,9835,2999,43506,833,607,850,2290,45796
14-11-2016,2,14982,15445,9783,2964,43174,834,603,840,2277,45451
14-11-2016,3,14968,15522,9841,2984,43315,850,617,850,2317,45632
14-11-2016,4,15145,15834,10234,3061,44274,890,666,924,2480,46754
14-11-2016,5,15512,16532,11219,3337,46600,1024,798,1173,2995,49595
14-11-2016,6,16968,18672,11855,4043,51538,1166,949,1368,3483,55021
14-11-2016,7,18470,20726,11788,4726,55710,1250,1042,1483,3775,59485
14-11-2016,8,18826,20816,11836,4952,56430,1276,1103,1548,3927,60357
14-11-2016,9,18705,20723,11759,4933,56120,1285,1098,1544,3927,60047
14-11-2016,10,18519,20891,11701,4944,56055,1276,1083,1533,3892,59947
14-11-2016,11,18429,20745,11668,4806,55648,1254,1053,1505,3812,59460
14-11-2016,12,18293,20342,11571,4707,54913,1273,1081,1518,3872,58785
14-11-2016,13,18261,20273,11548,4758,54840,1254,1082,1516,3852,58692
14-11-2016,14,18369,20443,11583,4734,55129,1272,1090,1524,3886,59015
14-11-2016,15,18528,20976,11935,4659,56098,1302,1128,1546,3976,60074
14-11-2016,16,18741,21095,11969,4925,56730,1325,1134,1572,4031,60761
14-11-2016,17,18422,21402,11870,5269,56963,1293,1109,1538,3940,60903
14-11-2016,18,18087,20664,11861,4904,55516,1262,1064,1479,3805,59321
14-11-2016,19,17862,20239,11610,4540,54251,1221,1010,1407,3638,57889
14-11-2016,20,17472,19315,11060,4204,52051,1154,946,1296,3396,55447
14-11-2016,21,16948,18458,11130,3926,50462,1077,864,1141,3082,53544
14-11-2016,22,16217,17384,10838,3635,48074,999,773,1007,2779,50853
14-11-2016,23,15422,16570,10329,3350,45671,923,707,931,2561,48232
15-11-2016,0,14926,15933,10004,3166,44029,881,673,900,2454,46483
15-11-2016,1,14560,15581,9787,3100,43028,865,656,882,2403,45431
15-11-2016,2,14377,15355,9763,3041,42536,852,646,876,2374,44910
15-11-2016,3,14322,15294,9923,3068,42607,862,652,891,2405,45012
15-11-2016,4,14285,15439,10213,3118,43055,907,692,963,2562,45617
15-11-2016,5,14773,16282,11092,3377,45524,1034,816,1190,3040,48564
15-11-2016,6,16078,18184,11639,4027,49928,1178,968,1396,3542,53470
15-11-2016,7,17560,19836,11616,4644,53656,1255,1056,1519,3830,57486
15-11-2016,8,17687,19951,11464,4630,53732,1301,1118,1568,3987,57719
15-11-2016,9,17667,19751,11502,4802,53722,1296,1112,1566,3974,57696
15-11-2016,10,17615,19503,11527,4892,53537,1283,1104,1555,3942,57479
15-11-2016,11,17443,19626,11568,4835,53472,1257,1067,1523,3847,57319
15-11-2016,12,17380,19587,11521,4700,53188,1283,1094,1540,3917,57105
15-11-2016,13,17311,19277,11467,4681,52736,1272,1092,1529,3893,56629
15-11-2016,14,17339,19220,11509,4575,52643,1286,1101,1526,3913,56556
15-11-2016,15,17411,19581,11853,4480,53325,1315,1138,1556,4009,57334
15-11-2016,16,18034,19740,11890,4700,54364,1312,1132,1576,4020,58384
15-11-2016,17,18112,19922,11734,5120,54888,1275,1108,1543,3926,58814
15-11-2016,18,18077,19677,11750,4848,54352,1235,1061,1480,3776,58128
15-11-2016,19,17687,19472,11501,4503,53163,1193,1021,1410,3624,56787
15-11-2016,20,17517,18825,10835,4179,51356,1140,967,1309,3416,54772
15-11-2016,21,17104,17870,10928,3901,49803,1056,873,1153,3082,52885
15-11-2016,22,16339,16761,10626,3577,47303,968,790,1026,2784,50087
15-11-2016,23,15355,15893,10131,3232,44611,901,721,951,2573,47184
16-11-2016,0,15110,15388,9838,3067,43403,877,683,913,2473,45876
16-11-2016,1,14859,15430,9589,2972,42850,860,668,893,2421,45271
16-11-2016,2,14599,15400,9472,2960,42431,857,651,890,2398,44829
16-11-2016,3,14518,15227,9586,2977,42308,865,660,904,2429,44737
16-11-2016,4,14678,15416,9896,3064,43054,900,704,972,2576,45630
16-11-2016,5,15132,16510,10792,3306,45740,1022,829,1195,3046,48786
16-11-2016,6,16483,18473,11287,3947,50190,1168,977,1403,3548,53738
16-11-2016,7,18048,19847,11255,4656,53806,1220,1070,1525,3815,57621
16-11-2016,8,18256,19729,11166,4795,53946,1265,1124,1579,3968,57914
16-11-2016,9,18015,19778,11103,4825,53721,1269,1128,1582,3979,57700
16-11-2016,10,17870,19628,11089,4850,53437,1267,1102,1576,3945,57382
16-11-2016,11,17582,19492,11100,4740,52914,1243,1065,1552,3860,56774
16-11-2016,12,17681,19347,11063,4635,52726,1264,1090,1574,3928,56654
16-11-2016,13,17974,19307,11020,4686,52987,1260,1089,1562,3911,56898
16-11-2016,14,18043,19492,11064,4621,53220,1269,1089,1565,3923,57143
16-11-2016,15,18190,19895,11450,4535,54070,1296,1136,1584,4016,58086
16-11-2016,16,18518,20310,11503,4759,55090,1296,1135,1591,4022,59112
16-11-2016,17,18210,20305,11494,5074,55083,1261,1115,1547,3923,59006
16-11-2016,18,17992,19463,11527,4843,53825,1232,1066,1483,3781,57606
16-11-2016,19,17656,19075,11248,4475,52454,1181,1024,1424,3629,56083
16-11-2016,20,17366,18158,10714,4171,50409,1116,958,1322,3396,53805
16-11-2016,21,16921,17238,10644,3882,48685,1030,860,1163,3053,51738
16-11-2016,22,16297,16067,10316,3527,46207,950,771,1032,2753,48960
16-11-2016,23,15542,15416,9757,3237,43952,895,695,953,2543,46495
17-11-2016,0,15190,15235,9416,3006,42847,845,661,915,2421,45268
17-11-2016,1,14988,14885,9195,2882,41950,819,643,885,2347,44297
17-11-2016,2,14829,14683,9075,2827,41414,811,633,875,2319,43733
17-11-2016,3,14818,14932,9060,2879,41689,822,646,892,2360,44049
17-11-2016,4,14958,15144,9394,2941,42437,855,685,951,2491,44928
17-11-2016,5,15440,15963,10384,3231,45018,979,806,1171,2956,47974
17-11-2016,6,16810,17671,10890,3894,49265,1134,961,1379,3474,52739
17-11-2016,7,18273,19289,10948,4501,53011,1212,1056,1494,3762,56773
17-11-2016,8,18681,19355,10872,4712,53620,1250,1105,1529,3884,57504
17-11-2016,9,18549,19205,10840,4736,53330,1269,1105,1540,3914,57244
17-11-2016,10,18343,18949,10789,4743,52824,1257,1091,1538,3886,56710
17-11-2016,11,18111,18962,10870,4757,52700,1239,1055,1518,3812,56512
17-11-2016,12,18002,18819,10812,4661,52294,1260,1080,1536,3876,56170
17-11-2016,13,18068,18888,10724,4662,52342,1247,1064,1528,3839,56181
17-11-2016,14,18233,19066,10921,4619,52839,1243,1045,1530,3818,56657
17-11-2016,15,18434,19460,11229,4549,53672,1274,1069,1552,3895,57567
17-11-2016,16,18807,19782,11199,4861,54649,1258,1093,1569,3920,58569
17-11-2016,17,18777,19845,11128,5171,54921,1232,1069,1525,3826,58747
17-11-2016,18,18526,19443,11170,4906,54045,1202,1012,1464,3678,57723
17-11-2016,19,18301,18975,10910,4555,52741,1163,977,1401,3541,56282
17-11-2016,20,17998,18696,10467,4203,51364,1098,912,1292,3302,54666
17-11-2016,21,17590,17847,10441,3904,49782,1016,836,1140,2992,52774
17-11-2016,22,16807,16793,10230,3528,47358,934,764,1007,2705,50063
17-11-2016,23,16135,15735,9670,3179,44719,865,699,928,2492,47211
18-11-2016,0,15564,14972,9337,3006,42879,833,656,884,2373,45252
18-11-2016,1,15262,14668,9141,2864,41935,821,633,864,2318,44253
18-11-2016,2,15207,14589,9093,2812,41701,838,612,855,2305,44006
18-11-2016,3,15234,14555,9184,2839,41812,864,607,871,2342,44154
18-11-2016,4,15363,14829,9440,2939,42571,880,628,944,2452,45023
18-11-2016,5,15949,15524,10464,3274,45211,1002,665,1156,2823,48034
18-11-2016,6,17206,17368,11120,3916,49610,1144,719,1355,3218,52828
18-11-2016,7,18683,19271,11209,4557,53720,1214,770,1464,3448,57168
18-11-2016,8,19014,19387,11114,4707,54222,1244,836,1485,3565,57787
18-11-2016,9,18834,19295,11021,4717,53867,1226,873,1489,3588,57455
18-11-2016,10,18788,19439,11003,4844,54074,1209,886,1489,3584,57658
18-11-2016,11,18576,19314,10979,4798,53667,1193,878,1450,3521,57188
18-11-2016,12,18435,19026,10960,4635,53056,1225,878,1456,3559,56615
18-11-2016,13,18170,18748,10869,4496,52283,1213,882,1435,3530,55813
18-11-2016,14,18356,18491,11069,4350,52266,1224,889,1412,3525,55791
18-11-2016,15,18460,18836,11323,4280,52899,1253,924,1438,3615,56514
18-11-2016,16,18649,19194,11282,4528,53653,1238,936,1496,3670,57323
18-11-2016,17,18712,19277,11207,4849,54045,1208,902,1446,3556,57601
18-11-2016,18,18458,18769,11121,4673,53021,1163,875,1381,3419,56440
18-11-2016,19,18051,17986,10825,4249,51111,1111,841,1323,3275,54386
18-11-2016,20,17588,17339,10335,3948,49210,1056,806,1240,3102,52312
18-11-2016,21,17182,16703,10399,3532,47816,975,759,1106,2840,50656
18-11-2016,22,16608,16074,10073,3463,46218,887,710,995,2592,48810
18-11-2016,23,16043,15245,9596,3238,44122,832,654,917,2403,46525
19-11-2016,0,15539,14811,9216,3061,42627,793,615,866,2274,44901
19-11-2016,1,15267,14764,8964,2886,41881,769,590,837,2196,44077
19-11-2016,2,15086,14742,8821,2819,41468,758,579,825,2162,43630
19-11-2016,3,14963,14629,8841,2799,41232,754,581,826,2161,43393
19-11-2016,4,14987,14669,8918,2858,41432,766,601,850,2217,43649
19-11-2016,5,15189,14701,9193,3115,42198,809,641,938,2388,44586
19-11-2016,6,15454,15190,9313,3327,43284,858,693,1037,2588,45872
19-11-2016,7,16073,15655,9424,3550,44702,899,734,1106,2739,47441
19-11-2016,8,16900,16123,9585,3515,46123,962,802,1198,2962,49085
19-11-2016,9,17630,16745,9710,3963,48048,997,832,1244,3073,51121
19-11-2016,10,17744,17044,9716,4043,48547,1001,844,1266,3111,51658
19-11-2016,11,17659,17192,9782,3875,48508,998,835,1269,3102,51610
19-11-2016,12,17452,17191,9845,3782,48270,992,837,1269,3098,51368
19-11-2016,13,17287,17207,9903,3741,48138,980,845,1258,3083,51221
19-11-2016,14,17353,17293,10204,3724,48574,992,863,1264,3119,51693
19-11-2016,15,17556,17728,10571,3738,49593,1061,919,1338,3318,52911
19-11-2016,16,17987,18415,10715,4106,51223,1090,951,1388,3429,54652
19-11-2016,17,18064,18433,10743,4458,51698,1070,933,1362,3365,55063
19-11-2016,18,18014,18023,10609,4270,50916,1040,903,1311,3254,54170
19-11-2016,19,17631,17478,10198,3959,49266,1003,882,1251,3136,52402
19-11-2016,20,17209,16924,9726,3682,47541,962,848,1182,2992,50533
19-11-2016,21,16979,16222,9927,3547,46675,902,785,1074,2761,49436
19-11-2016,22,16573,15712,9789,3317,45391,849,728,986,2563,47954
19-11-2016,23,16175,15392,9312,3067,43946,801,672,904,2377,46323
20-11-2016,0,15660,15052,8937,2962,42611,783,635,866,2284,44895
20-11-2016,1,15362,14648,8736,2871,41617,764,615,839,2218,43835
20-11-2016,2,15177,14494,8655,2803,41129,754,608,821,2183,43312
20-11-2016,3,15061,14370,8643,2746,40820,757,614,822,2193,43013
20-11-2016,4,15069,14329,8699,2769,40866,766,620,831,2217,43083
20-11-2016,5,15239,14485,8846,2798,41368,800,648,891,2339,43707
20-11-2016,6,15386,14885,8887,2934,42092,848,694,959,2501,44593
20-11-2016,7,15795,15428,9163,3186,43572,890,728,1015,2633,46205
20-11-2016,8,16169,15788,9183,3437,44577,947,791,1108,2846,47423
20-11-2016,9,16787,16510,9416,3585,46298,986,833,1175,2994,49292
20-11-2016,10,17394,16721,9601,3659,47375,996,845,1199,3040,50415
20-11-2016,11,17462,16635,9628,3715,47440,994,841,1198,3033,50473
20-11-2016,12,17536,16600,9628,3705,47469,993,841,1199,3033,50502
20-11-2016,13,17523,16644,9622,3783,47572,992,843,1187,3022,50594
20-11-2016,14,17573,16695,9804,3799,47871,1004,843,1183,3030,50901
20-11-2016,15,17730,17385,10112,3921,49148,1071,913,1260,3244,52392
20-11-2016,16,17991,17959,10206,4160,50316,1098,967,1362,3427,53743
20-11-2016,17,18107,18032,10264,4513,50916,1090,961,1346,3397,54313
20-11-2016,18,18124,17867,10190,4440,50621,1068,938,1309,3315,53936
20-11-2016,19,18035,17522,9911,4051,49519,1022,909,1251,3182,52701
20-11-2016,20,17680,17010,9502,3742,47934,977,867,1164,3008,50942
20-11-2016,21,17287,16364,9717,3565,46933,913,789,1045,2747,49680
20-11-2016,22,17082,15645,9580,3284,45591,847,723,928,2498,48089
20-11-2016,23,16324,15025,9134,3037,43520,784,661,847,2292,45812
21-11-2016,0,15681,14831,8829,2747,42088,761,632,795,2188,44276
21-11-2016,1,15452,14525,8624,2618,41219,739,612,776,2127,43346
21-11-2016,2,15275,14537,8556,2626,40994,737,600,772,2109,43103
21-11-2016,3,15235,14549,8632,2715,41131,748,608,788,2144,43275
21-11-2016,4,15402,14642,8972,2865,41881,788,654,868,2310,44191
21-11-2016,5,15935,14939,9876,3209,43959,919,777,1111,2807,46766
21-11-2016,6,17311,16767,10434,3879,48391,1079,938,1328,3345,51736
21-11-2016,7,18889,18646,10722,4540,52797,1189,1037,1428,3654,56451
21-11-2016,8,19357,18717,10650,4565,53289,1214,1092,1480,3786,57075
21-11-2016,9,19248,18712,10540,4759,53259,1213,1102,1473,3788,57047
21-11-2016,10,19060,18808,10543,4871,53282,1215,1099,1467,3781,57063
21-11-2016,11,18939,18684,10494,4884,53001,1193,1064,1425,3682,56683
21-11-2016,12,18659,18783,10455,4989,52886,1207,1083,1451,3741,56627
21-11-2016,13,18783,18793,10393,4731,52700,1194,1078,1439,3711,56411
21-11-2016,14,18756,18630,10539,4675,52600,1211,1069,1445,3725,56325
21-11-2016,15,18988,19093,10625,4577,53283,1232,1108,1490,3830,57113
21-11-2016,16,19283,19386,10508,4790,53967,1216,1102,1510,3828,57795
21-11-2016,17,19217,19681,10345,5180,54423,1190,1085,1482,3757,58180
21-11-2016,18,19042,19047,10315,4927,53331,1156,1037,1426,3619,56950
21-11-2016,19,18738,18483,10129,4534,51884,1120,1000,1365,3485,55369
21-11-2016,20,18252,17463,9633,4194,49542,1069,939,1268,3276,52818
21-11-2016,21,17792,16815,9659,3897,48163,983,855,1148,2986,51149
21-11-2016,22,17169,15847,9439,3536,45991,894,769,1018,2681,48672
21-11-2016,23,16476,14851,8927,3225,43479,838,705,950,2493,45972
22-11-2016,0,15835,14141,8584,2996,41556,805,664,896,2365,43921
22-11-2016,1,15426,14062,8394,2879,40761,793,646,874,2313,43074
22-11-2016,2,15213,13807,8265,2841,40126,776,637,860,2273,42399
22-11-2016,3,15195,13874,8369,2870,40308,785,644,876,2305,42613
22-11-2016,4,15369,13863,8739,2945,40916,820,693,944,2457,43373
22-11-2016,5,15894,14559,9614,3209,43276,948,819,1147,2914,46190
22-11-2016,6,17199,16394,10305,3879,47777,1105,984,1367,3456,51233
22-11-2016,7,18813,18129,10554,4567,52063,1191,1080,1482,3753,55816
22-11-2016,8,19091,18286,10452,4795,52624,1219,1123,1523,3865,56489
22-11-2016,9,18738,18042,10415,4763,51958,1233,1124,1518,3875,55833
22-11-2016,10,18643,18211,10430,4782,52066,1231,1107,1516,3854,55920
22-11-2016,11,18622,18466,10434,4728,52250,1213,1073,1479,3765,56015
22-11-2016,12,18565,18427,10417,4190,51599,1236,1100,1496,3832,55431
22-11-2016,13,18483,18351,10429,4192,51455,1224,1095,1491,3810,55265
22-11-2016,14,18531,18071,10672,4469,51743,1258,1094,1495,3847,55590
22-11-2016,15,18779,18455,10795,4511,52540,1279,1131,1535,3945,56485
22-11-2016,16,18826,18625,10719,4790,52960,1263,1117,1553,3933,56893
22-11-2016,17,18652,18861,10685,5172,53370,1229,1096,1512,3837,57207
22-11-2016,18,18229,18532,10685,4896,52342,1186,1052,1454,3692,56034
22-11-2016,19,17965,17989,10518,4535,51007,1152,1009,1399,3560,54567
22-11-2016,20,17652,17380,9970,4235,49237,1097,948,1300,3345,52582
22-11-2016,21,17234,16508,10009,3925,47676,1011,853,1142,3006,50682
22-11-2016,22,16544,15356,9722,3546,45168,928,768,1016,2712,47880
22-11-2016,23,15555,14727,9180,3226,42688,856,698,946,2500,45188
23-11-2016,0,14838,14114,8853,3001,40806,823,663,909,2395,43201
23-11-2016,1,14433,13909,8596,2878,39816,808,653,894,2355,42171
23-11-2016,2,14200,13574,8446,2812,39032,805,650,894,2349,41381
23-11-2016,3,14238,13542,8577,2801,39158,811,656,895,2362,41520
23-11-2016,4,14313,13721,8933,2903,39870,844,692,954,2490,42360
23-11-2016,5,14563,14508,9824,3189,42084,972,819,1173,2964,45048
23-11-2016,6,16005,16498,10435,3855,46793,1143,984,1383,3510,50303
23-11-2016,7,17625,18066,10790,4574,51055,1228,1073,1493,3794,54849
23-11-2016,8,17936,18120,10674,4721,51451,1258,1129,1539,3926,55377
23-11-2016,9,17854,17964,10590,4732,51140,1265,1127,1537,3929,55069
23-11-2016,10,17759,18176,10509,4730,51174,1263,1121,1537,3921,55095
23-11-2016,11,17651,18026,10517,4674,50868,1242,1097,1515,3854,54722
23-11-2016,12,17533,18070,10446,4564,50613,1264,1113,1534,3911,54524
23-11-2016,13,17605,18256,10494,4648,51003,1256,1107,1537,3900,54903
23-11-2016,14,17781,18359,10721,4580,51441,1280,1106,1532,3918,55359
23-11-2016,15,18066,18778,10823,4492,52159,1292,1146,1577,4015,56174
23-11-2016,16,18460,19341,10772,4742,53315,1267,1126,1591,3984,57299
23-11-2016,17,18350,19342,10694,5077,53463,1233,1103,1531,3867,57330
23-11-2016,18,18207,18904,10707,4843,52661,1199,1061,1486,3746,56407
23-11-2016,19,18070,18467,10458,4488,51483,1158,1026,1426,3610,55093
23-11-2016,20,17842,17704,9940,4145,49631,1094,965,1323,3382,53013
23-11-2016,21,17446,16973,10023,3806,48248,1001,863,1172,3036,51284
23-11-2016,22,16616,15766,9774,3455,45611,917,772,1043,2732,48343
23-11-2016,23,15882,14813,9272,3135,43102,844,709,962,2515,45617
24-11-2016,0,15372,14225,8953,2989,41539,810,672,930,2412,43951
24-11-2016,1,14953,14264,8774,2859,40850,793,652,899,2344,43194
24-11-2016,2,14862,14225,8732,2862,40681,786,638,886,2310,42991
24-11-2016,3,14929,14581,8803,2883,41196,791,643,897,2331,43527
24-11-2016,4,15171,15087,9135,2988,42381,829,685,958,2472,44853
24-11-2016,5,15845,15881,10005,3302,45033,954,807,1181,2942,47975
24-11-2016,6,17098,17667,10652,3965,49382,1124,963,1386,3473,52855
24-11-2016,7,18789,19628,10892,4680,53989,1222,1067,1505,3794,57783
24-11-2016,8,19046,19559,10854,4855,54314,1236,1106,1528,3870,58184
24-11-2016,9,18804,19412,10802,4936,53954,1236,1107,1533,3876,57830
24-11-2016,10,18733,19403,10808,4743,53687,1227,1102,1525,3854,57541
24-11-2016,11,18652,19607,10804,4658,53721,1210,1056,1486,3752,57473
24-11-2016,12,18467,19426,10777,4551,53221,1239,1067,1484,3790,57011
24-11-2016,13,18513,19378,10821,4534,53246,1244,1064,1476,3784,57030
24-11-2016,14,18454,19332,11011,4486,53283,1254,1054,1475,3783,57066
24-11-2016,15,19583,19913,11179,4439,55114,1286,1110,1531,3927,59041
24-11-2016,16,19124,20591,11225,4756,55696,1275,1112,1582,3969,59665
24-11-2016,17,18886,20660,11195,5093,55834,1239,1085,1541,3865,59699
24-11-2016,18,18659,20067,11154,4872,54752,1198,1040,1480,3718,58470
24-11-2016,19,18496,19898,10972,4566,53932,1167,1004,1427,3598,57530
24-11-2016,20,18228,19270,10455,4266,52219,1111,950,1329,3390,55609
24-11-2016,21,17832,18376,10527,3974,50709,1026,854,1179,3059,53768
24-11-2016,22,17121,17515,10308,3617,48561,939,759,1040,2738,51299
24-11-2016,23,16207,16744,9776,3297,46024,865,706,1009,2580,48604
25-11-2016,0,15662,16207,9438,3071,44378,833,667,966,2466,46844
25-11-2016,1,15259,15996,9243,2939,43437,811,638,912,2361,45798
25-11-2016,2,15003,15965,9218,2887,43073,805,630,905,2340,45413
25-11-2016,3,14892,16061,9313,2907,43173,812,635,906,2353,45526
25-11-2016,4,14987,16108,9675,3005,43775,857,675,967,2499,46274
25-11-2016,5,15535,16799,10686,3263,46283,992,795,1189,2976,49259
25-11-2016,6,16885,18674,11359,3921,50839,1143,955,1382,3480,54319
25-11-2016,7,18540,20504,11580,4626,55250,1235,1048,1480,3763,59013
25-11-2016,8,18997,20351,11398,4782,55528,1263,1095,1503,3861,59389
25-11-2016,9,18457,20482,11279,4779,54997,1264,1091,1493,3848,58845
25-11-2016,10,18195,20514,11366,4743,54818,1255,1081,1468,3804,58622
25-11-2016,11,17975,20366,11443,4639,54423,1236,1039,1434,3709,58132
25-11-2016,12,17849,20028,11349,4444,53670,1263,1050,1444,3757,57427
25-11-2016,13,17834,20036,11280,4318,53468,1259,1040,1434,3733,57201
25-11-2016,14,17789,19591,11503,4137,53020,1266,1048,1442,3756,56776
25-11-2016,15,17855,19745,11716,4033,53349,1291,1094,1529,3914,57263
25-11-2016,16,18094,19476,11658,4351,53579,1271,1088,1579,3938,57517
25-11-2016,17,17782,19405,11539,4606,53332,1240,1063,1505,3808,57140
25-11-2016,18,17646,18713,11453,4403,52215,1198,1019,1444,3661,55876
25-11-2016,19,17374,18082,11177,4125,50758,1151,977,1391,3519,54277
25-11-2016,20,16901,17597,10679,3809,48986,1093,919,1287,3299,52285
25-11-2016,21,16368,16641,10716,3580,47305,1009,834,1146,2989,50294
25-11-2016,22,15800,15876,10452,3317,45445,936,751,1010,2697,48142
25-11-2016,23,15275,14874,9843,3041,43033,873,693,934,2500,45533
26-11-2016,0,14605,14328,9461,2875,41269,839,650,879,2368,43637
26-11-2016,1,14119,14076,9254,2684,40133,814,633,854,2301,42434
26-11-2016,2,14059,13797,9125,2585,39566,801,618,832,2251,41817
26-11-2016,3,14019,13787,9072,2532,39410,792,617,825,2234,41644
26-11-2016,4,14004,13795,9172,2551,39522,793,630,857,2280,41802
26-11-2016,5,14236,13999,9443,2602,40280,826,670,931,2427,42707
26-11-2016,6,14555,14489,9629,2814,41487,874,733,1027,2634,44121
26-11-2016,7,15077,15158,9915,3100,43250,936,794,1107,2837,46087
26-11-2016,8,15723,15852,9903,3403,44881,983,857,1207,3047,47928
26-11-2016,9,16270,16377,9976,3572,46195,1013,894,1261,3168,49363
26-11-2016,10,16596,16718,10017,3686,47017,1027,908,1281,3216,50233
26-11-2016,11,16639,16801,10027,3652,47119,1017,902,1285,3204,50323
26-11-2016,12,16515,16931,10053,3573,47072,1010,902,1279,3191,50263
26-11-2016,13,16424,16731,10089,3494,46738,1016,906,1259,3181,49919
26-11-2016,14,16606,16561,10367,3427,46961,1023,915,1252,3190,50151
26-11-2016,15,16836,17306,10825,3487,48454,1089,960,1327,3376,51830
26-11-2016,16,17253,18066,10955,3859,50133,1093,968,1364,3425,53558
26-11-2016,17,17524,19001,11038,4180,51743,1067,949,1322,3338,55081
26-11-2016,18,17406,17403,10933,4029,49771,1043,912,1275,3230,53001
26-11-2016,19,17077,17453,10559,3769,48858,1003,895,1218,3116,51974
26-11-2016,20,16658,16889,10145,3490,47182,960,850,1149,2959,50141
26-11-2016,21,16343,16552,10311,3313,46519,902,783,1049,2734,49253
26-11-2016,22,15994,15991,10219,3121,45325,857,724,955,2536,47861
26-11-2016,23,15687,15495,9807,2900,43889,809,662,892,2363,46252
27-11-2016,0,15216,15123,9456,2738,42533,780,620,851,2251,44784
27-11-2016,1,14907,14837,9193,2613,41550,751,599,823,2173,43723
27-11-2016,2,14751,14611,9106,2579,41047,747,591,809,2147,43194
27-11-2016,3,14656,14631,9134,2578,40999,752,587,807,2146,43145
27-11-2016,4,14708,14699,9172,2596,41175,767,605,831,2203,43378
27-11-2016,5,14816,14829,9400,2675,41720,794,642,888,2324,44044
27-11-2016,6,15099,15361,9440,2854,42754,837,690,957,2484,45238
27-11-2016,7,15551,16009,9689,3123,44372,879,722,1011,2612,46984
27-11-2016,8,16068,16483,9819,3354,45724,938,795,1104,2837,48561
27-11-2016,9,16726,17278,10051,3464,47519,985,832,1158,2975,50494
27-11-2016,10,17043,17440,10227,3506,48216,1004,849,1183,3036,51252
27-11-2016,11,17038,17703,10277,3521,48539,1011,855,1191,3057,51596
27-11-2016,12,16967,17752,10310,3462,48491,1025,863,1202,3090,51581
27-11-2016,13,16943,17907,10358,3459,48667,1038,868,1195,3101,51768
27-11-2016,14,17143,18089,10614,3456,49302,1073,883,1214,3170,52472
27-11-2016,15,17565,18622,10917,3521,50625,1133,950,1301,3384,54009
27-11-2016,16,17945,19480,11069,3892,52386,1145,975,1383,3503,55889
27-11-2016,17,18021,19689,11168,4300,53178,1142,970,1377,3489,56667
27-11-2016,18,17980,19571,11098,4160,52809,1129,956,1378,3463,56272
27-11-2016,19,18007,19389,10866,3939,52201,1090,938,1310,3338,55539
27-11-2016,20,17873,18624,10582,3657,50736,1041,891,1233,3165,53901
27-11-2016,21,17548,17950,10827,3468,49793,968,812,1111,2891,52684
27-11-2016,22,17173,17240,10646,3232,48291,903,734,987,2624,50915
27-11-2016,23,16574,16607,10236,3035,46452,850,661,910,2421,48873
28-11-2016,0,16047,16113,9868,2942,44970,831,623,867,2321,47291
28-11-2016,1,15841,15999,9685,2880,44405,819,607,834,2260,46665
28-11-2016,2,15686,15992,9634,2841,44153,823,609,824,2256,46409
28-11-2016,3,15749,16045,9734,2874,44402,832,616,843,2291,46693
28-11-2016,4,15899,16306,10209,2967,45381,866,662,910,2438,47819
28-11-2016,5,16491,17343,11215,3287,48336,999,791,1155,2945,51281
28-11-2016,6,18086,19457,11796,3991,53330,1163,959,1381,3503,56833
28-11-2016,7,20024,21740,12009,4732,58505,1253,1055,1493,3801,62306
28-11-2016,8,20526,22175,11844,5007,59552,1297,1105,1548,3950,63502
28-11-2016,9,20300,21898,11744,4985,58927,1297,1098,1558,3953,62880
28-11-2016,10,20140,21816,11700,4937,58593,1295,1078,1546,3919,62512
28-11-2016,11,19855,21660,11549,4838,57902,1273,1040,1506,3819,61721
28-11-2016,12,19681,21001,11564,4732,56978,1293,1068,1509,3870,60848
28-11-2016,13,19579,21153,11561,4735,57028,1270,1070,1495,3835,60863
28-11-2016,14,19640,21420,11746,4717,57523,1288,1100,1504,3892,61415
28-11-2016,15,19890,21533,12009,4638,58070,1335,1150,1566,4051,62121
28-11-2016,16,20190,22002,11980,4959,59131,1327,1136,1571,4034,63165
28-11-2016,17,20109,22019,11882,5357,59367,1293,1103,1518,3914,63281
28-11-2016,18,19827,21535,11904,5114,58380,1254,1057,1492,3803,62183
28-11-2016,19,19571,20809,11712,4752,56844,1207,1023,1436,3666,60510
28-11-2016,20,19384,19861,11303,4394,54942,1156,968,1341,3465,58407
28-11-2016,21,18899,18713,11359,4080,53051,1082,883,1198,3163,56214
28-11-2016,22,18001,17558,11128,3707,50394,998,794,1098,2890,53284
28-11-2016,23,17199,16427,10615,3311,47552,923,676,1028,2627,50179
29-11-2016,0,16426,15915,10254,3132,45727,890,658,989,2537,48264
29-11-2016,1,16114,15616,10057,3004,44791,876,644,967,2487,47278
29-11-2016,2,16012,15538,10053,2963,44566,873,671,960,2504,47070
29-11-2016,3,16027,15624,10184,2967,44802,887,688,966,2541,47343
29-11-2016,4,16131,15907,10732,3148,45918,929,727,1010,2666,48584
29-11-2016,5,16707,16535,11753,3408,48403,1065,842,1219,3126,51529
29-11-2016,6,18064,18588,12245,4069,52966,1220,992,1431,3643,56609
29-11-2016,7,19813,20522,12387,4782,57504,1304,1080,1536,3920,61424
29-11-2016,8,20476,20828,12202,4964,58470,1328,1125,1570,4023,62493
29-11-2016,9,20207,20675,12121,4871,57874,1315,1126,1575,4016,61890
29-11-2016,10,19959,20290,12072,4889,57210,1303,1104,1551,3958,61168
29-11-2016,11,19577,20095,12093,4794,56559,1269,1063,1521,3853,60412
29-11-2016,12,19369,20071,12045,4666,56151,1282,1080,1540,3902,60053
29-11-2016,13,19495,20092,12001,4710,56298,1282,1081,1538,3901,60199
29-11-2016,14,19438,19954,12203,4625,56220,1310,1089,1548,3947,60167
29-11-2016,15,19628,20455,12366,4555,57004,1363,1152,1609,4124,61128
29-11-2016,16,19892,21139,12204,4923,58158,1345,1150,1641,4136,62294
29-11-2016,17,19747,21190,11988,5184,58109,1313,1132,1612,4057,62166
29-11-2016,18,19354,20324,11960,4927,56565,1279,1088,1559,3926,60491
29-11-2016,19,19110,19465,11712,4567,54854,1228,1050,1505,3783,58637
29-11-2016,20,19055,19014,11133,4252,53454,1164,995,1408,3567,57021
29-11-2016,21,18221,18155,11133,3916,51425,1072,895,1235,3202,54627
29-11-2016,22,17684,16825,10787,3604,48900,983,802,1102,2887,51787
29-11-2016,23,16801,15763,10287,3450,46301,918,732,1019,2669,48970
30-11-2016,0,16442,15263,9874,3183,44762,892,692,951,2535,47297
30-11-2016,1,15820,15051,9545,3024,43440,879,675,922,2476,45916
30-11-2016,2,15678,14942,9448,2953,43021,873,671,910,2454,45475
30-11-2016,3,15671,15132,9523,2964,43290,862,677,918,2457,45747
30-11-2016,4,15937,15611,9928,3074,44550,905,722,995,2622,47172
30-11-2016,5,16445,16538,10782,3250,47015,1044,854,1216,3114,50129
30-11-2016,6,17899,18521,11322,3846,51588,1201,1015,1427,3643,55231
30-11-2016,7,19432,20039,11585,4549,55605,1290,1120,1554,3964,59569
30-11-2016,8,19815,20299,11441,4738,56293,1316,1151,1574,4041,60334
30-11-2016,9,19686,20387,11293,4692,56058,1315,1144,1560,4019,60077
30-11-2016,10,19769,20175,11172,4822,55938,1303,1121,1539,3963,59901
30-11-2016,11,19524,19975,11160,4836,55495,1269,1082,1509,3860,59355
30-11-2016,12,19283,19649,11008,4730,54670,1277,1103,1513,3893,58563
30-11-2016,13,19180,19745,11030,4711,54666,1259,1104,1503,3866,58532
30-11-2016,14,19285,19876,11258,4652,55071,1284,1106,1512,3902,58973
30-11-2016,15,19552,20534,11501,4680,56267,1318,1157,1568,4043,60310
30-11-2016,16,19936,21220,11458,4940,57554,1298,1142,1598,4038,61592
30-11-2016,17,20115,20968,11405,5157,57645,1274,1112,1560,3946,61591
30-11-2016,18,19808,20564,11407,4904,56683,1231,1060,1505,3796,60479
30-11-2016,19,19459,20082,11201,4513,55255,1187,1027,1449,3663,58918
30-11-2016,20,19432,19317,10634,4246,53629,1132,958,1341,3431,57060
30-11-2016,21,18611,18385,10735,3959,51690,1043,862,1184,3089,54779
30-11-2016,22,17932,17329,10432,3596,49289,948,773,1051,2772,52061
30-11-2016,23,17146,16605,9974,3287,47012,884,709,983,2576,49588
01-12-2016,0,16624,15937,9661,3058,45280,854,671,933,2458,47738
01-12-2016,1,16219,15825,9393,2961,44398,838,651,901,2390,46788
01-12-2016,2,15878,15745,9278,2909,43810,828,644,898,2370,46180
01-12-2016,3,15822,15863,9364,2922,43971,837,660,908,2405,46376
01-12-2016,4,15916,15848,9755,3011,44530,873,701,973,2547,47077
01-12-2016,5,16344,16572,10655,3277,46848,1009,830,1196,3035,49883
01-12-2016,6,17678,18428,11203,3845,51154,1170,985,1421,3576,54730
01-12-2016,7,19365,20077,11421,4627,55490,1260,1077,1532,3869,59359
01-12-2016,8,19731,20459,11280,4809,56279,1277,1115,1536,3928,60207
01-12-2016,9,19447,20482,11146,4764,55839,1270,1113,1523,3906,59745
01-12-2016,10,19295,20551,11129,4823,55798,1255,1096,1495,3846,59644
01-12-2016,11,19063,20427,11168,4781,55439,1226,1052,1463,3741,59180
01-12-2016,12,19139,20216,11142,4674,55171,1248,1070,1481,3799,58970
01-12-2016,13,19041,19931,11194,4672,54838,1247,1068,1485,3800,58638
01-12-2016,14,19196,19844,11408,4556,55004,1277,1077,1501,3855,58859
01-12-2016,15,19236,20433,11663,4514,55846,1321,1136,1559,4016,59862
01-12-2016,16,19528,20865,11667,4758,56818,1311,1144,1577,4032,60850
01-12-2016,17,19525,20939,11591,5031,57086,1279,1123,1569,3971,61057
01-12-2016,18,19464,20255,11587,4780,56086,1251,1078,1516,3845,59931
01-12-2016,19,19288,19921,11456,4505,55170,1202,1038,1465,3705,58875
01-12-2016,20,18851,19198,11012,4155,53216,1139,970,1362,3471,56687
01-12-2016,21,18462,18500,11063,3917,51942,1052,885,1207,3144,55086
01-12-2016,22,18048,17607,10801,3579,50035,964,801,1084,2849,52884
01-12-2016,23,17063,16808,10273,3218,47362,909,724,1019,2652,50014
02-12-2016,0,16566,16443,10014,3098,46121,884,692,975,2551,48672
02-12-2016,1,16213,16460,9746,2921,45340,868,680,943,2491,47831
02-12-2016,2,15971,16398,9682,2924,44975,865,674,933,2472,47447
02-12-2016,3,16015,16489,9775,2995,45274,875,687,947,2509,47783
02-12-2016,4,16137,16718,10165,3072,46092,914,730,1020,2664,48756
02-12-2016,5,16780,17362,11095,3340,48577,1037,857,1243,3137,51714
02-12-2016,6,18186,19339,11698,3929,53152,1195,1013,1458,3666,56818
02-12-2016,7,19804,20986,11976,4635,57401,1279,1105,1578,3962,61363
02-12-2016,8,20435,21384,11841,4775,58435,1295,1145,1613,4053,62488
02-12-2016,9,20113,21066,11773,4728,57680,1289,1134,1612,4035,61715
02-12-2016,10,20003,21176,11785,4726,57690,1285,1113,1599,3997,61687
02-12-2016,11,19560,20916,11734,4652,56862,1270,1076,1568,3914,60776
02-12-2016,12,19196,20616,11674,4477,55963,1291,1092,1584,3967,59930
02-12-2016,13,19032,20273,11644,4365,55314,1282,1081,1555,3918,59232
02-12-2016,14,19127,20312,11794,4252,55485,1298,1092,1528,3918,59403
02-12-2016,15,19421,20537,11978,4251,56187,1320,1137,1570,4027,60214
02-12-2016,16,19713,20969,11961,4609,57252,1303,1133,1579,4015,61267
02-12-2016,17,19710,21027,11857,4907,57501,1261,1103,1528,3892,61393
02-12-2016,18,19519,20274,11770,4742,56305,1223,1055,1463,3741,60046
02-12-2016,19,19331,19727,11484,4423,54965,1182,1018,1410,3610,58575
02-12-2016,20,18900,19155,10992,4104,53151,1137,956,1322,3415,56566
02-12-2016,21,18464,18547,11139,3865,52015,1078,883,1192,3153,55168
02-12-2016,22,17910,17858,10922,3608,50298,998,819,1097,2914,53212
02-12-2016,23,17451,17194,10409,3387,48441,925,735,1017,2677,51118
03-12-2016,0,17067,16744,10145,3171,47127,873,684,972,2529,49656
03-12-2016,1,16774,16559,9860,3058,46251,842,671,942,2455,48706
03-12-2016,2,16544,16248,9759,2987,45538,844,666,931,2441,47979
03-12-2016,3,16475,16317,9759,2950,45501,854,671,935,2460,47961
03-12-2016,4,16483,16514,9902,2957,45856,872,694,957,2523,48379
03-12-2016,5,16580,16825,10214,3035,46654,912,740,1010,2662,49316
03-12-2016,6,17039,17341,10421,3244,48045,968,811,1103,2882,50927
03-12-2016,7,17562,18222,10763,3548,50095,1027,858,1175,3060,53155
03-12-2016,8,18173,18878,10831,3810,51692,1088,919,1266,3273,54965
03-12-2016,9,18810,19430,10939,3951,53130,1120,944,1304,3368,56498
03-12-2016,10,19107,19567,11038,4015,53727,1116,939,1307,3362,57089
03-12-2016,11,19111,19334,11022,3961,53428,1113,925,1313,3351,56779
03-12-2016,12,18981,19227,11072,3853,53133,1118,925,1303,3346,56479
03-12-2016,13,18812,19079,11159,3784,52834,1114,924,1291,3329,56163
03-12-2016,14,18727,19512,11455,3752,53446,1139,930,1281,3350,56796
03-12-2016,15,18891,20128,11871,3821,54711,1205,1006,1389,3600,58311
03-12-2016,16,19156,20984,12043,4170,56353,1213,1033,1438,3684,60037
03-12-2016,17,19245,21180,12095,4469,56989,1191,1020,1402,3613,60602
03-12-2016,18,19080,21006,11985,4347,56418,1159,990,1371,3520,59938
03-12-2016,19,18683,21024,11700,4036,55443,1120,956,1318,3394,58837
03-12-2016,20,18246,20195,11292,3793,53526,1078,915,1248,3241,56767
03-12-2016,21,17786,19140,11497,3582,52005,1014,850,1151,3015,55020
03-12-2016,22,17383,18348,11415,3360,50506,959,778,1052,2789,53295
03-12-2016,23,16797,17661,10998,3136,48592,907,711,985,2603,51195
04-12-2016,0,16447,17048,10699,2918,47112,871,672,922,2465,49577
04-12-2016,1,16237,16713,10523,2767,46240,853,652,897,2402,48642
04-12-2016,2,16052,16427,10434,2681,45594,846,641,877,2364,47958
04-12-2016,3,15943,16290,10453,2653,45339,850,645,872,2367,47706
04-12-2016,4,15783,16284,10565,2658,45290,865,667,895,2427,47717
04-12-2016,5,15862,16285,10749,2716,45612,903,705,967,2575,48187
04-12-2016,6,16061,16762,10738,2904,46465,950,763,1053,2766,49231
04-12-2016,7,16472,17392,11059,3208,48131,1006,806,1114,2926,51057
04-12-2016,8,16969,17651,11109,3465,49194,1061,872,1194,3127,52321
04-12-2016,9,17572,18206,11372,3673,50823,1099,926,1233,3258,54081
04-12-2016,10,17899,18599,11450,3799,51747,1101,922,1243,3266,55013
04-12-2016,11,18073,18637,11431,3784,51925,1099,903,1234,3236,55161
04-12-2016,12,17990,18551,11418,3735,51694,1083,898,1248,3229,54923
04-12-2016,13,17969,18351,11353,3679,51352,1084,898,1243,3225,54577
04-12-2016,14,18018,18562,11668,3658,51906,1116,913,1248,3277,55183
04-12-2016,15,18229,19051,11830,3725,52835,1198,992,1368,3558,56393
04-12-2016,16,18413,19637,11788,4130,53968,1206,1020,1447,3673,57641
04-12-2016,17,18297,19660,11705,4529,54191,1193,1007,1428,3628,57819
04-12-2016,18,18162,19360,11519,4440,53481,1168,989,1395,3552,57033
04-12-2016,19,17949,19016,11204,4157,52326,1130,971,1337,3438,55764
04-12-2016,20,17687,18544,10704,3840,50775,1070,925,1247,3242,54017
04-12-2016,21,17419,17708,10891,3572,49590,1004,844,1112,2960,52550
04-12-2016,22,16812,16755,10673,3299,47539,923,761,990,2674,50213
04-12-2016,23,16111,15816,10225,3015,45167,864,698,911,2473,47640
05-12-2016,0,15437,15363,9878,2837,43515,831,656,862,2349,45864
05-12-2016,1,15100,15159,9621,2734,42614,812,640,839,2291,44905
05-12-2016,2,14852,14993,9442,2691,41978,805,634,833,2272,44250
05-12-2016,3,14805,14916,9452,2714,41887,805,641,842,2288,44175
05-12-2016,4,14963,15189,9725,2743,42620,840,690,916,2446,45066
05-12-2016,5,15461,15923,10531,3021,44936,973,823,1163,2959,47895
05-12-2016,6,16689,17804,11034,3784,49311,1142,980,1384,3506,52817
05-12-2016,7,18346,19432,11416,4495,53689,1261,1085,1509,3855,57544
05-12-2016,8,18925,19949,11320,4698,54892,1286,1135,1558,3979,58871
05-12-2016,9,18670,19874,11251,4703,54498,1273,1138,1558,3969,58467
05-12-2016,10,18563,20011,11269,4739,54582,1269,1125,1551,3945,58527
05-12-2016,11,18334,19957,11261,4661,54213,1244,1089,1527,3860,58073
05-12-2016,12,18284,20213,11188,4549,54234,1266,1120,1543,3929,58163
05-12-2016,13,18363,20250,11176,4613,54402,1261,1114,1543,3918,58320
05-12-2016,14,18524,20115,11475,4586,54700,1279,1124,1555,3958,58658
05-12-2016,15,18799,20722,11661,4529,55711,1322,1163,1589,4074,59785
05-12-2016,16,19073,21107,11617,4825,56622,1300,1136,1572,4008,60630
05-12-2016,17,18976,21121,11564,5126,56787,1261,1101,1527,3889,60676
05-12-2016,18,18806,20790,11536,4881,56013,1229,1061,1476,3766,59779
05-12-2016,19,18659,20442,11365,4578,55044,1190,1020,1422,3632,58676
05-12-2016,20,18445,19750,11066,4244,53505,1131,955,1328,3414,56919
05-12-2016,21,18066,18835,11269,3924,52094,1052,860,1168,3080,55174
05-12-2016,22,17411,17804,11103,3562,49880,967,766,1034,2767,52647
05-12-2016,23,16661,16904,10617,3227,47409,904,692,961,2557,49966
06-12-2016,0,16252,16231,10305,3061,45849,876,661,920,2457,48306
06-12-2016,1,15939,15955,10104,2987,44985,860,650,896,2406,47391
06-12-2016,2,15830,16021,10054,2961,44866,866,649,888,2403,47269
06-12-2016,3,15894,16020,10141,2980,45035,880,657,903,2440,47475
06-12-2016,4,16111,16404,10329,3064,45908,914,704,975,2593,48501
06-12-2016,5,16555,17525,10625,3332,48037,1048,831,1210,3089,51126
06-12-2016,6,18220,19701,10713,4005,52639,1207,989,1423,3619,56258
06-12-2016,7,19953,21713,11028,4729,57423,1322,1091,1497,3910,61333
06-12-2016,8,20339,22127,11068,4895,58429,1330,1139,1532,4001,62430
06-12-2016,9,20050,21912,11398,4888,58248,1322,1126,1520,3968,62216
06-12-2016,10,19767,21799,11527,4942,58035,1323,1118,1548,3989,62024
06-12-2016,11,19643,21485,11498,4909,57535,1303,1083,1529,3915,61450
06-12-2016,12,19675,21240,11492,4795,57202,1345,1107,1551,4003,61205
06-12-2016,13,19478,21102,11497,4794,56871,1335,1111,1543,3989,60860
06-12-2016,14,19603,21355,11784,4725,57467,1355,1120,1546,4021,61488
06-12-2016,15,20036,21950,12154,4698,58838,1389,1174,1589,4152,62990
06-12-2016,16,20264,22472,12189,5005,59930,1362,1161,1592,4115,64045
06-12-2016,17,20022,22770,12122,5286,60200,1331,1138,1564,4033,64233
06-12-2016,18,19806,22405,11865,5040,59116,1303,1093,1548,3944,63060
06-12-2016,19,19676,21691,11752,4715,57834,1270,1055,1512,3837,61671
06-12-2016,20,19357,21154,11452,4380,56343,1215,991,1414,3620,59963
06-12-2016,21,18917,20202,11693,4056,54868,1119,890,1241,3250,58118
06-12-2016,22,18081,18999,11539,3724,52343,1036,793,1104,2933,55276
06-12-2016,23,17301,18086,11033,3419,49839,984,719,1025,2728,52567
07-12-2016,0,16684,17627,10667,3166,48144,941,684,979,2604,50748
07-12-2016,1,16198,17235,10401,3024,46858,919,671,960,2550,49408
07-12-2016,2,15930,17283,10305,2954,46472,914,662,947,2523,48995
07-12-2016,3,15812,17144,10291,2963,46210,917,672,958,2547,48757
07-12-2016,4,15957,17136,10580,3028,46701,948,727,1023,2698,49399
07-12-2016,5,16414,17624,11408,3279,48725,1073,852,1252,3177,51902
07-12-2016,6,17769,19451,11785,3925,52930,1232,1016,1466,3714,56644
07-12-2016,7,19429,21279,11971,4645,57324,1333,1128,1593,4054,61378
07-12-2016,8,19818,21583,11758,4832,57991,1341,1160,1623,4124,62115
07-12-2016,9,19587,21326,11577,4768,57258,1330,1149,1598,4077,61335
07-12-2016,10,19386,21006,11534,4825,56751,1332,1128,1576,4036,60787
07-12-2016,11,19235,20791,11528,4790,56344,1297,1088,1547,3932,60276
07-12-2016,12,19128,20640,11366,4719,55853,1313,1115,1569,3997,59850
07-12-2016,13,19008,20741,11402,4734,55885,1303,1105,1552,3960,59845
07-12-2016,14,19152,20772,11745,4689,56358,1321,1111,1553,3985,60343
07-12-2016,15,19229,21364,11745,4697,57035,1353,1162,1600,4115,61150
07-12-2016,16,19249,21447,11660,4922,57278,1326,1143,1599,4068,61346
07-12-2016,17,18993,21381,11570,5185,57129,1291,1121,1555,3967,61096
07-12-2016,18,18483,20901,11562,4943,55889,1246,1069,1493,3808,59697
07-12-2016,19,18239,20145,11411,4587,54382,1203,1024,1433,3660,58042
07-12-2016,20,17935,19597,10841,4226,52599,1146,965,1342,3453,56052
07-12-2016,21,17315,18425,10866,3972,50578,1049,870,1169,3088,53666
07-12-2016,22,16689,17487,10612,3492,48280,965,785,1041,2791,51071
07-12-2016,23,15657,16241,10140,3157,45195,905,717,967,2589,47784
08-12-2016,0,15099,15247,9784,2979,43109,874,678,932,2484,45593
08-12-2016,1,14675,14921,9540,2882,42018,856,655,923,2434,44452
08-12-2016,2,14477,14806,9414,2856,41553,847,646,921,2414,43967
08-12-2016,3,14455,14321,9383,2865,41024,844,660,941,2445,43469
08-12-2016,4,14564,14275,9774,2886,41499,878,701,1002,2581,44080
08-12-2016,5,15093,15417,10674,3102,44286,1004,828,1220,3052,47338
08-12-2016,6,16341,17394,11127,3687,48549,1152,980,1421,3553,52102
08-12-2016,7,17849,19062,11358,4453,52722,1281,1095,1550,3926,56648
08-12-2016,8,18288,19439,11288,4628,53643,1302,1130,1580,4012,57655
08-12-2016,9,18294,19200,11203,4736,53433,1306,1134,1572,4012,57445
08-12-2016,10,18065,19085,11159,4700,53009,1286,1128,1568,3982,56991
08-12-2016,11,17812,19008,11085,4551,52456,1264,1083,1543,3890,56346
08-12-2016,12,17505,18660,11050,4472,51687,1295,1111,1565,3971,55658
08-12-2016,13,17469,18510,11092,4562,51633,1294,1113,1558,3965,55598
08-12-2016,14,17446,18489,11344,4571,51850,1304,1118,1560,3982,55832
08-12-2016,15,17814,18979,11395,4611,52799,1317,1145,1583,4045,56844
08-12-2016,16,18176,19409,11293,4872,53750,1285,1120,1549,3954,57704
08-12-2016,17,18107,19350,11242,5062,53761,1255,1086,1501,3842,57603
08-12-2016,18,17860,19007,11268,4856,52991,1217,1043,1449,3709,56700
08-12-2016,19,17708,18856,11064,4528,52156,1186,1006,1382,3574,55730
08-12-2016,20,17526,18440,10577,4235,50778,1117,945,1286,3348,54126
08-12-2016,21,17139,17513,10649,3895,49196,1034,849,1130,3013,52209
08-12-2016,22,16263,16238,10454,3544,46499,948,758,1001,2707,49206
08-12-2016,23,15590,15576,9975,3222,44363,878,696,920,2494,46857
09-12-2016,0,15005,14915,9643,3003,42566,850,653,879,2382,44948
09-12-2016,1,14678,14690,9372,2883,41623,832,636,860,2328,43951
09-12-2016,2,14506,14683,9374,2826,41389,820,626,852,2298,43687
09-12-2016,3,14118,14533,9482,2811,40944,829,631,869,2329,43273
09-12-2016,4,14140,14564,9877,2826,41407,862,674,939,2475,43882
09-12-2016,5,14643,15290,10868,3059,43860,984,795,1158,2937,46797
09-12-2016,6,16180,17234,11486,3735,48635,1140,953,1376,3469,52104
09-12-2016,7,17809,18916,11770,4400,52895,1254,1054,1503,3811,56706
09-12-2016,8,18582,19366,11636,4658,54242,1264,1086,1528,3878,58120
09-12-2016,9,18392,18916,11460,4629,53397,1254,1084,1524,3862,57259
09-12-2016,10,18322,18984,11416,4625,53347,1244,1092,1517,3853,57200
09-12-2016,11,18068,18692,11433,4527,52720,1228,1048,1488,3764,56484
09-12-2016,12,17901,18391,11408,4419,52119,1251,1076,1507,3834,55953
09-12-2016,13,17803,18056,11381,4316,51556,1248,1077,1499,3824,55380
09-12-2016,14,17958,18079,11718,4225,51980,1272,1086,1486,3844,55824
09-12-2016,15,18288,18819,11843,4275,53225,1289,1117,1516,3922,57147
09-12-2016,16,18349,19224,11826,4553,53952,1268,1101,1521,3890,57842
09-12-2016,17,18102,19230,11792,4724,53848,1228,1073,1469,3770,57618
09-12-2016,18,17961,18940,11782,4504,53187,1183,1015,1408,3606,56793
09-12-2016,19,17715,18393,11589,4255,51952,1137,976,1346,3459,55411
09-12-2016,20,17336,17642,11085,3961,50024,1094,924,1267,3285,53309
09-12-2016,21,16746,16786,11211,3671,48414,1008,833,1124,2965,51379
09-12-2016,22,16115,15869,10950,3366,46300,940,750,1009,2699,48999
09-12-2016,23,15512,15408,10464,3115,44499,889,692,926,2507,47006
10-12-2016,0,15151,14917,10111,2870,43049,863,648,890,2401,45450
10-12-2016,1,14866,14665,9954,2685,42170,839,625,867,2331,44501
10-12-2016,2,14607,14407,9849,2605,41468,830,616,864,2310,43778
10-12-2016,3,14530,14255,9838,2572,41195,827,623,872,2322,43517
10-12-2016,4,14544,14430,9977,2603,41554,847,644,908,2399,43953
10-12-2016,5,14670,14607,10345,2737,42359,887,692,1000,2579,44938
10-12-2016,6,15122,15120,10528,2925,43695,944,766,1110,2820,46515
10-12-2016,7,15607,15772,10881,3212,45472,1012,835,1200,3047,48519
10-12-2016,8,16482,16889,10980,3524,47875,1054,889,1271,3214,51089
10-12-2016,9,17119,17559,11072,3700,49450,1091,919,1330,3340,52790
10-12-2016,10,17700,17991,11152,3800,50643,1083,922,1359,3364,54007
10-12-2016,11,17695,18096,11138,3849,50778,1082,911,1362,3355,54133
10-12-2016,12,17636,18137,11128,3779,50680,1082,909,1355,3346,54026
10-12-2016,13,17526,18137,11160,3690,50513,1078,911,1341,3330,53843
10-12-2016,14,17532,18370,11588,3690,51180,1105,924,1353,3382,54562
10-12-2016,15,17627,18799,11982,3824,52232,1171,997,1437,3605,55837
10-12-2016,16,17917,19288,12149,4157,53511,1177,1006,1460,3643,57154
10-12-2016,17,18045,19366,12174,4398,53983,1152,983,1431,3566,57549
10-12-2016,18,17948,18895,12084,4283,53210,1129,951,1384,3464,56674
10-12-2016,19,17700,18452,11817,3974,51943,1092,927,1339,3358,55301
10-12-2016,20,17310,17920,11327,3750,50307,1051,884,1279,3214,53521
10-12-2016,21,16970,17368,11509,3538,49385,998,820,1186,3004,52389
10-12-2016,22,16576,16716,11454,3321,48067,947,754,1073,2774,50841
10-12-2016,23,16000,16093,11061,3086,46240,904,699,991,2594,48834
11-12-2016,0,15462,15732,10645,2855,44694,867,661,942,2470,47164
11-12-2016,1,15343,15525,10421,2750,44039,848,644,911,2403,46442
11-12-2016,2,15058,15306,10365,2639,43368,837,629,889,2355,45723
11-12-2016,3,14932,15173,10380,2636,43121,841,632,885,2358,45479
11-12-2016,4,14880,15364,10424,2670,43338,855,652,916,2423,45761
11-12-2016,5,14926,15502,10617,2750,43795,888,686,986,2560,46355
11-12-2016,6,15296,15872,10635,2926,44729,950,739,1065,2754,47483
11-12-2016,7,15812,16470,10931,3183,46396,1009,792,1124,2925,49321
11-12-2016,8,16437,17188,11101,3482,48208,1053,840,1206,3099,51307
11-12-2016,9,17041,17954,11207,3685,49887,1097,887,1275,3259,53146
11-12-2016,10,17568,18613,11441,3774,51396,1106,901,1295,3302,54698
11-12-2016,11,17901,19126,11487,3812,52326,1099,896,1303,3298,55624
11-12-2016,12,17812,18929,11354,3804,51899,1095,897,1304,3296,55195
11-12-2016,13,18049,18935,11339,3783,52106,1100,899,1297,3296,55402
11-12-2016,14,18085,18900,11638,3812,52435,1135,916,1314,3365,55800
11-12-2016,15,18316,19602,11860,4048,53826,1198,984,1403,3585,57411
11-12-2016,16,18641,20069,11930,4134,54774,1216,1001,1439,3656,58430
11-12-2016,17,18575,20186,11904,4456,55121,1202,992,1432,3626,58747
11-12-2016,18,18458,20106,11941,4357,54862,1184,984,1406,3574,58436
11-12-2016,19,18336,19472,11783,4069,53660,1141,964,1367,3472,57132
11-12-2016,20,18237,18746,11427,3805,52215,1091,916,1288,3295,55510
11-12-2016,21,17962,18040,11637,3622,51261,1023,836,1153,3012,54273
11-12-2016,22,17565,17378,11653,3328,49924,961,760,1023,2744,52668
11-12-2016,23,16877,16636,11237,3005,47755,907,689,943,2539,50294
12-12-2016,0,16274,16596,10934,2774,46578,875,647,894,2416,48994
12-12-2016,1,15937,16432,10705,2703,45777,859,636,875,2370,48147
12-12-2016,2,15858,16416,10686,2674,45634,856,634,876,2366,48000
12-12-2016,3,15986,16842,10827,2723,46378,867,652,893,2412,48790
12-12-2016,4,16080,17014,11230,2843,47167,908,708,973,2589,49756
12-12-2016,5,16677,17771,12260,3179,49887,1043,827,1212,3082,52969
12-12-2016,6,18097,20417,12843,3899,55256,1216,988,1427,3631,58887
12-12-2016,7,19876,22729,13154,4674,60433,1329,1100,1560,3989,64422
12-12-2016,8,20531,22983,12937,4904,61355,1363,1138,1581,4082,65437
12-12-2016,9,20261,22716,12739,4938,60654,1358,1140,1618,4116,64770
12-12-2016,10,20382,22713,12660,4953,60708,1341,1124,1612,4077,64785
12-12-2016,11,20042,22408,12595,5020,60065,1323,1089,1580,3992,64057
12-12-2016,12,19911,22061,12518,4825,59315,1354,1106,1592,4052,63367
12-12-2016,13,19969,21983,12571,4842,59365,1344,1103,1589,4036,63401
12-12-2016,14,19890,22046,12775,4806,59517,1358,1110,1594,4062,63579
12-12-2016,15,20147,22610,12833,4764,60354,1381,1175,1645,4201,64555
12-12-2016,16,20334,22907,12667,5044,60952,1354,1155,1644,4153,65105
12-12-2016,17,20120,22943,12544,5335,60942,1311,1126,1611,4048,64990
12-12-2016,18,19843,22385,12534,5072,59834,1270,1081,1586,3937,63771
12-12-2016,19,19707,21623,12336,4765,58431,1238,1051,1526,3815,62246
12-12-2016,20,19401,20759,11800,4445,56405,1183,967,1409,3559,59964
12-12-2016,21,19027,19825,11918,4130,54900,1084,870,1237,3191,58091
12-12-2016,22,18111,18784,11716,3750,52361,992,775,1090,2857,55218
12-12-2016,23,17347,17787,11160,3387,49681,930,701,1009,2640,52321
13-12-2016,0,16748,17297,10829,3167,48041,896,667,957,2520,50561
13-12-2016,1,16324,17029,10618,3031,47002,871,657,925,2453,49455
13-12-2016,2,16024,16995,10503,2980,46502,863,647,922,2432,48934
13-12-2016,3,15876,16880,10601,2988,46345,870,659,928,2457,48802
13-12-2016,4,15885,16861,11010,3067,46823,905,705,991,2601,49424
13-12-2016,5,16333,17555,11934,3345,49167,1046,837,1227,3110,52277
13-12-2016,6,17839,19778,12473,4036,54126,1203,999,1445,3647,57773
13-12-2016,7,19492,21543,12682,4749,58466,1320,1110,1568,3998,62464
13-12-2016,8,20049,21557,12576,4940,59122,1327,1154,1603,4084,63206
13-12-2016,9,19833,21350,12332,4949,58464,1326,1154,1618,4098,62562
13-12-2016,10,19674,21472,12355,5010,58511,1310,1126,1605,4041,62552
13-12-2016,11,19578,21508,12278,4955,58319,1300,1095,1575,3970,62289
13-12-2016,12,19355,21179,12218,4876,57628,1314,1120,1595,4029,61657
13-12-2016,13,19200,21124,12202,4889,57415,1303,1121,1592,4016,61431
13-12-2016,14,19316,21214,12385,4856,57771,1343,1134,1604,4081,61852
13-12-2016,15,19561,21600,12439,4808,58408,1361,1194,1661,4216,62624
13-12-2016,16,20163,21755,12336,5022,59276,1330,1176,1644,4150,63426
13-12-2016,17,20140,21382,12260,5261,59043,1322,1132,1584,4038,63081
13-12-2016,18,19865,20940,12338,5045,58188,1302,1088,1531,3921,62109
13-12-2016,19,19652,20541,12178,4724,57095,1326,1042,1484,3852,60947
13-12-2016,20,19427,19626,11624,4417,55094,1228,980,1373,3581,58675
13-12-2016,21,19104,18699,11713,4108,53624,1071,890,1219,3180,56804
13-12-2016,22,18283,17605,11469,3769,51126,978,791,1062,2831,53957
13-12-2016,23,17537,16632,10903,3420,48492,914,720,995,2629,51121
14-12-2016,0,16718,16095,10505,3172,46490,872,695,977,2544,49034
14-12-2016,1,16476,15649,10251,3046,45422,852,673,945,2470,47892
14-12-2016,2,16332,15557,10210,2977,45076,850,665,944,2459,47535
14-12-2016,3,16369,15662,10248,3002,45281,869,675,962,2506,47787
14-12-2016,4,16529,15961,10644,3088,46222,916,722,1011,2649,48871
14-12-2016,5,17396,16950,11597,3374,49317,1051,846,1241,3138,52455
14-12-2016,6,18647,19237,12105,4058,54047,1202,997,1466,3665,57712
14-12-2016,7,20425,21121,12410,4814,58770,1308,1103,1582,3993,62763
14-12-2016,8,20871,21530,12195,5038,59634,1321,1140,1598,4059,63693
14-12-2016,9,20775,21474,12084,4996,59329,1312,1141,1585,4038,63367
14-12-2016,10,20824,21528,12061,5027,59440,1290,1120,1591,4001,63441
14-12-2016,11,20628,21235,12043,4931,58837,1276,1086,1559,3921,62758
14-12-2016,12,20193,21295,12025,4818,58331,1303,1101,1577,3981,62312
14-12-2016,13,20142,21260,12010,4819,58231,1309,1104,1565,3978,62209
14-12-2016,14,20132,21494,12245,4780,58651,1329,1112,1573,4014,62665
14-12-2016,15,20411,22245,12379,4743,59778,1361,1157,1620,4138,63916
14-12-2016,16,20884,22960,12277,5007,61128,1332,1142,1599,4073,65201
14-12-2016,17,20738,23134,12223,5339,61434,1299,1123,1559,3981,65415
14-12-2016,18,20562,22441,12244,5133,60380,1268,1080,1529,3877,64257
14-12-2016,19,20410,21982,12134,4828,59354,1223,1039,1486,3748,63102
14-12-2016,20,20241,21234,11561,4517,57553,1177,971,1383,3531,61084
14-12-2016,21,19817,20637,11561,4235,56250,1080,878,1226,3184,59434
14-12-2016,22,19087,19499,11321,3896,53803,996,787,1084,2867,56670
14-12-2016,23,18404,18330,10826,3543,51103,925,716,996,2637,53740
15-12-2016,0,17648,17735,10514,3298,49195,894,677,959,2530,51725
15-12-2016,1,17202,17294,10267,3175,47938,870,664,934,2468,50406
15-12-2016,2,17056,17197,10193,3112,47558,866,656,924,2446,50004
15-12-2016,3,17080,17307,10226,3122,47735,873,669,936,2478,50213
15-12-2016,4,17131,17983,10481,3210,48805,913,713,998,2624,51429
15-12-2016,5,17609,19017,11377,3508,51511,1042,836,1234,3112,54623
15-12-2016,6,19059,21047,11849,4212,56167,1200,994,1457,3651,59818
15-12-2016,7,20679,23421,12113,4890,61103,1319,1104,1567,3990,65093
15-12-2016,8,21560,23975,11943,5136,62614,1324,1143,1610,4077,66691
15-12-2016,9,20992,23468,11729,3635,59824,1322,1138,1609,4069,63893
15-12-2016,10,20604,22804,11758,4429,59595,1317,1124,1588,4029,63624
15-12-2016,11,20587,22647,11708,5105,60047,1296,1089,1557,3942,63989
15-12-2016,12,20670,22495,11709,5017,59891,1309,1116,1577,4002,63893
15-12-2016,13,20749,22414,11786,5006,59955,1295,1121,1564,3980,63935
15-12-2016,14,20714,22532,12005,4926,60177,1313,1132,1566,4011,64188
15-12-2016,15,20737,22882,12162,4841,60622,1336,1192,1632,4160,64782
15-12-2016,16,20605,22750,12017,5114,60486,1311,1170,1653,4134,64620
15-12-2016,17,20451,22825,12007,5315,60598,1275,1144,1586,4005,64603
15-12-2016,18,20073,22288,12008,5091,59460,1242,1098,1544,3884,63344
15-12-2016,19,19847,21794,11894,4788,58323,1197,1054,1493,3744,62067
15-12-2016,20,19670,21182,11377,4451,56680,1137,985,1394,3516,60196
15-12-2016,21,19168,20245,11458,4146,55017,1053,891,1237,3181,58198
15-12-2016,22,18278,18957,11154,3777,52166,974,796,1083,2853,55019
15-12-2016,23,17590,17908,10690,3425,49613,906,721,1008,2635,52248
16-12-2016,0,16760,17345,10256,3216,47577,873,678,939,2490,50067
16-12-2016,1,16201,16932,10051,3080,46264,854,664,911,2429,48693
16-12-2016,2,16000,16707,10009,3032,45748,846,643,904,2393,48141
16-12-2016,3,16064,16692,10079,3057,45892,847,667,919,2433,48325
16-12-2016,4,16163,16811,10526,3132,46632,890,711,976,2577,49209
16-12-2016,5,16618,17855,11440,3426,49339,1018,830,1190,3038,52377
16-12-2016,6,17826,20053,11951,4111,53941,1170,980,1415,3565,57506
16-12-2016,7,19540,22095,12243,4847,58725,1282,1085,1537,3904,62629
16-12-2016,8,20090,22546,12173,5124,59933,1291,1119,1561,3971,63904
16-12-2016,9,20020,22273,12068,5130,59491,1287,1120,1573,3980,63471
16-12-2016,10,19946,22190,12079,5187,59402,1276,1108,1560,3944,63346
16-12-2016,11,19870,22066,11958,5094,58988,1245,1069,1525,3839,62827
16-12-2016,12,19726,21765,11887,4906,58284,1269,1092,1531,3892,62176
16-12-2016,13,20663,21650,11860,4793,58966,1258,1091,1517,3866,62832
16-12-2016,14,19475,21549,12159,4689,57872,1274,1103,1500,3877,61749
16-12-2016,15,19499,21965,12250,4739,58453,1301,1146,1561,4008,62461
16-12-2016,16,19560,22108,12165,4995,58828,1278,1129,1558,3965,62793
16-12-2016,17,19328,21883,12053,5191,58455,1251,1093,1500,3844,62299
16-12-2016,18,19117,21337,12040,4987,57481,1218,1041,1471,3730,61211
16-12-2016,19,18826,20471,11920,4570,55787,1173,1019,1406,3598,59385
16-12-2016,20,18483,19778,11421,4279,53961,1108,957,1321,3386,57347
16-12-2016,21,17932,18956,11530,4025,52443,1030,874,1184,3088,55531
16-12-2016,22,17251,17796,11279,3745,50071,962,799,1069,2830,52901
16-12-2016,23,16582,17043,10645,3460,47730,902,735,992,2629,50359
17-12-2016,0,16274,16604,10307,3232,46417,862,685,930,2477,48894
17-12-2016,1,15882,16373,10060,3085,45400,837,666,903,2406,47806
17-12-2016,2,15616,16015,9927,2992,44550,824,656,893,2373,46923
17-12-2016,3,15514,15899,9882,2972,44267,820,656,892,2368,46635
17-12-2016,4,15557,15932,9990,2997,44476,836,674,922,2432,46908
17-12-2016,5,15655,16164,10308,3076,45203,873,720,1007,2600,47803
17-12-2016,6,15969,16754,10459,3263,46445,917,783,1109,2809,49254
17-12-2016,7,16449,17650,10837,3581,48517,991,851,1209,3051,51568
17-12-2016,8,17341,18576,10960,3921,50798,1045,904,1289,3238,54036
17-12-2016,9,17949,18716,10984,4121,51770,1103,947,1343,3393,55163
17-12-2016,10,18365,19157,11020,4222,52764,1110,954,1364,3428,56192
17-12-2016,11,18581,19445,10992,4207,53225,1102,951,1364,3417,56642
17-12-2016,12,18449,19163,10951,4120,52683,1095,949,1356,3400,56083
17-12-2016,13,18379,19348,11007,4065,52799,1089,954,1345,3388,56187
17-12-2016,14,18360,19418,11360,4025,53163,1115,969,1354,3438,56601
17-12-2016,15,18501,19824,11621,4063,54009,1157,1020,1440,3617,57626
17-12-2016,16,18657,20188,11713,4316,54874,1144,1027,1457,3628,58502
17-12-2016,17,18667,19979,11744,4527,54917,1125,1006,1415,3546,58463
17-12-2016,18,18552,19407,11706,4398,54063,1084,978,1373,3435,57498
17-12-2016,19,18278,18795,11374,4087,52534,1056,955,1310,3321,55855
17-12-2016,20,17804,18094,10917,3832,50647,1022,908,1239,3169,53816
17-12-2016,21,17481,17133,11039,3664,49317,967,842,1128,2937,52254
17-12-2016,22,17160,16411,10823,3397,47791,911,773,1020,2704,50495
17-12-2016,23,16665,15999,10380,3127,46171,863,710,941,2514,48685
18-12-2016,0,16207,15259,9974,2923,44363,828,672,895,2395,46758
18-12-2016,1,15915,14934,9722,2781,43352,816,657,876,2349,45701
18-12-2016,2,15760,14811,9612,2731,42914,798,646,864,2308,45222
18-12-2016,3,15627,14730,9561,2715,42633,798,646,862,2306,44939
18-12-2016,4,15603,14893,9605,2754,42855,807,665,885,2357,45212
18-12-2016,5,15803,15217,9741,2830,43591,836,698,945,2479,46070
18-12-2016,6,16408,15754,9839,3008,45009,881,748,1030,2659,47668
18-12-2016,7,16780,16524,10142,3308,46754,941,800,1103,2844,49598
18-12-2016,8,17253,17252,10230,3647,48382,986,853,1179,3018,51400
18-12-2016,9,17878,17736,10349,3874,49837,1025,892,1235,3152,52989
18-12-2016,10,18284,18356,10486,4025,51151,1041,907,1261,3209,54360
18-12-2016,11,18543,18535,10451,4046,51575,1042,907,1270,3219,54794
18-12-2016,12,18636,18652,10401,3957,51646,1047,908,1275,3230,54876
18-12-2016,13,18742,18345,10462,3922,51471,1053,911,1288,3252,54723
18-12-2016,14,18760,18395,10791,3942,51888,1083,924,1303,3310,55198
18-12-2016,15,18879,19068,11005,4020,52972,1134,986,1392,3512,56484
18-12-2016,16,18831,19278,11019,4284,53412,1138,1002,1441,3581,56993
18-12-2016,17,18737,19471,11025,4654,53887,1125,997,1422,3544,57431
18-12-2016,18,18475,19304,11000,4552,53331,1113,977,1399,3489,56820
18-12-2016,19,18153,18694,10837,4303,51987,1084,954,1348,3386,55373
18-12-2016,20,17933,17937,10423,4049,50342,1039,906,1273,3218,53560
18-12-2016,21,17678,17146,10612,3772,49208,958,827,1130,2915,52123
18-12-2016,22,17021,16139,10563,3470,47193,890,748,999,2637,49830
18-12-2016,23,16212,15389,10085,3189,44875,836,681,911,2428,47303
19-12-2016,0,16020,15224,9803,3034,44081,800,641,862,2303,46384
19-12-2016,1,15554,14842,9593,2895,42884,779,625,840,2244,45128
19-12-2016,2,15350,14778,9502,2816,42446,775,616,836,2227,44673
19-12-2016,3,15260,14788,9537,2887,42472,783,628,850,2261,44733
19-12-2016,4,15620,15034,9926,2982,43562,823,667,926,2416,45978
19-12-2016,5,16075,15581,10921,3239,45816,944,800,1163,2907,48723
19-12-2016,6,17284,17752,11481,3914,50431,1105,957,1384,3446,53877
19-12-2016,7,18908,19441,11805,4693,54847,1243,1076,1510,3829,58676
19-12-2016,8,19468,19922,11751,4999,56140,1269,1120,1533,3922,60062
19-12-2016,9,19365,19693,11566,4959,55583,1267,1125,1553,3945,59528
19-12-2016,10,19058,19851,11454,5005,55368,1256,1111,1546,3913,59281
19-12-2016,11,18942,19969,11433,4971,55315,1237,1084,1519,3840,59155
19-12-2016,12,18874,19830,11358,4862,54924,1259,1105,1550,3914,58838
19-12-2016,13,18931,19946,11367,4871,55115,1257,1106,1553,3916,59031
19-12-2016,14,19143,20171,11514,4836,55664,1277,1118,1559,3954,59618
19-12-2016,15,19261,20501,11581,4788,56131,1289,1161,1603,4053,60184
19-12-2016,16,19396,20503,11482,4972,56353,1260,1135,1586,3981,60334
19-12-2016,17,18948,20642,11384,5190,56164,1225,1105,1543,3873,60037
19-12-2016,18,18795,20117,11333,4961,55206,1192,1057,1508,3757,58963
19-12-2016,19,18509,19429,11198,4669,53805,1150,1026,1454,3630,57435
19-12-2016,20,18268,18621,10675,4338,51902,1097,956,1355,3408,55310
19-12-2016,21,17679,17840,10659,4028,50206,1018,867,1199,3084,53290
19-12-2016,22,16836,16566,10358,3670,47430,933,785,1040,2758,50188
19-12-2016,23,16033,15606,9870,3307,44816,870,709,963,2542,47358
20-12-2016,0,15617,14954,9435,3105,43111,836,666,903,2405,45516
20-12-2016,1,15142,14709,9233,2980,42064,818,639,880,2337,44401
20-12-2016,2,14878,14611,9113,2916,41518,797,630,872,2299,43817
20-12-2016,3,14901,14476,9113,2926,41416,801,638,888,2327,43743
20-12-2016,4,14969,14242,9473,3025,41709,836,685,964,2485,44194
20-12-2016,5,15385,15163,10350,3306,44204,956,808,1193,2957,47161
20-12-2016,6,16801,17213,10928,3969,48911,1109,965,1424,3498,52409
20-12-2016,7,18400,19433,11198,4704,53735,1228,1102,1565,3895,57630
20-12-2016,8,19113,20129,11208,4940,55390,1236,1130,1591,3957,59347
20-12-2016,9,18969,19625,10984,4986,54564,1240,1124,1586,3950,58514
20-12-2016,10,18901,20000,10970,4994,54865,1229,1108,1567,3904,58769
20-12-2016,11,18808,20083,10919,4970,54780,1208,1077,1560,3845,58625
20-12-2016,12,18719,19702,10862,4876,54159,1226,1103,1585,3914,58073
20-12-2016,13,18772,19483,10908,4921,54084,1223,1100,1550,3873,57957
20-12-2016,14,18770,19919,11167,4853,54709,1243,1111,1563,3917,58626
20-12-2016,15,18880,20394,11352,4735,55361,1265,1146,1613,4024,59385
20-12-2016,16,18921,20255,11182,4923,55281,1230,1116,1606,3952,59233
20-12-2016,17,18829,20390,11126,5171,55516,1203,1094,1571,3868,59384
20-12-2016,18,18658,20082,11077,4957,54774,1168,1050,1520,3738,58512
20-12-2016,19,18426,19807,10922,4670,53825,1138,1021,1460,3619,57444
20-12-2016,20,18119,19191,10415,4319,52044,1074,946,1367,3387,55431
20-12-2016,21,17662,18318,10470,4033,50483,987,852,1208,3047,53530
20-12-2016,22,17017,17509,10153,3659,48338,909,762,1040,2711,51049
20-12-2016,23,16245,16406,9583,3265,45499,848,691,953,2492,47991
21-12-2016,0,15748,16055,9231,3045,44079,811,654,917,2382,46461
21-12-2016,1,15363,15797,9015,2912,43087,785,633,894,2312,45399
21-12-2016,2,15214,15723,8893,2895,42725,779,626,881,2286,45011
21-12-2016,3,15166,15711,8952,2935,42764,793,636,893,2322,45086
21-12-2016,4,15191,15743,9253,3011,43198,834,683,963,2480,45678
21-12-2016,5,15542,16697,10191,3265,45695,947,792,1192,2931,48626
21-12-2016,6,16882,18626,10772,3923,50203,1108,936,1419,3463,53666
21-12-2016,7,18416,20335,11142,4626,54519,1232,1065,1564,3861,58380
21-12-2016,8,19070,20933,11085,4938,56026,1247,1086,1590,3923,59949
21-12-2016,9,19074,20615,10890,4820,55399,1236,1083,1588,3907,59306
21-12-2016,10,18992,20691,10833,4860,55376,1224,1067,1579,3870,59246
21-12-2016,11,18951,20362,10811,4806,54930,1205,1040,1561,3806,58736
21-12-2016,12,18809,20014,10716,4663,54202,1224,1065,1583,3872,58074
21-12-2016,13,18871,20333,10818,4621,54643,1215,1076,1577,3868,58511
21-12-2016,14,18847,20590,11047,4636,55120,1236,1093,1585,3914,59034
21-12-2016,15,18855,21017,11102,4646,55620,1256,1133,1630,4019,59639
21-12-2016,16,18891,21037,11103,4788,55819,1223,1112,1619,3954,59773
21-12-2016,17,18749,20972,11056,5020,55797,1193,1083,1567,3843,59640
21-12-2016,18,18379,20391,11092,4841,54703,1170,1048,1518,3736,58439
21-12-2016,19,18151,19747,10832,4533,53263,1142,1007,1463,3612,56875
21-12-2016,20,17939,19129,10279,4207,51554,1098,946,1360,3404,54958
21-12-2016,21,17507,18053,10284,3914,49758,998,859,1200,3057,52815
21-12-2016,22,16954,17041,10022,3597,47614,929,774,1067,2770,50384
21-12-2016,23,16215,16144,9518,3302,45179,862,704,972,2538,47717
22-12-2016,0,15609,15486,9116,3185,43396,823,656,918,2397,45793
22-12-2016,1,15327,15154,8882,3118,42481,794,639,890,2323,44804
22-12-2016,2,15100,14946,8834,3093,41973,786,624,880,2290,44263
22-12-2016,3,15137,14940,8880,3088,42045,793,633,895,2321,44366
22-12-2016,4,15239,14889,9251,3139,42518,827,682,970,2479,44997
22-12-2016,5,15724,15490,10015,3367,44596,935,789,1195,2919,47515
22-12-2016,6,16981,17298,10533,3917,48729,1073,923,1422,3418,52147
22-12-2016,7,18416,19264,10922,4456,53058,1184,1060,1563,3807,56865
22-12-2016,8,19259,19981,10953,4758,54951,1201,1106,1595,3902,58853
22-12-2016,9,19258,19824,10740,4712,54534,1194,1109,1607,3910,58444
22-12-2016,10,19130,19777,10707,4787,54401,1186,1096,1584,3866,58267
22-12-2016,11,19110,19651,10712,4697,54170,1171,1072,1559,3802,57972
22-12-2016,12,18989,19582,10581,4529,53681,1188,1096,1576,3860,57541
22-12-2016,13,18868,19451,10573,4464,53356,1179,1098,1566,3843,57199
22-12-2016,14,18738,19563,10767,4355,53423,1204,1113,1559,3876,57299
22-12-2016,15,18901,19908,10866,4368,54043,1220,1147,1610,3977,58020
22-12-2016,16,18981,20169,10816,4612,54578,1210,1125,1618,3953,58531
22-12-2016,17,18814,20085,10806,4765,54470,1188,1099,1587,3874,58344
22-12-2016,18,18629,19673,10731,4580,53613,1148,1065,1536,3749,57362
22-12-2016,19,18501,19042,10500,4294,52337,1106,1021,1479,3606,55943
22-12-2016,20,18238,18659,10030,4059,50986,1060,960,1386,3406,54392
22-12-2016,21,17764,17780,10083,3906,49533,984,868,1232,3084,52617
22-12-2016,22,17330,16746,9790,3604,47470,911,785,1095,2791,50261
22-12-2016,23,16669,15801,9224,3327,45021,857,707,995,2559,47580
23-12-2016,0,16019,15200,8802,2949,42970,803,658,920,2381,45351
23-12-2016,1,15632,14847,8473,2861,41813,783,638,890,2311,44124
23-12-2016,2,15401,14533,8392,2808,41134,773,628,883,2284,43418
23-12-2016,3,15399,14484,8342,2770,40995,776,631,895,2302,43297
23-12-2016,4,15486,14567,8597,2858,41508,811,675,962,2448,43956
23-12-2016,5,15858,15056,9271,3012,43197,897,781,1164,2842,46039
23-12-2016,6,17008,16436,9743,3453,46640,1008,909,1377,3294,49934
23-12-2016,7,18230,18092,10158,4059,50539,1121,1021,1513,3655,54194
23-12-2016,8,18996,18953,10150,4416,52515,1159,1060,1558,3777,56292
23-12-2016,9,19201,19296,10089,4480,53066,1166,1069,1558,3793,56859
23-12-2016,10,19386,19287,10072,4476,53221,1153,1057,1537,3747,56968
23-12-2016,11,19225,19070,9973,4407,52675,1121,1029,1491,3641,56316
23-12-2016,12,18898,18797,9828,4225,51748,1106,1047,1479,3632,55380
23-12-2016,13,18769,18616,9852,4110,51347,1085,1018,1451,3554,54901
23-12-2016,14,18800,18591,10048,4180,51619,1102,1014,1438,3554,55173
23-12-2016,15,18950,19151,10381,4136,52618,1145,1055,1509,3709,56327
23-12-2016,16,18896,19485,10354,4346,53081,1137,1059,1531,3727,56808
23-12-2016,17,18626,19587,10316,4503,53032,1113,1037,1501,3651,56683
23-12-2016,18,18360,19086,10349,4400,52195,1077,998,1452,3527,55722
23-12-2016,19,17997,18318,10121,4129,50565,1039,964,1391,3394,53959
23-12-2016,20,17519,17421,9720,3841,48501,983,905,1296,3184,51685
23-12-2016,21,17075,16606,9848,3593,47122,920,829,1147,2896,50018
23-12-2016,22,16688,15949,9559,3330,45526,865,754,1031,2650,48176
23-12-2016,23,15841,15154,9058,3040,43093,803,684,917,2404,45497
24-12-2016,0,15301,14537,8672,2841,41351,759,639,846,2244,43595
24-12-2016,1,14733,13968,8344,2725,39770,732,618,818,2168,41938
24-12-2016,2,14439,13653,8223,2685,39000,725,598,800,2123,41123
24-12-2016,3,14317,13680,8172,2608,38777,719,594,793,2106,40883
24-12-2016,4,14357,13744,8178,2570,38849,729,611,812,2152,41001
24-12-2016,5,14485,13904,8474,2522,39385,750,649,877,2276,41661
24-12-2016,6,14808,14161,8697,2615,40281,796,696,952,2444,42725
24-12-2016,7,15375,15188,9157,3003,42723,857,756,1043,2656,45379
24-12-2016,8,16365,15967,9393,3323,45048,914,806,1132,2852,47900
24-12-2016,9,17102,16605,9490,3476,46673,957,858,1226,3041,49714
24-12-2016,10,17723,16920,9525,3551,47719,966,884,1273,3123,50842
24-12-2016,11,17901,17021,9443,3518,47883,981,894,1284,3159,51042
24-12-2016,12,17799,16687,9367,3560,47413,1002,896,1282,3180,50593
24-12-2016,13,17732,16329,9310,3603,46974,1007,897,1286,3190,50164
24-12-2016,14,17838,16095,9445,3656,47034,1031,910,1305,3246,50280
24-12-2016,15,18172,16286,9507,3823,47788,1085,958,1361,3404,51192
24-12-2016,16,18511,16499,9321,4164,48495,1048,956,1348,3352,51847
24-12-2016,17,17802,16155,9149,4494,47600,996,918,1233,3147,50747
24-12-2016,18,16941,15532,9059,3781,45313,934,863,1107,2904,48217
24-12-2016,19,16681,15977,8936,3434,45028,899,822,1051,2772,47800
24-12-2016,20,16311,15763,8791,3359,44224,886,786,1022,2694,46918
24-12-2016,21,16137,15569,9156,3227,44089,853,748,987,2588,46677
24-12-2016,22,15942,15324,9094,3070,43430,821,699,929,2449,45879
24-12-2016,23,15983,15010,8697,3133,42823,777,654,851,2282,45105
25-12-2016,0,15799,14712,8318,3161,41990,737,610,786,2133,44123
25-12-2016,1,15332,14478,8033,3035,40878,697,585,749,2031,42909
25-12-2016,2,14973,14446,7864,2861,40144,704,569,728,2001,42145
25-12-2016,3,14796,14273,7840,2829,39738,707,567,729,2003,41741
25-12-2016,4,14775,14190,7921,2817,39703,704,582,750,2036,41739
25-12-2016,5,14748,14326,8059,2847,39980,740,600,799,2139,42119
25-12-2016,6,14900,14502,8065,2976,40443,771,632,864,2267,42710
25-12-2016,7,15145,14694,8253,3053,41145,815,671,917,2403,43548
25-12-2016,8,15616,15267,8359,3265,42507,843,707,1010,2560,45067
25-12-2016,9,16001,15627,8465,3429,43522,877,751,1074,2702,46224
25-12-2016,10,16442,16249,8622,3554,44867,896,770,1084,2750,47617
25-12-2016,11,16672,16653,8634,3580,45539,903,773,1067,2743,48282
25-12-2016,12,16703,16850,8679,3516,45748,903,766,1034,2703,48451
25-12-2016,13,16613,16425,8730,3443,45211,909,764,1015,2688,47899
25-12-2016,14,16675,16099,8993,3428,45195,936,785,1011,2732,47927
25-12-2016,15,16854,16764,9143,3463,46224,985,850,1092,2927,49151
25-12-2016,16,17058,17248,9152,3598,47056,985,868,1137,2990,50046
25-12-2016,17,16724,17179,9174,3885,46962,968,862,1123,2953,49915
25-12-2016,18,16438,16544,9168,3821,45971,944,848,1102,2894,48865
25-12-2016,19,16237,15933,9154,3653,44977,924,830,1070,2824,47801
25-12-2016,20,16056,15463,8956,3475,43950,905,800,1039,2744,46694
25-12-2016,21,15921,14987,9239,3313,43460,864,744,982,2590,46050
25-12-2016,22,15424,14343,9151,3119,42037,819,684,901,2404,44441
25-12-2016,23,14849,13974,8757,2938,40518,769,636,832,2237,42755
26-12-2016,0,14484,13568,8394,2781,39227,726,592,778,2096,41323
26-12-2016,1,14291,13217,8096,2564,38168,706,570,746,2022,40190
26-12-2016,2,14054,13021,8001,2497,37573,698,564,737,1999,39572
26-12-2016,3,14243,13034,8010,2501,37788,696,564,739,1999,39787
26-12-2016,4,14473,13172,8103,2556,38304,710,579,754,2043,40347
26-12-2016,5,14723,13246,8349,2729,39047,744,623,794,2161,41208
26-12-2016,6,15183,13803,8382,2821,40189,787,661,851,2299,42488
26-12-2016,7,15559,14542,8726,3031,41858,839,712,902,2453,44311
26-12-2016,8,16079,15212,8785,3264,43340,871,749,966,2586,45926
26-12-2016,9,16669,15870,8849,3299,44687,918,802,1042,2762,47449
26-12-2016,10,17145,16194,8834,3424,45597,941,821,1076,2838,48435
26-12-2016,11,17475,16310,8879,3462,46126,938,824,1087,2849,48975
26-12-2016,12,17574,16595,8841,3464,46474,932,827,1082,2841,49315
26-12-2016,13,17702,16711,8921,3484,46818,933,828,1075,2836,49654
26-12-2016,14,17871,16912,9181,3538,47502,955,829,1085,2869,50371
26-12-2016,15,18262,17585,9460,3538,48845,1032,889,1172,3093,51938
26-12-2016,16,18424,18022,9529,3625,49600,1043,914,1218,3175,52775
26-12-2016,17,18107,18217,9581,3716,49621,1025,910,1206,3141,52762
26-12-2016,18,17857,17947,9530,3651,48985,1006,894,1182,3082,52067
26-12-2016,19,17460,17506,9445,3613,48024,978,874,1142,2994,51018
26-12-2016,20,17119,17343,9144,3499,47105,947,835,1076,2858,49963
26-12-2016,21,16864,16815,9423,3445,46547,895,768,979,2642,49189
26-12-2016,22,16362,16018,9260,3175,44815,848,699,887,2434,47249
26-12-2016,23,15764,15291,8844,3072,42971,801,651,815,2267,45238
27-12-2016,0,15190,14972,8503,2943,41608,760,604,763,2127,43735
27-12-2016,1,14944,14876,8247,2782,40849,734,585,738,2057,42906
27-12-2016,2,14900,14732,8230,2772,40634,723,585,737,2045,42679
27-12-2016,3,14881,14772,8327,2717,40697,729,596,748,2073,42770
27-12-2016,4,15006,15100,8575,2752,41433,754,630,804,2188,43621
27-12-2016,5,15428,15784,9364,2839,43415,843,726,978,2547,45962
27-12-2016,6,16199,16989,9825,3143,46156,957,855,1169,2981,49137
27-12-2016,7,17141,18212,10207,3436,48996,1075,993,1303,3371,52367
27-12-2016,8,17827,18845,10241,3758,50671,1117,1054,1361,3532,54203
27-12-2016,9,18265,19008,10199,3940,51412,1122,1075,1383,3580,54992
27-12-2016,10,18596,19213,10253,4021,52083,1120,1068,1378,3566,55649
27-12-2016,11,18630,19115,10182,3973,51900,1108,1036,1361,3505,55405
27-12-2016,12,18601,19032,10214,3902,51749,1114,1055,1374,3543,55292
27-12-2016,13,18601,18961,10272,3850,51684,1113,1051,1376,3540,55224
27-12-2016,14,18577,19169,10541,3845,52132,1131,1055,1386,3572,55704
27-12-2016,15,18866,19767,10754,3946,53333,1181,1088,1452,3721,57054
27-12-2016,16,19094,20205,10793,4147,54239,1172,1073,1452,3697,57936
27-12-2016,17,18893,20343,10752,4392,54380,1149,1050,1405,3604,57984
27-12-2016,18,18633,19921,10720,4298,53572,1098,1010,1338,3446,57018
27-12-2016,19,18386,19527,10499,3988,52400,1057,971,1287,3315,55715
27-12-2016,20,18072,18971,10086,3700,50829,1016,917,1208,3141,53970
27-12-2016,21,17656,18088,10211,3524,49479,947,832,1069,2848,52327
27-12-2016,22,17141,17301,10106,3266,47814,886,755,958,2599,50413
27-12-2016,23,16507,16452,9718,2969,45646,838,683,870,2391,48037
28-12-2016,0,15995,15887,9390,2777,44049,800,636,823,2259,46308
28-12-2016,1,15545,15930,9292,2625,43392,790,616,799,2205,45597
28-12-2016,2,15372,15817,9154,2634,42977,791,606,788,2185,45162
28-12-2016,3,15452,15802,9221,2659,43134,801,611,797,2209,45343
28-12-2016,4,15691,15890,9507,2712,43800,832,640,845,2317,46117
28-12-2016,5,16076,16594,10216,2825,45711,909,736,998,2643,48354
28-12-2016,6,16802,18334,10556,3153,48845,1008,862,1177,3047,51892
28-12-2016,7,17627,19690,10872,3533,51722,1117,979,1298,3394,55116
28-12-2016,8,18264,20353,10936,3860,53413,1148,1016,1345,3509,56922
28-12-2016,9,18659,20603,10934,4079,54275,1171,1028,1366,3565,57840
28-12-2016,10,19092,20683,10987,4170,54932,1170,1032,1358,3560,58492
28-12-2016,11,19208,20454,11060,4161,54883,1145,1004,1345,3494,58377
28-12-2016,12,19117,19922,11077,4060,54176,1149,1016,1357,3522,57698
28-12-2016,13,19024,19514,11150,4029,53717,1145,1015,1377,3537,57254
28-12-2016,14,19072,19699,11373,3997,54141,1170,1017,1369,3556,57697
28-12-2016,15,19147,20234,11648,4060,55089,1226,1076,1436,3738,58827
28-12-2016,16,19254,20534,11707,4320,55815,1213,1076,1453,3742,59557
28-12-2016,17,19082,20577,11619,4603,55881,1180,1046,1431,3657,59538
28-12-2016,18,18805,20104,11601,4465,54975,1141,1006,1366,3513,58488
28-12-2016,19,18496,19374,11389,4164,53423,1111,967,1333,3411,56834
28-12-2016,20,18166,18588,10934,3862,51550,1062,914,1248,3224,54774
28-12-2016,21,17732,17561,11044,3603,49940,985,832,1110,2927,52867
28-12-2016,22,17372,16596,10817,3327,48112,923,758,999,2680,50792
28-12-2016,23,16540,15732,10308,3026,45606,861,682,912,2455,48061
29-12-2016,0,16041,15043,9992,2784,43860,820,638,861,2319,46179
29-12-2016,1,15585,14458,9760,2652,42455,801,616,835,2252,44707
29-12-2016,2,15429,14212,9581,2562,41784,793,607,821,2221,44005
29-12-2016,3,15357,14363,9580,2544,41844,796,614,832,2242,44086
29-12-2016,4,15393,14453,9823,2578,42247,825,652,885,2362,44609
29-12-2016,5,15758,14932,10518,2753,43961,907,746,1049,2702,46663
29-12-2016,6,16499,16379,10874,3080,46832,1004,865,1226,3095,49927
29-12-2016,7,17156,17794,11125,3532,49607,1111,979,1361,3451,53058
29-12-2016,8,17811,18257,11204,3870,51142,1144,1008,1416,3568,54710
29-12-2016,9,18331,18365,11072,4020,51788,1159,1020,1431,3610,55398
29-12-2016,10,18669,18757,11013,4109,52548,1159,1021,1416,3596,56144
29-12-2016,11,18674,18669,11008,4050,52401,1144,995,1388,3527,55928
29-12-2016,12,18545,18437,10950,3973,51905,1154,1008,1394,3556,55461
29-12-2016,13,18602,18193,11034,3939,51768,1141,1004,1392,3537,55305
29-12-2016,14,18733,18154,11284,3902,52073,1172,1024,1401,3597,55670
29-12-2016,15,18673,18662,11380,3925,52640,1198,1074,1463,3735,56375
29-12-2016,16,18566,19041,11325,4189,53121,1182,1058,1481,3721,56842
29-12-2016,17,18369,18998,11294,4482,53143,1145,1031,1440,3616,56759
29-12-2016,18,18232,18412,11234,4366,52244,1108,987,1383,3478,55722
29-12-2016,19,17971,18338,11012,4078,51399,1071,955,1328,3354,54753
29-12-2016,20,17718,17939,10564,3774,49995,1034,904,1253,3191,53186
29-12-2016,21,17241,17169,10624,3512,48546,955,826,1119,2900,51446
29-12-2016,22,16689,16358,10451,3299,46797,886,745,995,2626,49423
29-12-2016,23,16165,15791,9947,3052,44955,827,672,902,2401,47356
30-12-2016,0,15505,14965,9541,2845,42856,789,624,840,2253,45109
30-12-2016,1,15107,14684,9306,2720,41817,765,601,823,2189,44006
30-12-2016,2,14894,14414,9250,2641,41199,758,592,794,2144,43343
30-12-2016,3,14863,14442,9227,2620,41152,759,592,826,2177,43329
30-12-2016,4,15004,14392,9511,2704,41611,784,627,877,2288,43899
30-12-2016,5,15285,14825,10217,2858,43185,857,716,1021,2594,45779
30-12-2016,6,15955,16043,10600,3141,45739,952,828,1193,2973,48712
30-12-2016,7,16758,17392,10915,3519,48584,1056,929,1320,3305,51889
30-12-2016,8,17332,17983,10958,3877,50150,1095,978,1376,3449,53599
30-12-2016,9,17592,18360,10846,4025,50823,1108,994,1413,3515,54338
30-12-2016,10,17963,18611,10879,4053,51506,1125,984,1418,3527,55033
30-12-2016,11,18019,18557,10941,4061,51578,1112,965,1393,3470,55048
30-12-2016,12,17955,18409,10915,3961,51240,1125,964,1392,3481,54721
30-12-2016,13,17838,18177,10911,3923,50849,1124,959,1327,3410,54259
30-12-2016,14,17800,17975,11192,3848,50815,1134,969,1344,3447,54262
30-12-2016,15,17988,18205,11258,3873,51324,1154,1014,1410,3578,54902
30-12-2016,16,18082,18468,11196,4091,51837,1147,1023,1459,3629,55466
30-12-2016,17,17920,18532,11112,4363,51927,1118,1006,1415,3539,55466
30-12-2016,18,17577,18043,10994,4253,50867,1092,968,1364,3424,54291
30-12-2016,19,17203,17253,10822,3969,49247,1058,935,1310,3303,52550
30-12-2016,20,16755,16338,10322,3648,47063,1004,894,1233,3131,50194
30-12-2016,21,16337,15617,10438,3394,45786,929,814,1101,2844,48630
30-12-2016,22,15822,14727,10235,3149,43933,872,739,1000,2611,46544
30-12-2016,23,15377,13989,9699,2883,41948,812,672,887,2371,44319
31-12-2016,0,14975,13634,9305,2718,40632,773,630,836,2239,42871
31-12-2016,1,14550,13295,9053,2654,39552,729,605,804,2138,41690
31-12-2016,2,14228,12994,8916,2585,38723,714,594,784,2092,40815
31-12-2016,3,14143,12932,8928,2513,38516,710,583,793,2086,40602
31-12-2016,4,14109,12927,8992,2516,38544,729,599,814,2142,40686
31-12-2016,5,14142,12970,9127,2515,38754,752,644,880,2276,41030
31-12-2016,6,14217,13253,9256,2638,39364,788,685,939,2412,41776
31-12-2016,7,14665,13763,9594,2827,40849,846,742,1026,2614,43463
31-12-2016,8,15219,14515,9647,3122,42503,894,784,1113,2791,45294
31-12-2016,9,15572,15056,9735,3374,43737,947,834,1199,2980,46717
31-12-2016,10,15959,15654,9831,3512,44956,974,865,1216,3055,48011
31-12-2016,11,16588,16052,9881,3544,46065,989,879,1268,3136,49201
31-12-2016,12,16766,16074,9895,3511,46246,996,880,1276,3152,49398
31-12-2016,13,16432,15882,9986,3536,45836,1003,892,1273,3168,49004
31-12-2016,14,16602,15994,10350,3514,46460,1040,915,1281,3236,49696
31-12-2016,15,17138,16403,10704,3572,47817,1098,973,1357,3428,51245
31-12-2016,16,17592,16760,10672,3895,48919,1106,994,1423,3523,52442
31-12-2016,17,17725,16952,10530,4088,49295,1058,976,1382,3416,52711
31-12-2016,18,17114,16406,10308,3936,47764,996,931,1305,3232,50996
31-12-2016,19,16474,15594,10069,3544,45681,937,868,1190,2995,48676
31-12-2016,20,15772,14933,9796,3235,43736,886,811,1094,2791,46527
31-12-2016,21,15484,14426,10152,3070,43132,838,757,1018,2613,45745
31-12-2016,22,15237,14125,10204,2946,42512,805,710,965,2480,44992
31-12-2016,23,15018,13715,9822,2853,41408,775,675,920,2370,43778
01-01-2017,0,14912,14208,9565,2815,41500,753,660,874,2287,43787
01-01-2017,1,14786,13942,9258,2740,40726,724,619,825,2168,42894
01-01-2017,2,14638,13703,9067,2596,40004,699,595,786,2080,42084
01-01-2017,3,14442,13630,9068,2493,39633,684,582,755,2021,41654
01-01-2017,4,14392,13525,9091,2479,39487,681,585,752,2018,41505
01-01-2017,5,14530,13584,9226,2482,39822,687,596,770,2053,41875
01-01-2017,6,14826,13748,9263,2528,40365,704,612,790,2106,42471
01-01-2017,7,14964,14013,9500,2638,41115,728,616,797,2141,43256
01-01-2017,8,15253,14271,9542,2756,41822,729,615,831,2175,43997
01-01-2017,9,15702,14647,9613,2919,42881,771,648,903,2322,45203
01-01-2017,10,16202,15311,9806,3158,44477,809,682,975,2466,46943
01-01-2017,11,16449,15882,9950,3315,45596,828,711,1010,2549,48145
01-01-2017,12,16570,16207,9990,3374,46141,845,721,997,2563,48704
01-01-2017,13,16516,16455,10088,3362,46421,856,726,1016,2598,49019
01-01-2017,14,16688,16780,10355,3384,47207,887,743,1036,2666,49873
01-01-2017,15,17129,17273,10675,3471,48548,951,810,1114,2875,51423
01-01-2017,16,17480,17931,10853,3772,50036,966,843,1159,2968,53004
01-01-2017,17,17626,18027,10902,4103,50658,966,842,1163,2971,53629
01-01-2017,18,17643,17846,10890,4030,50409,956,833,1151,2940,53349
01-01-2017,19,17606,17572,10711,3821,49710,949,821,1102,2872,52582
01-01-2017,20,17443,17159,10360,3541,48503,922,791,1061,2774,51277
01-01-2017,21,17280,16645,10632,3315,47872,879,736,979,2594,50466
01-01-2017,22,16883,16124,10549,3084,46640,837,673,904,2414,49054
01-01-2017,23,16534,15745,10186,2822,45287,782,615,833,2230,47517
02-01-2017,0,16071,15654,9864,2646,44235,741,572,789,2102,46337
02-01-2017,1,15823,15616,9668,2539,43646,726,553,766,2045,45691
02-01-2017,2,15939,15663,9660,2527,43789,718,542,749,2009,45798
02-01-2017,3,15991,15761,9722,2539,44013,724,552,770,2046,46059
02-01-2017,4,16239,15923,10179,2656,44997,750,591,827,2168,47165
02-01-2017,5,16706,16692,10989,2931,47318,847,686,995,2528,49846
02-01-2017,6,17865,18522,11463,3553,51403,974,803,1168,2945,54348
02-01-2017,7,19437,20616,11821,4267,56141,1093,900,1315,3308,59449
02-01-2017,8,20131,21251,11816,4631,57829,1132,944,1371,3447,61276
02-01-2017,9,20292,21503,11762,4692,58249,1158,973,1438,3569,61818
02-01-2017,10,20570,21785,11780,4758,58893,1167,982,1420,3569,62462
02-01-2017,11,20408,21692,11815,4702,58617,1167,980,1427,3574,62191
02-01-2017,12,20267,21706,11802,4514,58289,1179,990,1434,3603,61892
02-01-2017,13,20131,21655,11809,4520,58115,1186,998,1422,3606,61721
02-01-2017,14,20288,21764,12040,4465,58557,1211,1018,1419,3648,62205
02-01-2017,15,20550,22321,12234,4474,59579,1252,1072,1447,3771,63350
02-01-2017,16,20908,22703,12176,4795,60582,1251,1064,1512,3827,64409
02-01-2017,17,20796,22622,12080,5233,60731,1224,1040,1478,3742,64473
02-01-2017,18,20439,22253,12030,5008,59730,1194,1005,1423,3622,63352
02-01-2017,19,20270,22022,11908,4686,58886,1149,959,1383,3491,62377
02-01-2017,20,19982,21442,11498,4358,57280,1101,902,1297,3300,60580
02-01-2017,21,19666,20784,11614,4077,56141,1028,824,1166,3018,59159
02-01-2017,22,19073,19915,11446,3723,54157,953,753,1044,2750,56907
02-01-2017,23,18237,18970,10998,3444,51649,889,682,948,2519,54168
03-01-2017,0,17589,18448,10676,3165,49878,860,637,896,2393,52271
03-01-2017,1,17055,17968,10480,2999,48502,839,632,864,2335,50837
03-01-2017,2,16871,17872,10408,2867,48018,834,631,852,2317,50335
03-01-2017,3,16864,17817,10472,2851,48004,843,636,856,2335,50339
03-01-2017,4,16979,17856,10866,2906,48607,880,672,912,2464,51071
03-01-2017,5,17287,18544,11684,3104,50619,975,777,1077,2829,53448
03-01-2017,6,18655,20144,12164,3651,54614,1097,902,1271,3270,57884
03-01-2017,7,20330,22006,12498,4324,59158,1208,1013,1425,3646,62804
03-01-2017,8,20922,22699,12423,4731,60775,1235,1054,1489,3778,64553
03-01-2017,9,20755,22556,12380,4843,60534,1254,1068,1506,3828,64362
03-01-2017,10,20622,22800,12355,4857,60634,1254,1064,1498,3816,64450
03-01-2017,11,20536,22754,12390,4726,60406,1237,1034,1476,3747,64153
03-01-2017,12,20177,22598,12300,4663,59738,1250,1049,1490,3789,63527
03-01-2017,13,20212,22377,12381,4622,59592,1249,1051,1483,3783,63375
03-01-2017,14,20247,22561,12425,4562,59795,1260,1059,1487,3806,63601
03-01-2017,15,20519,22813,12643,4456,60431,1309,1113,1540,3962,64393
03-01-2017,16,20670,22675,12675,4672,60692,1309,1117,1579,4005,64697
03-01-2017,17,20684,22651,12673,4953,60961,1277,1096,1543,3916,64877
03-01-2017,18,20317,21928,12713,4718,59676,1244,1051,1477,3772,63448
03-01-2017,19,19986,21330,12523,4439,58278,1214,1009,1410,3633,61911
03-01-2017,20,19763,20746,11939,4106,56554,1172,954,1315,3441,59995
03-01-2017,21,19368,19732,11966,3810,54876,1092,867,1165,3124,58000
03-01-2017,22,18606,18799,11790,3444,52639,1008,782,1034,2824,55463
03-01-2017,23,17872,17987,11303,3167,50329,940,708,947,2595,52924
04-01-2017,0,17298,17657,10992,3059,49006,908,671,903,2482,51488
04-01-2017,1,16818,17142,10819,2858,47637,888,652,885,2425,50062
04-01-2017,2,16530,16914,10813,2885,47142,889,644,875,2408,49550
04-01-2017,3,16618,17037,10949,2883,47487,897,655,883,2435,49922
04-01-2017,4,16745,17430,11357,2854,48386,930,716,935,2581,50967
04-01-2017,5,17459,18164,12238,3036,50897,1043,825,1121,2989,53886
04-01-2017,6,18960,19670,12652,3651,54933,1173,958,1311,3442,58375
04-01-2017,7,20633,21306,12991,4361,59291,1297,1070,1447,3814,63105
04-01-2017,8,21091,21988,13030,4633,60742,1327,1113,1491,3931,64673
04-01-2017,9,20910,22454,12964,4588,60916,1344,1131,1528,4003,64919
04-01-2017,10,20922,22784,13016,4642,61364,1346,1116,1531,3993,65357
04-01-2017,11,20997,23129,13102,4614,61842,1337,1080,1516,3933,65775
04-01-2017,12,20971,23305,13164,4489,61929,1357,1092,1535,3984,65913
04-01-2017,13,21090,23269,13236,4493,62088,1348,1095,1521,3964,66052
04-01-2017,14,21210,23444,13400,4482,62536,1362,1100,1525,3987,66523
04-01-2017,15,21319,24012,13709,4466,63506,1408,1160,1424,3992,67498
04-01-2017,16,21663,24263,13833,4686,64445,1411,1158,1601,4170,68615
04-01-2017,17,21794,24433,13789,5107,65123,1383,1137,1544,4064,69187
04-01-2017,18,21483,23960,13808,4917,64168,1353,1105,1489,3947,68115
04-01-2017,19,21375,23739,13674,4621,63409,1308,1072,1432,3812,67221
04-01-2017,20,21117,23151,13122,4343,61733,1265,1025,1341,3631,65364
04-01-2017,21,20674,22418,13231,4095,60418,1190,932,1207,3329,63747
04-01-2017,22,20183,21591,13002,3735,58511,1112,843,1072,3027,61538
04-01-2017,23,19337,21153,12505,3428,56423,1049,761,980,2790,59213
05-01-2017,0,18756,20252,12255,3311,54574,1018,733,939,2690,57264
05-01-2017,1,18500,20172,12071,3119,53862,1000,719,914,2633,56495
05-01-2017,2,18494,20221,12055,3054,53824,983,712,904,2599,56423
05-01-2017,3,18575,20349,12224,3058,54206,995,709,918,2622,56828
05-01-2017,4,18877,20665,12647,3173,55362,1027,750,973,2750,58112
05-01-2017,5,19348,21598,13450,3417,57813,1135,876,1155,3166,60979
05-01-2017,6,20745,23243,13814,4063,61865,1265,1034,1350,3649,65514
05-01-2017,7,22530,24659,14042,4876,66107,1379,1139,1470,3988,70095
05-01-2017,8,23159,25628,13946,5142,67875,1397,1180,1553,4130,72005
05-01-2017,9,23143,25705,13945,5141,67934,1419,1189,1556,4164,72098
05-01-2017,10,23119,26272,13962,5186,68539,1423,1176,1541,4140,72679
05-01-2017,11,22842,25874,13991,5132,67839,1413,1150,1532,4095,71934
05-01-2017,12,22546,25596,13885,5018,67045,1433,1172,1573,4178,71223
05-01-2017,13,22337,25097,13771,5013,66218,1425,1176,1574,4175,70393
05-01-2017,14,22434,25346,13928,4976,66684,1431,1181,1578,4190,70874
05-01-2017,15,22714,25840,14231,4966,67751,1474,1224,1642,4340,72091
05-01-2017,16,23096,26332,14273,5267,68968,1471,1236,1673,4380,73348
05-01-2017,17,23012,26618,14222,5714,69566,1451,1211,1662,4324,73890
05-01-2017,18,22785,26364,14197,5504,68850,1417,1175,1622,4214,73064
05-01-2017,19,22480,25961,13965,5169,67575,1378,1134,1582,4094,71669
05-01-2017,20,22139,25033,13572,4842,65586,1326,1073,1504,3903,69489
05-01-2017,21,21638,24085,13678,4540,63941,1249,984,1360,3593,67534
05-01-2017,22,21073,23082,13470,4214,61839,1164,894,1221,3279,65118
05-01-2017,23,20233,21956,13004,3874,59067,1104,815,1144,3063,62130
06-01-2017,0,19734,21785,12697,3645,57861,1061,780,1069,2910,60771
06-01-2017,1,19395,21433,12510,3534,56872,1047,762,1036,2845,59717
06-01-2017,2,19001,21092,12382,3477,55952,1038,757,1025,2820,58772
06-01-2017,3,18915,21025,12380,3480,55800,1045,763,1044,2852,58652
06-01-2017,4,18999,21120,12535,3545,56199,1079,811,1107,2997,59196
06-01-2017,5,19263,21565,12783,3773,57384,1178,932,1298,3408,60792
06-01-2017,6,20611,22359,12762,4399,60131,1306,1082,1497,3885,64016
06-01-2017,7,22325,23161,13096,5105,63687,1417,1184,1645,4246,67933
06-01-2017,8,22898,23559,13223,5338,65018,1443,1226,1689,4358,69376
06-01-2017,9,22703,23716,13369,5296,65084,1456,1226,1703,4385,69469
06-01-2017,10,22461,24040,13504,5305,65310,1436,1213,1698,4347,69657
06-01-2017,11,22266,24067,13475,5169,64977,1405,1179,1678,4262,69239
06-01-2017,12,22049,23922,13346,4897,64214,1422,1185,1676,4283,68497
06-01-2017,13,21884,23660,13267,4757,63568,1408,1174,1658,4240,67808
06-01-2017,14,21757,23599,13395,4642,63393,1411,1152,1636,4199,67592
06-01-2017,15,21709,24108,13820,4634,64271,1457,1198,1673,4328,68599
06-01-2017,16,21776,24488,13852,4948,65064,1467,1222,1754,4443,69507
06-01-2017,17,21588,24396,13860,5302,65146,1442,1198,1720,4360,69506
06-01-2017,18,21067,23855,13754,5136,63812,1406,1159,1635,4200,68012
06-01-2017,19,20798,23195,13460,4733,62186,1363,1125,1607,4095,66281
06-01-2017,20,19966,22305,13051,4387,59709,1314,1060,1521,3895,63604
06-01-2017,21,19392,21476,13108,4092,58068,1240,980,1407,3627,61695
06-01-2017,22,18603,20533,12829,3768,55733,1169,901,1297,3367,59100
06-01-2017,23,17870,19803,12316,3443,53432,1096,822,1194,3112,56544
07-01-2017,0,17293,19410,11926,3238,51867,1066,782,1145,2993,54860
07-01-2017,1,16801,19004,11631,3081,50517,1040,764,1116,2920,53437
07-01-2017,2,16564,18830,11418,3001,49813,1021,755,1098,2874,52687
07-01-2017,3,16427,18720,11333,2979,49459,1020,759,1096,2875,52334
07-01-2017,4,16294,18787,11358,3018,49457,1042,778,1113,2933,52390
07-01-2017,5,16382,18750,11567,3082,49781,1073,828,1175,3076,52857
07-01-2017,6,16694,19232,11537,3264,50727,1126,886,1259,3271,53998
07-01-2017,7,17205,19814,11816,3571,52406,1180,944,1331,3455,55861
07-01-2017,8,18110,20615,11848,3912,54485,1224,1005,1417,3646,58131
07-01-2017,9,18744,21200,11822,4140,55906,1278,1058,1516,3852,59758
07-01-2017,10,19257,21368,11879,4224,56728,1278,1077,1547,3902,60630
07-01-2017,11,19368,21525,11765,4207,56865,1274,1062,1541,3877,60742
07-01-2017,12,19295,21558,11760,4155,56768,1270,1052,1518,3840,60608
07-01-2017,13,19099,21098,11697,4074,55968,1271,1044,1484,3799,59767
07-01-2017,14,18906,20893,11833,4048,55680,1276,1042,1467,3785,59465
07-01-2017,15,19024,21433,12193,4115,56765,1334,1084,1515,3933,60698
07-01-2017,16,19606,22292,12348,4380,58626,1355,1119,1598,4072,62698
07-01-2017,17,19801,22146,12392,4739,59078,1339,1111,1570,4020,63098
07-01-2017,18,19751,21677,12301,4630,58359,1306,1084,1533,3923,62282
07-01-2017,19,19491,21264,11953,4260,56968,1262,1058,1483,3803,60771
07-01-2017,20,19022,20947,11432,3984,55385,1213,1008,1427,3648,59033
07-01-2017,21,18613,20392,11642,3764,54411,1140,931,1321,3392,57803
07-01-2017,22,18190,19702,11479,3539,52910,1075,859,1209,3143,56053
07-01-2017,23,17768,19102,10992,3338,51200,1007,789,1121,2917,54117
08-01-2017,0,17305,18601,10580,3151,49637,967,745,1069,2781,52418
08-01-2017,1,17168,18408,10325,2996,48897,939,724,1013,2676,51573
08-01-2017,2,16928,18159,10160,2932,48179,926,713,1022,2661,50840
08-01-2017,3,16795,17799,10176,2931,47701,924,720,1020,2664,50365
08-01-2017,4,16671,17876,10218,2946,47711,937,742,1045,2724,50435
08-01-2017,5,16793,18173,10340,3006,48312,967,769,1100,2836,51148
08-01-2017,6,16983,18271,10316,3156,48726,1004,811,1141,2956,51682
08-01-2017,7,17312,18742,10568,3398,50020,1049,856,1226,3131,53151
08-01-2017,8,17782,19368,10618,3698,51466,1090,908,1287,3285,54751
08-01-2017,9,18355,20094,10637,3927,53013,1144,960,1405,3509,56522
08-01-2017,10,18839,20835,10714,4080,54468,1157,972,1417,3546,58014
08-01-2017,11,18903,20864,10815,4113,54695,1170,970,1431,3571,58266
08-01-2017,12,18837,20747,10812,4100,54496,1159,966,1423,3548,58044
08-01-2017,13,18779,20580,10820,4041,54220,1149,963,1412,3524,57744
08-01-2017,14,18842,20721,10948,4017,54528,1152,963,1412,3527,58055
08-01-2017,15,19055,21277,11275,4044,55651,1232,1022,1473,3727,59378
08-01-2017,16,19296,21895,11362,4356,56909,1264,1072,1565,3901,60810
08-01-2017,17,19280,21787,11347,4798,57212,1253,1066,1558,3877,61089
08-01-2017,18,19127,21498,11288,4696,56609,1228,1050,1535,3813,60422
08-01-2017,19,18991,20975,11032,4369,55367,1192,1023,1475,3690,59057
08-01-2017,20,18691,20343,10654,4053,53741,1144,973,1385,3502,57243
08-01-2017,21,18417,19511,10853,3772,52553,1060,885,1260,3205,55758
08-01-2017,22,17767,18735,10733,3468,50703,980,805,1143,2928,53631
08-01-2017,23,17140,17815,10294,3184,48433,919,742,1047,2708,51141
09-01-2017,0,16674,17576,9926,3013,47189,888,701,997,2586,49775
09-01-2017,1,16396,17156,9688,2929,46169,874,684,973,2531,48700
09-01-2017,2,16187,17055,9604,2873,45719,871,683,934,2488,48207
09-01-2017,3,16193,16962,9747,2893,45795,874,691,945,2510,48305
09-01-2017,4,16354,17006,10148,3001,46509,920,747,1055,2722,49231
09-01-2017,5,16938,17904,11140,3248,49230,1039,857,1252,3148,52378
09-01-2017,6,18286,19413,11650,3940,53289,1197,1028,1522,3747,57036
09-01-2017,7,19804,21311,11951,4665,57731,1317,1142,1657,4116,61847
09-01-2017,8,20253,21560,11769,4940,58522,1338,1186,1698,4222,62744
09-01-2017,9,19992,21306,11659,4916,57873,1338,1189,1691,4218,62091
09-01-2017,10,19930,21676,11588,4986,58180,1334,1170,1687,4191,62371
09-01-2017,11,19693,21739,11561,4926,57919,1307,1139,1647,4093,62012
09-01-2017,12,19650,21562,11492,4817,57521,1326,1158,1649,4133,61654
09-01-2017,13,19758,21492,11463,4826,57539,1318,1156,1633,4107,61646
09-01-2017,14,19685,21600,11574,4720,57579,1329,1155,1621,4105,61684
09-01-2017,15,19758,22200,11780,4615,58353,1354,1194,1652,4200,62553
09-01-2017,16,19801,22551,11808,4825,58985,1340,1206,1691,4237,63222
09-01-2017,17,19396,22403,11674,5183,58656,1305,1184,1647,4136,62792
09-01-2017,18,19092,21911,11664,4935,57602,1267,1133,1591,3991,61593
09-01-2017,19,18806,21221,11520,4543,56090,1220,1088,1563,3871,59961
09-01-2017,20,18507,20092,11050,4215,53864,1162,1018,1471,3651,57515
09-01-2017,21,18163,19342,11159,3920,52584,1074,924,1276,3274,55858
09-01-2017,22,17355,18284,10911,3567,50117,987,833,1182,3002,53119
09-01-2017,23,16682,17349,10320,3283,47634,919,757,1084,2760,50394
10-01-2017,0,16126,16984,9948,3113,46171,886,706,1039,2631,48802
10-01-2017,1,15687,16611,9760,3044,45102,871,692,1021,2584,47686
10-01-2017,2,15599,16600,9634,2946,44779,864,687,1016,2567,47346
10-01-2017,3,15624,16630,9633,3025,44912,869,694,1027,2590,47502
10-01-2017,4,15886,16890,10046,3155,45977,911,745,1099,2755,48732
10-01-2017,5,16304,17868,10962,3361,48495,1029,865,1328,3222,51717
10-01-2017,6,17839,19806,11418,4006,53069,1187,1029,1570,3786,56855
10-01-2017,7,19365,21487,11609,4645,57106,1308,1144,1701,4153,61259
10-01-2017,8,19852,22104,11447,4893,58296,1327,1186,1731,4244,62540
10-01-2017,9,19699,22019,11347,4885,57950,1327,1189,1718,4234,62184
10-01-2017,10,19416,22273,11364,4916,57969,1309,1164,1703,4176,62145
10-01-2017,11,19329,22310,11346,4895,57880,1282,1125,1670,4077,61957
10-01-2017,12,19464,22066,11253,4791,57574,1300,1144,1676,4120,61694
10-01-2017,13,19514,22051,11213,4845,57623,1295,1140,1661,4096,61719
10-01-2017,14,19493,22091,11386,4819,57789,1319,1140,1637,4096,61885
10-01-2017,15,19549,22576,11689,4743,58557,1345,1186,1678,4209,62766
10-01-2017,16,19790,22616,11615,4905,58926,1334,1207,1726,4267,63193
10-01-2017,17,19728,22694,11558,5197,59177,1312,1186,1694,4192,63369
10-01-2017,18,19380,22234,11592,4948,58154,1271,1143,1639,4053,62207
10-01-2017,19,19111,21583,11412,4591,56697,1227,1101,1581,3909,60606
10-01-2017,20,18740,20992,10879,4244,54855,1170,1037,1478,3685,58540
10-01-2017,21,18322,20026,10964,3934,53246,1088,941,1310,3339,56585
10-01-2017,22,17538,18595,10728,3572,50433,1010,857,1140,3007,53440
10-01-2017,23,16605,17676,10173,3251,47705,936,774,1080,2790,50495
11-01-2017,0,15897,17166,9903,3105,46071,912,729,1027,2668,48739
11-01-2017,1,15513,16888,9642,2926,44969,891,711,1001,2603,47572
11-01-2017,2,15355,16781,9562,2832,44530,890,706,961,2557,47087
11-01-2017,3,15513,16846,9675,2883,44917,900,716,973,2589,47506
11-01-2017,4,15591,16992,10058,2982,45623,937,765,1071,2773,48396
11-01-2017,5,15913,17866,10964,3167,47910,1072,887,1302,3261,51171
11-01-2017,6,17199,19554,11391,3807,51951,1231,1054,1517,3802,55753
11-01-2017,7,18910,21377,11743,4457,56487,1356,1170,1658,4184,60671
11-01-2017,8,19187,21576,11661,4726,57150,1368,1200,1705,4273,61423
11-01-2017,9,19370,21831,11532,4801,57534,1369,1191,1708,4268,61802
11-01-2017,10,19457,22232,11581,4929,58199,1358,1174,1668,4200,62399
11-01-2017,11,19167,22245,11601,4918,57931,1337,1138,1622,4097,62028
11-01-2017,12,19127,22393,11560,4835,57915,1373,1143,1620,4136,62051
11-01-2017,13,19282,22359,11600,4754,57995,1339,1141,1603,4083,62078
11-01-2017,14,19204,22440,11775,4609,58028,1338,1135,1576,4049,62077
11-01-2017,15,19321,22624,11828,4468,58241,1368,1175,1592,4135,62376
11-01-2017,16,19577,22743,11934,4652,58906,1386,1205,1673,4264,63170
11-01-2017,17,19530,22817,11908,5036,59291,1365,1185,1652,4202,63493
11-01-2017,18,19276,22301,11948,4804,58329,1338,1136,1592,4066,62395
11-01-2017,19,19064,21544,11778,4491,56877,1292,1103,1518,3913,60790
11-01-2017,20,18593,20787,11108,4146,54634,1233,1033,1401,3667,58301
11-01-2017,21,18391,19913,11255,3940,53499,1143,940,1239,3322,56821
11-01-2017,22,17749,18804,10971,3609,51133,1064,849,1066,2979,54112
11-01-2017,23,16818,17964,10508,3307,48597,988,772,1022,2782,51379
12-01-2017,0,16393,17619,10157,3099,47268,954,729,980,2663,49931
12-01-2017,1,16085,17192,9939,3063,46279,936,711,951,2598,48877
12-01-2017,2,15962,17074,9851,2979,45866,932,705,954,2591,48457
12-01-2017,3,15945,17150,9850,3008,45953,940,715,969,2624,48577
12-01-2017,4,16104,17257,10241,3054,46656,979,754,1042,2775,49431
12-01-2017,5,16571,17929,11224,3283,49007,1110,874,1231,3215,52222
12-01-2017,6,18003,19796,11769,3793,53361,1268,1037,1510,3815,57176
12-01-2017,7,19630,21487,12036,4556,57709,1371,1141,1644,4156,61865
12-01-2017,8,20112,21728,11935,4798,58573,1392,1187,1680,4259,62832
12-01-2017,9,19909,21687,11806,4726,58128,1392,1187,1692,4271,62399
12-01-2017,10,19880,21806,11829,4735,58250,1389,1194,1693,4276,62526
12-01-2017,11,19750,21780,11785,4624,57939,1368,1157,1667,4192,62131
12-01-2017,12,19507,21682,11749,4548,57486,1380,1162,1667,4209,61695
12-01-2017,13,19427,21621,11775,4526,57349,1371,1152,1653,4176,61525
12-01-2017,14,19557,21598,11892,4480,57527,1372,1158,1586,4116,61643
12-01-2017,15,19710,21831,12097,4433,58071,1393,1179,1658,4230,62301
12-01-2017,16,20270,22447,12148,4667,59532,1389,1180,1647,4216,63748
12-01-2017,17,20284,22520,12090,5107,60001,1356,1157,1651,4164,64165
12-01-2017,18,19987,22224,12072,4948,59231,1318,1111,1593,4022,63253
12-01-2017,19,19792,21738,11848,4597,57975,1282,1080,1514,3876,61851
12-01-2017,20,19512,21172,11357,4315,56356,1225,1017,1410,3652,60008
12-01-2017,21,18900,20441,11407,4054,54802,1124,912,1243,3279,58081
12-01-2017,22,18381,19356,11119,3707,52563,1037,816,1060,2913,55476
12-01-2017,23,17550,18467,10567,3387,49971,977,749,1002,2728,52699
13-01-2017,0,16880,17597,10136,3179,47792,945,709,946,2600,50392
13-01-2017,1,16498,17475,9993,3095,47061,920,693,930,2543,49604
13-01-2017,2,16361,17360,9919,3078,46718,917,684,908,2509,49227
13-01-2017,3,16389,17186,9939,3114,46628,917,693,922,2532,49160
13-01-2017,4,16603,17537,10334,3228,47702,947,740,972,2659,50361
13-01-2017,5,17281,18398,11308,3450,50437,1063,857,1246,3166,53603
13-01-2017,6,18856,20399,11781,4099,55135,1218,1006,1463,3687,58822
13-01-2017,7,20598,22489,11999,4805,59891,1318,1116,1570,4004,63895
13-01-2017,8,21277,22840,11786,5044,60947,1331,1148,1617,4096,65043
13-01-2017,9,21180,22681,11673,4982,60516,1325,1146,1608,4079,64595
13-01-2017,10,20910,22819,11684,5011,60424,1318,1126,1607,4051,64475
13-01-2017,11,20803,22652,11675,4889,60019,1291,1093,1569,3953,63972
13-01-2017,12,20376,22052,11628,4698,58754,1303,1109,1581,3993,62747
13-01-2017,13,19888,21432,11615,4594,57529,1288,1104,1558,3950,61479
13-01-2017,14,19855,21126,11699,4401,57081,1286,1098,1499,3883,60964
13-01-2017,15,19925,21648,11924,4380,57877,1312,1129,1575,4016,61893
13-01-2017,16,20228,22549,11959,4648,59384,1318,1139,1612,4069,63453
13-01-2017,17,20186,22511,11830,5086,59613,1285,1118,1553,3956,63569
13-01-2017,18,20136,22194,11754,4944,59028,1249,1087,1526,3862,62890
13-01-2017,19,19938,21385,11535,4595,57453,1216,1055,1424,3695,61148
13-01-2017,20,19371,20363,11024,4240,54998,1155,999,1377,3531,58529
13-01-2017,21,19042,19474,11097,3975,53588,1075,918,1236,3229,56817
13-01-2017,22,18421,18571,10845,3684,51521,1001,846,1118,2965,54486
13-01-2017,23,17895,17878,10273,3418,49464,938,769,1025,2732,52196
14-01-2017,0,17340,17208,9851,3196,47595,908,726,976,2610,50205
14-01-2017,1,17052,16816,9614,3027,46509,882,701,951,2534,49043
14-01-2017,2,16852,16689,9530,2939,46010,874,683,937,2494,48504
14-01-2017,3,16749,16501,9512,2895,45657,872,674,939,2485,48142
14-01-2017,4,16761,16622,9583,2941,45907,887,694,960,2541,48448
14-01-2017,5,16899,17005,9845,2988,46737,921,731,1017,2669,49406
14-01-2017,6,17436,17606,10017,3146,48205,967,798,1094,2859,51064
14-01-2017,7,17848,18362,10426,3469,50105,1023,858,1208,3089,53194
14-01-2017,8,18443,19478,10489,3785,52195,1070,910,1321,3301,55496
14-01-2017,9,19227,19936,10532,3998,53693,1114,947,1382,3443,57136
14-01-2017,10,19718,20212,10610,4060,54600,1123,951,1404,3478,58078
14-01-2017,11,19644,20430,10606,4014,54694,1113,945,1402,3460,58154
14-01-2017,12,19341,20326,10620,3940,54227,1109,934,1392,3435,57662
14-01-2017,13,19294,20211,10613,3860,53978,1095,926,1371,3392,57370
14-01-2017,14,19258,20026,10783,3834,53901,1103,933,1346,3382,57283
14-01-2017,15,19389,20478,11229,3852,54948,1163,980,1406,3549,58497
14-01-2017,16,19874,21496,11530,4162,57062,1191,1026,1488,3705,60767
14-01-2017,17,20129,21777,11604,4595,58105,1177,1012,1467,3656,61761
14-01-2017,18,20067,21443,11496,4471,57477,1146,987,1426,3559,61036
14-01-2017,19,19767,20627,11193,4134,55721,1109,958,1371,3438,59159
14-01-2017,20,19279,20133,10687,3932,54031,1065,917,1255,3237,57268
14-01-2017,21,18793,19554,10882,3655,52884,1001,845,1162,3008,55892
14-01-2017,22,18446,18728,10767,3427,51368,945,776,1062,2783,54151
14-01-2017,23,17979,18263,10275,3235,49752,894,719,986,2599,52351
15-01-2017,0,17634,17437,9937,3061,48069,862,678,937,2477,50546
15-01-2017,1,17443,17264,9670,2915,47292,839,656,907,2402,49694
15-01-2017,2,17276,17177,9535,2857,46845,830,643,900,2373,49218
15-01-2017,3,17235,17222,9553,2834,46844,827,642,903,2372,49216
15-01-2017,4,17467,17384,9666,2836,47353,839,665,922,2426,49779
15-01-2017,5,17576,17710,9828,2889,48003,871,699,944,2514,50517
15-01-2017,6,17854,18180,9927,3083,49044,910,752,1051,2713,51757
15-01-2017,7,18252,18855,10251,3380,50738,967,799,1117,2883,53621
15-01-2017,8,18751,19552,10318,3675,52296,1010,850,1207,3067,55363
15-01-2017,9,19348,20186,10509,3886,53929,1065,888,1229,3182,57111
15-01-2017,10,19839,20696,10670,3965,55170,1066,898,1307,3271,58441
15-01-2017,11,19790,20837,10742,3954,55323,1077,891,1313,3281,58604
15-01-2017,12,19473,20715,10693,3875,54756,1073,886,1312,3271,58027
15-01-2017,13,19324,20578,10662,3778,54342,1071,880,1301,3252,57594
15-01-2017,14,19428,20505,10736,3760,54429,1085,888,1294,3267,57696
15-01-2017,15,19701,20913,11222,3829,55665,1149,944,1355,3448,59113
15-01-2017,16,20300,21857,11488,4180,57825,1195,1009,1467,3671,61496
15-01-2017,17,20496,22375,11529,4791,59191,1191,1013,1457,3661,62852
15-01-2017,18,20396,22099,11509,4726,58730,1175,994,1433,3602,62332
15-01-2017,19,20250,21772,11318,4423,57763,1145,975,1392,3512,61275
15-01-2017,20,20169,21348,11011,4137,56665,1100,927,1321,3348,60013
15-01-2017,21,20039,20709,11227,3909,55884,1016,842,1193,3051,58935
15-01-2017,22,19582,19875,11116,3625,54198,957,770,1063,2790,56988
15-01-2017,23,18948,19043,10797,3381,52169,900,706,985,2591,54760
16-01-2017,0,18288,18596,10480,3239,50603,869,673,931,2473,53076
16-01-2017,1,17996,18469,10283,3144,49892,860,653,914,2427,52319
16-01-2017,2,17898,18354,10136,3113,49501,856,650,880,2386,51887
16-01-2017,3,17997,18646,10237,3147,50027,866,665,903,2434,52461
16-01-2017,4,18224,19006,10678,3228,51136,912,717,1004,2633,53769
16-01-2017,5,18764,20181,11627,3497,54069,1047,844,1249,3140,57209
16-01-2017,6,20409,23012,12181,4187,59789,1214,1006,1454,3674,63463
16-01-2017,7,22126,24344,12509,4967,63946,1322,1110,1591,4023,67969
16-01-2017,8,22666,24257,12417,5191,64531,1333,1157,1641,4131,68662
16-01-2017,9,22442,24270,12301,5156,64169,1340,1159,1658,4157,68326
16-01-2017,10,22112,24265,12211,5115,63703,1332,1144,1646,4122,67825
16-01-2017,11,21914,23920,12261,5010,63105,1299,1107,1624,4030,67135
16-01-2017,12,21785,23696,12181,4841,62503,1308,1119,1635,4062,66565
16-01-2017,13,21494,23301,12138,4823,61756,1300,1112,1610,4022,65778
16-01-2017,14,21415,23245,12142,4754,61556,1310,1114,1611,4035,65591
16-01-2017,15,21612,23709,12279,4683,62283,1325,1141,1612,4078,66361
16-01-2017,16,21926,23951,12293,4915,63085,1334,1158,1612,4104,67189
16-01-2017,17,21993,24123,12164,5468,63748,1305,1145,1615,4065,67813
16-01-2017,18,21803,23687,12154,5270,62914,1267,1090,1556,3913,66827
16-01-2017,19,21588,23266,12069,4935,61858,1220,1054,1543,3817,65675
16-01-2017,20,21404,22691,11642,4643,60380,1177,991,1441,3609,63989
16-01-2017,21,21100,21981,11698,4364,59143,1084,898,1285,3267,62410
16-01-2017,22,20289,20636,11432,4042,56399,989,803,1156,2948,59347
16-01-2017,23,19320,19739,10982,3710,53751,928,726,1081,2735,56486
17-01-2017,0,18466,19012,10666,3476,51620,903,697,1020,2620,54240
17-01-2017,1,18090,18759,10407,3347,50603,890,686,1001,2577,53180
17-01-2017,2,17878,18697,10333,3296,50204,875,681,991,2547,52751
17-01-2017,3,17761,18704,10410,3313,50188,880,697,1017,2594,52782
17-01-2017,4,17949,18838,10769,3382,50938,916,742,1037,2695,53633
17-01-2017,5,18395,19860,11772,3652,53679,1040,863,1278,3181,56860
17-01-2017,6,19634,22139,12230,4301,58304,1202,1037,1522,3761,62065
17-01-2017,7,21325,23845,12434,5038,62642,1298,1134,1615,4047,66689
17-01-2017,8,21742,24055,12212,5257,63266,1317,1170,1681,4168,67434
17-01-2017,9,21462,23723,12068,5233,62486,1320,1170,1660,4150,66636
17-01-2017,10,21199,23544,12017,5256,62016,1311,1154,1663,4128,66144
17-01-2017,11,21064,23563,12066,5180,61873,1290,1106,1617,4013,65886
17-01-2017,12,20877,23124,12035,5096,61132,1310,1117,1620,4047,65179
17-01-2017,13,20885,23154,11973,5076,61088,1293,1118,1605,4016,65104
17-01-2017,14,20967,23092,11945,5004,61008,1296,1119,1594,4009,65017
17-01-2017,15,20957,23179,12156,4888,61180,1308,1148,1610,4066,65246
17-01-2017,16,21171,23668,12275,5040,62154,1324,1173,1643,4140,66294
17-01-2017,17,21057,23758,12238,5463,62516,1300,1155,1591,4046,66562
17-01-2017,18,20742,23065,12194,5190,61191,1261,1110,1597,3968,65159
17-01-2017,19,20281,22568,11957,4827,59633,1226,1078,1539,3843,63476
17-01-2017,20,19904,21966,11389,4486,57745,1166,1017,1452,3635,61380
17-01-2017,21,19459,20813,11478,4174,55924,1075,916,1290,3281,59205
17-01-2017,22,18718,19668,11080,3793,53259,991,824,1118,2933,56192
17-01-2017,23,17785,18665,10591,3418,50459,934,751,1066,2751,53210
18-01-2017,0,17243,17876,10143,3198,48460,905,712,1011,2628,51088
18-01-2017,1,16740,17642,9931,3057,47370,881,691,989,2561,49931
18-01-2017,2,16584,17663,9853,2991,47091,882,684,949,2515,49606
18-01-2017,3,16551,17789,9900,3018,47258,887,690,965,2542,49800
18-01-2017,4,16773,17967,10314,3086,48140,930,746,1070,2746,50886
18-01-2017,5,17230,18834,11245,3346,50655,1052,868,1237,3157,53812
18-01-2017,6,18614,20658,11706,4026,55004,1198,1033,1509,3740,58744
18-01-2017,7,20223,21978,11907,4794,58902,1315,1130,1549,3994,62896
18-01-2017,8,20732,22342,11751,5012,59837,1329,1168,1654,4151,63988
18-01-2017,9,20401,22412,11687,4971,59471,1324,1158,1589,4071,63542
18-01-2017,10,20154,22388,11587,5016,59145,1318,1139,1623,4080,63225
18-01-2017,11,19882,22317,11512,4973,58684,1289,1107,1572,3968,62652
18-01-2017,12,19714,22220,11403,4878,58215,1312,1139,1598,4049,62264
18-01-2017,13,19700,22134,11408,4864,58106,1288,1127,1586,4001,62107
18-01-2017,14,19684,22036,11529,4775,58024,1295,1122,1570,3987,62011
18-01-2017,15,19742,22151,11766,4701,58360,1317,1142,1576,4035,62395
18-01-2017,16,19964,22501,11780,4877,59122,1331,1166,1657,4154,63276
18-01-2017,17,19907,22656,11746,5275,59584,1300,1145,1644,4089,63673
18-01-2017,18,19576,22017,11787,4981,58361,1261,1100,1591,3952,62313
18-01-2017,19,19341,21393,11547,4646,56927,1215,1060,1533,3808,60735
18-01-2017,20,18924,20662,10945,4364,54895,1161,994,1414,3569,58464
18-01-2017,21,18635,19620,10954,4029,53238,1071,899,1263,3233,56471
18-01-2017,22,17828,18384,10726,3662,50600,983,806,1113,2902,53502
18-01-2017,23,17072,17079,10214,3333,47698,911,740,1047,2698,50396
19-01-2017,0,16464,16454,9768,3129,45815,870,697,1008,2575,48390
19-01-2017,1,16236,16225,9589,3057,45107,855,683,974,2512,47619
19-01-2017,2,16052,16186,9497,3001,44736,848,672,965,2485,47221
19-01-2017,3,15968,16143,9548,3016,44675,850,679,982,2511,47186
19-01-2017,4,16048,16141,9953,3060,45202,892,725,1055,2672,47874
19-01-2017,5,16470,17120,10760,3316,47666,1020,848,1276,3144,50810
19-01-2017,6,17931,18954,11350,3983,52218,1177,1000,1500,3677,55895
19-01-2017,7,19707,20678,11604,4702,56691,1283,1114,1628,4025,60716
19-01-2017,8,19834,21280,11404,4892,57410,1297,1156,1663,4116,61526
19-01-2017,9,19711,21275,11375,4684,57045,1295,1153,1659,4107,61152
19-01-2017,10,19585,21320,11369,4780,57054,1284,1129,1652,4065,61119
19-01-2017,11,19433,21396,11298,4884,57011,1263,1091,1623,3977,60988
19-01-2017,12,19356,21160,11194,4745,56455,1279,1111,1630,4020,60475
19-01-2017,13,19265,21029,11215,4720,56229,1270,1102,1620,3992,60221
19-01-2017,14,19215,21002,11202,4598,56017,1270,1103,1609,3982,59999
19-01-2017,15,19270,21261,11507,4509,56547,1289,1128,1605,4022,60569
19-01-2017,16,19627,21610,11701,4641,57579,1304,1152,1653,4109,61688
19-01-2017,17,19720,22085,11622,5176,58603,1276,1127,1633,4036,62639
19-01-2017,18,19433,21551,11643,4979,57606,1233,1086,1576,3895,61501
19-01-2017,19,19076,21155,11464,4629,56324,1189,1045,1521,3755,60079
19-01-2017,20,18644,20436,10890,4344,54314,1133,983,1416,3532,57846
19-01-2017,21,18284,19701,10978,4036,52999,1046,892,1269,3207,56206
19-01-2017,22,17632,18471,10765,3669,50537,962,808,1092,2862,53399
19-01-2017,23,16770,17469,10354,3318,47911,893,734,1058,2685,50596
20-01-2017,0,16220,16957,9955,3065,46197,857,693,1004,2554,48751
20-01-2017,1,15820,16467,9769,2955,45011,837,674,982,2493,47504
20-01-2017,2,15588,16463,9717,2860,44628,833,667,943,2443,47071
20-01-2017,3,15613,16290,9892,2871,44666,844,676,988,2508,47174
20-01-2017,4,15741,16301,10367,2949,45358,888,722,1053,2663,48021
20-01-2017,5,16071,17305,11355,3193,47924,1016,837,1268,3121,51045
20-01-2017,6,17315,19198,11792,3873,52178,1179,986,1486,3651,55829
20-01-2017,7,19040,20790,12050,4608,56488,1277,1086,1603,3966,60454
20-01-2017,8,19447,21007,11907,4811,57172,1295,1129,1639,4063,61235
20-01-2017,9,19291,20967,11906,4792,56956,1289,1128,1618,4035,60991
20-01-2017,10,19147,20751,11890,4737,56525,1277,1116,1609,4002,60527
20-01-2017,11,18884,20375,11795,4635,55689,1266,1079,1586,3931,59620
20-01-2017,12,18585,19854,11687,4445,54571,1287,1094,1587,3968,58539
20-01-2017,13,18562,19796,11622,4309,54289,1269,1081,1558,3908,58197
20-01-2017,14,18495,19427,11597,4130,53649,1269,1069,1529,3867,57516
20-01-2017,15,18480,19327,11825,4092,53724,1280,1088,1521,3889,57613
20-01-2017,16,18854,20121,12070,4308,55353,1295,1118,1593,4006,59359
20-01-2017,17,18963,20643,11959,4787,56352,1256,1095,1558,3909,60261
20-01-2017,18,18735,20030,11838,4646,55249,1213,1047,1509,3769,59018
20-01-2017,19,18447,19562,11622,4248,53879,1162,1022,1446,3630,57509
20-01-2017,20,17964,18887,11117,3895,51863,1105,961,1357,3423,55286
20-01-2017,21,17422,18194,11204,3674,50494,1029,878,1257,3164,53658
20-01-2017,22,16930,17732,10921,3439,49022,954,802,1142,2898,51920
20-01-2017,23,16285,17016,10418,3180,46899,894,729,1037,2660,49559
21-01-2017,0,15732,16436,10086,2988,45242,863,689,975,2527,47769
21-01-2017,1,15293,15965,9850,2874,43982,843,672,952,2467,46449
21-01-2017,2,15140,15568,9727,2827,43262,836,656,937,2429,45691
21-01-2017,3,15132,15723,9744,2809,43408,834,656,941,2431,45839
21-01-2017,4,15366,16032,9865,2811,44074,852,674,966,2492,46566
21-01-2017,5,15588,16363,10110,2897,44958,888,719,1042,2649,47607
21-01-2017,6,15964,16910,10239,3091,46204,941,777,1116,2834,49038
21-01-2017,7,16375,17772,10686,3409,48242,988,833,1213,3034,51276
21-01-2017,8,17132,18411,10768,3720,50031,1047,890,1311,3248,53279
21-01-2017,9,17872,19026,10860,3957,51715,1077,930,1364,3371,55086
21-01-2017,10,18334,19446,10879,4108,52767,1083,932,1340,3355,56122
21-01-2017,11,18211,19236,10810,4114,52371,1071,925,1378,3374,55745
21-01-2017,12,18000,19161,10708,4033,51902,1063,914,1358,3335,55237
21-01-2017,13,17707,18730,10745,3946,51128,1051,909,1309,3269,54397
21-01-2017,14,17592,18429,10889,3885,50795,1047,903,1272,3222,54017
21-01-2017,15,17798,18813,11388,3917,51916,1097,930,1286,3313,55229
21-01-2017,16,18191,19751,11878,4156,53976,1172,1008,1399,3579,57555
21-01-2017,17,18673,20280,11983,4634,55570,1160,1001,1439,3600,59170
21-01-2017,18,18726,20047,11915,4517,55205,1136,970,1363,3469,58674
21-01-2017,19,18444,19681,11526,4149,53800,1103,941,1342,3386,57186
21-01-2017,20,18046,19009,10997,3873,51925,1059,897,1238,3194,55119
21-01-2017,21,17600,18543,11244,3648,51035,995,830,1178,3003,54038
21-01-2017,22,17144,17929,11094,3416,49583,937,773,1084,2794,52377
21-01-2017,23,16722,17082,10559,3190,47553,877,708,973,2558,50111
22-01-2017,0,16373,16658,10210,3011,46252,840,677,934,2451,48703
22-01-2017,1,16079,16522,9921,2868,45390,829,654,910,2393,47783
22-01-2017,2,15860,16453,9751,2785,44849,819,646,899,2364,47213
22-01-2017,3,15820,16431,9731,2754,44736,811,639,892,2342,47078
22-01-2017,4,15849,16450,9754,2759,44812,819,664,885,2368,47180
22-01-2017,5,15894,16426,9927,2829,45076,850,697,974,2521,47597
22-01-2017,6,16120,16927,9951,2991,45989,888,746,1040,2674,48663
22-01-2017,7,16402,17571,10144,3255,47372,934,784,1085,2803,50175
22-01-2017,8,16931,18069,10168,3566,48734,987,840,1156,2983,51717
22-01-2017,9,17355,18817,10286,3807,50265,1029,885,1237,3151,53416
22-01-2017,10,17919,19483,10430,3956,51788,1035,895,1264,3194,54982
22-01-2017,11,18101,19988,10411,4019,52519,1031,894,1299,3224,55743
22-01-2017,12,18035,19824,10329,4005,52193,1025,891,1269,3185,55378
22-01-2017,13,18104,19586,10281,3978,51949,1024,890,1260,3174,55123
22-01-2017,14,18099,19565,10372,3975,52011,1039,894,1257,3190,55201
22-01-2017,15,18243,19679,10801,4023,52746,1096,927,1293,3316,56062
22-01-2017,16,18593,20281,11076,4216,54166,1161,991,1442,3594,57760
22-01-2017,17,18666,20683,11162,4668,55179,1151,991,1409,3551,58730
22-01-2017,18,18624,20624,11092,4600,54940,1139,976,1401,3516,58456
22-01-2017,19,18498,20350,10886,4278,54012,1101,956,1339,3396,57408
22-01-2017,20,18223,19694,10479,3978,52374,1052,904,1291,3247,55621
22-01-2017,21,17975,18811,10670,3728,51184,977,822,1184,2983,54167
22-01-2017,22,17594,17924,10581,3430,49529,912,744,1033,2689,52218
22-01-2017,23,16953,17400,10137,3184,47674,856,683,939,2478,50152
23-01-2017,0,16342,16444,9833,3024,45643,826,644,883,2353,47996
23-01-2017,1,16082,16148,9597,2924,44751,808,631,900,2339,47090
23-01-2017,2,15941,16097,9593,2904,44535,807,630,863,2300,46835
23-01-2017,3,16015,16318,9674,2919,44926,813,639,865,2317,47243
23-01-2017,4,16248,16400,10060,2993,45701,861,686,959,2506,48207
23-01-2017,5,16869,17583,10992,3280,48724,988,814,1189,2991,51715
23-01-2017,6,18236,19565,11595,3980,53376,1152,980,1423,3555,56931
23-01-2017,7,19949,21145,11823,4752,57669,1258,1087,1584,3929,61598
23-01-2017,8,20592,21887,11661,4969,59109,1280,1129,1578,3987,63096
23-01-2017,9,20412,21786,11598,4942,58738,1281,1125,1636,4042,62780
23-01-2017,10,20298,21878,11593,4971,58740,1279,1120,1589,3988,62728
23-01-2017,11,19884,21659,11544,4932,58019,1258,1094,1614,3966,61985
23-01-2017,12,19936,21347,11502,4805,57590,1285,1111,1580,3976,61566
23-01-2017,13,19841,21259,11472,4778,57350,1271,1113,1600,3984,61334
23-01-2017,14,19665,21187,11456,4679,56987,1277,1101,1600,3978,60965
23-01-2017,15,19840,21183,11651,4588,57262,1284,1105,1584,3973,61235
23-01-2017,16,20255,21876,11727,4721,58579,1299,1136,1629,4064,62643
23-01-2017,17,20387,22625,11732,5262,60006,1266,1116,1605,3987,63993
23-01-2017,18,20130,22088,11644,5062,58924,1232,1071,1550,3853,62777
23-01-2017,19,19933,21736,11470,4746,57885,1188,1032,1492,3712,61597
23-01-2017,20,19724,20820,11053,4331,55928,1129,964,1390,3483,59411
23-01-2017,21,19361,20057,11203,4046,54667,1045,875,1250,3170,57837
23-01-2017,22,18527,19136,10986,3705,52354,957,791,1093,2841,55195
23-01-2017,23,17820,18207,10473,3397,49897,886,724,1044,2654,52551
24-01-2017,0,16935,17490,10125,3184,47734,860,695,982,2537,50271
24-01-2017,1,16736,17247,9890,3052,46925,847,677,942,2466,49391
24-01-2017,2,16728,17402,9829,2989,46948,840,671,943,2454,49402
24-01-2017,3,16773,17501,9917,2999,47190,847,674,951,2472,49662
24-01-2017,4,16863,17628,10285,3063,47839,895,708,1002,2605,50444
24-01-2017,5,17353,18630,11210,3332,50525,1010,824,1235,3069,53594
24-01-2017,6,18966,20551,11752,4017,55286,1167,982,1451,3600,58886
24-01-2017,7,20631,22564,12003,4765,59963,1273,1085,1576,3934,63897
24-01-2017,8,21035,22650,11889,4972,60546,1291,1125,1602,4018,64564
24-01-2017,9,20701,22420,11792,4929,59842,1288,1121,1552,3961,63803
24-01-2017,10,20682,22348,11767,4774,59571,1287,1108,1573,3968,63539
24-01-2017,11,20287,22635,11751,4835,59508,1274,1080,1563,3917,63425
24-01-2017,12,20272,21997,11635,4865,58769,1299,1108,1570,3977,62746
24-01-2017,13,20345,21912,11679,4857,58793,1290,1102,1550,3942,62735
24-01-2017,14,20275,21983,11698,4783,58739,1293,1088,1550,3931,62670
24-01-2017,15,20300,22134,11960,4642,59036,1295,1099,1540,3934,62970
24-01-2017,16,20607,22783,12297,4754,60441,1332,1128,1593,4053,64494
24-01-2017,17,20506,23105,12333,5246,61190,1301,1119,1560,3980,65170
24-01-2017,18,20127,22345,12475,5041,59988,1262,1078,1538,3878,63866
24-01-2017,19,20022,22080,12354,4695,59151,1231,1044,1476,3751,62902
24-01-2017,20,19625,21573,11841,4357,57396,1172,987,1375,3534,60930
24-01-2017,21,19163,20631,11973,4029,55796,1087,894,1222,3203,58999
24-01-2017,22,18392,19428,11798,3662,53280,995,798,1099,2892,56172
24-01-2017,23,17625,18395,11332,3311,50663,931,728,1025,2684,53347
25-01-2017,0,17050,17681,11024,3098,48853,904,694,966,2564,51417
25-01-2017,1,16478,17313,10803,2981,47575,891,676,947,2514,50089
25-01-2017,2,16169,17208,10736,2925,47038,887,666,939,2492,49530
25-01-2017,3,16186,17191,10812,2962,47151,897,679,953,2529,49680
25-01-2017,4,16413,17348,11164,3044,47969,942,733,1024,2699,50668
25-01-2017,5,16751,17957,12062,3332,50102,1063,856,1245,3164,53266
25-01-2017,6,18166,20075,12464,4012,54717,1231,1013,1455,3699,58416
25-01-2017,7,19799,22107,12587,4765,59258,1325,1113,1562,4000,63258
25-01-2017,8,20114,22152,12453,4968,59687,1346,1150,1593,4089,63776
25-01-2017,9,19876,21798,12355,4930,58959,1325,1146,1572,4043,63002
25-01-2017,10,19758,22011,12374,5022,59165,1304,1136,1548,3988,63153
25-01-2017,11,19578,21833,12261,5038,58710,1276,1098,1512,3886,62596
25-01-2017,12,19430,21419,12047,4932,57828,1289,1113,1520,3922,61750
25-01-2017,13,19370,21188,12109,4935,57602,1279,1106,1514,3899,61501
25-01-2017,14,19287,21233,12044,4854,57418,1291,1097,1505,3893,61311
25-01-2017,15,19345,21605,12174,4749,57873,1304,1115,1501,3920,61793
25-01-2017,16,19660,21964,12474,4904,59002,1356,1164,1591,4111,63113
25-01-2017,17,19698,22101,12397,5365,59561,1342,1163,1559,4064,63625
25-01-2017,18,19426,21688,12338,5153,58605,1304,1119,1531,3954,62559
25-01-2017,19,19164,20992,12097,4812,57065,1260,1079,1504,3843,60908
25-01-2017,20,18694,20303,11532,4479,55008,1206,1014,1394,3614,58622
25-01-2017,21,18204,19482,11571,4150,53407,1116,923,1249,3288,56695
25-01-2017,22,17457,18363,11333,3794,50947,989,830,1123,2942,53889
25-01-2017,23,16692,17012,10795,3466,47965,941,755,1038,2734,50699
26-01-2017,0,16009,16588,10392,3276,46265,901,715,956,2572,48837
26-01-2017,1,15607,16080,10244,3160,45091,892,699,968,2559,47650
26-01-2017,2,15405,15929,10179,3129,44642,878,689,962,2529,47171
26-01-2017,3,15492,16219,10168,3178,45057,881,693,969,2543,47600
26-01-2017,4,15784,16485,10444,3271,45984,921,740,1031,2692,48676
26-01-2017,5,16263,17491,11331,3548,48633,1047,863,1250,3160,51793
26-01-2017,6,17611,19123,11867,4220,52821,1202,1019,1469,3690,56511
26-01-2017,7,19291,20977,11983,4982,57233,1312,1142,1581,4035,61268
26-01-2017,8,19611,21284,11723,5196,57814,1325,1181,1625,4131,61945
26-01-2017,9,19547,21114,11611,5194,57466,1327,1185,1617,4129,61595
26-01-2017,10,19604,21295,11596,5234,57729,1318,1169,1611,4098,61827
26-01-2017,11,19259,21097,11613,5158,57127,1290,1132,1591,4013,61140
26-01-2017,12,19077,20744,11489,5025,56335,1315,1156,1609,4080,60415
26-01-2017,13,18753,20575,11456,5011,55795,1290,1141,1595,4026,59821
26-01-2017,14,18717,20881,11385,4934,55917,1284,931,1584,3799,59716
26-01-2017,15,18955,21002,11554,4808,56319,1281,1134,1569,3984,60303
26-01-2017,16,19319,21413,11840,4919,57491,1298,1156,1620,4074,61565
26-01-2017,17,19671,22049,11763,5392,58875,1274,1140,1611,4025,62900
26-01-2017,18,19543,21713,11801,5186,58243,1240,1097,1544,3881,62124
26-01-2017,19,19267,21317,11576,4869,57029,1188,1053,1486,3727,60756
26-01-2017,20,18898,20994,11119,4508,55519,1132,991,1397,3520,59039
26-01-2017,21,18574,20366,11143,4170,54253,1047,900,1241,3188,57441
26-01-2017,22,17950,19053,10922,3796,51721,954,808,1116,2878,54599
26-01-2017,23,17120,18071,10333,3485,49009,885,730,1038,2653,51662
27-01-2017,0,16585,17241,9935,3283,47044,852,689,973,2514,49558
27-01-2017,1,16251,16869,9772,3186,46078,829,664,959,2452,48530
27-01-2017,2,16101,16719,9686,3120,45626,828,655,949,2432,48058
27-01-2017,3,16076,16946,9806,3120,45948,836,667,931,2434,48382
27-01-2017,4,16222,17084,10213,3206,46725,879,718,1025,2622,49347
27-01-2017,5,16635,18297,11092,3451,49475,997,826,1244,3067,52542
27-01-2017,6,18121,20296,11629,4091,54137,1155,983,1462,3600,57737
27-01-2017,7,19876,21996,11809,4763,58444,1244,1080,1571,3895,62339
27-01-2017,8,20317,22340,11729,4941,59327,1278,1121,1624,4023,63350
27-01-2017,9,20155,22220,11714,4878,58967,1275,1122,1620,4017,62984
27-01-2017,10,20117,22080,11668,4848,58713,1251,1103,1560,3914,62627
27-01-2017,11,19882,21651,11516,4732,57781,1225,1070,1582,3877,61658
27-01-2017,12,19630,21316,11274,4528,56748,1244,1084,1592,3920,60668
27-01-2017,13,19456,20949,11119,4372,55896,1224,1075,1569,3868,59764
27-01-2017,14,19443,20623,11108,4243,55417,1219,1064,1537,3820,59237
27-01-2017,15,19423,20819,11289,4216,55747,1223,1068,1517,3808,59555
27-01-2017,16,19544,21474,11760,4409,57187,1278,1103,1579,3960,61147
27-01-2017,17,19771,21985,11824,4955,58535,1251,1091,1567,3909,62444
27-01-2017,18,19730,21809,11762,4851,58152,1218,1042,1511,3771,61923
27-01-2017,19,19374,21203,11610,4509,56696,1164,1000,1451,3615,60311
27-01-2017,20,18744,20254,11147,4174,54319,1108,941,1367,3416,57735
27-01-2017,21,18255,19333,11262,3936,52786,1031,859,1240,3130,55916
27-01-2017,22,17622,18442,11007,3667,50738,953,785,1124,2862,53600
27-01-2017,23,16989,17786,10448,3410,48633,881,715,1043,2639,51272
28-01-2017,0,16527,17050,10118,3218,46913,836,670,965,2471,49384
28-01-2017,1,16266,16874,9895,3073,46108,811,651,934,2396,48504
28-01-2017,2,16020,16801,9791,2992,45604,802,641,922,2365,47969
28-01-2017,3,16012,16801,9805,2965,45583,804,641,925,2370,47953
28-01-2017,4,16086,16874,9920,2953,45833,819,660,947,2426,48259
28-01-2017,5,16230,17110,10173,3023,46536,856,701,1023,2580,49116
28-01-2017,6,16444,17841,10361,3196,47842,916,765,1113,2794,50636
28-01-2017,7,16831,18731,10556,3500,49618,964,822,1190,2976,52594
28-01-2017,8,17493,19189,10637,3784,51103,1030,884,1297,3211,54314
28-01-2017,9,18155,19948,10799,3967,52869,1070,921,1353,3344,56213
28-01-2017,10,18660,20298,10815,4028,53801,1083,928,1355,3366,57167
28-01-2017,11,18719,20305,10777,3997,53798,1077,921,1375,3373,57171
28-01-2017,12,18616,20161,10720,3904,53401,1074,917,1364,3355,56756
28-01-2017,13,18535,19818,10693,3790,52836,1063,909,1337,3309,56145
28-01-2017,14,18439,19487,10791,3722,52439,1062,907,1327,3296,55735
28-01-2017,15,18443,19687,11153,3712,52995,1090,923,1346,3359,56354
28-01-2017,16,18756,20690,11616,3938,55000,1136,984,1435,3555,58555
28-01-2017,17,18989,21189,11721,4529,56428,1117,983,1423,3523,59951
28-01-2017,18,18882,20799,11561,4458,55700,1098,951,1384,3433,59133
28-01-2017,19,18567,20264,11161,4093,54085,1058,925,1335,3318,57403
28-01-2017,20,18065,19801,10699,3832,52397,1006,884,1269,3159,55556
28-01-2017,21,17599,19008,10909,3589,51105,954,822,1165,2941,54046
28-01-2017,22,17039,18211,10744,3395,49389,893,755,1046,2694,52083
28-01-2017,23,16633,17522,10337,3206,47698,841,694,967,2502,50200
29-01-2017,0,16256,17174,9981,3030,46441,810,656,923,2389,48830
29-01-2017,1,15882,16964,9687,2910,45443,792,633,896,2321,47764
29-01-2017,2,15672,16744,9594,2857,44867,796,624,882,2302,47169
29-01-2017,3,15580,16649,9582,2835,44646,788,623,882,2293,46939
29-01-2017,4,15640,16632,9577,2868,44717,794,642,903,2339,47056
29-01-2017,5,15735,16817,9662,2929,45143,820,678,961,2459,47602
29-01-2017,6,15968,17541,9685,3064,46258,864,730,1026,2620,48878
29-01-2017,7,16250,18176,9919,3281,47626,905,770,1050,2725,50351
29-01-2017,8,16711,18618,9996,3551,48876,968,836,1168,2972,51848
29-01-2017,9,17374,19275,10213,3743,50605,1012,880,1251,3143,53748
29-01-2017,10,17896,19515,10396,3871,51678,1036,893,1289,3218,54896
29-01-2017,11,18151,19795,10464,3916,52326,1041,894,1295,3230,55556
29-01-2017,12,18204,20139,10530,3878,52751,1043,896,1291,3230,55981
29-01-2017,13,18320,20301,10507,3866,52994,1040,896,1275,3211,56205
29-01-2017,14,18279,20190,10570,3862,52901,1047,895,1262,3204,56105
29-01-2017,15,18363,20487,10840,3875,53565,1084,917,1294,3295,56860
29-01-2017,16,18629,20921,11181,4065,54796,1151,983,1403,3537,58333
29-01-2017,17,18739,21256,11287,4575,55857,1150,991,1425,3566,59423
29-01-2017,18,18536,21074,11313,4510,55433,1131,972,1403,3506,58939
29-01-2017,19,18411,20740,11071,4211,54433,1108,951,1359,3418,57851
29-01-2017,20,18241,19991,10661,3895,52788,1063,900,1277,3240,56028
29-01-2017,21,17860,19192,10930,3642,51624,989,817,1157,2963,54587
29-01-2017,22,17393,18177,10807,3337,49714,917,743,1044,2704,52418
29-01-2017,23,16855,17613,10362,3067,47897,855,681,959,2495,50392
30-01-2017,0,16252,16809,10011,2944,46016,833,647,891,2371,48387
30-01-2017,1,15683,16573,9742,2871,44869,820,636,870,2326,47195
30-01-2017,2,15586,16591,9723,2862,44762,818,630,841,2289,47051
30-01-2017,3,15717,16431,9838,2881,44867,824,647,879,2350,47217
30-01-2017,4,15940,16623,10245,2959,45767,871,697,964,2532,48299
30-01-2017,5,16586,17506,11108,3261,48461,1001,810,1201,3012,51473
30-01-2017,6,18099,19543,11685,3966,53293,1170,981,1436,3587,56880
30-01-2017,7,19834,21861,11893,4720,58308,1269,1089,1546,3904,62212
30-01-2017,8,20229,21708,11776,4947,58660,1307,1149,1621,4077,62737
30-01-2017,9,20054,21798,11794,4949,58595,1309,1155,1609,4073,62668
30-01-2017,10,19834,21763,11755,5003,58355,1303,1146,1608,4057,62412
30-01-2017,11,19655,21603,11766,5006,58030,1277,1109,1588,3974,62004
30-01-2017,12,19447,21293,11687,4922,57349,1295,1130,1601,4026,61375
30-01-2017,13,19331,21136,11590,4872,56929,1278,1130,1596,4004,60933
30-01-2017,14,19270,20909,11529,4816,56524,1267,1112,1582,3961,60485
30-01-2017,15,19419,20979,11573,4701,56672,1259,1108,1564,3931,60603
30-01-2017,16,19813,21332,11741,4757,57643,1294,1136,1596,4026,61669
30-01-2017,17,19965,22016,11602,5219,58802,1268,1133,1597,3998,62800
30-01-2017,18,19826,21553,11564,5049,57992,1236,1083,1530,3849,61841
30-01-2017,19,19688,21152,11381,4724,56945,1190,1046,1490,3726,60671
30-01-2017,20,19464,20403,10948,4351,55166,1135,991,1403,3529,58695
30-01-2017,21,19091,19408,11082,4052,53633,1047,895,1251,3193,56826
30-01-2017,22,18396,18233,10782,3700,51111,959,800,1116,2875,53986
30-01-2017,23,17589,17262,10292,3372,48515,891,720,1025,2636,51151
31-01-2017,0,16923,16978,9917,3144,46962,865,692,977,2534,49496
31-01-2017,1,16546,16584,9772,3008,45910,846,666,955,2467,48377
31-01-2017,2,16425,16590,9706,2948,45669,842,656,957,2455,48124
31-01-2017,3,16487,16763,9891,2986,46127,848,672,957,2477,48604
31-01-2017,4,16651,17177,10321,3058,47207,883,706,1029,2618,49825
31-01-2017,5,17165,17816,11217,3329,49527,1007,826,1260,3093,52620
31-01-2017,6,18512,20078,11787,4010,54387,1169,978,1470,3617,58004
31-01-2017,7,20198,21880,11896,4758,58732,1251,1077,1583,3911,62643
31-01-2017,8,20755,22228,11776,4955,59714,1284,1122,1622,4028,63742
31-01-2017,9,20557,22129,11768,4957,59411,1284,1125,1647,4056,63467
31-01-2017,10,20547,22480,11770,5029,59826,1274,1116,1643,4033,63859
31-01-2017,11,20397,22469,11736,5003,59605,1252,1072,1620,3944,63549
31-01-2017,12,20190,22126,11569,4908,58793,1278,1111,1635,4024,62817
31-01-2017,13,20079,22034,11498,4901,58512,1257,1099,1622,3978,62490
31-01-2017,14,20013,22030,11442,4811,58296,1255,1094,1621,3970,62266
31-01-2017,15,19971,21715,11467,4707,57860,1243,1090,1610,3943,61803
31-01-2017,16,20372,22064,11839,4787,59062,1290,1120,1642,4052,63114
31-01-2017,17,20671,22763,11930,5272,60636,1271,1125,1615,4011,64647
31-01-2017,18,20484,22481,11959,5071,59995,1243,1078,1590,3911,63906
31-01-2017,19,20205,21669,11786,4733,58393,1203,1039,1534,3776,62169
31-01-2017,20,19793,21003,11287,4393,56476,1142,968,1427,3537,60013
31-01-2017,21,19398,20163,11282,4088,54931,1049,875,1279,3203,58134
31-01-2017,22,18684,19004,11056,3723,52467,962,791,1147,2900,55367
31-01-2017,23,17900,17826,10600,3373,49699,902,725,1071,2698,52397
01-02-2017,0,17169,16856,10271,3172,47468,872,687,991,2550,50018
01-02-2017,1,16764,16664,10093,3057,46578,853,669,980,2502,49080
01-02-2017,2,16601,16651,10028,3017,46297,843,664,943,2450,48747
01-02-2017,3,16639,16803,10076,3040,46558,850,677,975,2502,49060
01-02-2017,4,16775,17201,10428,3105,47509,893,724,1056,2673,50182
01-02-2017,5,17231,18094,11374,3379,50078,1009,826,1284,3119,53197
01-02-2017,6,18631,20246,11776,4037,54690,1171,986,1499,3656,58346
01-02-2017,7,20352,21835,11873,4784,58844,1262,1086,1606,3954,62798
01-02-2017,8,20777,21703,11717,4967,59164,1293,1145,1660,4098,63262
01-02-2017,9,20483,21712,11676,4955,58826,1290,1149,1680,4119,62945
01-02-2017,10,20525,22012,11701,5025,59263,1287,1142,1682,4111,63374
01-02-2017,11,20403,22094,11756,5007,59260,1243,1097,1652,3992,63252
01-02-2017,12,20427,22058,11720,4927,59132,1281,1120,1667,4068,63200
01-02-2017,13,20421,21973,11677,4912,58983,1248,1116,1649,4013,62996
01-02-2017,14,20478,22116,11671,4825,59090,1254,1103,1567,3924,63014
01-02-2017,15,20499,22345,11838,4680,59362,1246,1106,1595,3947,63309
01-02-2017,16,20603,22541,12181,4734,60059,1279,1120,1620,4019,64078
01-02-2017,17,20732,22906,12166,5179,60983,1272,1129,1633,4034,65017
01-02-2017,18,20470,22518,12185,4982,60155,1243,1087,1578,3908,64063
01-02-2017,19,20093,21968,12022,4644,58727,1200,1048,1543,3791,62518
01-02-2017,20,19767,21223,11459,4265,56714,1144,980,1447,3571,60285
01-02-2017,21,19388,20170,11484,3951,54993,1056,898,1281,3235,58228
01-02-2017,22,18650,19020,11191,3603,52464,960,815,1145,2920,55384
01-02-2017,23,17743,18178,10685,3284,49890,892,738,1056,2686,52576
02-02-2017,0,17151,17336,10339,3041,47867,869,704,986,2559,50426
02-02-2017,1,16704,16944,10141,2939,46728,853,685,976,2514,49242
02-02-2017,2,16514,16856,10110,2885,46365,846,678,970,2494,48859
02-02-2017,3,16467,16927,10203,2894,46491,859,691,976,2526,49017
02-02-2017,4,16605,17252,10552,2998,47407,899,741,1036,2676,50083
02-02-2017,5,17056,18101,11430,3265,49852,1018,855,1270,3143,52995
02-02-2017,6,18519,19889,11976,3950,54334,1186,1009,1490,3685,58019
02-02-2017,7,20187,21737,12191,4681,58796,1274,1106,1594,3974,62770
02-02-2017,8,20508,21891,12062,4918,59379,1303,1162,1649,4114,63493
02-02-2017,9,20173,21729,12028,4944,58874,1310,1159,1655,4124,62998
02-02-2017,10,20329,22062,12084,5059,59534,1311,1148,1646,4105,63639
02-02-2017,11,20104,21968,12121,5049,59242,1299,1110,1622,4031,63273
02-02-2017,12,20059,21985,12058,4942,59044,1319,1129,1634,4082,63126
02-02-2017,13,20084,22020,12050,4980,59134,1307,1120,1622,4049,63183
02-02-2017,14,19992,21865,11996,4895,58748,1307,1114,1592,4013,62761
02-02-2017,15,20074,22016,12083,4751,58924,1279,1114,1574,3967,62891
02-02-2017,16,20254,22280,12322,4795,59651,1315,1131,1611,4057,63708
02-02-2017,17,20276,22534,12303,5233,60346,1307,1139,1617,4063,64409
02-02-2017,18,20006,21911,12287,5060,59264,1267,1090,1550,3907,63171
02-02-2017,19,19719,21503,12154,4709,58085,1229,1050,1501,3780,61865
02-02-2017,20,19405,20844,11638,4386,56273,1175,993,1395,3563,59836
02-02-2017,21,19017,19916,11670,4093,54696,1070,896,1252,3218,57914
02-02-2017,22,18356,18901,11418,3891,52566,986,811,1106,2903,55469
02-02-2017,23,17540,17973,10878,3458,49849,916,732,1028,2676,52525
03-02-2017,0,16825,17211,10533,3258,47827,886,690,973,2549,50376
03-02-2017,1,16464,16918,10337,3064,46783,873,679,965,2517,49300
03-02-2017,2,16157,16795,10249,3022,46223,868,673,931,2472,48695
03-02-2017,3,16204,16873,10281,3006,46364,874,685,964,2523,48887
03-02-2017,4,16296,17234,10648,3039,47217,911,725,1031,2667,49884
03-02-2017,5,16741,18041,11528,3299,49609,1026,839,1260,3125,52734
03-02-2017,6,18124,20281,12115,3961,54481,1173,986,1455,3614,58095
03-02-2017,7,19655,22126,12223,4663,58667,1258,1075,1575,3908,62575
03-02-2017,8,20036,22269,12122,4866,59293,1294,1125,1627,4046,63339
03-02-2017,9,19876,22348,12085,4933,59242,1287,1120,1580,3987,63229
03-02-2017,10,19932,22339,12136,5043,59450,1284,1101,1614,3999,63449
03-02-2017,11,19835,22264,12158,5003,59260,1269,1077,1589,3935,63195
03-02-2017,12,19709,21997,11987,4828,58521,1285,1094,1598,3977,62498
03-02-2017,13,19541,21744,11902,4687,57874,1272,1086,1573,3931,61805
03-02-2017,14,19504,21569,11883,4541,57497,1254,1069,1544,3867,61364
03-02-2017,15,19371,21468,11943,4474,57256,1236,1065,1527,3828,61084
03-02-2017,16,19524,21805,12223,4584,58136,1274,1093,1574,3941,62077
03-02-2017,17,19739,22112,12175,4987,59013,1257,1099,1581,3937,62950
03-02-2017,18,19522,21658,12101,4828,58109,1221,1048,1523,3792,61901
03-02-2017,19,19184,20770,11865,4443,56262,1182,1013,1476,3671,59933
03-02-2017,20,18678,20068,11364,4070,54180,1113,948,1377,3438,57618
03-02-2017,21,18135,19298,11377,3788,52598,1035,874,1241,3150,55748
03-02-2017,22,17612,18324,11108,3525,50569,958,796,1117,2871,53440
03-02-2017,23,17013,17522,10553,3251,48339,899,726,1032,2657,50996
04-02-2017,0,16496,16882,10215,2999,46592,859,679,966,2504,49096
04-02-2017,1,16130,16558,10007,2854,45549,839,656,939,2434,47983
04-02-2017,2,15923,16396,9881,2778,44978,831,647,919,2397,47375
04-02-2017,3,15805,16305,9847,2760,44717,829,648,928,2405,47122
04-02-2017,4,15782,16199,9932,2786,44699,845,670,958,2473,47172
04-02-2017,5,15992,16386,10226,2881,45485,884,711,1037,2632,48117
04-02-2017,6,16337,17028,10380,3075,46820,932,773,1135,2840,49660
04-02-2017,7,16853,17812,10579,3400,48644,981,827,1221,3029,51673
04-02-2017,8,17546,18451,10691,3731,50419,1053,897,1322,3272,53691
04-02-2017,9,18275,19163,10827,3994,52259,1084,933,1366,3383,55642
04-02-2017,10,18792,19708,10829,4117,53446,1095,940,1367,3402,56848
04-02-2017,11,18856,19760,10784,4122,53522,1089,930,1349,3368,56890
04-02-2017,12,18592,19655,10752,4087,53086,1089,927,1309,3325,56411
04-02-2017,13,18389,19560,10751,4063,52763,1075,925,1283,3283,56046
04-02-2017,14,18414,19490,10794,4033,52731,1067,912,1270,3249,55980
04-02-2017,15,18638,19649,11007,4031,53325,1088,921,1274,3283,56608
04-02-2017,16,18841,20176,11657,4171,54845,1160,989,1368,3517,58362
04-02-2017,17,19175,20282,11771,4620,55848,1157,1016,1424,3597,59445
04-02-2017,18,19259,20093,11676,4562,55590,1134,986,1395,3515,59105
04-02-2017,19,18916,19621,11288,4206,54031,1090,957,1348,3395,57426
04-02-2017,20,18597,19065,10852,3945,52459,1045,914,1285,3244,55703
04-02-2017,21,18121,18490,11081,3704,51396,992,846,1174,3012,54408
04-02-2017,22,17596,17802,10894,3471,49763,935,780,1069,2784,52547
04-02-2017,23,17013,17260,10467,3228,47968,893,716,969,2578,50546
05-02-2017,0,16622,16838,10063,3018,46541,872,677,923,2472,49013
05-02-2017,1,16343,16601,9829,2867,45640,851,655,898,2404,48044
05-02-2017,2,16206,16329,9738,2791,45064,829,642,887,2358,47422
05-02-2017,3,16005,16169,9712,2756,44642,822,643,883,2348,46990
05-02-2017,4,16011,16229,9761,2785,44786,835,662,908,2405,47191
05-02-2017,5,16130,16581,10015,2837,45563,865,697,972,2534,48097
05-02-2017,6,16376,16963,10058,2975,46372,900,742,1042,2684,49056
05-02-2017,7,16591,17247,10193,3207,47238,932,776,1092,2800,50038
05-02-2017,8,17097,18019,10371,3473,48960,1007,847,1209,3063,52023
05-02-2017,9,17680,18864,10611,3754,50909,1052,895,1273,3220,54129
05-02-2017,10,18157,19373,10782,3904,52216,1069,908,1301,3278,55494
05-02-2017,11,18200,19838,10895,3948,52881,1069,903,1294,3266,56147
05-02-2017,12,18124,19848,10861,3941,52774,1065,898,1282,3245,56019
05-02-2017,13,18137,19811,10813,3940,52701,1052,896,1273,3221,55922
05-02-2017,14,18253,19740,10812,3911,52716,1034,893,1264,3191,55907
05-02-2017,15,18346,19759,10986,3918,53009,1049,901,1278,3228,56237
05-02-2017,16,18720,20409,11573,4101,54803,1147,967,1383,3497,58300
05-02-2017,17,19048,21079,11810,4593,56530,1195,999,1455,3649,60179
05-02-2017,18,18995,20890,11811,4523,56219,1178,988,1434,3600,59819
05-02-2017,19,18856,20335,11632,4223,55046,1117,968,1381,3466,58512
05-02-2017,20,18696,19930,11174,3931,53731,1081,921,1292,3294,57025
05-02-2017,21,18297,19292,11320,3659,52568,1004,843,1155,3002,55570
05-02-2017,22,17697,18440,11193,3401,50731,939,766,1036,2741,53472
05-02-2017,23,17014,17701,10927,3131,48773,886,698,950,2534,51307
06-02-2017,0,16671,16984,10736,2928,47319,882,662,897,2441,49760
06-02-2017,1,16310,16726,10519,2819,46374,876,651,882,2409,48783
06-02-2017,2,16110,16690,10467,2767,46034,876,652,877,2405,48439
06-02-2017,3,16228,16750,10639,2770,46387,894,661,890,2445,48832
06-02-2017,4,16388,16994,11138,2872,47392,941,709,930,2580,49972
06-02-2017,5,16993,17881,12086,3168,50128,1070,840,1224,3134,53262
06-02-2017,6,18368,20118,12630,3845,54961,1229,1001,1435,3665,58626
06-02-2017,7,20183,22221,12717,4581,59702,1312,1090,1553,3955,63657
06-02-2017,8,20481,22347,12650,4868,60346,1358,1150,1620,4128,64474
06-02-2017,9,20320,22367,12630,4953,60270,1347,1150,1615,4112,64382
06-02-2017,10,20322,22616,12646,5029,60613,1335,1145,1608,4088,64701
06-02-2017,11,20081,22487,12627,4936,60131,1307,1115,1584,4006,64137
06-02-2017,12,19942,22334,12432,4820,59528,1312,1133,1571,4016,63544
06-02-2017,13,19728,22307,12432,4829,59296,1290,1118,1576,3984,63280
06-02-2017,14,19850,22203,12395,4825,59273,1285,1106,1559,3950,63223
06-02-2017,15,19999,22407,12418,4667,59491,1272,1101,1533,3906,63397
06-02-2017,16,20222,22729,12878,4722,60551,1340,1136,1570,4046,64597
06-02-2017,17,20533,23147,13006,5192,61878,1357,1169,1605,4131,66009
06-02-2017,18,20426,23034,13092,5077,61629,1331,1123,1559,4013,65642
06-02-2017,19,20226,22438,12993,4705,60362,1292,1077,1531,3900,64262
06-02-2017,20,19957,21636,12568,4307,58468,1241,1016,1415,3672,62140
06-02-2017,21,19632,21028,12702,4024,57386,1153,925,1259,3337,60723
06-02-2017,22,18990,19944,12514,3642,55090,1074,836,1117,3027,58117
06-02-2017,23,18512,18932,12132,3350,52926,1010,771,1037,2818,55744
07-02-2017,0,17536,18520,11783,3236,51075,982,732,992,2706,53781
07-02-2017,1,17188,18247,11606,3052,50093,976,718,970,2664,52757
07-02-2017,2,17025,18182,11619,3040,49866,971,720,960,2651,52517
07-02-2017,3,17124,18272,11739,3086,50221,985,734,976,2695,52916
07-02-2017,4,17368,18612,12224,3217,51421,1029,783,1043,2855,54276
07-02-2017,5,18038,19257,13210,3524,54029,1169,931,1295,3395,57424
07-02-2017,6,19557,21389,13708,4104,58758,1318,1074,1498,3890,62648
07-02-2017,7,21418,23255,13632,4827,63132,1394,1160,1604,4158,67290
07-02-2017,8,21850,23273,13614,4970,63707,1432,1215,1642,4289,67996
07-02-2017,9,21758,23469,13488,4980,63695,1420,1208,1625,4253,67948
07-02-2017,10,21690,23231,13315,5003,63239,1401,1191,1618,4210,67449
07-02-2017,11,21398,22899,13164,5025,62486,1365,1145,1588,4098,66584
07-02-2017,12,21298,22876,12978,4948,62100,1372,1157,1594,4123,66223
07-02-2017,13,21140,22688,12873,4905,61606,1349,1148,1568,4065,65671
07-02-2017,14,21124,22656,12798,4869,61447,1342,1132,1548,4022,65469
07-02-2017,15,21260,22857,12817,4698,61632,1332,1122,1558,4012,65644
07-02-2017,16,21536,23130,13299,4788,62753,1393,1164,1599,4156,66909
07-02-2017,17,21830,24157,13467,5249,64703,1414,1193,1634,4241,68944
07-02-2017,18,21741,23783,13503,5170,64197,1385,1157,1588,4130,68327
07-02-2017,19,21574,23542,13343,4789,63248,1345,1109,1534,3988,67236
07-02-2017,20,21345,22825,12752,4496,61418,1292,1049,1441,3782,65200
07-02-2017,21,21034,22016,12823,4213,60086,1201,955,1291,3447,63533
07-02-2017,22,20379,20920,12662,3871,57832,1117,872,1157,3146,60978
07-02-2017,23,19567,19756,12235,3495,55053,1055,801,1087,2943,57996
08-02-2017,0,18750,19184,11895,3288,53117,1035,762,1031,2828,55945
08-02-2017,1,18424,18989,11580,3151,52144,1020,748,1007,2775,54919
08-02-2017,2,18315,19009,11570,3122,52016,1016,737,1002,2755,54771
08-02-2017,3,18385,19113,11687,3135,52320,1025,752,1019,2796,55116
08-02-2017,4,18548,19260,12140,3262,53210,1072,805,1095,2972,56182
08-02-2017,5,19046,19908,13141,3537,55632,1201,939,1343,3483,59115
08-02-2017,6,20651,22299,13601,4227,60778,1346,1086,1547,3979,64757
08-02-2017,7,22456,24102,13557,4931,65046,1414,1165,1648,4227,69273
08-02-2017,8,22746,24107,13559,5099,65511,1448,1207,1660,4315,69826
08-02-2017,9,22632,23954,13424,5131,65141,1430,1206,1682,4318,69459
08-02-2017,10,22419,23787,13179,5181,64566,1404,1185,1681,4270,68836
08-02-2017,11,22152,23548,13028,5115,63843,1357,1135,1637,4129,67972
08-02-2017,12,21974,23344,12869,4973,63160,1369,1154,1664,4187,67347
08-02-2017,13,21826,23077,12824,5004,62731,1344,1140,1648,4132,66863
08-02-2017,14,21642,22815,12714,4945,62116,1333,1130,1626,4089,66205
08-02-2017,15,21720,22922,12731,4800,62173,1315,1123,1600,4038,66211
08-02-2017,16,21927,23401,13238,4780,63346,1374,1155,1613,4142,67488
08-02-2017,17,22182,24022,13373,5283,64860,1389,1196,1633,4218,69078
08-02-2017,18,22181,23634,13450,5210,64475,1354,1151,1591,4096,68571
08-02-2017,19,22080,23575,13281,4857,63793,1320,1106,1571,3997,67790
08-02-2017,20,21792,23031,12701,4537,62061,1259,1045,1480,3784,65845
08-02-2017,21,21414,21927,12832,4204,60377,1167,952,1309,3428,63805
08-02-2017,22,20685,20604,12648,3869,57806,1085,862,1178,3125,60931
08-02-2017,23,19842,19645,12204,3581,55272,1026,786,1105,2917,58189
09-02-2017,0,19286,18902,11949,3382,53519,1002,754,1067,2823,56342
09-02-2017,1,18978,18618,11781,3297,52674,985,737,1045,2767,55441
09-02-2017,2,18837,18627,11737,3248,52449,980,730,1034,2744,55193
09-02-2017,3,18814,18769,11921,3263,52767,985,744,1045,2774,55541
09-02-2017,4,18978,18885,12424,3348,53635,1031,792,1109,2932,56567
09-02-2017,5,19512,19909,13371,3626,56418,1154,915,1353,3422,59840
09-02-2017,6,20993,21931,13795,4299,61018,1306,1066,1545,3917,64935
09-02-2017,7,22858,23671,13691,4966,65186,1389,1163,1632,4184,69370
09-02-2017,8,23246,23805,13644,4708,65403,1426,1210,1640,4276,69679
09-02-2017,9,23034,23606,13515,5167,65322,1407,1207,1681,4295,69617
09-02-2017,10,22856,23541,13462,5225,65084,1388,1195,1674,4257,69341
09-02-2017,11,22629,23502,13235,5172,64538,1357,1153,1641,4151,68689
09-02-2017,12,22347,23199,13053,5045,63644,1358,1163,1646,4167,67811
09-02-2017,13,22166,22857,12978,5062,63063,1326,1146,1606,4078,67141
09-02-2017,14,21976,22805,12876,5022,62679,1325,1121,1579,4025,66704
09-02-2017,15,22022,22750,12855,4903,62530,1300,1113,1560,3973,66503
09-02-2017,16,22055,23057,13234,4958,63304,1352,1142,1588,4082,67386
09-02-2017,17,22225,23550,13361,5377,64513,1380,1188,1605,4173,68686
09-02-2017,18,22163,23479,13413,5359,64414,1355,1151,1584,4090,68504
09-02-2017,19,22090,23105,13353,5051,63599,1326,1112,1530,3968,67567
09-02-2017,20,21581,22208,12792,4777,61358,1270,1046,1428,3744,65102
09-02-2017,21,21084,21355,12859,4552,59850,1186,951,1268,3405,63255
09-02-2017,22,20430,20365,12587,4053,57435,1108,866,1133,3107,60542
09-02-2017,23,19686,19573,12105,3711,55075,1046,799,1048,2893,57968
10-02-2017,0,18920,18935,11782,3479,53116,1024,761,1011,2796,55912
10-02-2017,1,18579,18717,11606,3353,52255,1011,741,1000,2752,55007
10-02-2017,2,18386,18682,11588,3339,51995,1001,735,963,2699,54694
10-02-2017,3,18355,18840,11689,3372,52256,1012,752,1014,2778,55034
10-02-2017,4,18483,18996,12178,3359,53016,1055,805,1089,2949,55965
10-02-2017,5,18911,19787,13139,3611,55448,1178,922,1273,3373,58821
10-02-2017,6,20329,21522,13534,4284,59669,1329,1061,1479,3869,63538
10-02-2017,7,22066,23101,13432,4929,63528,1402,1154,1587,4143,67671
10-02-2017,8,22351,23405,13467,5138,64361,1446,1209,1616,4271,68632
10-02-2017,9,22244,23682,13348,5066,64340,1427,1197,1625,4249,68589
10-02-2017,10,22215,23426,13271,5118,64030,1401,1178,1594,4173,68203
10-02-2017,11,21976,23256,13107,5079,63418,1379,1138,1551,4068,67486
10-02-2017,12,21695,22796,12917,4921,62329,1397,1138,1543,4078,66407
10-02-2017,13,21523,22275,12735,4733,61266,1368,1129,1515,4012,65278
10-02-2017,14,21456,21849,12671,4538,60514,1356,1118,1486,3960,64474
10-02-2017,15,21338,21649,12602,4395,59984,1328,1102,1473,3903,63887
10-02-2017,16,21316,21729,12939,4443,60427,1373,1126,1526,4025,64452
10-02-2017,17,21575,22296,13142,4859,61872,1379,1157,1587,4123,65995
10-02-2017,18,21576,22027,13101,4975,61679,1338,1107,1559,4004,65683
10-02-2017,19,21267,21452,12906,4542,60167,1294,1064,1498,3856,64023
10-02-2017,20,20778,20659,12394,4272,58103,1248,1005,1421,3674,61777
10-02-2017,21,20241,19792,12425,4019,56477,1167,932,1284,3383,59860
10-02-2017,22,19595,19196,12239,3718,54748,1090,855,1140,3085,57833
10-02-2017,23,18991,18494,11745,3418,52648,1032,787,1051,2870,55518
11-02-2017,0,18342,18018,11479,3219,51058,993,746,1004,2743,53801
11-02-2017,1,18058,17887,11304,3077,50326,976,728,979,2683,53009
11-02-2017,2,17901,17836,11131,2989,49857,976,717,970,2663,52520
11-02-2017,3,17789,17887,11138,2934,49748,985,723,970,2678,52426
11-02-2017,4,17832,17793,11282,2990,49897,1006,746,998,2750,52647
11-02-2017,5,17953,17706,11580,3117,50356,1045,784,1085,2914,53270
11-02-2017,6,18319,18126,11648,3314,51407,1086,842,1167,3095,54502
11-02-2017,7,18915,18596,11769,3570,52850,1142,913,1260,3315,56165
11-02-2017,8,19585,19286,12005,3822,54698,1212,979,1360,3551,58249
11-02-2017,9,20193,19973,12073,3973,56212,1240,1011,1405,3656,59868
11-02-2017,10,20353,20360,12050,3981,56744,1234,1002,1413,3649,60393
11-02-2017,11,20164,20278,11901,3946,56289,1214,985,1406,3605,59894
11-02-2017,12,19897,20034,11833,3857,55621,1194,982,1394,3570,59191
11-02-2017,13,19529,19796,11749,3800,54874,1179,971,1361,3511,58385
11-02-2017,14,19319,19600,11720,3730,54369,1173,966,1344,3483,57852
11-02-2017,15,19262,19546,11875,3730,54413,1179,964,1346,3489,57902
11-02-2017,16,19579,19955,12489,3919,55942,1235,1007,1400,3642,59584
11-02-2017,17,20404,21036,12740,4441,58621,1261,1043,1465,3769,62390
11-02-2017,18,20667,21097,12615,4572,58951,1240,1021,1433,3694,62645
11-02-2017,19,20281,20668,12207,4193,57349,1202,997,1374,3573,60922
11-02-2017,20,19802,20059,11711,3941,55513,1156,946,1300,3402,58915
11-02-2017,21,19408,19481,11822,3725,54436,1085,876,1196,3157,57593
11-02-2017,22,19054,18860,11644,3454,53012,1019,802,1084,2905,55917
11-02-2017,23,18620,18155,11234,3237,51246,963,744,1002,2709,53955
12-02-2017,0,18117,18142,10905,3044,50208,925,715,963,2603,52811
12-02-2017,1,17784,17965,10631,2916,49296,893,698,940,2531,51827
12-02-2017,2,17626,17927,10480,2846,48879,880,688,930,2498,51377
12-02-2017,3,17661,18017,10467,2794,48939,885,688,927,2500,51439
12-02-2017,4,17765,18030,10519,2859,49173,907,706,952,2565,51738
12-02-2017,5,17898,18368,10702,2974,49942,939,746,1016,2701,52643
12-02-2017,6,18254,18676,10602,3067,50599,975,784,1072,2831,53430
12-02-2017,7,18667,19307,10568,3304,51846,1018,835,1152,3005,54851
12-02-2017,8,19016,19652,10789,3646,53103,1081,908,1258,3247,56350
12-02-2017,9,19444,20033,10897,3858,54232,1133,944,1322,3399,57631
12-02-2017,10,19672,20242,11039,3960,54913,1134,955,1340,3429,58342
12-02-2017,11,19502,20167,11004,3959,54632,1133,953,1349,3435,58067
12-02-2017,12,19337,19986,10858,3848,54029,1129,957,1342,3428,57457
12-02-2017,13,18982,19833,10797,3783,53395,1126,955,1330,3411,56806
12-02-2017,14,18802,19957,10841,3725,53325,1123,945,1313,3381,56706
12-02-2017,15,18824,20227,10995,3846,53892,1135,953,1309,3397,57289
12-02-2017,16,19198,20547,11508,3940,55193,1212,1005,1394,3611,58804
12-02-2017,17,19678,21349,11732,4469,57228,1243,1047,1492,3782,61010
12-02-2017,18,19871,21383,11685,4626,57565,1229,1036,1467,3732,61297
12-02-2017,19,19768,21173,11397,4337,56675,1199,1011,1426,3636,60311
12-02-2017,20,19639,20915,10962,4105,55621,1143,965,1343,3451,59072
12-02-2017,21,19481,20095,11188,3900,54664,1056,879,1210,3145,57809
12-02-2017,22,18970,19328,11034,3642,52974,978,804,1086,2868,55842
12-02-2017,23,18227,18903,10628,3410,51168,921,741,1009,2671,53839
13-02-2017,0,17683,18406,10289,3283,49661,893,707,977,2577,52238
13-02-2017,1,17409,18315,10121,3280,49125,877,690,953,2520,51645
13-02-2017,2,17343,18365,10028,3194,48930,869,690,924,2483,51413
13-02-2017,3,17369,18327,10202,3209,49107,877,699,973,2549,51656
13-02-2017,4,17531,18535,10622,3286,49974,925,747,1048,2720,52694
13-02-2017,5,18073,19113,11514,3549,52249,1055,879,1295,3229,55478
13-02-2017,6,19625,21290,11988,4145,57048,1212,1027,1505,3744,60792
13-02-2017,7,21504,23098,11907,4779,61288,1298,1138,1625,4061,65349
13-02-2017,8,21818,23013,11809,5038,61678,1333,1205,1700,4238,65916
13-02-2017,9,21637,22876,11712,5110,61335,1328,1203,1707,4238,65573
13-02-2017,10,21078,22495,11555,5166,60294,1313,1185,1672,4170,64464
13-02-2017,11,20793,22197,11467,5068,59525,1281,1136,1643,4060,63585
13-02-2017,12,20302,22016,11276,4928,58522,1288,1152,1646,4086,62608
13-02-2017,13,20205,21606,11270,4865,57946,1273,1148,1619,4040,61986
13-02-2017,14,19959,21323,11206,4762,57250,1258,1114,1601,3973,61223
13-02-2017,15,19840,21425,11088,4612,56965,1234,1091,1541,3866,60831
13-02-2017,16,20021,21409,11494,4628,57552,1269,1099,1541,3909,61461
13-02-2017,17,20420,22124,11597,5154,59295,1300,1149,1612,4061,63356
13-02-2017,18,20500,21692,11630,5258,59080,1266,1114,1570,3950,63030
13-02-2017,19,20439,21320,11402,4943,58104,1224,1079,1513,3816,61920
13-02-2017,20,20137,20640,10881,4591,56249,1162,1008,1408,3578,59827
13-02-2017,21,19775,19764,10931,4309,54779,1071,907,1249,3227,58006
13-02-2017,22,19173,18550,10673,3975,52371,978,816,1116,2910,55281
13-02-2017,23,18402,17833,10233,3672,50140,916,743,1033,2692,52832
14-02-2017,0,17751,17400,9903,3443,48497,886,710,971,2567,51064
14-02-2017,1,17366,16991,9660,3352,47369,873,693,948,2514,49883
14-02-2017,2,17287,16798,9482,3330,46897,853,685,943,2481,49378
14-02-2017,3,17373,16858,9499,3354,47084,854,692,953,2499,49583
14-02-2017,4,17583,17041,9827,3457,47908,893,736,1030,2659,50567
14-02-2017,5,18148,17806,10696,3711,50361,1019,857,1261,3137,53498
14-02-2017,6,19929,19628,11183,4273,55013,1160,999,1453,3612,58625
14-02-2017,7,21423,21460,11048,4862,58793,1240,1097,1576,3913,62706
14-02-2017,8,21771,21489,11069,5105,59434,1263,1139,1609,4011,63445
14-02-2017,9,21567,21376,11001,5099,59043,1240,1131,1579,3950,62993
14-02-2017,10,21049,21065,10890,5075,58079,1218,1112,1554,3884,61963
14-02-2017,11,20364,20698,10748,4926,56736,1186,1068,1507,3761,60497
14-02-2017,12,19957,20095,10694,4749,55495,1198,1084,1498,3780,59275
14-02-2017,13,19811,19822,10667,4671,54971,1188,1079,1469,3736,58707
14-02-2017,14,19580,19271,10627,4582,54060,1181,1056,1455,3692,57752
14-02-2017,15,19560,19343,10631,4444,53978,1159,1041,1440,3640,57618
14-02-2017,16,19622,19554,11011,4442,54629,1195,1049,1448,3692,58321
14-02-2017,17,20040,20911,11298,4906,57155,1235,1113,1567,3915,61070
14-02-2017,18,20396,21229,11332,5019,57976,1200,1076,1530,3806,61782
14-02-2017,19,20321,20948,11182,4694,57145,1159,1045,1461,3665,60810
14-02-2017,20,20095,20384,10762,4393,55634,1103,982,1355,3440,59074
14-02-2017,21,19791,19672,10889,4116,54468,1019,893,1240,3152,57620
14-02-2017,22,19135,18761,10806,3786,52488,938,808,1118,2864,55352
14-02-2017,23,18382,18056,10337,3467,50242,887,738,1041,2666,52908
15-02-2017,0,17709,17377,10098,3299,48483,874,699,995,2568,51051
15-02-2017,1,17509,17076,9953,3194,47732,872,686,981,2539,50271
15-02-2017,2,17407,17006,9873,3159,47445,870,680,951,2501,49946
15-02-2017,3,17450,17183,10020,3201,47854,876,695,999,2570,50424
15-02-2017,4,17482,17441,10443,3320,48686,925,740,1066,2731,51417
15-02-2017,5,17843,18324,11323,3601,51091,1054,862,1277,3193,54284
15-02-2017,6,19433,20602,11692,4149,55876,1188,995,1449,3632,59508
15-02-2017,7,21001,21973,11525,4732,59231,1270,1083,1578,3931,63162
15-02-2017,8,21375,22069,11523,4971,59938,1298,1134,1629,4061,63999
15-02-2017,9,21257,21735,11378,4958,59328,1280,1124,1629,4033,63361
15-02-2017,10,21029,21313,11327,4980,58649,1253,1107,1601,3961,62610
15-02-2017,11,20861,21291,11229,4907,58288,1212,1072,1565,3849,62137
15-02-2017,12,20601,20827,11175,4759,57362,1219,1093,1560,3872,61234
15-02-2017,13,20353,20304,11143,4691,56491,1207,1079,1530,3816,60307
15-02-2017,14,20243,20439,11079,4568,56329,1201,1057,1478,3736,60065
15-02-2017,15,20238,19698,11041,4424,55401,1191,1041,1456,3688,59089
15-02-2017,16,20393,20067,11388,4464,56312,1227,1051,1484,3762,60074
15-02-2017,17,20797,21148,11761,4941,58647,1270,1118,1573,3961,62608
15-02-2017,18,20632,20931,11829,5041,58433,1248,1088,1531,3867,62300
15-02-2017,19,20292,20984,11640,4685,57601,1203,1057,1465,3725,61326
15-02-2017,20,19901,20403,11023,4350,55677,1146,984,1362,3492,59169
15-02-2017,21,19475,19654,11122,4053,54304,1053,892,1238,3183,57487
15-02-2017,22,18835,18707,10898,3727,52167,965,803,1116,2884,55051
15-02-2017,23,17857,17929,10395,3408,49589,898,727,1029,2654,52243
16-02-2017,0,17316,17581,10135,3196,48228,875,698,970,2543,50771
16-02-2017,1,17003,17237,9961,3088,47289,860,688,946,2494,49783
16-02-2017,2,16787,17472,9879,3037,47175,857,674,925,2456,49631
16-02-2017,3,16840,17557,10018,3058,47473,865,680,941,2486,49959
16-02-2017,4,16983,17758,10415,3137,48293,906,729,966,2601,50894
16-02-2017,5,17441,18833,11256,3372,50902,1030,848,1015,2893,53795
16-02-2017,6,18768,20730,11678,3888,55064,1170,982,1075,3227,58291
16-02-2017,7,20448,21730,11651,4499,58328,1261,1085,1166,3512,61840
16-02-2017,8,20611,21806,11681,4739,58837,1295,1138,1260,3693,62530
16-02-2017,9,20505,21353,11658,4846,58362,1284,1141,1307,3732,62094
16-02-2017,10,20560,21108,11593,4957,58218,1277,1123,1299,3699,61917
16-02-2017,11,20072,21021,11624,4847,57564,1246,1086,1298,3630,61194
16-02-2017,12,20025,20736,11516,4760,57037,1252,1100,1286,3638,60675
16-02-2017,13,20061,20714,11470,4771,57016,1235,1083,1268,3586,60602
16-02-2017,14,20028,20748,11424,4607,56807,1222,1066,1213,3501,60308
16-02-2017,15,19854,20953,11351,4472,56630,1207,1060,1233,3500,60130
16-02-2017,16,19952,20998,11672,4532,57154,1231,1069,1279,3579,60733
16-02-2017,17,20156,21546,11843,4885,58430,1266,1129,1391,3786,62216
16-02-2017,18,20061,21291,11858,4854,58064,1240,1085,1374,3699,61763
16-02-2017,19,19678,20653,11664,4492,56487,1195,1045,1334,3574,60061
16-02-2017,20,19330,19913,11210,4169,54622,1138,977,1250,3365,57987
16-02-2017,21,18819,18888,11220,3887,52814,1050,880,1123,3053,55867
16-02-2017,22,18178,17729,10937,3555,50399,954,789,1016,2759,53158
16-02-2017,23,17325,16780,10477,3274,47856,884,715,919,2518,50374
17-02-2017,0,16605,16184,10147,3133,46069,859,678,873,2410,48479
17-02-2017,1,16312,15955,9909,3067,45243,845,662,852,2359,47602
17-02-2017,2,16180,15624,9820,3031,44655,843,658,808,2309,46964
17-02-2017,3,16166,15720,9885,3034,44805,845,663,850,2358,47163
17-02-2017,4,16354,15993,10262,3081,45690,890,709,914,2513,48203
17-02-2017,5,16873,16930,11150,3316,48269,1024,836,1089,2949,51218
17-02-2017,6,18339,19062,11562,3858,52821,1161,968,1247,3376,56197
17-02-2017,7,19888,20626,11513,4416,56443,1256,1071,1389,3716,60159
17-02-2017,8,20364,20846,11599,4688,57497,1300,1135,1457,3892,61389
17-02-2017,9,20374,20972,11595,4809,57750,1299,1133,1459,3891,61641
17-02-2017,10,20059,20931,11469,4842,57301,1289,1121,1483,3893,61194
17-02-2017,11,19502,20362,11497,4753,56114,1260,1075,1462,3797,59911
17-02-2017,12,19286,19921,11428,4561,55196,1270,1086,1470,3826,59022
17-02-2017,13,18861,19657,11314,4452,54284,1261,1078,1447,3786,58070
17-02-2017,14,18569,19186,11262,4313,53330,1252,1065,1422,3739,57069
17-02-2017,15,18451,19432,11165,4190,53238,1227,1051,1406,3684,56922
17-02-2017,16,18760,19549,11361,4247,53917,1244,1055,1434,3733,57650
17-02-2017,17,19202,20308,11576,4664,55750,1268,1089,1485,3842,59592
17-02-2017,18,19485,20270,11553,4729,56037,1237,1047,1440,3724,59761
17-02-2017,19,19160,19482,11375,4372,54389,1173,1010,1380,3563,57952
17-02-2017,20,18700,18809,10865,4005,52379,1107,951,1300,3358,55737
17-02-2017,21,18247,17810,10884,3752,50693,1023,867,1181,3071,53764
17-02-2017,22,17749,17334,10602,3472,49157,947,792,1073,2812,51969
17-02-2017,23,17267,17001,10143,3242,47653,885,727,994,2606,50259
18-02-2017,0,16852,16364,9785,3024,46025,843,686,926,2455,48480
18-02-2017,1,16534,16036,9599,2921,45090,825,662,895,2382,47472
18-02-2017,2,16393,15881,9534,2853,44661,817,650,888,2355,47016
18-02-2017,3,16402,15767,9536,2843,44548,817,653,892,2362,46910
18-02-2017,4,16417,15894,9713,2833,44857,837,679,917,2433,47290
18-02-2017,5,16574,16160,10008,2863,45605,870,725,997,2592,48197
18-02-2017,6,16877,16773,10041,3060,46751,919,773,1067,2759,49510
18-02-2017,7,17465,17273,10121,3310,48169,968,838,1152,2958,51127
18-02-2017,8,18134,17988,10331,3611,50064,1035,904,1253,3192,53256
18-02-2017,9,18802,18937,10390,3796,51925,1058,934,1308,3300,55225
18-02-2017,10,19178,19228,10399,3895,52700,1046,931,1322,3299,55999
18-02-2017,11,19115,19012,10313,3818,52258,1024,914,1317,3255,55513
18-02-2017,12,18871,18896,10196,3774,51737,1022,900,1297,3219,54956
18-02-2017,13,18831,18644,10169,3747,51391,1016,887,1259,3162,54553
18-02-2017,14,18788,18305,10277,3710,51080,1011,882,1241,3134,54214
18-02-2017,15,18543,18095,10437,3722,50797,1012,876,1241,3129,53926
18-02-2017,16,18708,18184,11055,3798,51745,1078,905,1280,3263,55008
18-02-2017,17,19169,19284,11548,4166,54167,1135,979,1370,3484,57651
18-02-2017,18,19128,19521,11449,4246,54344,1114,960,1346,3420,57764
18-02-2017,19,18656,18885,11057,3878,52476,1071,937,1290,3298,55774
18-02-2017,20,18215,18247,10637,3594,50693,1026,886,1215,3127,53820
18-02-2017,21,17773,17395,10799,3332,49299,955,813,1105,2873,52172
18-02-2017,22,17046,16806,10633,3094,47579,897,741,1004,2642,50221
18-02-2017,23,16555,16130,10212,2891,45788,849,677,917,2443,48231
19-02-2017,0,16114,15440,9875,2698,44127,824,651,869,2344,46471
19-02-2017,1,15845,15046,9687,2585,43163,806,634,839,2279,45442
19-02-2017,2,15707,14961,9614,2546,42828,795,631,824,2250,45078
19-02-2017,3,15495,14955,9573,2542,42565,796,624,818,2238,44803
19-02-2017,4,15438,14920,9619,2576,42553,813,640,837,2290,44843
19-02-2017,5,15667,15128,9742,2622,43159,846,675,895,2416,45575
19-02-2017,6,15783,15639,9737,2822,43981,880,707,937,2524,46505
19-02-2017,7,15952,15999,9823,3123,44897,924,757,1005,2686,47583
19-02-2017,8,16477,16414,10089,3398,46378,993,828,1109,2930,49308
19-02-2017,9,17086,17141,10239,3684,48150,1023,861,1172,3056,51206
19-02-2017,10,17370,17647,10270,3794,49081,1054,876,1205,3135,52216
19-02-2017,11,17472,17824,10337,3796,49429,1036,883,1217,3136,52565
19-02-2017,12,17321,17746,10212,3742,49021,1033,880,1215,3128,52149
19-02-2017,13,17001,17512,10150,3673,48336,1024,877,1206,3107,51443
19-02-2017,14,16933,17304,10132,3626,47995,1038,875,1196,3109,51104
19-02-2017,15,17140,17260,10214,3577,48191,1029,875,1208,3112,51303
19-02-2017,16,17369,17251,10642,3669,48931,1090,910,1257,3257,52188
19-02-2017,17,17845,18055,10997,4113,51010,1127,962,1342,3431,54441
19-02-2017,18,17984,18308,10994,4265,51551,1120,948,1331,3399,54950
19-02-2017,19,17862,18231,10721,3958,50772,1083,923,1280,3286,54058
19-02-2017,20,17618,17787,10337,3642,49384,1034,875,1195,3104,52488
19-02-2017,21,17256,17221,10561,3361,48399,942,794,1074,2810,51209
19-02-2017,22,16717,16652,10448,3093,46910,871,723,956,2550,49460
19-02-2017,23,16031,15742,10095,2859,44727,821,656,872,2349,47076
20-02-2017,0,15494,15304,9833,2800,43431,795,627,829,2251,45682
20-02-2017,1,15196,15265,9675,2726,42862,779,612,809,2200,45062
20-02-2017,2,15194,15219,9680,2706,42799,776,594,776,2146,44945
20-02-2017,3,15296,15272,9818,2692,43078,783,617,814,2214,45292
20-02-2017,4,15350,15506,10288,2778,43922,824,666,887,2377,46299
20-02-2017,5,15998,16531,11126,3010,46665,961,790,1119,2870,49535
20-02-2017,6,17360,18428,11629,3568,50985,1109,926,1307,3342,54327
20-02-2017,7,18766,19745,11768,4199,54478,1207,1040,1436,3683,58161
20-02-2017,8,19016,19824,11836,4453,55129,1262,1109,1505,3876,59005
20-02-2017,9,18981,19904,11812,4541,55238,1273,1109,1508,3890,59128
20-02-2017,10,19067,20013,11820,4650,55550,1242,1089,1507,3838,59388
20-02-2017,11,18815,20133,11676,4660,55284,1213,1062,1488,3763,59047
20-02-2017,12,18787,20020,11545,4570,54922,1217,1088,1506,3811,58733
20-02-2017,13,18664,19934,11467,4546,54611,1194,1071,1476,3741,58352
20-02-2017,14,18493,20002,11473,4455,54423,1188,1050,1466,3704,58127
20-02-2017,15,18280,19958,11444,4319,54001,1164,1044,1434,3642,57643
20-02-2017,16,18375,20191,11662,4351,54579,1185,1042,1430,3657,58236
20-02-2017,17,18674,20575,11928,4710,55887,1206,1079,1483,3768,59655
20-02-2017,18,18750,20582,11910,4696,55938,1188,1043,1450,3681,59619
20-02-2017,19,18506,20029,11778,4397,54710,1151,1005,1391,3547,58257
20-02-2017,20,18218,19260,11300,4083,52861,1099,945,1291,3335,56196
20-02-2017,21,17850,18397,11368,3823,51438,1006,847,1130,2983,54421
20-02-2017,22,17102,17637,11124,3493,49356,922,757,1003,2682,52038
20-02-2017,23,16483,16765,10652,3302,47202,855,684,927,2466,49668
21-02-2017,0,16074,16179,10318,2934,45505,828,642,882,2352,47857
21-02-2017,1,15774,16012,10156,2769,44711,801,628,861,2290,47001
21-02-2017,2,15633,15815,10083,2759,44290,794,620,839,2253,46543
21-02-2017,3,15531,15856,10194,2685,44266,804,633,861,2298,46564
21-02-2017,4,15834,16210,10603,2794,45441,850,676,930,2456,47897
21-02-2017,5,16521,16933,11431,3086,47971,981,794,1137,2912,50883
21-02-2017,6,17700,18700,11788,3672,51860,1116,925,1300,3341,55201
21-02-2017,7,18979,20481,11902,4254,55616,1205,1026,1424,3655,59271
21-02-2017,8,19290,20625,12022,4426,56363,1243,1088,1474,3805,60168
21-02-2017,9,19267,20669,11880,4425,56241,1237,1077,1483,3797,60038
21-02-2017,10,19107,20460,11731,4415,55713,1230,1067,1482,3779,59492
21-02-2017,11,18722,20253,11548,4385,54908,1213,1033,1449,3695,58603
21-02-2017,12,18620,19978,11376,4298,54272,1234,1064,1462,3760,58032
21-02-2017,13,18399,19851,11329,4287,53866,1207,1056,1440,3703,57569
21-02-2017,14,18304,19591,11328,4166,53389,1203,1045,1424,3672,57061
21-02-2017,15,18303,19703,11302,4040,53348,1178,1034,1398,3610,56958
21-02-2017,16,18528,19848,11593,4124,54093,1194,1033,1395,3622,57715
21-02-2017,17,18982,21133,12108,4611,56834,1254,1085,1473,3812,60646
21-02-2017,18,19241,21413,12239,4778,57671,1236,1057,1451,3744,61415
21-02-2017,19,19117,20955,12047,4479,56598,1203,1013,1403,3619,60217
21-02-2017,20,18889,20329,11579,4207,55004,1148,956,1309,3413,58417
21-02-2017,21,18446,19649,11773,3862,53730,1058,861,1156,3075,56805
21-02-2017,22,17789,18456,11599,3507,51351,966,773,1029,2768,54119
21-02-2017,23,17055,17405,11124,3186,48770,890,701,949,2540,51310
22-02-2017,0,16451,16923,10827,3103,47304,864,661,905,2430,49734
22-02-2017,1,16186,16646,10614,2933,46379,854,647,893,2394,48773
22-02-2017,2,16055,16545,10529,2961,46090,856,642,897,2395,48485
22-02-2017,3,16125,16769,10627,3022,46543,864,653,915,2432,48975
22-02-2017,4,16250,16989,11078,3123,47440,903,702,989,2594,50034
22-02-2017,5,16663,17669,12009,3389,49730,1026,834,1212,3072,52802
22-02-2017,6,17973,19414,12264,3933,53584,1147,956,1364,3467,57051
22-02-2017,7,19378,20594,12189,4395,56556,1245,1052,1474,3771,60327
22-02-2017,8,19621,20779,12170,4491,57061,1283,1104,1525,3912,60973
22-02-2017,9,19531,21064,12178,4420,57193,1275,1094,1509,3878,61071
22-02-2017,10,19359,21009,12112,4458,56938,1271,1085,1504,3860,60798
22-02-2017,11,19063,20708,12145,4411,56327,1260,1070,1493,3823,60150
22-02-2017,12,18915,20600,11947,4284,55746,1300,1099,1470,3869,59615
22-02-2017,13,18672,20536,11863,4287,55358,1281,1093,1501,3875,59233
22-02-2017,14,18799,20334,11836,4249,55218,1282,1088,1479,3849,59067
22-02-2017,15,18828,20288,11794,4135,55045,1264,1088,1441,3793,58838
22-02-2017,16,18718,20361,12146,4176,55401,1272,1065,1420,3757,59158
22-02-2017,17,18916,20961,12481,4558,56916,1304,1114,1498,3916,60832
22-02-2017,18,19247,20947,12527,4637,57358,1281,1092,1454,3827,61185
22-02-2017,19,19307,20632,12407,4355,56701,1259,1046,1403,3708,60409
22-02-2017,20,18996,19937,11679,4077,54689,1182,968,1298,3448,58137
22-02-2017,21,18640,19326,11734,3775,53475,1095,870,1158,3123,56598
22-02-2017,22,17974,18323,11395,3442,51134,986,779,1014,2779,53913
22-02-2017,23,17229,17626,10833,3145,48833,911,721,918,2550,51383
23-02-2017,0,16775,16975,10525,3024,47299,883,681,874,2438,49737
23-02-2017,1,16446,16420,10344,2930,46140,859,664,854,2377,48517
23-02-2017,2,16450,16257,10262,2940,45909,851,653,832,2336,48245
23-02-2017,3,16466,16507,10400,2808,46181,855,658,853,2366,48547
23-02-2017,4,16707,16914,10733,2895,47249,893,699,923,2515,49764
23-02-2017,5,17236,17894,11540,3174,49844,1023,819,1140,2982,52826
23-02-2017,6,18432,19775,11865,3879,53951,1139,940,1307,3386,57337
23-02-2017,7,20030,21163,11923,4460,57576,1235,1045,1439,3719,61295
23-02-2017,8,20431,21337,11960,4677,58405,1268,1110,1486,3864,62269
23-02-2017,9,20515,21656,11954,4705,58830,1259,1112,1505,3876,62706
23-02-2017,10,20036,21208,11945,4765,57954,1233,1091,1499,3823,61777
23-02-2017,11,19598,21073,11961,4780,57412,1196,1053,1434,3683,61095
23-02-2017,12,19250,20958,11848,4737,56793,1183,1069,1439,3691,60484
23-02-2017,13,19024,20764,11847,4793,56428,1157,1058,1433,3648,60076
23-02-2017,14,18939,20676,11758,4725,56098,1151,1049,1424,3624,59722
23-02-2017,15,19062,20648,11688,4633,56031,1149,1037,1395,3581,59612
23-02-2017,16,19025,20711,11851,4757,56344,1156,1027,1393,3576,59920
23-02-2017,17,19436,21364,12155,5147,58102,1207,1096,1495,3798,61900
23-02-2017,18,20076,21374,12314,5049,58813,1177,1071,1485,3733,62546
23-02-2017,19,19665,20827,12152,4708,57352,1142,1034,1431,3607,60959
23-02-2017,20,19368,20269,11600,4348,55585,1083,958,1329,3370,58955
23-02-2017,21,19227,19469,11647,4065,54408,1013,872,1181,3066,57474
23-02-2017,22,18539,18384,11414,3740,52077,950,781,1047,2778,54855
23-02-2017,23,17901,17678,10948,3401,49928,885,707,965,2557,52485
24-02-2017,0,17417,17253,10589,3211,48470,854,672,929,2455,50925
24-02-2017,1,16981,17100,10434,3100,47615,832,656,933,2421,50036
24-02-2017,2,17026,17049,10388,3093,47556,824,651,914,2389,49945
24-02-2017,3,17123,17206,10581,3096,48006,825,665,942,2432,50438
24-02-2017,4,17287,17742,10988,3188,49205,844,720,970,2534,51739
24-02-2017,5,17877,18667,11898,3483,51925,893,845,1201,2939,54864
24-02-2017,6,19245,20892,12111,4039,56287,926,961,1349,3236,59523
24-02-2017,7,20844,22289,12227,4610,59970,995,1052,1449,3496,63466
24-02-2017,8,21268,22516,12227,4793,60804,1046,1103,1530,3679,64483
24-02-2017,9,21009,22226,12191,4718,60144,1074,1084,1531,3689,63833
24-02-2017,10,20641,21919,12111,4691,59362,1070,1057,1514,3641,63003
24-02-2017,11,20086,21545,12054,4542,58227,1044,1018,1477,3539,61766
24-02-2017,12,19659,20942,11961,4300,56862,1045,1046,1469,3560,60422
24-02-2017,13,19277,20164,11885,4130,55456,1039,1040,1438,3517,58973
24-02-2017,14,19019,19679,11859,3943,54500,1032,1014,1407,3453,57953
24-02-2017,15,18750,19543,11917,3844,54054,1035,992,1373,3400,57454
24-02-2017,16,18690,20153,12102,3949,54894,1066,991,1391,3448,58342
24-02-2017,17,19115,21022,12584,4364,57085,1122,1060,1478,3660,60745
24-02-2017,18,19702,21307,12688,4623,58320,1101,1045,1466,3612,61932
24-02-2017,19,19612,20586,12433,4332,56963,1066,1002,1404,3472,60435
24-02-2017,20,19107,19769,11938,3983,54797,1041,937,1313,3291,58088
24-02-2017,21,18741,19044,11968,3763,53516,992,859,1173,3024,56540
24-02-2017,22,18195,18400,11660,3596,51851,945,784,1053,2782,54633
24-02-2017,23,17683,17559,11208,3331,49781,894,715,968,2577,52358
25-02-2017,0,17089,17244,10809,3085,48227,853,680,895,2428,50655
25-02-2017,1,16995,17002,10658,3011,47666,831,659,866,2356,50022
25-02-2017,2,16816,16944,10542,2977,47279,825,650,838,2313,49592
25-02-2017,3,16832,17009,10622,2962,47425,828,651,854,2333,49758
25-02-2017,4,16901,17243,10721,2984,47849,843,674,878,2395,50244
25-02-2017,5,17001,17426,10975,3046,48448,884,720,963,2567,51015
25-02-2017,6,17523,18445,10863,3273,50104,911,744,1020,2675,52779
25-02-2017,7,18079,19130,11066,3452,51727,983,829,1132,2944,54671
25-02-2017,8,18838,19781,11307,3722,53648,1044,900,1216,3160,56808
25-02-2017,9,19452,20258,11406,3866,54982,1076,929,1256,3261,58243
25-02-2017,10,19471,19939,11351,3924,54685,1081,926,1259,3266,57951
25-02-2017,11,19362,19392,11160,3897,53811,1067,919,1245,3231,57042
25-02-2017,12,19099,18677,11042,3835,52653,1052,915,1227,3194,55847
25-02-2017,13,18865,18290,10910,3796,51861,1035,905,1192,3132,54993
25-02-2017,14,18703,18071,10872,3740,51386,1023,889,1176,3088,54474
25-02-2017,15,18942,18223,11077,3806,52048,1025,884,1185,3094,55142
25-02-2017,16,19060,18447,11358,3895,52760,1065,896,1218,3179,55939
25-02-2017,17,19330,18977,12085,4244,54636,1145,973,1339,3457,58093
25-02-2017,18,19575,19068,12091,4342,55076,1137,971,1351,3459,58535
25-02-2017,19,19239,18892,11701,4054,53886,1098,947,1306,3351,57237
25-02-2017,20,18547,18516,11232,3753,52048,1052,899,1227,3178,55226
25-02-2017,21,18062,17865,11446,3552,50925,984,824,1095,2903,53828
25-02-2017,22,17669,17360,11329,3346,49704,936,756,991,2683,52387
25-02-2017,23,17027,16859,10929,3133,47948,883,693,920,2496,50444
26-02-2017,0,16740,16479,10592,2864,46675,858,661,861,2380,49055
26-02-2017,1,16474,16143,10432,2800,45849,845,642,840,2327,48176
26-02-2017,2,16133,15923,10319,2745,45120,836,640,828,2304,47424
26-02-2017,3,16068,15821,10406,2764,45059,834,644,832,2310,47369
26-02-2017,4,16223,15811,10512,2869,45415,844,674,853,2371,47786
26-02-2017,5,16345,15894,10747,2842,45828,878,711,911,2500,48328
26-02-2017,6,16620,16156,10511,2987,46274,893,739,952,2584,48858
26-02-2017,7,16844,16503,10756,3218,47321,957,811,1038,2806,50127
26-02-2017,8,17278,17004,10969,3535,48786,1032,873,1123,3028,51814
26-02-2017,9,17667,17772,11118,3754,50311,1055,902,1171,3128,53439
26-02-2017,10,17855,18110,11094,3830,50889,1060,908,1194,3162,54051
26-02-2017,11,17568,18317,10968,3842,50695,1052,895,1200,3147,53842
26-02-2017,12,17341,18392,10836,3808,50377,1048,883,1198,3129,53506
26-02-2017,13,17124,18097,10701,3759,49681,1039,882,1182,3103,52784
26-02-2017,14,17124,18013,10704,3718,49559,1037,871,1169,3077,52636
26-02-2017,15,17181,18117,10821,3692,49811,1041,870,1179,3090,52901
26-02-2017,16,17403,18597,11073,3856,50929,1091,899,1216,3206,54135
26-02-2017,17,17920,19216,11657,4287,53080,1171,969,1320,3460,56540
26-02-2017,18,18489,19692,11694,4407,54282,1157,967,1329,3453,57735
26-02-2017,19,18355,19319,11473,4135,53282,1118,947,1290,3355,56637
26-02-2017,20,18185,18854,11207,3843,52089,1057,896,1196,3149,55238
26-02-2017,21,17889,18231,11390,3549,51059,991,819,1064,2874,53933
26-02-2017,22,17440,17419,11348,3202,49409,932,742,945,2619,52028
26-02-2017,23,16872,16919,10942,2960,47693,885,678,879,2442,50135
27-02-2017,0,16393,16488,10775,2780,46436,855,649,851,2355,48791
27-02-2017,1,16088,16184,10658,2676,45606,841,640,811,2292,47898
27-02-2017,2,15934,16015,10628,2609,45186,824,632,830,2286,47472
27-02-2017,3,15900,16170,10769,2623,45462,821,646,849,2316,47778
27-02-2017,4,16003,16323,11217,2727,46270,861,701,929,2491,48761
27-02-2017,5,16455,17062,12105,3022,48644,1000,828,1176,3004,51648
27-02-2017,6,17986,19230,12168,3693,53077,1110,945,1348,3403,56480
27-02-2017,7,19699,20523,12355,4318,56895,1219,1047,1484,3750,60645
27-02-2017,8,19735,20744,12405,4500,57384,1255,1102,1536,3893,61277
27-02-2017,9,19242,20586,12262,4604,56694,1249,1104,1535,3888,60582
27-02-2017,10,19334,20840,12188,4688,57050,1237,1097,1531,3865,60915
27-02-2017,11,18786,20763,12145,4666,56360,1208,1060,1526,3794,60154
27-02-2017,12,18662,20680,12058,4664,56064,1220,1078,1534,3832,59896
27-02-2017,13,18494,20671,11969,4745,55879,1210,1075,1515,3800,59679
27-02-2017,14,18421,20621,11834,4630,55506,1216,1060,1490,3766,59272
27-02-2017,15,18332,20629,11623,4498,55082,1194,1049,1460,3703,58785
27-02-2017,16,18508,20586,11674,4438,55206,1193,1037,1436,3666,58872
27-02-2017,17,18849,20983,11993,4766,56591,1248,1085,1495,3828,60419
27-02-2017,18,19077,21074,12098,4777,57026,1228,1060,1484,3772,60798
27-02-2017,19,18852,20438,11935,4452,55677,1196,1018,1435,3649,59326
27-02-2017,20,18603,19605,11530,4073,53811,1130,956,1322,3408,57219
27-02-2017,21,18085,18703,11599,3775,52162,1033,856,1133,3022,55184
27-02-2017,22,17455,17586,11334,3425,49800,944,765,987,2696,52496
27-02-2017,23,16673,16612,10775,3099,47159,874,703,905,2482,49641
28-02-2017,0,16119,16053,10473,2847,45492,847,665,857,2369,47861
28-02-2017,1,15695,15897,10279,2809,44680,826,650,836,2312,46992
28-02-2017,2,15564,15771,10191,2771,44297,816,644,831,2291,46588
28-02-2017,3,15646,15734,10255,2756,44391,817,650,845,2312,46703
28-02-2017,4,15648,16007,10588,2833,45076,856,691,914,2461,47537
28-02-2017,5,16102,16799,11353,3099,47353,980,816,1146,2942,50295
28-02-2017,6,17421,18670,11541,3791,51423,1098,921,1294,3313,54736
28-02-2017,7,18945,19874,11569,4349,54737,1196,1031,1409,3636,58373
28-02-2017,8,19107,20520,11618,4539,55784,1224,1082,1443,3749,59533
28-02-2017,9,19084,20675,11563,4673,55995,1209,1072,1429,3710,59705
28-02-2017,10,19013,20330,11496,4674,55513,1187,1058,1406,3651,59164
28-02-2017,11,18790,20223,11511,4596,55120,1181,1012,1397,3590,58710
28-02-2017,12,18665,20038,11451,4524,54678,1201,1034,1427,3662,58340
28-02-2017,13,18736,20047,11319,4539,54641,1189,1032,1423,3644,58285
28-02-2017,14,18816,19957,11256,4440,54469,1177,1016,1407,3600,58069
28-02-2017,15,18748,19914,11162,4374,54198,1157,1007,1379,3543,57741
28-02-2017,16,18636,20024,11203,4351,54214,1151,995,1370,3516,57730
28-02-2017,17,18781,20526,11551,4713,55571,1201,1055,1469,3725,59296
28-02-2017,18,19075,20907,11666,4819,56467,1182,1044,1452,3678,60145
28-02-2017,19,18848,20418,11474,4561,55301,1150,1006,1408,3564,58865
28-02-2017,20,18538,19725,10934,4255,53452,1086,935,1299,3320,56772
28-02-2017,21,18233,18838,10922,3970,51963,1006,833,1140,2979,54942
28-02-2017,22,17659,17844,10607,3646,49756,921,747,996,2664,52420
28-02-2017,23,16830,16676,10156,3343,47005,856,691,929,2476,49481
01-03-2017,0,16318,16384,9892,3177,45771,823,665,888,2376,48147
01-03-2017,1,15966,15943,9686,3076,44671,802,652,868,2322,46993
01-03-2017,2,15878,15836,9626,3050,44390,802,645,836,2283,46673
01-03-2017,3,15899,15831,9682,3090,44502,808,657,869,2334,46836
01-03-2017,4,15981,16016,9966,3153,45116,854,700,932,2486,47602
01-03-2017,5,16279,17002,10731,3400,47412,985,820,1155,2960,50372
01-03-2017,6,17856,18883,10882,4057,51678,1100,934,1280,3314,54992
01-03-2017,7,19237,20367,11064,4633,55301,1187,1052,1454,3693,58994
01-03-2017,8,19525,20448,11173,4770,55916,1244,1108,1505,3857,59773
01-03-2017,9,19432,20230,11163,4691,55516,1236,1123,1505,3864,59380
01-03-2017,10,19177,20242,11202,4774,55395,1228,1117,1497,3842,59237
01-03-2017,11,18820,20062,11156,4758,54796,1203,1081,1473,3757,58553
01-03-2017,12,18633,19888,11079,4646,54246,1236,1112,1483,3831,58077
01-03-2017,13,18385,19723,11006,4671,53785,1228,1100,1457,3785,57570
01-03-2017,14,18377,19700,10962,4569,53608,1232,1082,1449,3763,57371
01-03-2017,15,18291,19817,10991,4394,53493,1208,1064,1410,3682,57175
01-03-2017,16,18393,19870,11111,4415,53789,1213,1029,1397,3639,57428
01-03-2017,17,18663,20620,11457,4801,55541,1237,1073,1470,3780,59321
01-03-2017,18,19204,20895,11580,4974,56653,1200,1047,1469,3716,60369
01-03-2017,19,19239,20685,11405,4727,56056,1158,1014,1420,3592,59648
01-03-2017,20,18940,19981,10865,4420,54206,1103,951,1315,3369,57575
01-03-2017,21,18486,19277,10924,4131,52818,1016,859,1149,3024,55842
01-03-2017,22,17792,18145,10608,3805,50350,935,775,1015,2725,53075
01-03-2017,23,17004,17002,10161,3464,47631,862,705,920,2487,50118
02-03-2017,0,16596,16371,9853,3278,46098,833,671,880,2384,48482
02-03-2017,1,16285,16164,9598,3176,45223,824,656,863,2343,47566
02-03-2017,2,16128,16039,9569,3132,44868,812,652,866,2330,47198
02-03-2017,3,16229,16085,9601,3147,45062,818,659,884,2361,47423
02-03-2017,4,16449,16424,9991,3238,46102,858,705,948,2511,48613
02-03-2017,5,17031,17045,10819,3505,48400,969,828,1174,2971,51371
02-03-2017,6,18585,18739,11028,4158,52510,1081,938,1323,3342,55852
02-03-2017,7,20019,20407,11086,4702,56214,1196,1047,1438,3681,59895
02-03-2017,8,20438,20754,11150,4923,57265,1240,1092,1488,3820,61085
02-03-2017,9,20111,20484,11119,4917,56631,1234,1092,1478,3804,60435
02-03-2017,10,19969,20650,11172,4970,56761,1229,1074,1458,3761,60522
02-03-2017,11,19589,20272,11148,4891,55900,1199,1020,1422,3641,59541
02-03-2017,12,19240,19905,11087,4687,54919,1209,1028,1426,3663,58582
02-03-2017,13,19024,19675,11021,4667,54387,1192,1032,1428,3652,58039
02-03-2017,14,18910,19590,11002,4544,54046,1183,1019,1422,3624,57670
02-03-2017,15,18931,19611,11068,4354,53964,1156,994,1394,3544,57508
02-03-2017,16,19009,19433,11163,4395,54000,1154,988,1396,3538,57538
02-03-2017,17,19453,20043,11588,4711,55795,1207,1045,1481,3733,59528
02-03-2017,18,19621,20634,11522,4912,56689,1202,1039,1478,3719,60408
02-03-2017,19,19415,20493,11020,4656,55584,1163,1006,1437,3606,59190
02-03-2017,20,19255,19964,10921,4350,54490,1100,940,1326,3366,57856
02-03-2017,21,18732,18750,11110,4051,52643,1009,854,1148,3011,55654
02-03-2017,22,18138,17782,10388,3748,50056,922,769,1022,2713,52769
02-03-2017,23,17315,16820,10357,3428,47920,857,703,917,2477,50397
03-03-2017,0,16757,16369,10050,3150,46326,833,670,902,2405,48731
03-03-2017,1,16432,16190,9860,3094,45576,817,656,877,2350,47926
03-03-2017,2,16378,16089,9823,3051,45341,814,650,871,2335,47676
03-03-2017,3,16444,16055,10204,3076,45779,817,664,896,2377,48156
03-03-2017,4,16553,16429,10908,3121,47011,858,703,951,2512,49523
03-03-2017,5,17079,16930,11103,3377,48489,977,817,1164,2958,51447
03-03-2017,6,18380,19047,11279,3999,52705,1090,924,1314,3328,56033
03-03-2017,7,19731,20373,11495,4540,56139,1192,1024,1449,3665,59804
03-03-2017,8,20244,20674,11620,4710,57248,1228,1083,1507,3818,61066
03-03-2017,9,20064,20551,11612,4726,56953,1225,1074,1503,3802,60755
03-03-2017,10,19768,20546,11559,4697,56570,1220,1053,1485,3758,60328
03-03-2017,11,19576,20606,11563,4608,56353,1195,1011,1447,3653,60006
03-03-2017,12,19203,20140,11343,4500,55186,1204,1031,1456,3691,58877
03-03-2017,13,18970,19871,11259,4425,54525,1185,1015,1422,3622,58147
03-03-2017,14,18874,19798,11291,4262,54225,1185,1005,1394,3584,57809
03-03-2017,15,18787,19680,11369,4173,54009,1169,993,1365,3527,57536
03-03-2017,16,18675,19637,11456,4266,54034,1170,981,1372,3523,57557
03-03-2017,17,19000,20172,11904,4615,55691,1211,1028,1442,3681,59372
03-03-2017,18,19371,20563,12020,4786,56740,1202,1022,1453,3677,60417
03-03-2017,19,19101,19797,11779,4507,55184,1146,982,1379,3507,58691
03-03-2017,20,18583,18964,11256,4156,52959,1102,917,1278,3297,56256
03-03-2017,21,18189,18345,11311,3890,51735,1034,837,1138,3009,54744
03-03-2017,22,17851,17792,11070,3611,50324,953,764,1025,2742,53066
03-03-2017,23,17347,17079,10579,3373,48378,896,700,941,2537,50915
04-03-2017,0,16868,16135,10299,3171,46473,853,657,872,2382,48855
04-03-2017,1,16411,15908,10112,3041,45472,825,639,851,2315,47787
04-03-2017,2,16243,15777,10014,2954,44988,813,631,831,2275,47263
04-03-2017,3,16278,15793,10015,2959,45045,815,631,847,2293,47338
04-03-2017,4,16243,15735,10139,2969,45086,832,647,857,2336,47422
04-03-2017,5,16511,15992,10382,2959,45844,872,686,940,2498,48342
04-03-2017,6,16855,16490,10251,3184,46780,892,726,1000,2618,49398
04-03-2017,7,17208,17075,10584,3465,48332,968,813,1121,2902,51234
04-03-2017,8,18045,17890,10833,3754,50522,1031,877,1209,3117,53639
04-03-2017,9,18589,18657,10870,3938,52054,1068,903,1242,3213,55267
04-03-2017,10,18768,18853,10887,4042,52550,1062,894,1246,3202,55752
04-03-2017,11,18540,18749,10862,3963,52114,1059,880,1233,3172,55286
04-03-2017,12,18224,18609,10741,3864,51438,1046,868,1214,3128,54566
04-03-2017,13,18011,18542,10665,3771,50989,1033,859,1182,3074,54063
04-03-2017,14,17732,18142,10704,3714,50292,1021,840,1146,3007,53299
04-03-2017,15,17801,17940,10910,3697,50348,1021,841,1166,3028,53376
04-03-2017,16,17963,18161,11120,3849,51093,1049,855,1194,3098,54191
04-03-2017,17,18230,18801,11766,4190,52987,1115,920,1293,3328,56315
04-03-2017,18,18668,19089,11896,4348,54001,1116,935,1319,3370,57371
04-03-2017,19,18607,18782,11517,4079,52985,1068,910,1269,3247,56232
04-03-2017,20,18208,18228,11156,3815,51407,1030,859,1192,3081,54488
04-03-2017,21,17864,17944,11310,3568,50686,960,791,1058,2809,53495
04-03-2017,22,17520,17272,11187,3381,49360,911,726,962,2599,51959
04-03-2017,23,17189,16863,10770,3170,47992,848,666,887,2401,50393
05-03-2017,0,16778,16540,10514,2991,46823,831,636,840,2307,49130
05-03-2017,1,16481,16287,10303,2872,45943,811,622,820,2253,48196
05-03-2017,2,16263,16285,10262,2863,45673,806,611,813,2230,47903
05-03-2017,3,16187,16255,10251,2880,45573,807,615,812,2234,47807
05-03-2017,4,16238,16399,10428,2923,45988,822,631,836,2289,48277
05-03-2017,5,16542,16625,10598,2939,46704,846,665,890,2401,49105
05-03-2017,6,16887,16936,10418,3136,47377,864,694,925,2483,49860
05-03-2017,7,17128,17319,10602,3183,48232,932,763,983,2678,50910
05-03-2017,8,17709,17957,10797,3569,50032,999,829,1102,2930,52962
05-03-2017,9,18165,18584,10857,3827,51433,1027,865,1142,3034,54467
05-03-2017,10,18412,18875,10786,3978,52051,1025,879,1150,3054,55105
05-03-2017,11,18377,18995,10647,4071,52090,1023,881,1146,3050,55140
05-03-2017,12,18337,19014,10451,4096,51898,1012,881,1137,3030,54928
05-03-2017,13,18275,18962,10359,4046,51642,1007,875,1133,3015,54657
05-03-2017,14,18002,18909,10289,4023,51223,1009,874,1136,3019,54242
05-03-2017,15,17862,18877,10347,3997,51083,1016,873,1150,3039,54122
05-03-2017,16,18088,19346,10584,4103,52121,1052,896,1184,3132,55253
05-03-2017,17,18401,19982,11218,4441,54042,1125,967,1260,3352,57394
05-03-2017,18,19177,20577,11475,4548,55777,1153,989,1333,3475,59252
05-03-2017,19,19270,20339,11264,4309,55182,1116,972,1288,3376,58558
05-03-2017,20,18970,19691,10942,3978,53581,1070,923,1214,3207,56788
05-03-2017,21,18789,19064,11218,3664,52735,1000,851,1079,2930,55665
05-03-2017,22,18264,18198,11189,3360,51011,927,767,942,2636,53647
05-03-2017,23,17515,17544,10877,3097,49033,873,697,880,2450,51483
06-03-2017,0,17060,17391,10750,2930,48131,844,667,844,2355,50486
06-03-2017,1,16924,17371,10573,2837,47705,835,654,823,2312,50017
06-03-2017,2,16828,17278,10572,2832,47510,830,653,791,2274,49784
06-03-2017,3,16880,17431,10774,2873,47958,837,659,828,2324,50282
06-03-2017,4,17088,17913,11222,2954,49177,883,698,906,2487,51664
06-03-2017,5,17611,18693,12104,3199,51607,1007,817,1143,2967,54574
06-03-2017,6,19275,20454,12262,3871,55862,1130,935,1307,3372,59234
06-03-2017,7,20983,21999,12547,4471,60000,1231,1054,1461,3746,63746
06-03-2017,8,21329,22459,12609,4662,61059,1264,1117,1538,3919,64978
06-03-2017,9,21040,22288,12344,4769,60441,1260,1116,1551,3927,64368
06-03-2017,10,20527,21847,12059,4892,59325,1247,1103,1557,3907,63232
06-03-2017,11,20145,21606,11910,4848,58509,1216,1067,1548,3831,62340
06-03-2017,12,19931,21363,11708,4805,57807,1228,1089,1569,3886,61693
06-03-2017,13,19680,21240,11542,4801,57263,1212,1088,1561,3861,61124
06-03-2017,14,19517,21066,11479,4726,56788,1202,1072,1525,3799,60587
06-03-2017,15,19393,21033,11435,4603,56464,1179,1071,1482,3732,60196
06-03-2017,16,19477,21153,11513,4601,56744,1181,1056,1470,3707,60451
06-03-2017,17,19821,21911,11891,5001,58624,1238,1103,1510,3851,62475
06-03-2017,18,20266,22544,12271,5025,60106,1249,1098,1471,3818,63924
06-03-2017,19,20386,22074,12135,4751,59346,1208,1057,1414,3679,63025
06-03-2017,20,20122,21349,11724,4394,57589,1142,996,1335,3473,61062
06-03-2017,21,19716,20625,11830,4124,56295,1059,900,1174,3133,59428
06-03-2017,22,19108,19877,11592,3793,54370,973,804,1062,2839,57209
06-03-2017,23,18318,18873,11146,3440,51777,914,727,941,2582,54359
07-03-2017,0,17777,18297,10934,3276,50284,891,690,889,2470,52754
07-03-2017,1,17493,17949,10736,3196,49374,877,682,871,2430,51804
07-03-2017,2,17455,18022,10768,3164,49409,873,677,875,2425,51834
07-03-2017,3,17528,18022,10874,3155,49579,881,684,882,2447,52026
07-03-2017,4,17795,18478,11207,3207,50687,923,726,975,2624,53311
07-03-2017,5,18563,19264,12020,3398,53245,1054,844,1202,3100,56345
07-03-2017,6,20035,21166,12209,4051,57461,1163,958,1323,3444,60905
07-03-2017,7,21651,22604,12338,4662,61255,1270,1078,1451,3799,65054
07-03-2017,8,21884,23080,12365,4933,62262,1310,1136,1530,3976,66238
07-03-2017,9,21487,23117,12203,5054,61861,1315,1143,1514,3972,65833
07-03-2017,10,21093,22912,12047,5114,61166,1308,1131,1539,3978,65144
07-03-2017,11,20299,22378,11950,5096,59723,1287,1094,1523,3904,63627
07-03-2017,12,20088,22479,11862,4966,59395,1294,1120,1513,3927,63322
07-03-2017,13,19701,22206,11798,4960,58665,1278,1126,1497,3901,62566
07-03-2017,14,19565,22096,11715,4840,58216,1271,1109,1491,3871,62087
07-03-2017,15,19574,22321,11536,4711,58142,1239,1091,1461,3791,61933
07-03-2017,16,19558,22066,11554,4747,57925,1241,1058,1434,3733,61658
07-03-2017,17,19731,22479,11921,5069,59200,1275,1105,1486,3866,63066
07-03-2017,18,20277,23025,12152,5181,60635,1262,1106,1501,3869,64504
07-03-2017,19,20430,22568,11966,4994,59958,1228,1063,1453,3744,63702
07-03-2017,20,20247,21904,11420,4676,58247,1175,992,1354,3521,61768
07-03-2017,21,19963,21204,11487,4324,56978,1101,887,1195,3183,60161
07-03-2017,22,19306,19825,11314,3988,54433,1014,796,1056,2866,57299
07-03-2017,23,18546,18998,10793,3629,51966,941,726,990,2657,54623
08-03-2017,0,17925,18527,10575,3397,50424,904,683,946,2533,52957
08-03-2017,1,17545,18136,10387,3314,49382,873,677,911,2461,51843
08-03-2017,2,17462,18158,10317,3266,49203,863,672,905,2440,51643
08-03-2017,3,17403,18070,10431,3274,49178,858,682,919,2459,51637
08-03-2017,4,17515,18169,10805,3349,49838,901,731,995,2627,52465
08-03-2017,5,18164,18810,11581,3609,52164,1013,841,1202,3056,55220
08-03-2017,6,19731,20704,11600,4265,56300,1120,954,1351,3425,59725
08-03-2017,7,21279,22300,11803,4803,60185,1226,1064,1471,3761,63946
08-03-2017,8,21562,22198,11853,4998,60611,1260,1116,1517,3893,64504
08-03-2017,9,21239,22149,11830,4971,60189,1259,1116,1508,3883,64072
08-03-2017,10,20773,22160,11796,5017,59746,1245,1102,1490,3837,63583
08-03-2017,11,20340,21670,11722,4926,58658,1217,1055,1456,3728,62386
08-03-2017,12,19890,21553,11709,4774,57926,1241,1078,1468,3787,61713
08-03-2017,13,19877,21469,11647,4770,57763,1223,1066,1457,3746,61509
08-03-2017,14,19742,21172,11592,4770,57276,1222,1053,1452,3727,61003
08-03-2017,15,19842,21328,11479,4647,57296,1198,1033,1425,3656,60952
08-03-2017,16,19897,21373,11493,4661,57424,1182,1011,1398,3591,61015
08-03-2017,17,20126,21790,11832,5024,58772,1220,1049,1450,3719,62491
08-03-2017,18,20437,22304,12107,5035,59883,1218,1058,1491,3767,63650
08-03-2017,19,20410,21644,11959,4732,58745,1171,1026,1440,3637,62382
08-03-2017,20,20215,21081,11321,4382,56999,1125,961,1343,3429,60428
08-03-2017,21,19776,20273,11367,4106,55522,1041,876,1182,3099,58621
08-03-2017,22,18984,19105,11116,3783,52988,965,795,1051,2811,55799
08-03-2017,23,18041,17917,10618,3465,50041,898,724,977,2599,52640
09-03-2017,0,17629,17502,10282,3252,48665,867,685,933,2485,51150
09-03-2017,1,17127,17275,10100,3143,47645,853,674,913,2440,50085
09-03-2017,2,17039,16945,10037,3081,47102,847,666,911,2424,49526
09-03-2017,3,16933,16928,10057,3077,46995,856,675,917,2448,49443
09-03-2017,4,16959,16877,10420,3128,47384,895,718,987,2600,49984
09-03-2017,5,17331,17503,11251,3403,49488,997,822,1178,2997,52485
09-03-2017,6,18763,19422,11411,4019,53615,1115,941,1330,3386,57001
09-03-2017,7,20172,20846,11554,4579,57151,1217,1048,1468,3733,60884
09-03-2017,8,20501,21304,11565,4783,58153,1237,1094,1528,3859,62012
09-03-2017,9,20313,21445,11496,4786,58040,1231,1082,1522,3835,61875
09-03-2017,10,19945,21491,11390,4818,57644,1213,1055,1521,3789,61433
09-03-2017,11,19541,21208,11383,4788,56920,1187,1020,1492,3699,60619
09-03-2017,12,19236,20928,11439,4630,56233,1210,1038,1500,3748,59981
09-03-2017,13,19110,20889,11399,4618,56016,1199,1033,1491,3723,59739
09-03-2017,14,18952,20788,11363,4543,55646,1194,1017,1498,3709,59355
09-03-2017,15,18889,20666,11194,4502,55251,1170,1011,1477,3658,58909
09-03-2017,16,18901,20482,11211,4564,55158,1162,1005,1458,3625,58783
09-03-2017,17,18859,20903,11572,4913,56247,1208,1051,1514,3773,60020
09-03-2017,18,19184,21312,11822,5002,57320,1217,1064,1533,3814,61134
09-03-2017,19,19227,21028,11642,4699,56596,1179,1028,1470,3677,60273
09-03-2017,20,18976,20147,11127,4357,54607,1123,956,1359,3438,58045
09-03-2017,21,18660,19164,11208,4072,53104,1027,867,1202,3096,56200
09-03-2017,22,17919,18029,10899,3684,50531,937,782,1063,2782,53313
09-03-2017,23,17242,17259,10443,3369,48313,888,709,980,2577,50890
10-03-2017,0,16819,16538,10079,3137,46573,855,675,903,2433,49006
10-03-2017,1,16457,16245,9941,3033,45676,842,657,909,2408,48084
10-03-2017,2,16445,16051,9893,2925,45314,841,653,889,2383,47697
10-03-2017,3,16428,16140,9976,2951,45495,847,662,917,2426,47921
10-03-2017,4,16533,16404,10383,3038,46358,889,709,969,2567,48925
10-03-2017,5,17200,16873,11138,3297,48508,1003,818,1203,3024,51532
10-03-2017,6,18327,18466,11340,3888,52021,1114,936,1367,3417,55438
10-03-2017,7,19737,19985,11466,4402,55590,1223,1053,1507,3783,59373
10-03-2017,8,19986,20142,11583,4575,56286,1249,1107,1553,3909,60195
10-03-2017,9,19442,20078,11438,4552,55510,1238,1103,1537,3878,59388
10-03-2017,10,19077,20037,11429,4585,55128,1226,1074,1522,3822,58950
10-03-2017,11,18569,20000,11364,4490,54423,1172,1039,1484,3695,58118
10-03-2017,12,18102,19726,11273,4289,53390,1182,1053,1475,3710,57100
10-03-2017,13,17812,19135,11236,4167,52350,1157,1039,1441,3637,55987
10-03-2017,14,17465,18921,11199,4005,51590,1147,1023,1406,3576,55166
10-03-2017,15,17407,18795,11112,3858,51172,1119,1008,1389,3516,54688
10-03-2017,16,17387,19019,11159,3965,51530,1113,996,1380,3489,55019
10-03-2017,17,17703,19715,11511,4305,53234,1151,1033,1431,3615,56849
10-03-2017,18,18324,20196,11724,4526,54770,1156,1040,1468,3664,58434
10-03-2017,19,18433,19661,11494,4313,53901,1111,1006,1402,3519,57420
10-03-2017,20,17970,19293,10937,3977,52177,1056,935,1291,3282,55459
10-03-2017,21,17488,18466,11047,3713,50714,975,857,1172,3004,53718
10-03-2017,22,17076,17828,10774,3473,49151,895,790,1059,2744,51895
10-03-2017,23,16630,17196,10311,3232,47369,832,719,974,2525,49894
11-03-2017,0,16136,16782,9982,3047,45947,801,685,928,2414,48361
11-03-2017,1,15857,16528,9804,2915,45104,786,670,899,2355,47459
11-03-2017,2,15741,16433,9692,2841,44707,776,655,888,2319,47026
11-03-2017,3,15806,16305,9778,2806,44695,779,659,887,2325,47020
11-03-2017,4,15935,16379,9885,2845,45044,807,679,900,2386,47430
11-03-2017,5,16170,16648,9912,2923,45653,844,707,945,2496,48149
11-03-2017,6,16522,17031,9856,3127,46536,880,753,1010,2643,49179
11-03-2017,7,17048,17550,10220,3376,48194,949,839,1115,2903,51097
11-03-2017,8,17638,18009,10343,3692,49682,1012,899,1202,3113,52795
11-03-2017,9,17951,18252,10375,3841,50419,1040,923,1246,3209,53628
11-03-2017,10,17818,17731,10232,3880,49661,1042,924,1255,3221,52882
11-03-2017,11,17365,17415,10135,3824,48739,1036,915,1249,3200,51939
11-03-2017,12,17150,16824,10039,3688,47701,1032,910,1229,3171,50872
11-03-2017,13,16834,16422,9979,3621,46856,1016,904,1207,3127,49983
11-03-2017,14,16819,16381,9949,3502,46651,1010,887,1191,3088,49739
11-03-2017,15,16839,16259,10086,3454,46638,1005,880,1177,3062,49700
11-03-2017,16,17087,16451,10387,3548,47473,1025,895,1199,3119,50592
11-03-2017,17,17608,17349,10938,3957,49852,1069,935,1266,3270,53122
11-03-2017,18,17990,18168,11261,4199,51618,1093,960,1319,3372,54990
11-03-2017,19,17908,17841,10919,4017,50685,1057,937,1281,3275,53960
11-03-2017,20,17352,17005,10461,3713,48531,1010,887,1208,3105,51636
11-03-2017,21,16969,16694,10562,3471,47696,940,814,1088,2842,50538
11-03-2017,22,16309,16240,10387,3236,46172,885,750,1009,2644,48816
11-03-2017,23,15919,16013,9992,3054,44978,835,692,936,2463,47441
12-03-2017,0,15871,15956,9689,2912,44428,815,661,877,2353,46781
12-03-2017,1,15524,15842,9486,2837,43689,804,645,863,2312,46001
12-03-2017,2,15225,15579,9383,2784,42971,804,643,832,2279,45250
12-03-2017,3,14944,15650,9360,2775,42729,812,643,837,2292,45021
12-03-2017,4,15127,15785,9474,2812,43198,828,658,868,2354,45552
12-03-2017,5,15298,15997,9570,2861,43726,840,674,915,2429,46155
12-03-2017,6,15562,16275,9430,2996,44263,867,701,958,2526,46789
12-03-2017,7,15915,16730,9684,3254,45583,937,778,1050,2765,48348
12-03-2017,8,16248,17001,9848,3557,46654,995,839,1140,2974,49628
12-03-2017,9,16818,17401,9869,3700,47788,1016,868,1184,3068,50856
12-03-2017,10,17102,17423,9848,3743,48116,1007,869,1194,3070,51186
12-03-2017,11,17115,17485,9804,3720,48124,991,863,1192,3046,51170
12-03-2017,12,17007,17425,9699,3660,47791,983,853,1186,3022,50813
12-03-2017,13,16834,17028,9620,3580,47062,963,842,1165,2970,50032
12-03-2017,14,16908,16963,9731,3499,47101,959,838,1160,2957,50058
12-03-2017,15,16940,16997,9820,3509,47266,960,843,1163,2966,50232
12-03-2017,16,16995,17166,9943,3648,47752,987,862,1191,3040,50792
12-03-2017,17,16963,17742,10426,4051,49182,1059,915,1266,3240,52422
12-03-2017,18,17425,18610,10840,4253,51128,1117,959,1340,3416,54544
12-03-2017,19,17604,18696,10617,4139,51056,1086,941,1314,3341,54397
12-03-2017,20,17444,18249,10242,3841,49776,1043,889,1231,3163,52939
12-03-2017,21,17201,17693,10495,3571,48960,976,810,1102,2888,51848
12-03-2017,22,16674,16806,10391,3314,47185,908,737,977,2622,49807
12-03-2017,23,15986,16091,10077,3119,45273,850,680,911,2441,47714
13-03-2017,0,15475,15885,9775,2997,44132,815,649,869,2333,46465
13-03-2017,1,15355,15744,9628,2921,43648,806,639,848,2293,45941
13-03-2017,2,15265,15706,9609,2914,43494,803,639,848,2290,45784
13-03-2017,3,15304,15738,9694,2970,43706,822,648,861,2331,46037
13-03-2017,4,15451,15953,10113,3047,44564,889,696,945,2530,47094
13-03-2017,5,15981,16735,10917,3288,46921,982,790,1151,2923,49844
13-03-2017,6,17694,18616,11143,3929,51382,1107,901,1334,3342,54724
13-03-2017,7,19008,20426,11310,4509,55253,1226,1031,1489,3746,58999
13-03-2017,8,19377,20556,11371,4738,56042,1262,1096,1527,3885,59927
13-03-2017,9,19190,20377,11247,4737,55551,1256,1105,1534,3895,59446
13-03-2017,10,19001,20354,11188,4813,55356,1241,1086,1521,3848,59204
13-03-2017,11,18907,20002,11059,4785,54753,1207,1039,1487,3733,58486
13-03-2017,12,18891,19691,10889,4669,54140,1220,1050,1492,3762,57902
13-03-2017,13,18906,19543,10785,4642,53876,1200,1037,1466,3703,57579
13-03-2017,14,18889,19440,10718,4555,53602,1194,1023,1428,3645,57247
13-03-2017,15,18829,19516,10639,4406,53390,1160,1003,1394,3557,56947
13-03-2017,16,18843,20083,10630,4445,54001,1151,973,1382,3506,57507
13-03-2017,17,18857,20331,10845,4769,54802,1188,1014,1440,3642,58444
13-03-2017,18,18850,20413,11227,4855,55345,1221,1049,1488,3758,59103
13-03-2017,19,18626,20440,11034,4659,54759,1181,1014,1442,3637,58396
13-03-2017,20,18237,19899,10512,4310,52958,1123,950,1351,3424,56382
13-03-2017,21,17902,19083,10683,3985,51653,1034,861,1194,3089,54742
13-03-2017,22,17132,17823,10445,3622,49022,950,774,1053,2777,51799
13-03-2017,23,16303,17130,9942,3306,46681,889,706,985,2580,49261
14-03-2017,0,15739,16019,9661,3116,44535,863,674,935,2472,47007
14-03-2017,1,15450,15644,9503,3003,43600,852,661,908,2421,46021
14-03-2017,2,15244,15296,9429,2973,42942,845,653,911,2409,45351
14-03-2017,3,15285,15640,9480,2982,43387,852,664,916,2432,45819
14-03-2017,4,15360,15824,9838,3054,44076,891,709,990,2590,46666
14-03-2017,5,15832,16417,10616,3318,46183,975,802,1181,2958,49141
14-03-2017,6,17047,17961,10904,3910,49822,1100,916,1341,3357,53179
14-03-2017,7,18606,19407,11138,4483,53634,1211,1049,1475,3735,57369
14-03-2017,8,18912,19831,11219,4657,54619,1246,1100,1489,3835,58454
14-03-2017,9,18643,19577,11242,4616,54078,1239,1098,1471,3808,57886
14-03-2017,10,18504,19332,11284,4617,53737,1218,1071,1449,3738,57475
14-03-2017,11,18221,19341,11331,4574,53467,1207,1026,1414,3647,57114
14-03-2017,12,17926,19183,11294,4416,52819,1226,1041,1418,3685,56504
14-03-2017,13,17722,19240,11164,4418,52544,1208,1022,1399,3629,56173
14-03-2017,14,17512,19337,11086,4351,52286,1185,999,1383,3567,55853
14-03-2017,15,17254,19692,11116,4201,52263,1156,987,1347,3490,55753
14-03-2017,16,17182,19759,11140,4244,52325,1150,964,1334,3448,55773
14-03-2017,17,17418,19889,11379,4557,53243,1175,997,1404,3576,56819
14-03-2017,18,17766,19789,11689,4610,53854,1199,1031,1484,3714,57568
14-03-2017,19,17994,19801,11438,4500,53733,1158,998,1424,3580,57313
14-03-2017,20,17965,19061,10895,4188,52109,1101,940,1307,3348,55457
14-03-2017,21,17559,17862,10905,3860,50186,1009,850,1138,2997,53183
14-03-2017,22,16797,16650,10654,3521,47622,928,769,999,2696,50318
14-03-2017,23,15811,15876,10210,3217,45114,877,709,928,2514,47628
15-03-2017,0,15461,15552,9869,3171,44053,848,673,874,2395,46448
15-03-2017,1,15165,15296,9629,3023,43113,835,655,857,2347,45460
15-03-2017,2,15028,15229,9404,2956,42617,816,638,855,2309,44926
15-03-2017,3,14971,15277,9391,2967,42606,813,658,867,2338,44944
15-03-2017,4,15063,15618,9779,3050,43510,852,703,939,2494,46004
15-03-2017,5,15540,16502,10414,3186,45642,947,782,1108,2837,48479
15-03-2017,6,16844,18128,10633,3790,49395,1069,888,1270,3227,52622
15-03-2017,7,18182,19384,10801,4303,52670,1170,1007,1402,3579,56249
15-03-2017,8,18251,19482,10854,4396,52983,1186,1070,1447,3703,56686
15-03-2017,9,17971,19125,10807,4379,52282,1177,1074,1439,3690,55972
15-03-2017,10,17650,19270,10761,4418,52099,1160,1062,1424,3646,55745
15-03-2017,11,17307,18816,10658,4363,51144,1139,1021,1396,3556,54700
15-03-2017,12,17232,18690,10568,4270,50760,1165,1043,1414,3622,54382
15-03-2017,13,17078,18362,10438,4274,50152,1146,1030,1397,3573,53725
15-03-2017,14,17177,18017,10425,4217,49836,1129,1017,1376,3522,53358
15-03-2017,15,17063,17999,10429,4219,49710,1107,987,1333,3427,53137
15-03-2017,16,17080,18139,10493,4386,50098,1092,958,1319,3369,53467
15-03-2017,17,17221,18703,10778,4585,51287,1129,984,1366,3479,54766
15-03-2017,18,17533,18983,11199,4474,52189,1175,1024,1444,3643,55832
15-03-2017,19,17795,19025,10992,4444,52256,1133,996,1398,3527,55783
15-03-2017,20,17609,18540,10465,4197,50811,1076,929,1294,3299,54110
15-03-2017,21,17294,17579,10499,3972,49344,993,841,1128,2962,52306
15-03-2017,22,16826,16506,10257,3660,47249,899,763,999,2661,49910
15-03-2017,23,15987,15674,9817,3370,44848,841,699,895,2435,47283
16-03-2017,0,15446,15354,9532,3083,43415,825,664,870,2359,45774
16-03-2017,1,15189,15161,9315,2983,42648,816,649,850,2315,44963
16-03-2017,2,15121,15191,9284,3024,42620,814,644,845,2303,44923
16-03-2017,3,15181,15282,9333,3122,42918,826,654,871,2351,45269
16-03-2017,4,15288,15542,9749,3161,43740,865,697,944,2506,46246
16-03-2017,5,15683,16541,10298,3402,45924,952,777,1133,2862,48786
16-03-2017,6,17145,18206,10602,3932,49885,1068,888,1285,3241,53126
16-03-2017,7,18679,19754,11008,4444,53885,1164,1002,1406,3572,57457
16-03-2017,8,18968,19732,10958,4676,54334,1177,1048,1452,3677,58011
16-03-2017,9,18626,19075,10783,4522,53006,1152,1048,1445,3645,56651
16-03-2017,10,18420,18762,10640,4487,52309,1131,1033,1437,3601,55910
16-03-2017,11,17911,18907,10603,4369,51790,1104,988,1400,3492,55282
16-03-2017,12,17647,18768,10434,4441,51290,1117,1001,1407,3525,54815
16-03-2017,13,17577,18564,10331,4358,50830,1105,989,1392,3486,54316
16-03-2017,14,17477,18502,10182,4227,50388,1108,978,1369,3455,53843
16-03-2017,15,17658,18754,10225,4042,50679,1094,955,1350,3399,54078
16-03-2017,16,17694,18986,10309,4079,51068,1089,927,1332,3348,54416
16-03-2017,17,17735,19244,10596,4328,51903,1121,965,1365,3451,55354
16-03-2017,18,17742,19303,11097,4434,52576,1173,1018,1485,3676,56252
16-03-2017,19,17834,19445,10958,4352,52589,1142,992,1447,3581,56170
16-03-2017,20,17565,18373,10406,4070,50414,1089,928,1345,3362,53776
16-03-2017,21,17288,17106,10488,3829,48711,1001,837,1187,3025,51736
16-03-2017,22,16646,16223,10250,3497,46616,915,754,1051,2720,49336
16-03-2017,23,15914,15189,9762,3139,44004,848,689,969,2506,46510
17-03-2017,0,15450,14911,9540,2937,42838,822,649,913,2384,45222
17-03-2017,1,15018,14870,9394,2859,42141,806,634,885,2325,44466
17-03-2017,2,15003,14519,9364,2833,41719,795,630,851,2276,43995
17-03-2017,3,15149,14784,9496,2849,42278,804,641,888,2333,44611
17-03-2017,4,15324,14974,9886,2939,43123,844,680,949,2473,45596
17-03-2017,5,15995,15747,10660,3201,45603,951,765,1113,2829,48432
17-03-2017,6,17299,17518,10950,3744,49511,1081,874,1263,3218,52729
17-03-2017,7,18666,18844,11222,4249,52981,1200,997,1404,3601,56582
17-03-2017,8,18855,19034,11327,4377,53593,1239,1056,1458,3753,57346
17-03-2017,9,18565,19099,11276,4339,53279,1245,1065,1455,3765,57044
17-03-2017,10,18256,18780,11358,4374,52768,1238,1056,1443,3737,56505
17-03-2017,11,17637,18507,11360,4368,51872,1217,1029,1418,3664,55536
17-03-2017,12,17330,18064,11180,4246,50820,1232,1053,1434,3719,54539
17-03-2017,13,17181,17862,11062,4178,50283,1214,1051,1417,3682,53965
17-03-2017,14,17233,17718,11083,4093,50127,1192,1027,1402,3621,53748
17-03-2017,15,17118,17727,10913,3997,49755,1151,1010,1371,3532,53287
17-03-2017,16,17082,17608,10826,4013,49529,1127,990,1363,3480,53009
17-03-2017,17,17141,18392,10996,4289,50818,1133,994,1398,3525,54343
17-03-2017,18,17486,18884,11372,4409,52151,1164,1003,1429,3596,55747
17-03-2017,19,17672,18723,11096,4316,51807,1116,970,1371,3457,55264
17-03-2017,20,17342,17890,10534,3992,49758,1066,911,1261,3238,52996
17-03-2017,21,16993,16992,10628,3780,48393,987,825,1115,2927,51320
17-03-2017,22,16602,16326,10365,3516,46809,909,752,997,2658,49467
17-03-2017,23,16130,15614,9887,3323,44954,848,693,920,2461,47415
18-03-2017,0,15613,15315,9518,3137,43583,821,651,857,2329,45912
18-03-2017,1,15279,15189,9355,3013,42836,808,627,825,2260,45096
18-03-2017,2,15238,15252,9292,2977,42759,799,620,815,2234,44993
18-03-2017,3,15293,15147,9313,2968,42721,796,624,822,2242,44963
18-03-2017,4,15389,15289,9441,2994,43113,812,645,854,2311,45424
18-03-2017,5,15588,15393,9506,3119,43606,821,663,894,2378,45984
18-03-2017,6,15877,15450,9579,3266,44172,862,719,978,2559,46731
18-03-2017,7,16422,16272,9860,3537,46091,937,803,1080,2820,48911
18-03-2017,8,16954,17143,10032,3788,47917,997,867,1161,3025,50942
18-03-2017,9,17290,17626,10086,3861,48863,1020,891,1182,3093,51956
18-03-2017,10,17359,17709,10030,3979,49077,1005,894,1202,3101,52178
18-03-2017,11,17129,17383,9973,4015,48500,1009,881,1198,3088,51588
18-03-2017,12,16744,17032,9854,3870,47500,1011,873,1188,3072,50572
18-03-2017,13,16427,16631,9811,3695,46564,1003,864,1165,3032,49596
18-03-2017,14,16245,16400,9847,3482,45974,997,843,1140,2980,48954
18-03-2017,15,16162,16393,9958,3427,45940,987,836,1122,2945,48885
18-03-2017,16,16260,16610,10094,3500,46464,1001,834,1135,2970,49434
18-03-2017,17,16567,17326,10590,3810,48293,1037,866,1175,3078,51371
18-03-2017,18,17103,17932,11070,3957,50062,1071,919,1243,3233,53295
18-03-2017,19,17482,18145,10714,3988,50329,1041,905,1203,3149,53478
18-03-2017,20,17329,17631,10290,3779,49029,999,858,1125,2982,52011
18-03-2017,21,17172,16949,10496,3560,48177,937,789,1018,2744,50921
18-03-2017,22,16765,16464,10383,3383,46995,877,726,922,2525,49520
18-03-2017,23,16463,15975,9933,3223,45594,838,672,856,2366,47960
19-03-2017,0,16072,15732,9629,3079,44512,791,635,812,2238,46750
19-03-2017,1,15897,15709,9401,2983,43990,775,615,787,2177,46167
19-03-2017,2,15854,15863,9297,2957,43971,770,607,776,2153,46124
19-03-2017,3,15808,15970,9358,2978,44114,768,611,774,2153,46267
19-03-2017,4,15825,16228,9475,3003,44531,779,626,797,2202,46733
19-03-2017,5,15966,16344,9473,3062,44845,782,631,824,2237,47082
19-03-2017,6,16065,16470,9480,3136,45151,816,671,894,2381,47532
19-03-2017,7,16234,16748,9657,3398,46037,882,749,848,2479,48516
19-03-2017,8,16741,17333,9749,3714,47537,942,824,826,2592,50129
19-03-2017,9,17079,17943,9820,3891,48733,965,848,1117,2930,51663
19-03-2017,10,17251,18326,9800,3959,49336,969,847,1139,2955,52291
19-03-2017,11,17179,18216,9770,3936,49101,964,830,1142,2936,52037
19-03-2017,12,16929,17228,9682,3897,47736,958,821,1124,2903,50639
19-03-2017,13,16797,16852,9540,3838,47027,951,811,1111,2873,49900
19-03-2017,14,16743,16713,9539,3820,46815,950,788,1100,2838,49653
19-03-2017,15,16813,16813,9602,3846,47074,958,796,1103,2857,49931
19-03-2017,16,16964,17201,9758,3977,47900,989,815,1118,2922,50822
19-03-2017,17,17237,18306,10104,4330,49977,1031,859,1175,3065,53042
19-03-2017,18,17550,19255,10660,4514,51979,1091,936,1292,3319,55298
19-03-2017,19,17980,19490,10463,4391,52324,1059,927,1267,3253,55577
19-03-2017,20,17769,18667,10154,4125,50715,1022,871,1175,3068,53783
19-03-2017,21,17547,17971,10464,3866,49848,947,782,1040,2769,52617
19-03-2017,22,17059,17197,10273,3549,48078,883,707,912,2502,50580
19-03-2017,23,16461,16560,9923,3249,46193,838,652,819,2309,48502
20-03-2017,0,15902,16000,9545,3016,44463,823,620,797,2240,46703
20-03-2017,1,15582,15727,9463,2932,43704,814,606,773,2193,45897
20-03-2017,2,15485,15636,9496,2891,43508,815,609,767,2191,45699
20-03-2017,3,15541,15867,9639,2935,43982,828,622,784,2234,46216
20-03-2017,4,15611,16111,10036,3041,44799,874,669,861,2404,47203
20-03-2017,5,16214,16731,10743,3312,47000,949,766,1052,2767,49767
20-03-2017,6,17501,18427,11204,3863,50995,1085,898,1218,3201,54196
20-03-2017,7,18970,20129,11337,4440,54876,1196,1015,1354,3565,58441
20-03-2017,8,19279,20809,11223,4640,55951,1221,1071,1401,3693,59644
20-03-2017,9,18942,20343,11033,4641,54959,1219,1070,1416,3705,58664
20-03-2017,10,18669,20369,10969,4661,54668,1203,1055,1408,3666,58334
20-03-2017,11,18334,20185,10908,4638,54065,1161,1015,1388,3564,57629
20-03-2017,12,18191,19938,10709,4533,53371,1178,1040,1411,3629,57000
20-03-2017,13,18159,19555,10539,4581,52834,1177,1027,1400,3604,56438
20-03-2017,14,18179,19330,10416,4521,52446,1169,1013,1393,3575,56021
20-03-2017,15,18166,19414,10295,4415,52290,1156,1000,1376,3532,55822
20-03-2017,16,18088,19626,10384,4466,52564,1151,977,1345,3473,56037
20-03-2017,17,18159,20029,10523,4774,53485,1167,991,1378,3536,57021
20-03-2017,18,18058,20267,11046,4753,54124,1205,1019,1413,3637,57761
20-03-2017,19,18249,19718,10939,4623,53529,1156,987,1366,3509,57038
20-03-2017,20,17950,19074,10459,4299,51782,1102,917,1249,3268,55050
20-03-2017,21,17538,18083,10594,3911,50126,1012,827,1085,2924,53050
20-03-2017,22,16886,16930,10372,3552,47740,918,743,943,2604,50344
20-03-2017,23,15889,16143,9946,3260,45238,855,677,866,2398,47636
21-03-2017,0,15369,15182,9646,3052,43249,818,640,829,2287,45536
21-03-2017,1,15119,14735,9463,3009,42326,794,622,805,2221,44547
21-03-2017,2,15051,14761,9435,2944,42191,785,616,796,2197,44388
21-03-2017,3,15038,14802,9506,2949,42295,780,625,809,2214,44509
21-03-2017,4,15101,15017,9851,3040,43009,825,672,880,2377,45386
21-03-2017,5,15846,15489,10439,3291,45065,909,768,1071,2748,47813
21-03-2017,6,17190,17228,10865,3802,49085,1027,895,1226,3148,52233
21-03-2017,7,18254,18514,11110,4267,52145,1149,1018,1377,3544,55689
21-03-2017,8,18592,18538,11209,4387,52726,1187,1069,1433,3689,56415
21-03-2017,9,18183,18472,11175,4360,52190,1194,1083,1424,3701,55891
21-03-2017,10,17962,18499,11165,4424,52050,1184,1062,1396,3642,55692
21-03-2017,11,17733,18459,11075,4444,51711,1175,1022,1363,3560,55271
21-03-2017,12,17704,18506,11046,4373,51629,1197,1031,1355,3583,55212
21-03-2017,13,17460,18132,10998,4395,50985,1182,1010,1342,3534,54519
21-03-2017,14,17423,18194,10888,4272,50777,1166,984,1335,3485,54262
21-03-2017,15,17424,18245,10792,4192,50653,1126,958,1294,3378,54031
21-03-2017,16,17361,18305,10778,4201,50645,1096,927,1259,3282,53927
21-03-2017,17,17711,18803,10910,4424,51848,1084,945,1294,3323,55171
21-03-2017,18,17801,19054,11314,4483,52652,1142,1009,1401,3552,56204
21-03-2017,19,17993,19413,11045,4458,52909,1114,988,1371,3473,56382
21-03-2017,20,18025,18872,10479,4155,51531,1057,917,1262,3236,54767
21-03-2017,21,17525,17934,10511,3904,49874,968,822,1103,2893,52767
21-03-2017,22,16914,17092,10228,3562,47796,883,738,967,2588,50384
21-03-2017,23,16137,16219,9745,3249,45350,820,670,889,2379,47729
22-03-2017,0,15683,16033,9435,3061,44212,794,635,824,2253,46465
22-03-2017,1,15433,15644,9198,2981,43256,776,621,795,2192,45448
22-03-2017,2,15354,15454,9168,2926,42902,771,614,772,2157,45059
22-03-2017,3,15536,15472,9214,2948,43170,776,623,811,2210,45380
22-03-2017,4,15738,15738,9629,3036,44141,815,670,861,2346,46487
22-03-2017,5,16233,16318,10306,3312,46169,898,765,1056,2719,48888
22-03-2017,6,17379,18016,10714,3853,49962,1028,892,1225,3145,53107
22-03-2017,7,18840,19426,10967,4314,53547,1138,1004,1376,3518,57065
22-03-2017,8,18865,19693,11052,4443,54053,1171,1042,1420,3633,57686
22-03-2017,9,18366,19427,10977,4398,53168,1170,1040,1408,3618,56786
22-03-2017,10,17871,19352,10873,4423,52519,1157,1017,1383,3557,56076
22-03-2017,11,17477,19065,10782,4381,51705,1143,987,1344,3474,55179
22-03-2017,12,17226,18739,10649,4258,50872,1165,1011,1351,3527,54399
22-03-2017,13,17325,18825,10536,4299,50985,1152,1000,1328,3480,54465
22-03-2017,14,17371,18513,10502,4230,50616,1137,985,1304,3426,54042
22-03-2017,15,17251,17992,10439,4105,49787,1112,966,1262,3340,53127
22-03-2017,16,17292,17943,10499,4140,49874,1098,938,1247,3283,53157
22-03-2017,17,17291,18546,10597,4432,50866,1100,950,1279,3329,54195
22-03-2017,18,17641,19337,11168,4522,52668,1151,1010,1395,3556,56224
22-03-2017,19,18194,19306,11102,4555,53157,1110,986,1355,3451,56608
22-03-2017,20,18067,18763,10464,4309,51603,1065,930,1256,3251,54854
22-03-2017,21,17734,17916,10478,4017,50145,978,838,1103,2919,53064
22-03-2017,22,17078,17035,10205,3712,48030,893,744,967,2604,50634
22-03-2017,23,16361,16312,9740,3406,45819,835,681,894,2410,48229
23-03-2017,0,15909,15815,9422,3233,44379,808,654,841,2303,46682
23-03-2017,1,15756,15616,9304,3146,43822,788,640,819,2247,46069
23-03-2017,2,15674,15784,9275,3130,43863,792,629,815,2236,46099
23-03-2017,3,15664,16097,9454,3147,44362,805,641,835,2281,46643
23-03-2017,4,15970,16264,9714,3243,45191,837,681,906,2424,47615
23-03-2017,5,16614,16916,10281,3507,47318,927,770,1079,2776,50094
23-03-2017,6,17899,18644,10735,4037,51315,1050,897,1238,3185,54500
23-03-2017,7,19470,19967,10833,4525,54795,1162,1009,1349,3520,58315
23-03-2017,8,19473,19766,10719,4653,54611,1187,1046,1385,3618,58229
23-03-2017,9,18879,19068,10489,4244,52680,1174,1039,1364,3577,56257
23-03-2017,10,18558,18620,10399,4686,52263,1159,1017,1340,3516,55779
23-03-2017,11,18178,18112,10324,4592,51206,1134,980,1311,3425,54631
23-03-2017,12,17872,17726,10280,4482,50360,1144,991,1330,3465,53825
23-03-2017,13,17667,17609,10194,4472,49942,1128,978,1319,3425,53367
23-03-2017,14,17436,17542,10137,4369,49484,1117,959,1303,3379,52863
23-03-2017,15,17498,17677,10166,4227,49568,1088,942,1287,3317,52885
23-03-2017,16,17388,17778,10197,4211,49574,1079,917,1271,3267,52841
23-03-2017,17,17560,18236,10375,4493,50664,1090,932,1300,3322,53986
23-03-2017,18,17937,18791,11007,4560,52295,1157,992,1399,3548,55843
23-03-2017,19,18478,19227,10971,4586,53262,1140,987,1366,3493,56755
23-03-2017,20,18217,18763,10499,4335,51814,1081,911,1256,3248,55062
23-03-2017,21,17860,18142,10691,4051,50744,995,817,1084,2896,53640
23-03-2017,22,17238,17155,10423,3726,48542,911,732,963,2606,51148
23-03-2017,23,16417,16460,10022,3423,46322,854,671,889,2414,48736
24-03-2017,0,15937,15983,9638,3207,44765,826,640,840,2306,47071
24-03-2017,1,15698,15748,9474,3117,44037,815,630,826,2271,46308
24-03-2017,2,15504,15806,9407,3109,43826,811,624,823,2258,46084
24-03-2017,3,15488,16277,9549,3122,44436,821,635,837,2293,46729
24-03-2017,4,15681,16755,9941,3198,45575,851,681,896,2428,48003
24-03-2017,5,16175,17496,10434,3465,47570,933,767,1067,2767,50337
24-03-2017,6,17539,18857,10940,3984,51320,1052,883,1220,3155,54475
24-03-2017,7,19068,20328,11150,4430,54976,1136,984,1322,3442,58418
24-03-2017,8,19170,20187,11150,4591,55098,1168,1024,1343,3535,58633
24-03-2017,9,18692,19417,11009,4564,53682,1165,1010,1325,3500,57182
24-03-2017,10,18444,19172,10838,4571,53025,1151,989,1296,3436,56461
24-03-2017,11,17993,18461,10771,4475,51700,1134,956,1263,3353,55053
24-03-2017,12,17741,17859,10624,4314,50538,1151,975,1269,3395,53933
24-03-2017,13,17622,17440,10647,4168,49877,1132,967,1247,3346,53223
24-03-2017,14,17641,16933,10527,3945,49046,1118,946,1222,3286,52332
24-03-2017,15,17746,16762,10491,3831,48830,1086,928,1200,3214,52044
24-03-2017,16,17779,16988,10549,3894,49210,1076,910,1205,3191,52401
24-03-2017,17,17712,17646,10563,4226,50147,1084,918,1230,3232,53379
24-03-2017,18,17999,18095,11034,4339,51467,1151,972,1337,3460,54927
24-03-2017,19,18081,18133,10925,4236,51375,1121,958,1317,3396,54771
24-03-2017,20,17553,17566,10475,3905,49499,1069,893,1220,3182,52681
24-03-2017,21,17058,16838,10615,3630,48141,994,812,1085,2891,51032
24-03-2017,22,16491,15857,10382,3364,46094,917,736,962,2615,48709
24-03-2017,23,16020,15330,9905,3126,44381,857,676,889,2422,46803
25-03-2017,0,15515,14766,9593,2926,42800,824,637,828,2289,45089
25-03-2017,1,15229,14576,9405,2798,42008,802,618,806,2226,44234
25-03-2017,2,15001,14482,9290,2724,41497,793,611,794,2198,43695
25-03-2017,3,14975,14381,9370,2707,41433,793,613,795,2201,43634
25-03-2017,4,14999,14428,9427,2708,41562,802,631,814,2247,43809
25-03-2017,5,15100,14535,9375,2759,41769,811,645,861,2317,44086
25-03-2017,6,15277,14802,9523,2892,42494,868,720,965,2553,45047
25-03-2017,7,15670,15516,9786,3184,44156,939,805,1080,2824,46980
25-03-2017,8,16134,16060,9932,3439,45565,1007,865,1161,3033,48598
25-03-2017,9,16471,16248,9976,3600,46295,1034,888,1192,3114,49409
25-03-2017,10,16528,16244,9919,3709,46400,1033,888,1202,3123,49523
25-03-2017,11,16214,16187,9874,3701,45976,1026,886,1207,3119,49095
25-03-2017,12,15929,15777,9694,3576,44976,1014,881,1191,3086,48062
25-03-2017,13,15787,15606,9658,3483,44534,988,871,1167,3026,47560
25-03-2017,14,15581,15123,9688,3409,43801,968,853,1142,2963,46764
25-03-2017,15,15586,15302,9831,3396,44115,961,841,1119,2921,47036
25-03-2017,16,15581,15539,10039,3507,44666,976,842,1126,2944,47610
25-03-2017,17,15872,16216,10323,3793,46204,983,854,1164,3001,49205
25-03-2017,18,16404,16930,10765,3899,47998,1039,907,1236,3182,51180
25-03-2017,19,16561,17064,10578,3891,48094,1017,894,1209,3120,51214
25-03-2017,20,16092,16429,10088,3648,46257,983,842,1132,2957,49214
25-03-2017,21,15661,15885,10241,3446,45233,934,771,1019,2724,47957
25-03-2017,22,15259,15432,10047,3252,43990,871,705,916,2492,46482
25-03-2017,23,14821,14564,9643,3033,42061,823,652,850,2325,44386
26-03-2017,0,14340,14253,9342,2901,40836,797,618,807,2222,43058
26-03-2017,1,14070,14048,8967,2839,39924,784,600,789,2173,42097
26-03-2017,2,,14482,,,,793,,,,
26-03-2017,3,13989,14064,9013,2803,39869,783,595,787,2165,42034
26-03-2017,4,14058,14042,9139,2813,40052,788,608,799,2195,42247
26-03-2017,5,14045,14144,9204,2840,40233,801,631,848,2280,42513
26-03-2017,6,14249,14112,8901,2984,40246,802,647,872,2321,42567
26-03-2017,7,14365,14291,9084,3131,40871,857,716,954,2527,43398
26-03-2017,8,14670,14749,9373,3401,42193,915,784,1043,2742,44935
26-03-2017,9,14988,15422,9549,3604,43563,962,825,1107,2894,46457
26-03-2017,10,15185,15651,9577,3726,44139,991,834,1138,2963,47102
26-03-2017,11,15165,15668,9216,3725,43774,987,835,1131,2953,46727
26-03-2017,12,15070,15376,9086,3665,43197,991,832,1126,2949,46146
26-03-2017,13,14888,15025,8967,3594,42474,978,824,1097,2899,45373
26-03-2017,14,14653,14663,8872,3515,41703,973,808,1081,2862,44565
26-03-2017,15,14458,14471,8835,3457,41221,956,803,1079,2838,44059
26-03-2017,16,14432,14388,8928,3514,41262,945,809,1068,2822,44084
26-03-2017,17,14406,14775,9024,3756,41961,953,810,1071,2834,44795
26-03-2017,18,14629,15201,9168,3824,42822,972,826,1113,2911,45733
26-03-2017,19,15007,15955,9596,3754,44312,1025,883,1201,3109,47421
26-03-2017,20,15380,16188,9471,3806,44845,1021,849,1165,3035,47880
26-03-2017,21,15254,15563,9636,3551,44004,946,782,1028,2756,46760
26-03-2017,22,14882,15079,9525,3278,42764,860,697,891,2448,45212
26-03-2017,23,14195,14146,9162,3029,40532,800,629,805,2234,42766
27-03-2017,0,13650,13623,8874,2841,38988,772,607,753,2132,41120
27-03-2017,1,13228,13482,8636,2754,38100,758,591,732,2081,40181
27-03-2017,2,13220,13641,8634,2746,38241,756,586,705,2047,40288
27-03-2017,3,13245,13846,8739,2793,38623,769,591,750,2110,40733
27-03-2017,4,13678,14196,9091,2865,39830,803,634,822,2259,42089
27-03-2017,5,14138,15133,9843,3129,42243,916,743,1047,2706,44949
27-03-2017,6,15609,16610,10147,3746,46112,1029,851,1199,3079,49191
27-03-2017,7,17260,17908,10421,4230,49819,1133,963,1321,3417,53236
27-03-2017,8,17498,18346,10513,4491,50848,1162,1020,1354,3536,54384
27-03-2017,9,17431,18153,10388,4547,50519,1151,1017,1332,3500,54019
27-03-2017,10,16876,18301,10415,4556,50148,1138,998,1309,3445,53593
27-03-2017,11,16462,17975,10390,4447,49274,1106,957,1274,3337,52611
27-03-2017,12,16253,17563,10313,4383,48512,1126,976,1278,3380,51892
27-03-2017,13,16126,17273,10223,4340,47962,1115,964,1256,3335,51297
27-03-2017,14,15876,16969,10159,4196,47200,1112,951,1241,3304,50504
27-03-2017,15,15944,16748,9965,4022,46679,1085,932,1216,3233,49912
27-03-2017,16,15697,16430,9907,3952,45986,1070,906,1202,3178,49164
27-03-2017,17,15722,16790,9853,4191,46556,1061,900,1206,3167,49723
27-03-2017,18,15578,17040,9915,4174,46707,1046,894,1233,3173,49880
27-03-2017,19,15764,17272,10207,4082,47325,1086,944,1319,3349,50674
27-03-2017,20,16116,17419,9997,4076,47608,1057,915,1253,3225,50833
27-03-2017,21,15966,16587,9978,3817,46348,973,825,1084,2882,49230
27-03-2017,22,15377,15597,9838,3490,44302,877,726,940,2543,46845
27-03-2017,23,14658,14594,9394,3213,41859,817,665,862,2344,44203
28-03-2017,0,14151,13987,8973,3034,40145,797,626,791,2214,42359
28-03-2017,1,13835,13865,8761,2919,39380,784,608,806,2198,41578
28-03-2017,2,13732,13957,8632,2916,39237,782,601,808,2191,41428
28-03-2017,3,13799,13814,8752,2943,39308,793,603,828,2224,41532
28-03-2017,4,13989,13933,9127,2979,40028,821,638,896,2355,42383
28-03-2017,5,14477,14965,9924,3248,42614,930,750,1080,2760,45374
28-03-2017,6,16070,16962,10138,3884,47054,1044,861,1243,3148,50202
28-03-2017,7,17456,18671,10382,4323,50832,1138,974,1350,3462,54294
28-03-2017,8,17672,18696,10388,4528,51284,1164,1025,1377,3566,54850
28-03-2017,9,17297,18262,10245,4560,50364,1162,1019,1358,3539,53903
28-03-2017,10,16982,18105,10243,4691,50021,1143,1000,1335,3478,53499
28-03-2017,11,16732,17959,10179,4652,49522,1120,963,1299,3382,52904
28-03-2017,12,16540,17615,9972,4551,48678,1127,977,1313,3417,52095
28-03-2017,13,16431,17028,9915,4544,47918,1116,968,1285,3369,51287
28-03-2017,14,16179,16818,9830,4426,47253,1103,945,1259,3307,50560
28-03-2017,15,16085,16703,9808,4254,46850,1074,930,1230,3234,50084
28-03-2017,16,15917,16727,9826,4208,46678,1052,893,1204,3149,49827
28-03-2017,17,15930,16997,9875,4364,47166,1042,892,1213,3147,50313
28-03-2017,18,15882,17254,10049,4266,47451,1047,889,1229,3165,50616
28-03-2017,19,16115,17718,10394,4130,48357,1101,947,1329,3377,51734
28-03-2017,20,16568,17870,10159,4141,48738,1084,921,1292,3297,52035
28-03-2017,21,16422,16874,10090,3929,47315,997,826,1131,2954,50269
28-03-2017,22,15860,16147,9985,3595,45587,902,738,988,2628,48215
28-03-2017,23,14984,15127,9679,3234,43024,845,671,906,2422,45446
29-03-2017,0,14517,14480,9358,3020,41375,819,639,858,2316,43691
29-03-2017,1,14257,14474,9151,2897,40779,803,619,844,2266,43045
29-03-2017,2,14186,14365,9152,2890,40593,796,612,806,2214,42807
29-03-2017,3,14213,14533,9307,2915,40968,810,620,850,2280,43248
29-03-2017,4,14408,14618,9742,2988,41756,843,661,914,2418,44174
29-03-2017,5,14783,15237,10555,3223,43798,956,771,1114,2841,46639
29-03-2017,6,16308,17274,10877,3832,48291,1074,889,1243,3206,51497
29-03-2017,7,17820,18833,10956,4372,51981,1167,1002,1365,3534,55515
29-03-2017,8,18221,19492,10911,4593,53217,1187,1054,1418,3659,56876
29-03-2017,9,18132,19315,10760,4644,52851,1169,1056,1415,3640,56491
29-03-2017,10,17920,19503,10648,4751,52822,1152,1040,1406,3598,56420
29-03-2017,11,17523,19207,10596,4691,52017,1128,998,1382,3508,55525
29-03-2017,12,17212,18730,10396,4622,50960,1149,1014,1396,3559,54519
29-03-2017,13,17081,18658,10294,4588,50621,1133,1009,1377,3519,54140
29-03-2017,14,16932,18336,10244,4492,50004,1128,993,1363,3484,53488
29-03-2017,15,16859,18305,10145,4368,49677,1093,978,1334,3405,53082
29-03-2017,16,16730,18157,10050,4371,49308,1073,937,1300,3310,52618
29-03-2017,17,16658,18365,10160,4600,49783,1058,931,1291,3280,53063
29-03-2017,18,16550,18603,10348,4486,49987,1060,915,1296,3271,53258
29-03-2017,19,16710,18808,10670,4345,50533,1107,963,1318,3388,53921
29-03-2017,20,17149,18981,10404,4240,50774,1096,936,1290,3322,54096
29-03-2017,21,17156,17975,10332,4008,49471,1008,844,1138,2990,52461
29-03-2017,22,16671,17068,10232,3711,47682,909,752,994,2655,50337
29-03-2017,23,15870,16160,9855,3368,45253,842,684,890,2416,47669
30-03-2017,0,15331,15581,9554,3164,43630,827,648,846,2321,45951
30-03-2017,1,14834,15316,9418,3035,42603,808,630,829,2267,44870
30-03-2017,2,14691,15375,9391,2984,42441,807,623,823,2253,44694
30-03-2017,3,14670,15374,9588,3007,42639,813,628,839,2280,44919
30-03-2017,4,14801,15543,10047,3062,43453,849,673,907,2429,45882
30-03-2017,5,15310,16447,10833,3295,45885,957,777,1117,2851,48736
30-03-2017,6,16687,18226,11161,3828,49902,1069,883,1254,3206,53108
30-03-2017,7,18090,19510,11255,4342,53197,1177,995,1371,3543,56740
30-03-2017,8,18556,19676,11178,4576,53986,1200,1047,1415,3662,57648
30-03-2017,9,18345,19514,10913,4578,53350,1184,1041,1402,3627,56977
30-03-2017,10,18264,19465,10691,4683,53103,1168,1022,1377,3567,56670
30-03-2017,11,18257,18960,10490,4661,52368,1134,983,1336,3453,55821
30-03-2017,12,18269,18790,10346,4616,52021,1150,996,1350,3496,55517
30-03-2017,13,18117,18599,10226,4678,51620,1131,982,1332,3445,55065
30-03-2017,14,18036,18418,10144,4540,51138,1120,965,1310,3395,54533
30-03-2017,15,17911,18495,10012,4335,50753,1081,950,1263,3294,54047
30-03-2017,16,17762,18712,10022,4266,50762,1052,914,1235,3201,53963
30-03-2017,17,17790,18932,10132,4406,51260,1027,904,1228,3159,54419
30-03-2017,18,17608,18866,10411,4366,51251,1040,907,1235,3182,54433
30-03-2017,19,17512,18659,10724,4205,51100,1090,962,1327,3379,54479
30-03-2017,20,17672,18468,10480,4128,50748,1070,934,1288,3292,54040
30-03-2017,21,17457,17890,10486,3879,49712,991,840,1123,2954,52666
30-03-2017,22,16717,17026,10401,3571,47715,901,752,966,2619,50334
30-03-2017,23,15924,16036,9978,3226,45164,843,678,872,2393,47557
31-03-2017,0,15191,15198,9659,3026,43074,824,640,827,2291,45365
31-03-2017,1,14866,14957,9454,2941,42218,812,634,806,2252,44470
31-03-2017,2,14689,14903,9465,2914,41971,813,637,786,2236,44207
31-03-2017,3,14656,14890,9609,2924,42079,828,648,817,2293,44372
31-03-2017,4,14763,14945,9941,2987,42636,867,695,874,2436,45072
31-03-2017,5,15264,15613,10674,3211,44762,974,794,1078,2846,47608
31-03-2017,6,16661,17376,11002,3743,48782,1084,907,1234,3225,52007
31-03-2017,7,18035,18829,11139,4245,52248,1192,1011,1354,3557,55805
31-03-2017,8,18383,19207,11198,4452,53240,1232,1065,1405,3702,56942
31-03-2017,9,18261,19129,11098,4469,52957,1221,1057,1406,3684,56641
31-03-2017,10,18031,19246,11046,4534,52857,1208,1040,1429,3677,56534
31-03-2017,11,17816,18675,10905,4490,51886,1181,1003,1403,3587,55473
31-03-2017,12,17612,18360,10714,4335,51021,1197,1015,1405,3617,54638
31-03-2017,13,17490,17814,10622,4183,50109,1182,1005,1376,3563,53672
31-03-2017,14,17385,17376,10411,3964,49136,1167,977,1343,3487,52623
31-03-2017,15,17144,17101,10334,3804,48383,1131,948,1301,3380,51763
31-03-2017,16,17040,16920,10319,3769,48048,1113,922,1280,3315,51363
31-03-2017,17,16999,16995,10251,3911,48156,1094,914,1258,3266,51422
31-03-2017,18,16927,17358,10303,3910,48498,1082,901,1252,3235,51733
31-03-2017,19,16846,17287,10540,3740,48413,1104,930,1313,3347,51760
31-03-2017,20,16707,17017,10345,3695,47764,1085,898,1266,3249,51013
31-03-2017,21,16297,16380,10397,3497,46571,1011,818,1131,2960,49531
31-03-2017,22,15824,15769,10220,3252,45065,929,736,994,2659,47724
31-03-2017,23,15183,14836,9708,3066,42793,864,670,903,2437,45230
01-04-2017,0,14616,14422,9357,2838,41233,833,626,840,2299,43532
01-04-2017,1,14202,14120,9116,2728,40166,816,604,808,2228,42394
01-04-2017,2,13966,13918,8983,2644,39511,809,594,791,2194,41705
01-04-2017,3,13828,13829,8996,2630,39283,805,595,786,2186,41469
01-04-2017,4,13819,14035,9141,2650,39645,818,608,813,2239,41884
01-04-2017,5,13915,14315,9226,2713,40169,827,634,866,2327,42496
01-04-2017,6,14156,14498,9168,2867,40689,853,675,922,2450,43139
01-04-2017,7,14540,14819,9503,3102,41964,933,762,1044,2739,44703
01-04-2017,8,15382,15560,9707,3391,44040,1001,829,1128,2958,46998
01-04-2017,9,15974,16046,9865,3565,45450,1033,854,1172,3059,48509
01-04-2017,10,16154,16262,9877,3613,45906,1045,849,1164,3058,48964
01-04-2017,11,16128,16219,9901,3564,45812,1035,834,1140,3009,48821
01-04-2017,12,15721,16007,9861,3503,45092,1025,827,1109,2961,48053
01-04-2017,13,15465,15742,9865,3429,44501,1007,802,1069,2878,47379
01-04-2017,14,15112,15130,9952,3362,43556,991,784,1043,2818,46374
01-04-2017,15,14967,14728,10008,3312,43015,981,768,1030,2779,45794
01-04-2017,16,14825,14992,10178,3364,43359,973,769,1030,2772,46131
01-04-2017,17,14919,15241,10300,3564,44024,969,764,1042,2775,46799
01-04-2017,18,15061,15494,10289,3640,44484,964,766,1055,2785,47269
01-04-2017,19,15223,15564,10317,3479,44583,991,820,1142,2953,47536
01-04-2017,20,15432,15741,9950,3482,44605,971,812,1143,2926,47531
01-04-2017,21,15192,15024,10011,3346,43573,904,751,1027,2682,46255
01-04-2017,22,14828,14414,9906,3128,42276,837,683,909,2429,44705
01-04-2017,23,14347,14057,9501,2927,40832,780,628,828,2236,43068
02-04-2017,0,14016,13577,9137,2756,39486,745,593,773,2111,41597
02-04-2017,1,13768,13272,8899,2656,38595,725,569,748,2042,40637
02-04-2017,2,13773,13217,8807,2611,38408,712,557,737,2006,40414
02-04-2017,3,13786,13173,8800,2597,38356,719,560,739,2018,40374
02-04-2017,4,13664,13211,8873,2609,38357,730,574,763,2067,40424
02-04-2017,5,13651,13365,8817,2668,38501,738,588,805,2131,40632
02-04-2017,6,13873,13205,8723,2794,38595,762,615,854,2231,40826
02-04-2017,7,13959,13500,9005,2988,39452,841,695,954,2490,41942
02-04-2017,8,14731,14132,9199,3319,41381,911,749,1043,2703,44084
02-04-2017,9,15267,14802,9447,3525,43041,932,777,1077,2786,45827
02-04-2017,10,15402,15341,9551,3592,43886,923,770,1072,2765,46651
02-04-2017,11,15100,15369,9523,3572,43564,898,748,1053,2699,46263
02-04-2017,12,14694,14918,9434,3552,42598,881,738,1041,2660,45258
02-04-2017,13,14486,14651,9406,3468,42011,871,724,1019,2614,44625
02-04-2017,14,14387,14776,9306,3416,41885,865,716,1011,2592,44477
02-04-2017,15,14358,15133,9401,3351,42243,870,719,1007,2596,44839
02-04-2017,16,14239,15150,9459,3405,42253,893,728,1018,2639,44892
02-04-2017,17,14403,15206,9546,3705,42860,913,736,1046,2695,45555
02-04-2017,18,14665,15443,9618,3766,43492,934,755,1087,2776,46268
02-04-2017,19,14776,15571,9761,3640,43748,980,825,1193,2998,46746
02-04-2017,20,15310,16053,9637,3631,44631,979,830,1163,2972,47603
02-04-2017,21,15238,15625,9830,3415,44108,903,744,1021,2668,46776
02-04-2017,22,14793,14734,9709,3132,42368,825,664,888,2377,44745
02-04-2017,23,14181,13961,9297,2902,40341,769,603,804,2176,42517
03-04-2017,0,13758,13691,8937,2755,39141,742,574,754,2070,41211
03-04-2017,1,13510,13647,8823,2684,38664,733,562,718,2013,40677
03-04-2017,2,13672,13709,8786,2637,38804,728,564,700,1992,40796
03-04-2017,3,13758,13750,8881,2685,39074,735,572,737,2044,41118
03-04-2017,4,13839,14020,9226,2808,39893,774,609,808,2191,42084
03-04-2017,5,14306,14737,9945,3081,42069,891,711,1024,2626,44695
03-04-2017,6,15619,16570,10366,3655,46210,1012,838,1207,3057,49267
03-04-2017,7,17156,18259,10710,4097,50222,1139,948,1328,3415,53637
03-04-2017,8,17524,18462,10832,4315,51133,1178,1004,1366,3548,54681
03-04-2017,9,17410,18724,10719,4349,51202,1186,1017,1354,3557,54759
03-04-2017,10,17081,18527,10746,4372,50726,1179,1004,1329,3512,54238
03-04-2017,11,16566,18227,10714,4394,49901,1159,980,1301,3440,53341
03-04-2017,12,16272,17846,10503,4328,48949,1173,1000,1307,3480,52429
03-04-2017,13,16144,17511,10406,4353,48414,1151,990,1289,3430,51844
03-04-2017,14,16013,17093,10318,4285,47709,1140,976,1257,3373,51082
03-04-2017,15,15805,16835,10196,4097,46933,1104,958,1221,3283,50216
03-04-2017,16,15679,16555,10224,4049,46507,1082,922,1192,3196,49703
03-04-2017,17,15553,16726,10122,4275,46676,1069,915,1192,3176,49852
03-04-2017,18,15606,16762,10238,4163,46769,1062,903,1188,3153,49922
03-04-2017,19,15771,17300,10466,4003,47540,1093,943,1263,3299,50839
03-04-2017,20,16093,17589,10217,4017,47916,1074,915,1250,3239,51155
03-04-2017,21,15964,16901,10125,3856,46846,986,810,1089,2885,49731
03-04-2017,22,15462,15560,9926,3572,44520,897,717,911,2525,47045
03-04-2017,23,14694,14916,9471,3195,42276,831,645,864,2340,44616
04-04-2017,0,14146,14347,9160,3040,40693,807,610,811,2228,42921
04-04-2017,1,13737,14141,8910,2942,39730,792,588,791,2171,41901
04-04-2017,2,13667,14049,8848,2931,39495,791,583,783,2157,41652
04-04-2017,3,13776,14047,8916,2954,39693,799,594,799,2192,41885
04-04-2017,4,13951,14015,9244,3040,40250,842,632,871,2345,42595
04-04-2017,5,14325,14697,9919,3290,42231,940,733,1068,2741,44972
04-04-2017,6,15507,16131,10315,3886,45839,1067,849,1235,3151,48990
04-04-2017,7,16943,17861,10557,4314,49675,1164,972,1351,3487,53162
04-04-2017,8,17176,18107,10567,4503,50353,1189,1024,1381,3594,53947
04-04-2017,9,16980,18078,10599,4539,50196,1158,1013,1353,3524,53720
04-04-2017,10,16848,18037,10511,4575,49971,1139,990,1327,3456,53427
04-04-2017,11,16542,17796,10403,4502,49243,1101,949,1286,3336,52579
04-04-2017,12,16539,17601,10305,4363,48808,1111,967,1297,3375,52183
04-04-2017,13,16397,17334,10125,4381,48237,1091,952,1276,3319,51556
04-04-2017,14,16331,16962,9939,4229,47461,1077,922,1252,3251,50712
04-04-2017,15,16267,16581,9774,4082,46704,1046,898,1219,3163,49867
04-04-2017,16,16159,16463,9761,3980,46363,1022,866,1190,3078,49441
04-04-2017,17,16103,16359,9696,4221,46379,1010,853,1178,3041,49420
04-04-2017,18,16002,16312,9791,4150,46255,1004,841,1189,3034,49289
04-04-2017,19,16064,16789,9958,4034,46845,1052,895,1266,3213,50058
04-04-2017,20,16366,17116,9870,4040,47392,1059,893,1259,3211,50603
04-04-2017,21,16281,16442,9804,3838,46365,962,803,1092,2857,49222
04-04-2017,22,15687,15653,9598,3511,44449,860,710,944,2514,46963
04-04-2017,23,14989,14780,9142,3154,42065,792,633,862,2287,44352
05-04-2017,0,14540,14028,8769,2931,40268,770,595,812,2177,42445
05-04-2017,1,14120,13631,8560,2831,39142,752,580,794,2126,41268
05-04-2017,2,13990,13527,8552,2773,38842,753,575,788,2116,40958
05-04-2017,3,13977,13374,8618,2774,38743,760,584,796,2140,40883
05-04-2017,4,14056,13908,8928,2828,39720,793,624,862,2279,41999
05-04-2017,5,14553,14507,9546,3065,41671,896,725,1046,2667,44338
05-04-2017,6,15810,16166,10053,3700,45729,1020,842,1206,3068,48797
05-04-2017,7,17306,17750,10427,4236,49719,1121,954,1317,3392,53111
05-04-2017,8,17693,18315,10543,4435,50986,1146,990,1356,3492,54478
05-04-2017,9,17239,18299,10450,4400,50388,1144,985,1347,3476,53864
05-04-2017,10,16910,18065,10341,4415,49731,1139,964,1331,3434,53165
05-04-2017,11,16489,17670,10304,4317,48780,1125,928,1320,3373,52153
05-04-2017,12,16325,17421,10114,4197,48057,1143,946,1339,3428,51485
05-04-2017,13,16292,17047,9968,4182,47489,1138,944,1316,3398,50887
05-04-2017,14,16143,16859,9892,4077,46971,1114,930,1295,3339,50310
05-04-2017,15,15974,16913,9735,3883,46505,1054,920,1267,3241,49746
05-04-2017,16,15912,17037,9656,3924,46529,1058,903,1238,3199,49728
05-04-2017,17,15808,16893,9757,4243,46701,1041,884,1238,3163,49864
05-04-2017,18,15758,17212,9851,4085,46906,1032,875,1253,3160,50066
05-04-2017,19,15747,17336,10014,3932,47029,1057,902,1296,3255,50284
05-04-2017,20,16094,17522,9929,3882,47427,1064,895,1256,3215,50642
05-04-2017,21,16221,16864,9911,3850,46846,972,803,1091,2866,49712
05-04-2017,22,15702,15996,9703,3535,44936,872,706,933,2511,47447
05-04-2017,23,15001,15206,9322,3249,42778,809,640,856,2305,45083
06-04-2017,0,14372,14760,8995,3063,41190,778,609,827,2214,43404
06-04-2017,1,14170,14703,8820,2909,40602,768,595,800,2163,42765
06-04-2017,2,14137,14645,8792,2846,40420,764,590,770,2124,42544
06-04-2017,3,14195,14877,8886,2882,40840,769,600,809,2178,43018
06-04-2017,4,14422,15077,9256,2997,41752,806,637,870,2313,44065
06-04-2017,5,14864,15828,9881,3298,43871,901,733,1067,2701,46572
06-04-2017,6,16341,17603,10320,3832,48096,1028,862,1230,3120,51216
06-04-2017,7,17674,18932,10365,4337,51308,1140,978,1358,3476,54784
06-04-2017,8,17959,19302,10366,4494,52121,1160,1020,1391,3571,55692
06-04-2017,9,17710,18832,10286,4490,51318,1144,1019,1391,3554,54872
06-04-2017,10,17511,18468,10194,4477,50650,1122,1005,1388,3515,54165
06-04-2017,11,17451,17456,10044,4339,49290,1091,960,1348,3399,52689
06-04-2017,12,17256,17162,9916,4174,48508,1113,972,1359,3444,51952
06-04-2017,13,17072,17009,9840,4155,48076,1092,966,1336,3394,51470
06-04-2017,14,17064,17176,9772,4117,48129,1084,947,1294,3325,51454
06-04-2017,15,16956,16945,9704,4007,47612,1050,927,1270,3247,50859
06-04-2017,16,16584,16626,9684,4007,46901,1029,886,1231,3146,50047
06-04-2017,17,16277,17021,9673,4200,47171,1012,877,1220,3109,50280
06-04-2017,18,16070,17048,9768,4209,47095,1009,862,1216,3087,50182
06-04-2017,19,16140,17239,10022,4053,47454,1045,907,1273,3225,50679
06-04-2017,20,16358,17423,9966,3919,47666,1059,914,1271,3244,50910
06-04-2017,21,16285,16605,9963,3652,46505,972,828,1119,2919,49424
06-04-2017,22,15774,15680,9700,3330,44484,882,737,977,2596,47080
06-04-2017,23,15010,15157,9228,3057,42452,820,661,879,2360,44812
07-04-2017,0,14369,14595,9002,2876,40842,796,625,831,2252,43094
07-04-2017,1,13957,14501,8790,2759,40007,780,612,808,2200,42207
07-04-2017,2,13769,14301,8818,2734,39622,778,607,780,2165,41787
07-04-2017,3,13869,14222,8890,2723,39704,783,619,821,2223,41927
07-04-2017,4,14007,14404,9307,2763,40481,813,659,888,2360,42841
07-04-2017,5,14494,15081,9945,3024,42544,909,751,1073,2733,45277
07-04-2017,6,15561,16648,10364,3618,46191,1040,871,1218,3129,49320
07-04-2017,7,16914,18335,10598,4157,50004,1139,988,1352,3479,53483
07-04-2017,8,17132,18462,10689,4382,50665,1159,1030,1387,3576,54241
07-04-2017,9,16892,18344,10582,4340,50158,1142,1018,1370,3530,53688
07-04-2017,10,16510,18000,10515,4343,49368,1132,994,1348,3474,52842
07-04-2017,11,16093,17319,10402,4241,48055,1106,962,1322,3390,51445
07-04-2017,12,15710,16785,10262,4070,46827,1136,978,1330,3444,50271
07-04-2017,13,15534,16458,10180,3926,46098,1118,966,1300,3384,49482
07-04-2017,14,15375,16020,10130,3716,45241,1106,958,1275,3339,48580
07-04-2017,15,15201,15552,10057,3626,44436,1075,937,1249,3261,47697
07-04-2017,16,15036,15396,10086,3623,44141,1054,903,1235,3192,47333
07-04-2017,17,14936,15443,10121,3812,44312,1010,897,1228,3135,47447
07-04-2017,18,14950,15408,10274,3839,44471,1015,888,1233,3136,47607
07-04-2017,19,15093,15489,10310,3656,44548,1039,918,1277,3234,47782
07-04-2017,20,15223,15866,10230,3595,44914,1034,902,1249,3185,48099
07-04-2017,21,15131,15467,10281,3441,44320,947,814,1113,2874,47194
07-04-2017,22,14656,14803,10050,3210,42719,862,739,978,2579,45298
07-04-2017,23,14248,14353,9585,2953,41139,806,673,889,2368,43507
08-04-2017,0,13764,13655,9249,2779,39447,781,636,819,2236,41683
08-04-2017,1,13434,13492,9012,2663,38601,764,618,795,2177,40778
08-04-2017,2,13326,13496,8913,2607,38342,759,615,757,2131,40473
08-04-2017,3,13231,13665,8968,2593,38457,759,618,779,2156,40613
08-04-2017,4,13279,13686,9098,2615,38678,773,630,804,2207,40885
08-04-2017,5,13440,13799,9173,2693,39105,781,645,840,2266,41371
08-04-2017,6,13782,14032,9273,2826,39913,833,709,920,2462,42375
08-04-2017,7,14288,14500,9553,3062,41403,916,799,1045,2760,44163
08-04-2017,8,14745,15384,9660,3340,43129,966,862,1132,2960,46089
08-04-2017,9,15142,15925,9675,3468,44210,974,881,1168,3023,47233
08-04-2017,10,15332,16015,9565,3528,44440,960,868,1155,2983,47423
08-04-2017,11,15206,15797,9478,3497,43978,938,850,1145,2933,46911
08-04-2017,12,14821,15503,9396,3445,43165,924,838,1126,2888,46053
08-04-2017,13,14707,15437,9249,3356,42749,914,827,1090,2831,45580
08-04-2017,14,14519,15010,9264,3250,42043,903,812,1066,2781,44824
08-04-2017,15,14288,14755,9424,3227,41694,891,800,1060,2751,44445
08-04-2017,16,14429,14824,9612,3331,42196,903,796,1062,2761,44957
08-04-2017,17,14643,15031,9778,3618,43070,911,794,1071,2776,45846
08-04-2017,18,14711,15317,9853,3680,43561,917,799,1085,2801,46362
08-04-2017,19,14772,15010,9902,3551,43235,959,839,1154,2952,46187
08-04-2017,20,14894,15121,9920,3523,43458,964,832,1176,2972,46430
08-04-2017,21,14825,14667,9966,3440,42898,890,765,1063,2718,45616
08-04-2017,22,14422,14067,9884,3217,41590,822,701,954,2477,44067
08-04-2017,23,14033,13701,9546,2999,40279,773,649,872,2294,42573
09-04-2017,0,13706,13428,9143,2792,39069,742,604,795,2141,41210
09-04-2017,1,13516,13332,8926,2648,38422,722,584,762,2068,40490
09-04-2017,2,13446,13348,8808,2591,38193,719,581,744,2044,40237
09-04-2017,3,13354,13150,8762,2571,37837,716,583,753,2052,39889
09-04-2017,4,13418,13116,8819,2582,37935,726,597,766,2089,40024
09-04-2017,5,13464,13232,8693,2641,38030,726,605,798,2129,40159
09-04-2017,6,13655,13344,8662,2741,38402,767,644,854,2265,40667
09-04-2017,7,13879,13768,8889,3004,39540,838,717,954,2509,42049
09-04-2017,8,14206,14443,9109,3286,41044,891,784,1041,2716,43760
09-04-2017,9,14444,15168,9232,3399,42243,914,806,1078,2798,45041
09-04-2017,10,14592,15262,9284,3436,42574,914,811,1091,2816,45390
09-04-2017,11,14526,15192,9139,3407,42264,903,800,1093,2796,45060
09-04-2017,12,14424,14986,8944,3342,41696,883,792,1090,2765,44461
09-04-2017,13,14233,14716,8835,3236,41020,867,788,1078,2733,43753
09-04-2017,14,14162,14421,8827,3228,40638,883,784,1072,2739,43377
09-04-2017,15,14180,14219,8933,3172,40504,888,783,1075,2746,43250
09-04-2017,16,14243,14224,9021,3221,40709,892,789,1085,2766,43475
09-04-2017,17,14370,14396,9129,3458,41353,904,798,1090,2792,44145
09-04-2017,18,14469,14960,9231,3534,42194,922,808,1115,2845,45039
09-04-2017,19,14614,15251,9274,3445,42584,949,851,1176,2976,45560
09-04-2017,20,14752,15544,9264,3467,43027,959,858,1171,2988,46015
09-04-2017,21,14745,15186,9456,3370,42757,892,784,1043,2719,45476
09-04-2017,22,14553,14373,9379,3112,41417,810,697,917,2424,43841
09-04-2017,23,14204,13603,9043,2881,39731,759,626,836,2221,41952
10-04-2017,0,13647,13328,8718,2698,38391,731,591,781,2103,40494
10-04-2017,1,13424,13288,8629,2609,37950,724,579,773,2076,40026
10-04-2017,2,13223,13082,8496,2582,37383,725,575,746,2046,39429
10-04-2017,3,13217,13332,8565,2607,37721,733,591,785,2109,39830
10-04-2017,4,13209,13634,8953,2676,38472,769,638,847,2254,40726
10-04-2017,5,13639,14346,9476,2798,40259,860,735,1014,2609,42868
10-04-2017,6,14410,15746,9978,3134,43268,996,870,1180,3046,46314
10-04-2017,7,15496,17055,10238,3627,46416,1097,983,1323,3403,49819
10-04-2017,8,16201,17663,10350,3977,48191,1134,1030,1365,3529,51720
10-04-2017,9,16024,17733,10346,4060,48163,1118,1015,1348,3481,51644
10-04-2017,10,15977,17687,10338,4117,48119,1095,998,1326,3419,51538
10-04-2017,11,15866,17622,10218,4090,47796,1068,954,1278,3300,51096
10-04-2017,12,15716,17492,10040,4105,47353,1074,971,1283,3328,50681
10-04-2017,13,15596,17548,9954,4126,47224,1054,955,1250,3259,50483
10-04-2017,14,15482,17251,9816,4072,46621,1041,937,1225,3203,49824
10-04-2017,15,15405,17119,9653,3935,46112,1009,922,1190,3121,49233
10-04-2017,16,15374,17103,9692,3838,46007,985,887,1160,3032,49039
10-04-2017,17,15414,17125,9794,3909,46242,973,876,1159,3008,49250
10-04-2017,18,15308,16721,9920,3870,45819,981,861,1160,3002,48821
10-04-2017,19,15471,16833,9986,3693,45983,1008,892,1223,3123,49106
10-04-2017,20,15629,17015,9726,3637,46007,1000,898,1234,3132,49139
10-04-2017,21,15674,16674,9744,3524,45616,921,805,1076,2802,48418
10-04-2017,22,15280,15862,9544,3274,43960,832,712,928,2472,46432
10-04-2017,23,14813,15029,9083,2996,41921,767,647,834,2248,44169
11-04-2017,0,14451,14508,8720,2788,40467,743,617,817,2177,42644
11-04-2017,1,14117,14731,8516,2705,40069,733,598,800,2131,42200
11-04-2017,2,13974,14701,8502,2680,39857,732,596,791,2119,41976
11-04-2017,3,13983,14597,8585,2678,39843,737,601,814,2152,41995
11-04-2017,4,14152,14767,8942,2742,40603,767,638,883,2288,42891
11-04-2017,5,14479,15436,9452,2979,42346,854,717,1034,2605,44951
11-04-2017,6,15332,16805,9998,3387,45522,985,842,1188,3015,48537
11-04-2017,7,16454,18042,10231,3884,48611,1084,952,1323,3359,51970
11-04-2017,8,16675,18433,10262,4128,49498,1114,1006,0,2120,51618
11-04-2017,9,16597,18112,10235,4198,49142,1101,1022,0,2123,51265
11-04-2017,10,16581,18338,10158,4294,49371,1091,1003,1358,3452,52823
11-04-2017,11,16403,18126,10156,4274,48959,1071,979,1332,3382,52341
11-04-2017,12,16186,17737,10093,4117,48133,1091,1014,1338,3443,51576
11-04-2017,13,15953,17662,10050,4043,47708,1072,1011,1320,3403,51111
11-04-2017,14,15934,17289,10008,3963,47194,1068,993,1302,3363,50557
11-04-2017,15,15751,17189,9972,3808,46720,1032,980,1254,3266,49986
11-04-2017,16,15711,17236,10035,3767,46749,1021,944,1225,3190,49939
11-04-2017,17,15630,17415,10084,4109,47238,1014,926,1221,3161,50399
11-04-2017,18,15744,17347,10330,4169,47590,1003,907,1226,3136,50726
11-04-2017,19,15952,17790,10369,4050,48161,1019,917,1279,3215,51376
11-04-2017,20,16023,17951,10280,3995,48249,1032,925,1274,3231,51480
11-04-2017,21,15960,17172,10253,3778,47163,949,830,1117,2896,50059
11-04-2017,22,15528,16186,10053,3459,45226,864,737,956,2557,47783
11-04-2017,23,14983,15451,9638,3182,43254,805,672,874,2351,45605
12-04-2017,0,14431,14880,9314,2979,41604,781,644,834,2259,43863
12-04-2017,1,14197,14658,9118,2820,40793,767,630,812,2209,43002
12-04-2017,2,14084,14639,9107,2769,40599,767,618,782,2167,42766
12-04-2017,3,14093,14737,9194,2783,40807,768,629,821,2218,43025
12-04-2017,4,14259,14779,9514,2795,41347,799,669,889,2357,43704
12-04-2017,5,14436,15517,10179,2997,43129,884,760,1036,2680,45809
12-04-2017,6,15234,16924,10675,3342,46175,1023,895,1206,3124,49299
12-04-2017,7,16029,18260,10820,3869,48978,1135,993,1329,3457,52435
12-04-2017,8,16411,18563,10799,4164,49937,1162,1032,1339,3533,53470
12-04-2017,9,16561,18519,10616,4289,49985,1148,1032,1352,3532,53517
12-04-2017,10,16481,18380,10486,4396,49743,1136,1017,1354,3507,53250
12-04-2017,11,16171,18100,10376,4357,49004,1105,982,1310,3397,52401
12-04-2017,12,15747,18033,10277,4228,48285,1131,999,1361,3491,51776
12-04-2017,13,15498,18201,10160,4216,48075,1115,994,1317,3426,51501
12-04-2017,14,15367,17870,10077,4081,47395,1096,981,1348,3425,50820
12-04-2017,15,15227,17822,10080,3926,47055,1059,976,1327,3362,50417
12-04-2017,16,15080,17527,10200,3871,46678,1043,955,1290,3288,49966
12-04-2017,17,14953,17550,10190,3991,46684,1032,948,1276,3256,49940
12-04-2017,18,14999,17615,10308,3945,46867,1026,929,1269,3224,50091
12-04-2017,19,15183,17621,10406,3737,46947,1045,943,1294,3282,50229
12-04-2017,20,15149,17997,10329,3705,47180,1051,924,1266,3241,50421
12-04-2017,21,15172,17477,10319,3574,46542,971,828,1108,2907,49449
12-04-2017,22,14732,16215,10113,3278,44338,874,738,971,2583,46921
12-04-2017,23,14339,15544,9654,3019,42556,810,666,889,2365,44921
13-04-2017,0,13828,14855,9277,2778,40738,786,629,851,2266,43004
13-04-2017,1,13574,14516,9124,2654,39868,788,613,830,2231,42099
13-04-2017,2,13533,14511,9124,2550,39718,786,608,823,2217,41935
13-04-2017,3,13494,14571,9229,2566,39860,789,615,831,2235,42095
13-04-2017,4,13518,14691,9637,2632,40478,823,647,886,2356,42834
13-04-2017,5,13791,15282,10320,2672,42065,912,736,1037,2685,44750
13-04-2017,6,14217,16732,10837,2792,44578,1052,879,1215,3146,47724
13-04-2017,7,14809,18411,11118,3041,47379,1159,995,1362,3516,50895
13-04-2017,8,15248,19045,11114,3315,48722,1197,1046,1414,3657,52379
13-04-2017,9,15713,19185,11005,3547,49450,1200,1051,1353,3604,53054
13-04-2017,10,15899,19050,10841,3669,49459,1198,1038,1409,3645,53104
13-04-2017,11,15721,19016,10681,3663,49081,1175,1003,1379,3557,52638
13-04-2017,12,15526,18500,10537,3594,48157,1200,1008,1397,3605,51762
13-04-2017,13,15331,18184,10402,3446,47363,1177,982,1377,3536,50899
13-04-2017,14,15288,17883,10341,3364,46876,1148,939,1359,3446,50322
13-04-2017,15,15150,17631,10346,3307,46434,1110,916,1319,3345,49779
13-04-2017,16,15396,17572,10356,3264,46588,1081,896,1280,3257,49845
13-04-2017,17,15246,17796,10391,3491,46924,1058,884,1270,3212,50136
13-04-2017,18,15187,17521,10525,3523,46756,1039,864,1271,3174,49930
13-04-2017,19,15032,17333,10590,3372,46327,1037,880,1292,3209,49536
13-04-2017,20,15196,17340,10562,3325,46423,1046,895,1305,3246,49669
13-04-2017,21,15271,16829,10686,3264,46050,972,821,1163,2956,49006
13-04-2017,22,15012,16025,10421,3058,44516,887,738,1019,2644,47160
13-04-2017,23,14705,15064,10018,2818,42605,833,671,936,2440,45045
14-04-2017,0,14399,14713,9663,2626,41401,794,626,893,2313,43714
14-04-2017,1,14176,14404,9474,2520,40574,779,607,871,2257,42831
14-04-2017,2,14166,14187,9359,2455,40167,773,598,854,2225,42392
14-04-2017,3,14246,14223,9408,2483,40360,765,606,881,2252,42612
14-04-2017,4,14371,14205,9515,2530,40621,777,630,939,2346,42967
14-04-2017,5,14582,14458,9543,2617,41200,780,638,1085,2503,43703
14-04-2017,6,14821,14751,9655,2768,41995,842,703,1250,2795,44790
14-04-2017,7,15276,15364,9796,3002,43438,920,776,1379,3075,46513
14-04-2017,8,15613,16132,9915,3227,44887,969,836,1427,3232,48119
14-04-2017,9,15835,16479,9959,3345,45618,992,857,1420,3269,48887
14-04-2017,10,15808,16704,9991,3490,45993,988,854,1406,3248,49241
14-04-2017,11,15602,16779,9905,3488,45774,981,840,1381,3202,48976
14-04-2017,12,15348,16543,9803,3459,45153,970,843,1403,3216,48369
14-04-2017,13,15250,16341,9760,3352,44703,949,825,1381,3155,47858
14-04-2017,14,15164,16383,9782,3308,44637,940,807,1348,3095,47732
14-04-2017,15,15030,16426,9824,3310,44590,923,798,1305,3026,47616
14-04-2017,16,14862,16432,9865,3382,44541,917,797,1277,2991,47532
14-04-2017,17,14762,16838,10023,3646,45269,912,795,1262,2969,48238
14-04-2017,18,14964,16737,10156,3665,45522,909,785,1252,2946,48468
14-04-2017,19,15148,16853,10126,3522,45649,926,809,1290,3025,48674
14-04-2017,20,15336,17088,10184,3484,46092,974,850,1293,3117,49209
14-04-2017,21,15504,16892,10421,3439,46256,922,784,1156,2862,49118
14-04-2017,22,15272,16363,10382,3206,45223,863,709,1017,2589,47812
14-04-2017,23,14947,15859,10039,3005,43850,814,646,929,2389,46239
15-04-2017,0,14530,15345,9750,2813,42438,779,604,863,2246,44684
15-04-2017,1,14243,15008,9584,2667,41502,758,585,839,2182,43684
15-04-2017,2,14144,15047,9556,2637,41384,749,585,829,2163,43547
15-04-2017,3,14273,14967,9546,2631,41417,753,601,831,2185,43602
15-04-2017,4,14417,15157,9540,2644,41758,758,619,849,2226,43984
15-04-2017,5,14440,15221,9589,2717,41967,761,630,879,2270,44237
15-04-2017,6,14667,15121,9659,2828,42275,816,693,976,2485,44760
15-04-2017,7,14973,15504,9861,3079,43417,889,767,1100,2756,46173
15-04-2017,8,15454,15997,9969,3424,44844,947,831,1202,2980,47824
15-04-2017,9,15960,16451,10006,3625,46042,973,861,1249,3083,49125
15-04-2017,10,16014,16640,9986,3694,46334,964,863,1254,3081,49415
15-04-2017,11,15742,16391,9974,3695,45802,953,855,1249,3057,48859
15-04-2017,12,15642,16044,9899,3698,45283,951,850,1240,3041,48324
15-04-2017,13,15622,15864,9833,3601,44920,934,841,1210,2985,47905
15-04-2017,14,15514,15743,9806,3558,44621,925,821,1182,2928,47549
15-04-2017,15,15459,15690,9913,3536,44598,915,810,1156,2881,47479
15-04-2017,16,15367,15461,9996,3533,44357,912,797,1149,2858,47215
15-04-2017,17,15389,15419,10130,3740,44678,911,791,1141,2843,47521
15-04-2017,18,15470,15523,10141,3817,44951,914,786,1147,2847,47798
15-04-2017,19,15495,15675,10090,3706,44966,928,809,1185,2922,47888
15-04-2017,20,15561,16218,10109,3633,45521,975,848,1205,3028,48549
15-04-2017,21,15734,16098,10354,3576,45762,928,796,1102,2826,48588
15-04-2017,22,15496,15795,10283,3356,44930,870,722,956,2548,47478
15-04-2017,23,15177,15396,9929,3165,43667,819,654,866,2339,46006
16-04-2017,0,14909,15088,9622,2993,42612,785,612,812,2209,44821
16-04-2017,1,14725,14912,9404,2872,41913,764,592,787,2143,44056
16-04-2017,2,14611,14743,9347,2810,41511,761,584,747,2092,43603
16-04-2017,3,14624,14852,9387,2785,41648,760,582,773,2115,43763
16-04-2017,4,14707,14847,9369,2803,41726,761,590,789,2140,43866
16-04-2017,5,14805,14903,9305,2868,41881,761,585,798,2144,44025
16-04-2017,6,14834,14940,9247,2921,41942,806,630,846,2282,44224
16-04-2017,7,14996,15343,9410,3144,42893,867,696,916,2479,45372
16-04-2017,8,15273,15612,9630,3429,43944,926,747,978,2651,46595
16-04-2017,9,15644,15936,9687,3585,44852,958,760,1005,2723,47575
16-04-2017,10,15744,16013,9695,3657,45109,954,753,992,2699,47808
16-04-2017,11,15448,15910,9650,3621,44629,939,734,954,2627,47256
16-04-2017,12,15243,15896,9549,3519,44207,932,719,919,2570,46777
16-04-2017,13,15170,15780,9419,3411,43780,916,704,880,2500,46280
16-04-2017,14,14928,15425,9333,3329,43015,911,691,861,2463,45478
16-04-2017,15,14814,15227,9263,3287,42591,916,689,845,2450,45041
16-04-2017,16,14750,15261,9371,3357,42739,921,693,875,2489,45228
16-04-2017,17,14838,15486,9460,3590,43374,932,700,889,2521,45895
16-04-2017,18,15039,15654,9507,3574,43774,938,706,887,2531,46305
16-04-2017,19,15200,15918,9476,3488,44082,952,735,946,2633,46715
16-04-2017,20,15404,16290,9675,3485,44854,991,788,1050,2829,47683
16-04-2017,21,15675,16414,10064,3464,45617,931,741,987,2659,48276
16-04-2017,22,15455,15910,10031,3276,44672,855,677,910,2442,47114
16-04-2017,23,15097,15455,9731,3064,43347,808,627,833,2268,45615
17-04-2017,0,14710,14829,9381,2862,41782,774,589,789,2152,43934
17-04-2017,1,14505,14746,9230,2713,41194,760,574,777,2111,43305
17-04-2017,2,14466,14833,9201,2668,41168,757,573,743,2073,43241
17-04-2017,3,14433,14954,9226,2680,41293,765,579,774,2118,43411
17-04-2017,4,14580,15109,9248,2731,41668,791,587,791,2169,43837
17-04-2017,5,14701,15025,9276,2819,41821,888,592,797,2277,44098
17-04-2017,6,14960,15382,9367,2906,42615,1025,646,858,2529,45144
17-04-2017,7,15388,15673,9581,3142,43784,1133,724,947,2804,46588
17-04-2017,8,15781,15979,9640,3430,44830,1167,786,1029,2982,47812
17-04-2017,9,16107,16036,9625,3646,45414,1161,821,1070,3052,48466
17-04-2017,10,16123,16217,9608,3736,45684,1156,821,1081,3058,48742
17-04-2017,11,16209,16366,9592,3742,45909,1126,809,1076,3011,48920
17-04-2017,12,16035,16348,9484,3660,45527,1155,800,1073,3028,48555
17-04-2017,13,15844,16269,9455,3548,45116,1119,782,1045,2946,48062
17-04-2017,14,15668,16012,9432,3423,44535,1112,772,1038,2922,47457
17-04-2017,15,15546,15897,9400,3342,44185,1081,772,1041,2894,47079
17-04-2017,16,15543,15876,9437,3402,44258,1054,776,1048,2878,47136
17-04-2017,17,15480,16133,9555,3690,44858,1039,780,1063,2882,47740
17-04-2017,18,15483,15989,9682,3763,44917,1026,780,1038,2844,47761
17-04-2017,19,15645,16340,9725,3562,45272,1033,808,1118,2959,48231
17-04-2017,20,15949,16863,9751,3521,46084,1067,848,1167,3082,49166
17-04-2017,21,16303,16834,10131,3431,46699,994,781,1044,2819,49518
17-04-2017,22,15940,16150,10115,3174,45379,898,695,933,2526,47905
17-04-2017,23,15466,15512,9805,2914,43697,838,632,839,2309,46006
18-04-2017,0,14975,15250,9515,2802,42542,810,597,825,2232,44774
18-04-2017,1,14785,15273,9276,2758,42092,796,586,812,2194,44286
18-04-2017,2,14756,15383,9217,2805,42161,793,586,786,2165,44326
18-04-2017,3,14761,15504,9357,2856,42478,798,601,825,2224,44702
18-04-2017,4,15047,15790,9559,2944,43340,827,639,890,2356,45696
18-04-2017,5,15701,16290,10282,3133,45406,922,737,1076,2735,48141
18-04-2017,6,16927,18083,10762,3661,49433,1051,865,1252,3168,52601
18-04-2017,7,18401,20027,10847,4125,53400,1153,975,1386,3514,56914
18-04-2017,8,18513,19692,10736,4270,53211,1184,1027,1431,3642,56853
18-04-2017,9,18005,19060,10646,4350,52061,1181,1028,1435,3644,55705
18-04-2017,10,17559,18750,10472,4379,51160,1173,1021,1440,3634,54794
18-04-2017,11,17236,18661,10382,4416,50695,1142,992,1372,3506,54201
18-04-2017,12,17105,18414,10227,4357,50103,1162,1010,1421,3593,53696
18-04-2017,13,16875,18417,10167,4358,49817,1144,1001,1393,3538,53355
18-04-2017,14,16810,18158,10017,4266,49251,1134,979,1369,3482,52733
18-04-2017,15,16588,18045,9823,4137,48593,1098,962,1323,3383,51976
18-04-2017,16,16368,17769,9860,4092,48089,1076,931,1247,3254,51343
18-04-2017,17,16222,17686,9760,4318,47986,1060,914,1274,3248,51234
18-04-2017,18,16012,17587,9827,4297,47723,1043,896,1258,3197,50920
18-04-2017,19,16073,17716,9913,4139,47841,1041,902,1268,3211,51052
18-04-2017,20,16274,18112,10004,4039,48429,1078,914,1298,3290,51719
18-04-2017,21,16767,17956,10239,3988,48950,1009,831,1160,3000,51950
18-04-2017,22,16489,17144,10139,3702,47474,918,739,1021,2678,50152
18-04-2017,23,15759,16506,9724,3399,45388,853,672,933,2458,47846
19-04-2017,0,15231,15886,9365,3165,43647,836,635,888,2359,46006
19-04-2017,1,14987,15945,9178,3086,43196,823,621,874,2318,45514
19-04-2017,2,14847,15907,9144,3056,42954,821,614,867,2302,45256
19-04-2017,3,14967,16048,9206,3088,43309,831,624,885,2340,45649
19-04-2017,4,15206,16383,9418,3168,44175,851,650,943,2444,46619
19-04-2017,5,15759,17004,10072,3422,46257,887,744,1108,2739,48996
19-04-2017,6,16890,18753,10505,3924,50072,1065,875,1278,3218,53290
19-04-2017,7,18137,19642,10539,4433,52751,1161,992,1406,3559,56310
19-04-2017,8,18229,19285,10350,4629,52493,1185,1035,1429,3649,56142
19-04-2017,9,17795,18503,10227,4617,51142,1167,1031,1418,3616,54758
19-04-2017,10,17474,18123,10131,4642,50370,1153,1014,1431,3598,53968
19-04-2017,11,17110,18141,10011,4592,49854,1134,981,1419,3534,53388
19-04-2017,12,16866,17635,9865,4447,48813,1151,999,1437,3587,52400
19-04-2017,13,16826,17275,9820,4479,48400,1139,988,1405,3532,51932
19-04-2017,14,16714,17115,9678,4395,47902,1132,970,1403,3505,51407
19-04-2017,15,16585,16849,9641,4293,47368,1095,944,1324,3363,50731
19-04-2017,16,16522,16693,9694,4183,47092,1067,907,1312,3286,50378
19-04-2017,17,16378,16942,9704,4362,47386,1045,892,1303,3240,50626
19-04-2017,18,16288,16956,9900,4275,47419,1035,875,1292,3202,50621
19-04-2017,19,16435,16946,9912,4109,47402,1041,891,1290,3222,50624
19-04-2017,20,16505,17297,9798,4051,47651,1088,927,1325,3340,50991
19-04-2017,21,16471,16899,9892,3958,47220,1016,851,1187,3054,50274
19-04-2017,22,16012,15993,9702,3641,45348,925,750,1041,2716,48064
19-04-2017,23,15329,15392,9244,3279,43244,867,688,949,2504,45748
20-04-2017,0,14653,14585,8945,3076,41259,834,654,876,2364,43623
20-04-2017,1,14243,14336,8744,2954,40277,819,636,882,2337,42614
20-04-2017,2,14185,14525,8734,2911,40355,816,627,857,2300,42655
20-04-2017,3,14149,14538,8873,2927,40487,823,639,905,2367,42854
20-04-2017,4,14317,14662,8946,2985,40910,837,670,966,2473,43383
20-04-2017,5,14581,15496,9669,3220,42966,934,760,1129,2823,45789
20-04-2017,6,15726,16740,10152,3691,46309,1051,897,1309,3257,49566
20-04-2017,7,17180,17837,10372,4256,49645,1149,1007,1423,3579,53224
20-04-2017,8,17632,18140,10431,4457,50660,1174,1045,1454,3673,54333
20-04-2017,9,17474,17995,10266,4420,50155,1160,1035,1438,3633,53788
20-04-2017,10,17311,17797,10204,4455,49767,1143,1018,1423,3584,53351
20-04-2017,11,16961,17816,10095,4404,49276,1105,976,1386,3467,52743
20-04-2017,12,16677,17776,9939,4328,48720,1125,1003,1397,3525,52245
20-04-2017,13,16558,17878,9879,4311,48626,1105,985,1371,3461,52087
20-04-2017,14,16565,17722,9815,4205,48307,1098,956,1345,3399,51706
20-04-2017,15,16347,17595,9868,4022,47832,1071,935,1302,3308,51140
20-04-2017,16,16382,17565,9990,3988,47925,1057,901,1263,3221,51146
20-04-2017,17,16200,17630,10009,4178,48017,1044,885,1258,3187,51204
20-04-2017,18,16012,17489,10058,4090,47649,1041,870,1253,3164,50813
20-04-2017,19,15898,17299,10121,3904,47222,1044,878,1281,3203,50425
20-04-2017,20,15926,17178,9905,3788,46797,1068,906,1320,3294,50091
20-04-2017,21,15980,16744,9961,3672,46357,981,823,1176,2980,49337
20-04-2017,22,15610,15762,9740,3358,44470,884,730,1022,2636,47106
20-04-2017,23,14939,14621,9286,3023,41869,819,655,937,2411,44280
21-04-2017,0,14447,14358,8967,2823,40595,794,619,877,2290,42885
21-04-2017,1,14110,13982,8816,2729,39637,797,599,861,2257,41894
21-04-2017,2,13959,13885,8805,2686,39335,794,598,854,2246,41581
21-04-2017,3,13922,13822,8902,2687,39333,800,610,862,2272,41605
21-04-2017,4,14029,14119,9091,2751,39990,818,638,919,2375,42365
21-04-2017,5,14374,14789,9665,2982,41810,899,738,1074,2711,44521
21-04-2017,6,15458,16286,10286,3460,45490,1034,876,1242,3152,48642
21-04-2017,7,16718,17814,10531,4049,49112,1149,992,1387,3528,52640
21-04-2017,8,16891,17928,10531,4243,49593,1181,1052,1451,3684,53277
21-04-2017,9,16767,17755,10396,4269,49187,1168,1058,1458,3684,52871
21-04-2017,10,16591,17522,10304,4320,48737,1168,1041,1455,3664,52401
21-04-2017,11,16219,17094,10249,4289,47851,1148,1006,1430,3584,51435
21-04-2017,12,16185,16869,10103,4126,47283,1158,1013,1429,3600,50883
21-04-2017,13,15984,16502,9900,4067,46453,1123,985,1398,3506,49959
21-04-2017,14,15877,16403,9798,3925,46003,1082,961,1365,3408,49411
21-04-2017,15,15899,16212,9701,3731,45543,1039,938,1319,3296,48839
21-04-2017,16,15743,16117,9714,3782,45356,1022,906,1291,3219,48575
21-04-2017,17,15631,16161,9665,4040,45497,1005,888,1254,3147,48644
21-04-2017,18,15740,16248,9762,3983,45733,987,859,1231,3077,48810
21-04-2017,19,15720,16137,9706,3751,45314,974,848,1237,3059,48373
21-04-2017,20,15802,16298,9621,3527,45248,1006,870,1235,3111,48359
21-04-2017,21,15906,16040,9896,3502,45344,954,815,1109,2878,48222
21-04-2017,22,15707,15655,9676,3293,44331,869,728,979,2576,46907
21-04-2017,23,15159,15035,9198,3069,42461,803,651,893,2347,44808
22-04-2017,0,14657,14446,8915,2969,40987,771,622,846,2239,43226
22-04-2017,1,14331,14280,8729,2872,40212,753,603,819,2175,42387
22-04-2017,2,14141,14178,8704,2780,39803,742,592,803,2137,41940
22-04-2017,3,14147,14190,8699,2786,39822,744,589,800,2133,41955
22-04-2017,4,14244,14238,8697,2767,39946,748,596,815,2159,42105
22-04-2017,5,14363,14154,8801,2827,40145,770,621,847,2238,42383
22-04-2017,6,14428,14406,8965,2894,40693,820,686,935,2441,43134
22-04-2017,7,14772,14823,9163,3071,41829,876,771,1050,2697,44526
22-04-2017,8,15172,15051,9379,3307,42909,935,828,1133,2896,45805
22-04-2017,9,15589,15512,9427,3582,44110,960,853,1151,2964,47074
22-04-2017,10,15822,15554,9353,3770,44499,954,852,1150,2956,47455
22-04-2017,11,15680,15504,9324,3770,44278,945,846,1154,2945,47223
22-04-2017,12,15485,15347,9204,3656,43692,943,844,1149,2936,46628
22-04-2017,13,15192,15171,9157,3572,43092,927,833,1128,2888,45980
22-04-2017,14,14915,14878,9163,3511,42467,909,825,1094,2828,45295
22-04-2017,15,14773,14856,9203,3401,42233,903,823,1079,2805,45038
22-04-2017,16,14864,15082,9334,3464,42744,913,819,1072,2804,45548
22-04-2017,17,15001,15252,9379,3595,43227,913,813,1073,2799,46026
22-04-2017,18,15070,15159,9452,3542,43223,910,809,1086,2805,46028
22-04-2017,19,15237,15301,9379,3345,43262,903,816,1113,2832,46094
22-04-2017,20,15229,15597,9321,3278,43425,932,837,1170,2939,46364
22-04-2017,21,15300,15654,9632,3311,43897,892,788,1089,2769,46666
22-04-2017,22,15094,15155,9566,3119,42934,828,714,977,2519,45453
22-04-2017,23,14839,14524,9204,2906,41473,771,659,884,2314,43787
23-04-2017,0,14428,14150,8874,2759,40211,744,615,840,2199,42410
23-04-2017,1,14381,14126,8639,2665,39811,727,595,812,2134,41945
23-04-2017,2,14327,14140,8532,2601,39600,719,585,800,2104,41704
23-04-2017,3,14239,14272,8574,2554,39639,721,580,799,2100,41739
23-04-2017,4,14276,14376,8449,2583,39684,715,577,808,2100,41784
23-04-2017,5,14147,14112,8526,2630,39415,720,589,830,2139,41554
23-04-2017,6,14239,14209,8577,2721,39746,763,643,901,2307,42053
23-04-2017,7,14503,14664,8850,2919,40936,832,723,998,2553,43489
23-04-2017,8,14778,15084,9035,3156,42053,900,784,1072,2756,44809
23-04-2017,9,15003,15480,9076,3393,42952,926,815,1112,2853,45805
23-04-2017,10,15258,15503,9082,3507,43350,924,815,1112,2851,46201
23-04-2017,11,15247,15472,9029,3503,43251,917,806,1114,2837,46088
23-04-2017,12,15056,15256,8911,3449,42672,907,807,1095,2809,45481
23-04-2017,13,14861,15056,8829,3429,42175,896,796,1075,2767,44942
23-04-2017,14,14896,15018,8773,3394,42081,890,781,1057,2728,44809
23-04-2017,15,14931,14770,8799,3366,41866,886,782,1047,2715,44581
23-04-2017,16,14920,14953,8891,3321,42085,900,787,1067,2754,44839
23-04-2017,17,14937,15182,9014,3549,42682,910,796,1087,2793,45475
23-04-2017,18,14988,15449,9139,3568,43144,912,795,1111,2818,45962
23-04-2017,19,15256,15538,9135,3351,43280,909,818,1146,2873,46153
23-04-2017,20,15481,16194,9118,3339,44132,951,851,1212,3014,47146
23-04-2017,21,15797,16046,9598,3423,44864,915,797,1107,2819,47683
23-04-2017,22,15463,15078,9567,3245,43353,834,710,968,2512,45865
23-04-2017,23,14847,14749,9187,2963,41746,780,646,879,2305,44051
24-04-2017,0,14365,14371,8859,2791,40386,761,608,842,2211,42597
24-04-2017,1,14056,14173,8724,2700,39653,750,593,820,2163,41816
24-04-2017,2,14019,14166,8729,2615,39529,750,589,811,2150,41679
24-04-2017,3,13821,14260,8834,2613,39528,760,595,829,2184,41712
24-04-2017,4,13944,14595,9020,2687,40246,767,621,887,2275,42521
24-04-2017,5,14545,14970,9745,2896,42156,880,713,1074,2667,44823
24-04-2017,6,15859,16501,10169,3444,45973,1004,853,1252,3109,49082
24-04-2017,7,17458,17788,10294,4108,49648,1104,966,1392,3462,53110
24-04-2017,8,17887,18347,10281,4138,50653,1133,1017,1434,3584,54237
24-04-2017,9,17680,18003,10143,4240,50066,1125,1013,1428,3566,53632
24-04-2017,10,17462,17701,10046,4320,49529,1110,994,1411,3515,53044
24-04-2017,11,17275,17611,10028,4377,49291,1090,961,1369,3420,52711
24-04-2017,12,17173,17673,9937,4241,49024,1112,984,1377,3473,52497
24-04-2017,13,16910,17555,9835,4228,48528,1098,976,1348,3422,51950
24-04-2017,14,16939,17435,9535,4160,48069,1086,943,1342,3371,51440
24-04-2017,15,16847,17396,9471,3683,47397,1042,921,1299,3262,50659
24-04-2017,16,16765,17389,9560,3567,47281,1016,885,1267,3168,50449
24-04-2017,17,16624,17609,9470,3764,47467,995,873,1259,3127,50594
24-04-2017,18,16579,17616,9525,3664,47384,976,856,1248,3080,50464
24-04-2017,19,16662,17408,9498,3522,47090,974,859,1257,3090,50180
24-04-2017,20,16649,17474,9400,3472,46995,998,879,1298,3175,50170
24-04-2017,21,16952,17384,9680,3546,47562,944,814,1150,2908,50470
24-04-2017,22,16664,16474,9523,3297,45958,858,724,992,2574,48532
24-04-2017,23,15875,15893,9061,2966,43795,805,658,883,2346,46141
25-04-2017,0,15206,15132,8827,2781,41946,781,646,846,2273,44219
25-04-2017,1,14891,15126,8666,2671,41354,768,633,824,2225,43579
25-04-2017,2,14786,15142,8566,2635,41129,755,587,818,2160,43289
25-04-2017,3,14791,15178,8560,2700,41229,755,605,835,2195,43424
25-04-2017,4,14915,15263,8785,2800,41763,782,628,894,2304,44067
25-04-2017,5,15099,15951,9500,3025,43575,889,725,1074,2688,46263
25-04-2017,6,16427,17414,9962,3545,47348,1025,854,1255,3134,50482
25-04-2017,7,17915,18935,10189,4089,51128,1134,976,1394,3504,54632
25-04-2017,8,18108,19232,10305,4307,51952,1166,1030,1453,3649,55601
25-04-2017,9,17700,18943,10203,4425,51271,1153,1031,1433,3617,54888
25-04-2017,10,17366,19031,10174,4585,51156,1146,1035,1412,3593,54749
25-04-2017,11,16918,18746,10179,4512,50355,1123,1007,1391,3521,53876
25-04-2017,12,16640,18182,10006,4397,49225,1144,1033,1385,3562,52787
25-04-2017,13,16468,17800,10093,4361,48722,1136,1019,1370,3525,52247
25-04-2017,14,16522,17652,10170,4362,48706,1127,1009,1363,3499,52205
25-04-2017,15,16498,17515,10080,4168,48261,1108,995,1335,3438,51699
25-04-2017,16,16459,17472,9912,4101,47944,1096,969,1286,3351,51295
25-04-2017,17,16261,17767,9909,4324,48261,1088,958,1295,3341,51602
25-04-2017,18,16061,17813,10014,4230,48118,1074,933,1296,3303,51421
25-04-2017,19,15889,17651,9938,4059,47537,1051,917,1290,3258,50795
25-04-2017,20,16148,17713,9825,3933,47619,1059,858,1299,3216,50835
25-04-2017,21,16301,17613,9930,3902,47746,979,835,1136,2950,50696
25-04-2017,22,16112,16544,9754,3589,45999,878,737,986,2601,48600
25-04-2017,23,15461,15571,9259,3288,43579,818,667,908,2393,45972
26-04-2017,0,14801,14910,8913,3090,41714,796,628,868,2292,44006
26-04-2017,1,14622,14832,8743,3000,41197,779,612,849,2240,43437
26-04-2017,2,14546,14773,8599,2989,40907,763,608,846,2217,43124
26-04-2017,3,14618,14849,8677,3018,41162,763,614,853,2230,43392
26-04-2017,4,14860,15184,8778,3123,41945,766,633,907,2306,44251
26-04-2017,5,15323,15587,9389,3331,43630,867,728,1072,2667,46297
26-04-2017,6,16613,17021,9849,3859,47342,991,866,1247,3104,50446
26-04-2017,7,17578,18757,10066,4409,50810,1094,985,1371,3450,54260
26-04-2017,8,17636,18732,10306,4571,51245,1134,1033,1411,3578,54823
26-04-2017,9,17202,18617,10302,4568,50689,1123,1036,1403,3562,54251
26-04-2017,10,16918,18430,10251,4684,50283,1111,1022,1385,3518,53801
26-04-2017,11,16744,18152,10215,4592,49703,1098,991,1351,3440,53143
26-04-2017,12,16359,17846,10115,4563,48883,1121,1009,1367,3497,52380
26-04-2017,13,16121,17392,10038,4543,48094,1101,996,1347,3444,51538
26-04-2017,14,16046,17050,9981,4477,47554,1093,986,1333,3412,50966
26-04-2017,15,15971,16953,9924,4366,47214,1058,968,1301,3327,50541
26-04-2017,16,15796,16614,9952,4353,46715,1032,924,1264,3220,49935
26-04-2017,17,15657,16704,9953,4571,46885,1010,913,1259,3182,50067
26-04-2017,18,15595,16660,10079,4394,46728,991,886,1247,3124,49852
26-04-2017,19,15785,16848,9980,4146,46759,984,888,1261,3133,49892
26-04-2017,20,15800,17079,9814,3952,46645,1000,905,1288,3193,49838
26-04-2017,21,16097,17041,9962,3907,47007,952,842,1170,2964,49971
26-04-2017,22,15800,16127,9782,3656,45365,860,740,1008,2608,47973
26-04-2017,23,15196,15133,9322,3316,42967,804,675,924,2403,45370
27-04-2017,0,14716,14563,8960,3087,41326,778,652,887,2317,43643
27-04-2017,1,14550,14682,8868,2963,41063,761,633,873,2267,43330
27-04-2017,2,14434,14599,8854,2910,40797,771,615,869,2255,43052
27-04-2017,3,14514,14627,8894,2939,40974,781,626,883,2290,43264
27-04-2017,4,14696,14887,8927,3049,41559,784,647,929,2360,43919
27-04-2017,5,15008,15348,9573,3238,43167,888,744,1105,2737,45904
27-04-2017,6,16341,16637,10124,3722,46824,1012,873,1274,3159,49983
27-04-2017,7,17792,18068,10181,4282,50323,1111,971,1388,3470,53793
27-04-2017,8,17979,18061,10236,4473,50749,1137,1011,1413,3561,54310
27-04-2017,9,17593,17505,10181,4507,49786,1132,1003,1410,3545,53331
27-04-2017,10,17387,17369,10077,4533,49366,1125,989,1404,3518,52884
27-04-2017,11,16939,16966,10046,4471,48422,1107,954,1385,3446,51868
27-04-2017,12,16701,16868,9971,4486,48026,1132,970,1393,3495,51521
27-04-2017,13,16509,16731,9922,4538,47700,1120,962,1373,3455,51155
27-04-2017,14,16340,16491,9905,4009,46745,1119,949,1359,3427,50172
27-04-2017,15,16289,16538,9891,3316,46034,1079,933,1329,3341,49375
27-04-2017,16,16311,16421,9842,3224,45798,1051,903,1305,3259,49057
27-04-2017,17,16293,16801,9721,3363,46178,1031,891,1259,3181,49359
27-04-2017,18,16084,16353,9782,3642,45861,1005,870,1247,3122,48983
27-04-2017,19,16145,16569,9766,4063,46543,989,862,1264,3115,49658
27-04-2017,20,16148,16426,9633,3924,46131,1018,888,1306,3212,49343
27-04-2017,21,16366,16603,9943,3727,46639,975,828,1177,2980,49619
27-04-2017,22,16087,15735,9779,3564,45165,885,736,1017,2638,47803
27-04-2017,23,15421,14810,9341,3219,42791,808,665,934,2407,45198
28-04-2017,0,14694,14211,9041,3009,40955,780,623,888,2291,43246
28-04-2017,1,14439,14279,8879,2922,40519,760,608,868,2236,42755
28-04-2017,2,14285,14094,8863,2879,40121,758,606,866,2230,42351
28-04-2017,3,14336,14147,8973,2867,40323,763,619,880,2262,42585
28-04-2017,4,14490,14313,9114,2952,40869,778,636,925,2339,43208
28-04-2017,5,14836,14877,9874,3154,42741,895,731,1092,2718,45459
28-04-2017,6,15943,16251,10338,3679,46211,1023,870,1264,3157,49368
28-04-2017,7,17375,17501,10491,4293,49660,1118,972,1386,3476,53136
28-04-2017,8,17738,17770,10488,4493,50489,1148,1006,1426,3580,54069
28-04-2017,9,17581,17819,10411,4522,50333,1140,1001,1419,3560,53893
28-04-2017,10,17318,17658,10325,4573,49874,1119,981,1413,3513,53387
28-04-2017,11,16992,17566,10185,4547,49290,1089,949,1382,3420,52710
28-04-2017,12,16732,17285,10013,4400,48430,1109,973,1399,3481,51911
28-04-2017,13,16487,16978,9884,4251,47600,1085,963,1390,3438,51038
28-04-2017,14,16402,16728,9785,4093,47008,1066,945,1371,3382,50390
28-04-2017,15,16369,16489,9689,3976,46523,1033,927,1334,3294,49817
28-04-2017,16,16224,16291,9660,4012,46187,1012,894,1299,3205,49392
28-04-2017,17,16135,16405,9602,4218,46360,992,887,1285,3164,49524
28-04-2017,18,16103,16156,9596,4182,46037,969,871,1269,3109,49146
28-04-2017,19,15976,15942,9575,3974,45467,955,866,1252,3073,48540
28-04-2017,20,15804,16024,9396,3784,45008,969,869,1246,3084,48092
28-04-2017,21,15777,16103,9718,3712,45310,944,811,1137,2892,48202
28-04-2017,22,15383,15637,9646,3493,44159,860,738,991,2589,46748
28-04-2017,23,14871,14814,9210,3242,42137,801,669,910,2380,44517
29-04-2017,0,14485,14272,8850,3006,40613,765,622,865,2252,42865
29-04-2017,1,14074,14233,8639,2876,39822,746,599,839,2184,42006
29-04-2017,2,13979,14286,8548,2787,39600,733,588,828,2149,41749
29-04-2017,3,13970,14374,8543,2764,39651,733,589,836,2158,41809
29-04-2017,4,13913,14316,8391,2769,39389,712,594,851,2157,41546
29-04-2017,5,13864,14243,8609,2771,39487,740,626,886,2252,41739
29-04-2017,6,14128,14578,8693,2939,40338,803,706,990,2499,42837
29-04-2017,7,14552,15171,8936,3216,41875,883,800,1118,2801,44676
29-04-2017,8,15074,15747,9024,3496,43341,950,880,1210,3040,46381
29-04-2017,9,15455,16086,9031,3665,44237,995,910,1247,3152,47389
29-04-2017,10,15519,16083,9137,3790,44529,1007,913,1248,3168,47697
29-04-2017,11,15391,15963,9121,3786,44261,1021,902,1240,3163,47424
29-04-2017,12,15032,15587,9088,3700,43407,1039,895,1220,3154,46561
29-04-2017,13,14641,15471,9026,3581,42719,1031,880,1181,3092,45811
29-04-2017,14,14398,15090,9101,3478,42067,1011,864,1150,3025,45092
29-04-2017,15,14242,14838,9329,3419,41828,1002,842,1138,2982,44810
29-04-2017,16,14226,15220,9556,3482,42484,999,830,1134,2963,45447
29-04-2017,17,14339,15491,9809,3750,43389,987,823,1131,2941,46330
29-04-2017,18,14424,15548,9938,3774,43684,971,810,1136,2917,46601
29-04-2017,19,14489,15461,9763,3584,43297,949,810,1144,2903,46200
29-04-2017,20,14427,15809,9552,3452,43240,954,823,1163,2940,46180
29-04-2017,21,14541,15782,9841,3450,43614,914,786,1087,2787,46401
29-04-2017,22,14421,15323,9846,3281,42871,849,720,980,2549,45420
29-04-2017,23,14144,14828,9342,3040,41354,797,658,884,2339,43693
30-04-2017,0,13785,14159,8966,2861,39771,761,619,831,2211,41982
30-04-2017,1,13684,14273,8787,2740,39484,741,598,812,2151,41635
30-04-2017,2,13718,14335,8655,2693,39401,731,585,804,2120,41521
30-04-2017,3,13751,14373,8600,2675,39399,730,584,806,2120,41519
30-04-2017,4,13815,14393,8419,2701,39328,713,575,805,2093,41421
30-04-2017,5,13792,14241,8462,2724,39219,731,598,831,2160,41379
30-04-2017,6,13850,14313,8525,2807,39495,771,653,915,2339,41834
30-04-2017,7,13989,14594,8777,3044,40404,837,737,1006,2580,42984
30-04-2017,8,14074,14914,8999,3302,41289,901,796,1082,2779,44068
30-04-2017,9,14322,15242,9194,3435,42193,931,821,1119,2871,45064
30-04-2017,10,14269,15325,9254,3450,42298,929,823,1111,2863,45161
30-04-2017,11,14281,15380,9246,3384,42291,921,809,1098,2828,45119
30-04-2017,12,14107,15245,9143,3305,41800,920,801,1082,2803,44603
30-04-2017,13,13755,14864,9070,3223,40912,915,800,1073,2788,43700
30-04-2017,14,13671,14659,8946,3151,40427,903,779,1058,2740,43167
30-04-2017,15,13593,14445,8943,3110,40091,903,766,1041,2710,42801
30-04-2017,16,13591,14335,9008,3166,40100,905,766,1050,2721,42821
30-04-2017,17,13530,14359,9047,3441,40377,900,769,1053,2722,43099
30-04-2017,18,13589,14093,9071,3471,40224,879,763,1061,2703,42927
30-04-2017,19,13642,13937,9050,3336,39965,870,771,1067,2708,42673
30-04-2017,20,13776,14121,8973,3233,40103,897,792,1124,2813,42916
30-04-2017,21,14011,14616,9495,3231,41353,897,776,1079,2752,44105
30-04-2017,22,14107,14453,9561,3084,41205,842,701,966,2509,43714
30-04-2017,23,13853,14060,9154,2815,39882,785,635,880,2300,42182
01-05-2017,0,13416,13556,8778,2609,38359,757,590,830,2177,40536
01-05-2017,1,13181,13330,8551,2503,37565,738,570,796,2104,39669
01-05-2017,2,13125,13239,8464,2484,37312,733,560,780,2073,39385
01-05-2017,3,13212,13350,8432,2497,37491,727,566,780,2073,39564
01-05-2017,4,13338,13557,8301,2588,37784,707,561,782,2050,39834
01-05-2017,5,13348,13603,8443,2709,38103,734,590,824,2148,40251
01-05-2017,6,13689,13731,8495,3098,39013,778,661,912,2351,41364
01-05-2017,7,13980,13870,8686,3599,40135,836,749,1006,2591,42726
01-05-2017,8,14302,13855,8776,3799,40732,887,816,1075,2778,43510
01-05-2017,9,14598,13962,8787,3838,41185,904,841,1107,2852,44037
01-05-2017,10,14749,14230,8680,3938,41597,889,836,1099,2824,44421
01-05-2017,11,14567,14129,8549,3934,41179,872,814,1090,2776,43955
01-05-2017,12,14353,13892,8449,3837,40531,866,812,1073,2751,43282
01-05-2017,13,13979,13980,8364,3831,40154,851,801,1058,2710,42864
01-05-2017,14,13904,13741,8293,3759,39697,840,793,1038,2671,42368
01-05-2017,15,13607,13666,8273,3526,39072,837,784,1033,2654,41726
01-05-2017,16,13461,13666,8236,3533,38896,843,782,1042,2667,41563
01-05-2017,17,13308,13943,8390,3673,39314,848,784,1065,2697,42011
01-05-2017,18,13285,13986,8499,3601,39371,854,784,1088,2726,42097
01-05-2017,19,13353,13760,8476,3489,39078,861,793,1115,2769,41847
01-05-2017,20,13667,14150,8376,3403,39596,879,817,1151,2847,42443
01-05-2017,21,13901,14285,8928,3397,40511,866,788,1081,2735,43246
01-05-2017,22,13866,13868,8955,3174,39863,789,698,946,2433,42296
01-05-2017,23,13483,13368,8586,2880,38317,745,627,865,2237,40554
02-05-2017,0,13187,12858,8385,2733,37163,714,589,831,2134,39297
02-05-2017,1,12895,12764,8233,2664,36556,704,572,813,2089,38645
02-05-2017,2,12826,12892,8193,2686,36597,701,565,796,2062,38659
02-05-2017,3,12841,13061,8235,2723,36860,705,574,815,2094,38954
02-05-2017,4,12949,13342,8364,2823,37478,710,584,851,2145,39623
02-05-2017,5,13308,13736,9195,2977,39216,831,691,1045,2567,41783
02-05-2017,6,14618,15382,9700,3490,43190,962,825,1240,3027,46217
02-05-2017,7,15838,16759,9914,4049,46560,1063,940,1361,3364,49924
02-05-2017,8,15922,16804,9857,4192,46775,1091,984,1392,3467,50242
02-05-2017,9,15475,16391,9783,4135,45784,1079,983,1368,3430,49214
02-05-2017,10,14988,16081,9705,4111,44885,1062,967,1344,3373,48258
02-05-2017,11,14880,15942,9714,4126,44662,1037,929,1311,3277,47939
02-05-2017,12,14798,15803,9474,4091,44166,1056,949,1321,3326,47492
02-05-2017,13,14636,15528,9361,4056,43581,1043,935,1301,3279,46860
02-05-2017,14,14395,15384,9306,3988,43073,1025,910,1280,3215,46288
02-05-2017,15,14139,14971,9147,3884,42141,993,896,1238,3127,45268
02-05-2017,16,14100,14839,9059,3856,41854,972,866,1195,3033,44887
02-05-2017,17,13980,14831,9061,4104,41976,955,856,1192,3003,44979
02-05-2017,18,13729,14634,9120,4014,41497,937,843,1196,2976,44473
02-05-2017,19,13612,14925,9139,3755,41431,931,836,1197,2964,44395
02-05-2017,20,13855,14946,8850,3627,41278,939,856,1233,3028,44306
02-05-2017,21,13929,15022,9292,3595,41838,919,820,1138,2877,44715
02-05-2017,22,13773,14201,9170,3357,40501,821,727,987,2535,43036
02-05-2017,23,13134,13552,8680,3044,38410,763,651,914,2328,40738
03-05-2017,0,12605,13014,8436,2859,36914,731,617,846,2194,39108
03-05-2017,1,12365,12954,8195,2744,36258,754,603,834,2191,38449
03-05-2017,2,12330,12816,8033,2731,35910,751,600,836,2187,38097
03-05-2017,3,12381,13071,7983,2732,36167,724,610,826,2160,38327
03-05-2017,4,12416,12954,8170,2788,36328,718,613,889,2220,38548
03-05-2017,5,12600,13335,8763,2964,37662,832,716,1066,2614,40276
03-05-2017,6,13808,14861,9239,3497,41405,960,843,1242,3045,44450
03-05-2017,7,15092,16316,9422,4066,44896,1063,940,1356,3359,48255
03-05-2017,8,15162,16633,9467,4234,45496,1091,968,1380,3439,48935
03-05-2017,9,14729,16001,9405,4246,44381,1082,964,1355,3401,47782
03-05-2017,10,14611,16262,9399,4304,44576,1067,953,1336,3356,47932
03-05-2017,11,14389,15928,9377,4239,43933,1039,925,1305,3269,47202
03-05-2017,12,14207,15684,9183,4178,43252,1061,940,1320,3321,46573
03-05-2017,13,14189,15547,9134,4234,43104,1047,930,1296,3273,46377
03-05-2017,14,14044,15437,9032,4083,42596,1044,918,1274,3236,45832
03-05-2017,15,13877,15292,8923,3933,42025,1006,898,1239,3143,45168
03-05-2017,16,13878,14982,8993,3902,41755,982,872,1203,3057,44812
03-05-2017,17,13861,15247,9016,4053,42177,962,855,1197,3014,45191
03-05-2017,18,13540,14993,9089,3924,41546,947,834,1186,2967,44513
03-05-2017,19,13636,14994,9165,3789,41584,943,821,1192,2956,44540
03-05-2017,20,13730,15049,8955,3592,41326,953,837,1219,3009,44335
03-05-2017,21,13728,14935,9213,3554,41430,923,802,1121,2846,44276
03-05-2017,22,13525,14427,9046,3343,40341,837,722,963,2522,42863
03-05-2017,23,12873,13613,8556,3044,38086,781,646,886,2313,40399
04-05-2017,0,12383,13000,8196,2818,36397,751,616,844,2211,38608
04-05-2017,1,12269,12863,8110,2722,35964,737,603,819,2159,38123
04-05-2017,2,12088,12958,8071,2721,35838,730,596,803,2129,37967
04-05-2017,3,12157,12934,8042,2712,35845,730,594,817,2141,37986
04-05-2017,4,12284,13071,8178,2737,36270,731,575,850,2156,38426
04-05-2017,5,12683,13300,8882,2896,37761,841,606,1028,2475,40236
04-05-2017,6,13939,14774,9366,3494,41573,966,680,1211,2857,44430
04-05-2017,7,14974,16608,9583,3953,45118,1066,770,1330,3166,48284
04-05-2017,8,15153,16528,9544,4043,45268,1090,827,1355,3272,48540
04-05-2017,9,14863,16124,9440,3717,44144,1081,839,1329,3249,47393
04-05-2017,10,14603,16161,9405,4132,44301,1071,835,1317,3223,47524
04-05-2017,11,14319,15582,9330,4077,43308,1044,817,1285,3146,46454
04-05-2017,12,14346,15272,9230,4087,42935,1062,814,1304,3180,46115
04-05-2017,13,14235,15152,9119,4149,42655,1051,810,1286,3147,45802
04-05-2017,14,14143,14909,8992,3961,42005,1041,795,1256,3092,45097
04-05-2017,15,14030,15065,8921,3755,41771,1007,784,1223,3014,44785
04-05-2017,16,13914,14820,8872,3716,41322,986,775,1190,2951,44273
04-05-2017,17,13772,14827,8817,3892,41308,970,774,1190,2934,44242
04-05-2017,18,13514,14625,8914,3839,40892,957,770,1201,2928,43820
04-05-2017,19,13505,14611,8933,3667,40716,941,774,1214,2929,43645
04-05-2017,20,13570,14696,8710,3552,40528,952,774,1221,2947,43475
04-05-2017,21,13688,14725,9070,3511,40994,938,759,1109,2806,43800
04-05-2017,22,13636,14112,8946,3319,40013,839,693,950,2482,42495
04-05-2017,23,12887,13379,8478,3023,37767,784,637,877,2298,40065
05-05-2017,0,12492,12980,8136,2812,36420,756,600,820,2176,38596
05-05-2017,1,12193,12701,8044,2721,35659,745,585,795,2125,37784
05-05-2017,2,12095,12627,8071,2700,35493,744,575,789,2108,37601
05-05-2017,3,12101,12898,8063,2687,35749,739,574,801,2114,37863
05-05-2017,4,12171,13026,8227,2763,36187,744,562,839,2145,38332
05-05-2017,5,12417,13437,9059,2908,37821,854,609,1025,2488,40309
05-05-2017,6,13840,14793,9604,3429,41666,981,691,1212,2884,44550
05-05-2017,7,15120,16404,9809,3971,45304,1075,786,1350,3211,48515
05-05-2017,8,15224,16571,9821,4149,45765,1097,836,1399,3332,49097
05-05-2017,9,14918,16338,9728,4130,45114,1086,850,1380,3316,48430
05-05-2017,10,14533,16102,9635,4225,44495,1074,848,1358,3280,47775
05-05-2017,11,14390,15913,9532,4209,44044,1049,823,1323,3195,47239
05-05-2017,12,14094,15645,9380,4092,43211,1064,836,1331,3231,46442
05-05-2017,13,13903,15204,9201,4032,42340,1046,830,1315,3191,45531
05-05-2017,14,13688,14736,9159,3881,41464,1023,810,1287,3120,44584
05-05-2017,15,13460,14555,9019,3763,40797,970,797,1253,3020,43817
05-05-2017,16,13340,14444,8950,3810,40544,943,788,1235,2966,43510
05-05-2017,17,13074,14499,8837,4045,40455,925,785,1221,2931,43386
05-05-2017,18,12905,14200,8859,4006,39970,920,778,1211,2909,42879
05-05-2017,19,12891,14215,8746,3780,39632,906,771,1201,2878,42510
05-05-2017,20,12741,13781,8465,3572,38559,902,778,1220,2900,41459
05-05-2017,21,12783,13754,8782,3500,38819,879,771,1156,2806,41625
05-05-2017,22,12756,13259,8663,3295,37973,799,701,1018,2518,40491
05-05-2017,23,12339,12604,8147,3034,36124,732,636,941,2309,38433
06-05-2017,0,11833,12292,7803,2845,34773,701,596,870,2167,36940
06-05-2017,1,11447,11935,7592,2712,33686,694,579,839,2112,35798
06-05-2017,2,11333,11679,7510,2637,33159,689,567,824,2080,35239
06-05-2017,3,11315,11719,7496,2620,33150,676,564,825,2065,35215
06-05-2017,4,11218,11734,7401,2648,33001,651,544,809,2004,35005
06-05-2017,5,11126,11543,7579,2644,32892,675,579,863,2117,35009
06-05-2017,6,11361,11704,7734,2796,33595,729,641,966,2336,35931
06-05-2017,7,11788,12212,8018,3104,35122,797,727,1068,2592,37714
06-05-2017,8,12381,12855,8220,3418,36874,852,783,1136,2771,39645
06-05-2017,9,12940,13354,8297,3560,38151,867,801,1146,2814,40965
06-05-2017,10,13161,13505,8324,3630,38620,849,797,1133,2779,41399
06-05-2017,11,13018,13431,8266,3572,38287,835,782,1117,2734,41021
06-05-2017,12,12630,13227,8194,3470,37521,828,776,1104,2708,40229
06-05-2017,13,12448,13044,8195,3388,37075,822,775,1073,2670,39745
06-05-2017,14,12210,13021,8162,3287,36680,811,756,1054,2621,39301
06-05-2017,15,12149,12882,8266,3225,36522,798,743,1044,2585,39107
06-05-2017,16,12089,13019,8425,3249,36782,792,740,1045,2577,39359
06-05-2017,17,12062,13205,8520,3427,37214,792,737,1053,2582,39796
06-05-2017,18,12241,13147,8640,3465,37493,792,736,1057,2585,40078
06-05-2017,19,12286,12969,8581,3328,37164,785,737,1057,2579,39743
06-05-2017,20,12254,12973,8324,3181,36732,784,745,1094,2623,39355
06-05-2017,21,12106,13028,8691,3167,36992,790,738,1081,2609,39601
06-05-2017,22,12254,12875,8764,3079,36972,741,680,954,2375,39347
06-05-2017,23,11852,12322,8351,2841,35366,693,620,870,2183,37549
07-05-2017,0,11572,11942,7952,2656,34122,651,574,800,2025,36147
07-05-2017,1,11124,11864,7781,2554,33323,641,560,773,1974,35297
07-05-2017,2,10933,11679,7724,2507,32843,641,552,764,1957,34800
07-05-2017,3,10882,11676,7642,2501,32701,633,550,764,1947,34648
07-05-2017,4,11041,11656,7602,2528,32827,624,524,744,1892,34719
07-05-2017,5,10934,11668,7750,2503,32855,647,550,781,1978,34833
07-05-2017,6,11150,11926,7787,2613,33476,693,603,865,2161,35637
07-05-2017,7,11245,12317,7984,2859,34405,758,676,957,2391,36796
07-05-2017,8,11664,12775,8145,3162,35746,816,737,1046,2599,38345
07-05-2017,9,12431,13240,8221,3327,37219,842,761,1077,2680,39899
07-05-2017,10,12997,13837,8303,3387,38524,846,758,1059,2663,41187
07-05-2017,11,13115,14117,8328,3377,38937,835,754,1054,2643,41580
07-05-2017,12,13018,14053,8281,3372,38724,827,748,1041,2616,41340
07-05-2017,13,13013,13821,8231,3327,38392,818,736,1023,2577,40969
07-05-2017,14,12793,13437,8177,3248,37655,812,716,1002,2530,40185
07-05-2017,15,12675,13344,8159,3203,37381,811,722,994,2527,39908
07-05-2017,16,12580,13685,8204,3275,37744,818,731,1006,2555,40299
07-05-2017,17,12736,14123,8385,3523,38767,831,741,1020,2592,41359
07-05-2017,18,12761,14219,8582,3539,39101,841,741,1038,2620,41721
07-05-2017,19,13004,14257,8587,3383,39231,834,743,1053,2630,41861
07-05-2017,20,13061,14367,8475,3237,39140,847,762,1080,2689,41829
07-05-2017,21,13292,14209,8960,3172,39633,851,752,1040,2643,42276
07-05-2017,22,13225,13531,8964,3002,38722,780,682,900,2362,41084
07-05-2017,23,12804,12907,8515,2738,36964,724,611,824,2159,39123
08-05-2017,0,12308,13030,8242,2525,36105,690,567,780,2037,38142
08-05-2017,1,12199,12837,8093,2438,35567,674,547,761,1982,37549
08-05-2017,2,12089,13183,8018,2403,35693,676,545,756,1977,37670
08-05-2017,3,12107,13201,8030,2377,35715,675,547,765,1987,37702
08-05-2017,4,12290,13257,8237,2440,36224,678,545,794,2017,38241
08-05-2017,5,12429,13913,9033,2570,37945,795,657,994,2446,40391
08-05-2017,6,13791,15368,9490,3110,41759,940,794,1180,2914,44673
08-05-2017,7,15184,16729,9703,3652,45268,1050,909,1323,3282,48550
08-05-2017,8,15650,17254,9724,3906,46534,1089,961,1365,3415,49949
08-05-2017,9,15534,17455,9688,3996,46673,1084,954,1350,3388,50061
08-05-2017,10,15365,17559,9693,4095,46712,1074,944,1328,3346,50058
08-05-2017,11,15415,17724,9629,4108,46876,1048,919,1302,3269,50145
08-05-2017,12,15270,17613,9602,3956,46441,1072,937,1324,3333,49774
08-05-2017,13,15095,17534,9565,3953,46147,1053,928,1313,3294,49441
08-05-2017,14,14915,17398,9470,3895,45678,1042,928,1289,3259,48937
08-05-2017,15,14966,17275,9361,3802,45404,1013,915,1246,3174,48578
08-05-2017,16,14718,17031,9330,3809,44888,995,874,1207,3076,47964
08-05-2017,17,14754,17097,9406,4092,45349,976,868,1196,3040,48389
08-05-2017,18,14584,16948,9500,4008,45040,960,843,1187,2990,48030
08-05-2017,19,14571,16682,9449,3832,44534,946,831,1205,2982,47516
08-05-2017,20,14690,16733,9089,3651,44163,945,818,1215,2978,47141
08-05-2017,21,14829,16888,9452,3598,44767,931,794,1113,2838,47605
08-05-2017,22,14573,16305,9378,3408,43664,841,701,972,2514,46178
08-05-2017,23,13762,15335,8938,3089,41124,780,624,893,2297,43421
09-05-2017,0,13516,14754,8513,2894,39677,751,582,856,2189,41866
09-05-2017,1,13139,14724,8380,2816,39059,739,573,833,2145,41204
09-05-2017,2,12969,14641,8282,2815,38707,734,571,826,2131,40838
09-05-2017,3,12955,14647,8198,2859,38659,727,577,841,2145,40804
09-05-2017,4,13151,14568,8310,2931,38960,733,586,876,2195,41155
09-05-2017,5,13556,15158,8967,3075,40756,843,698,1072,2613,43369
09-05-2017,6,14541,16646,9403,3627,44217,977,830,1237,3044,47261
09-05-2017,7,16020,18004,9549,4195,47768,1087,940,1368,3395,51163
09-05-2017,8,16296,17975,9594,4408,48273,1118,990,1398,3506,51779
09-05-2017,9,15879,17528,9580,4427,47414,1121,994,1388,3503,50917
09-05-2017,10,15668,17693,9582,4507,47450,1105,981,1383,3469,50919
09-05-2017,11,15375,17805,9513,4457,47150,1084,944,1366,3394,50544
09-05-2017,12,15403,17568,9429,4376,46776,1106,952,1381,3439,50215
09-05-2017,13,15086,17292,9355,4371,46104,1082,927,1363,3372,49476
09-05-2017,14,15234,17152,9282,4264,45932,1069,910,1343,3322,49254
09-05-2017,15,15185,16974,9158,4149,45466,1042,887,1300,3229,48695
09-05-2017,16,15223,16826,9221,4158,45428,1013,860,1270,3143,48571
09-05-2017,17,15098,16944,9180,4413,45635,993,854,1270,3117,48752
09-05-2017,18,15023,16547,9272,4237,45079,971,838,1256,3065,48144
09-05-2017,19,15116,16726,9238,4027,45107,965,830,1255,3050,48157
09-05-2017,20,15216,16570,8908,3833,44527,963,832,1261,3056,47583
09-05-2017,21,15328,16523,9143,3731,44725,949,812,1170,2931,47656
09-05-2017,22,15136,15903,9233,3496,43768,871,735,1037,2643,46411
09-05-2017,23,14417,15072,8779,3157,41425,810,669,961,2440,43865
10-05-2017,0,13762,14285,8459,2969,39475,772,610,898,2280,41755
10-05-2017,1,13309,14259,8253,2864,38685,761,596,876,2233,40918
10-05-2017,2,13142,14302,8235,2824,38503,760,597,868,2225,40728
10-05-2017,3,13368,14537,8222,2847,38974,755,599,879,2233,41207
10-05-2017,4,13411,14650,8371,2921,39353,767,607,905,2279,41632
10-05-2017,5,13731,15093,9195,3107,41126,877,720,1086,2683,43809
10-05-2017,6,15001,16831,9623,3668,45123,991,861,1256,3108,48231
10-05-2017,7,16430,18226,9777,4260,48693,1079,969,1378,3426,52119
10-05-2017,8,16724,18277,9859,4495,49355,1107,1009,1416,3532,52887
10-05-2017,9,16736,18022,9887,4531,49176,1107,1012,1417,3536,52712
10-05-2017,10,16549,17875,9851,4590,48865,1092,996,1414,3502,52367
10-05-2017,11,16387,17740,9821,4580,48528,1070,959,1391,3420,51948
10-05-2017,12,16404,17537,9634,4504,48079,1098,975,1407,3480,51559
10-05-2017,13,15989,17259,9535,4555,47338,1078,962,1385,3425,50763
10-05-2017,14,16111,17133,9498,4495,47237,1069,937,1361,3367,50604
10-05-2017,15,16136,17101,9412,4364,47013,1036,919,1322,3277,50290
10-05-2017,16,16120,16868,9317,4311,46616,1013,889,1282,3184,49800
10-05-2017,17,15998,17130,9367,4545,47040,997,880,1279,3156,50196
10-05-2017,18,15790,16788,9448,4453,46479,980,853,1266,3099,49578
10-05-2017,19,15895,16716,9418,4240,46269,969,844,1258,3071,49340
10-05-2017,20,16070,16722,9105,4033,45930,966,847,1259,3072,49002
10-05-2017,21,15957,16635,9348,3922,45862,949,831,1180,2960,48822
10-05-2017,22,15580,16223,9392,3662,44857,874,739,1036,2649,47506
10-05-2017,23,14677,15060,9018,3311,42066,811,662,949,2422,44488
11-05-2017,0,14163,14620,8692,3035,40510,782,624,891,2297,42807
11-05-2017,1,13769,14360,8491,2922,39542,769,610,868,2247,41789
11-05-2017,2,13625,14260,8327,2876,39088,771,601,865,2237,41325
11-05-2017,3,13564,14251,8297,2896,39008,762,605,876,2243,41251
11-05-2017,4,13708,14469,8513,2963,39653,776,610,901,2287,41940
11-05-2017,5,14009,14765,9204,3170,41148,889,727,1094,2710,43858
11-05-2017,6,15126,16390,9646,3712,44874,998,855,1254,3107,47981
11-05-2017,7,16571,17805,9785,4325,48486,1085,956,1363,3404,51890
11-05-2017,8,16841,18073,9802,4545,49261,1113,1000,1392,3505,52766
11-05-2017,9,16590,17963,9755,4559,48867,1109,1000,1385,3494,52361
11-05-2017,10,16472,17971,9703,4644,48790,1101,979,1390,3470,52260
11-05-2017,11,16115,17654,9698,4624,48091,1081,942,1370,3393,51484
11-05-2017,12,16002,17628,9636,4542,47808,1099,956,1384,3439,51247
11-05-2017,13,15933,17455,9557,4511,47456,1087,942,1364,3393,50849
11-05-2017,14,15776,17376,9410,4387,46949,1085,927,1341,3353,50302
11-05-2017,15,15740,17235,9325,4172,46472,1042,913,1290,3245,49717
11-05-2017,16,15599,17059,9252,4110,46020,1018,883,1246,3147,49167
11-05-2017,17,15464,17175,9165,4175,45979,996,873,1239,3108,49087
11-05-2017,18,15537,16851,9333,4082,45803,978,855,1234,3067,48870
11-05-2017,19,15397,16737,9316,3860,45310,965,848,1224,3037,48347
11-05-2017,20,15266,16671,9004,3651,44592,962,849,1228,3039,47631
11-05-2017,21,15110,16651,9281,3550,44592,945,837,1179,2961,47553
11-05-2017,22,14682,16037,9327,3416,43462,871,752,1036,2659,46121
11-05-2017,23,14465,15108,8921,3129,41623,817,671,939,2427,44050
12-05-2017,0,13802,14394,8593,2879,39668,790,628,879,2297,41965
12-05-2017,1,13321,14131,8389,2737,38578,767,610,856,2233,40811
12-05-2017,2,13249,14144,8330,2644,38367,762,603,855,2220,40587
12-05-2017,3,13213,14199,8374,2633,38419,751,606,863,2220,40639
12-05-2017,4,13226,14183,8558,2605,38572,764,622,883,2269,40841
12-05-2017,5,13479,14462,9345,2577,39863,871,741,1064,2676,42539
12-05-2017,6,14636,16007,9767,2743,43153,989,869,1215,3073,46226
12-05-2017,7,15920,17519,9852,2987,46278,1085,972,1323,3380,49658
12-05-2017,8,16223,17394,9916,3204,46737,1105,1003,1335,3443,50180
12-05-2017,9,15776,17070,9786,3342,45974,1094,1002,1315,3411,49385
12-05-2017,10,15616,16915,9775,3370,45676,1080,981,1291,3352,49028
12-05-2017,11,15414,16600,9744,3363,45121,1062,948,1270,3280,48401
12-05-2017,12,15176,16505,9636,3296,44613,1075,960,1295,3330,47943
12-05-2017,13,14954,16072,9433,3213,43672,1059,940,1271,3270,46942
12-05-2017,14,14543,15560,9290,3131,42524,1037,918,1249,3204,45728
12-05-2017,15,14341,15457,9178,3091,42067,998,896,1221,3115,45182
12-05-2017,16,14105,15282,9128,3153,41668,973,869,1204,3046,44714
12-05-2017,17,13891,15199,9113,3365,41568,962,853,1196,3011,44579
12-05-2017,18,13774,14969,9254,3390,41387,948,834,1185,2967,44354
12-05-2017,19,13720,14709,9213,3254,40896,928,822,1171,2921,43817
12-05-2017,20,13513,14548,8922,3134,40117,922,814,1175,2911,43028
12-05-2017,21,13456,14400,9227,3123,40206,922,810,1147,2879,43085
12-05-2017,22,13455,14138,9274,3000,39867,856,733,1010,2599,42466
12-05-2017,23,13097,13698,8843,2762,38400,796,662,909,2367,40767
13-05-2017,0,12750,13132,8469,2577,36928,766,621,845,2232,39160
13-05-2017,1,12576,13017,8291,2488,36372,748,599,816,2163,38535
13-05-2017,2,12407,13032,8197,2440,36076,736,589,810,2135,38211
13-05-2017,3,12360,13176,8057,2443,36036,715,580,801,2096,38132
13-05-2017,4,12273,13001,8074,2493,35841,707,578,788,2073,37914
13-05-2017,5,12220,12763,8274,2478,35735,733,648,853,2234,37969
13-05-2017,6,12320,12895,8330,2593,36138,775,742,953,2470,38608
13-05-2017,7,12725,13297,8520,2833,37375,844,830,1057,2731,40106
13-05-2017,8,13260,13762,8599,3072,38693,884,875,1122,2881,41574
13-05-2017,9,13760,14218,8658,3278,39914,892,875,1130,2897,42811
13-05-2017,10,13961,14152,8706,3450,40269,880,854,1125,2859,43128
13-05-2017,11,13842,14055,8498,3419,39814,866,823,1115,2804,42618
13-05-2017,12,13694,13895,8456,3342,39387,856,824,1110,2790,42177
13-05-2017,13,13461,13623,8369,3266,38719,849,815,1080,2744,41463
13-05-2017,14,13280,13442,8341,3211,38274,833,791,1054,2678,40952
13-05-2017,15,13236,13435,8388,3183,38242,824,770,1047,2641,40883
13-05-2017,16,13179,13453,8561,3279,38472,822,762,1043,2627,41099
13-05-2017,17,13396,13658,8707,3485,39246,823,761,1052,2636,41882
13-05-2017,18,13526,13917,8828,3521,39792,826,753,1054,2633,42425
13-05-2017,19,13554,13737,8703,3360,39354,822,748,1055,2625,41979
13-05-2017,20,13352,13600,8422,3181,38555,822,747,1072,2641,41196
13-05-2017,21,13135,13472,8709,3151,38467,831,749,1061,2641,41108
13-05-2017,22,13035,13287,8863,3018,38203,790,688,949,2427,40630
13-05-2017,23,12805,13075,8534,2847,37261,738,629,873,2240,39501
14-05-2017,0,12355,12492,8163,2663,35673,696,589,805,2090,37763
14-05-2017,1,12085,12126,7906,2502,34619,673,565,774,2012,36631
14-05-2017,2,11958,12007,7814,2454,34233,664,556,757,1977,36210
14-05-2017,3,11776,12108,7678,2470,34032,642,548,749,1939,35971
14-05-2017,4,11681,11899,7580,2493,33653,631,532,729,1892,35545
14-05-2017,5,11505,11658,7610,2474,33247,653,555,779,1987,35234
14-05-2017,6,11643,11874,7636,2564,33717,700,611,861,2172,35889
14-05-2017,7,11935,12247,7786,2815,34783,767,681,947,2395,37178
14-05-2017,8,12357,12953,7949,3095,36354,818,740,1032,2590,38944
14-05-2017,9,12894,13554,8095,3288,37831,838,756,1064,2658,40489
14-05-2017,10,13241,13835,8213,3386,38675,829,750,1068,2647,41322
14-05-2017,11,13323,13983,8157,3370,38833,818,733,1058,2609,41442
14-05-2017,12,13279,14055,8020,3304,38658,807,733,1048,2588,41246
14-05-2017,13,13209,13965,7888,3250,38312,792,726,1034,2552,40864
14-05-2017,14,13119,13914,7859,3192,38084,776,727,1026,2529,40613
14-05-2017,15,13081,13747,7897,3168,37893,779,727,1023,2529,40422
14-05-2017,16,13062,13718,7993,3208,37981,782,731,1038,2551,40532
14-05-2017,17,13117,13959,8108,3471,38655,804,738,1058,2600,41255
14-05-2017,18,13169,14094,8258,3463,38984,819,742,1081,2642,41626
14-05-2017,19,13255,14222,8273,3348,39098,828,765,1097,2690,41788
14-05-2017,20,13249,14147,8088,3247,38731,828,771,1122,2721,41452
14-05-2017,21,13222,13851,8535,3181,38789,818,753,1091,2662,41451
14-05-2017,22,13032,13472,8643,3102,38249,753,675,944,2372,40621
14-05-2017,23,12573,12903,8193,2859,36528,697,610,835,2142,38670
15-05-2017,0,12104,12111,7922,2675,34812,665,576,766,2007,36819
15-05-2017,1,11812,12098,7677,2564,34151,650,561,740,1951,36102
15-05-2017,2,11777,12152,7567,2511,34007,646,560,732,1938,35945
15-05-2017,3,11505,12219,7527,2539,33790,637,555,741,1933,35723
15-05-2017,4,11484,12119,7636,2595,33834,646,561,769,1976,35810
15-05-2017,5,11662,12801,8400,2772,35635,767,664,974,2405,38040
15-05-2017,6,13081,14614,9089,3364,40148,914,805,1170,2889,43037
15-05-2017,7,14515,16155,9405,3951,44026,1032,922,1301,3255,47281
15-05-2017,8,14900,16675,9494,4231,45300,1069,978,1349,3396,48696
15-05-2017,9,14755,16998,9443,4300,45496,1072,978,1353,3403,48899
15-05-2017,10,14556,17162,9361,4350,45429,1065,969,1348,3382,48811
15-05-2017,11,14422,17113,9351,4283,45169,1055,936,1333,3324,48493
15-05-2017,12,14410,16841,9255,3969,44475,1074,960,1361,3395,47870
15-05-2017,13,14220,16657,9108,4085,44070,1063,947,1347,3357,47427
15-05-2017,14,14076,16482,8946,4175,43679,1045,929,1328,3302,46981
15-05-2017,15,13978,16507,8843,3984,43312,1013,923,1290,3226,46538
15-05-2017,16,14021,16320,8817,3902,43060,984,885,1235,3104,46164
15-05-2017,17,13908,16363,8793,4126,43190,964,865,1235,3064,46254
15-05-2017,18,13865,16006,8893,4047,42811,939,835,1225,2999,45810
15-05-2017,19,13831,15589,8899,3868,42187,922,823,1215,2960,45147
15-05-2017,20,13849,15499,8617,3681,41646,906,808,1206,2920,44566
15-05-2017,21,13784,15278,8917,3569,41548,887,788,1134,2809,44357
15-05-2017,22,13544,14730,8972,3390,40636,825,711,977,2513,43149
15-05-2017,23,12823,13986,8499,3046,38354,757,644,888,2289,40643
16-05-2017,0,12235,13138,8216,2811,36400,721,596,829,2146,38546
16-05-2017,1,11913,12927,7988,2694,35522,711,574,808,2093,37615
16-05-2017,2,11692,12896,7948,2641,35177,707,576,806,2089,37266
16-05-2017,3,11648,13053,7842,2642,35185,687,573,794,2054,37239
16-05-2017,4,11768,12948,8087,2698,35501,705,573,812,2090,37591
16-05-2017,5,11977,13101,8827,2842,36747,822,685,1011,2518,39265
16-05-2017,6,13254,14719,9296,3406,40675,960,822,1200,2982,43657
16-05-2017,7,14581,16159,9501,3994,44235,1065,930,1333,3328,47563
16-05-2017,8,14983,16485,9497,4265,45230,1090,966,1362,3418,48648
16-05-2017,9,14923,16358,9441,4313,45035,1090,955,1342,3387,48422
16-05-2017,10,14876,16108,9411,4401,44796,1077,922,1321,3320,48116
16-05-2017,11,14810,16030,9391,4405,44636,1057,907,1296,3260,47896
16-05-2017,12,14869,15763,9262,4301,44195,1074,932,1310,3316,47511
16-05-2017,13,14794,15615,9172,4323,43904,1062,932,1292,3286,47190
16-05-2017,14,14740,15633,9066,4266,43705,1044,911,1273,3228,46933
16-05-2017,15,14687,15551,8947,4145,43330,998,886,1240,3124,46454
16-05-2017,16,14497,15351,8800,4115,42763,967,854,1204,3025,45788
16-05-2017,17,14410,15544,8710,4358,43022,952,848,1206,3006,46028
16-05-2017,18,14326,15382,8763,4236,42707,935,834,1201,2970,45677
16-05-2017,19,14290,15207,8742,4006,42245,924,827,1195,2946,45191
16-05-2017,20,14153,14967,8385,3804,41309,913,805,1187,2905,44214
16-05-2017,21,13827,14732,8606,3672,40837,898,792,1146,2836,43673
16-05-2017,22,13398,14247,8570,3453,39668,830,720,989,2539,42207
16-05-2017,23,12649,13512,8041,3103,37305,762,647,886,2295,39600
17-05-2017,0,12161,12482,7677,2889,35209,722,599,825,2146,37355
17-05-2017,1,11732,12055,7581,2775,34143,710,580,801,2091,36234
17-05-2017,2,11337,12106,7512,2705,33660,701,572,791,2064,35724
17-05-2017,3,11225,12179,7378,2720,33502,679,563,792,2034,35536
17-05-2017,4,11084,12239,7553,2752,33628,704,574,822,2100,35728
17-05-2017,5,11229,12700,8334,2915,35178,812,681,1009,2502,37680
17-05-2017,6,11770,14204,8894,3466,38334,951,815,1185,2951,41285
17-05-2017,7,12670,15980,9173,4044,41867,1048,925,1301,3274,45141
17-05-2017,8,13490,16556,9327,4294,43667,1070,960,1334,3364,47031
17-05-2017,9,13681,16488,9350,4359,43878,1071,959,1314,3344,47222
17-05-2017,10,13237,16393,9404,4456,43490,1066,946,1309,3321,46811
17-05-2017,11,12734,16267,9392,4420,42813,1040,912,1290,3242,46055
17-05-2017,12,12677,16136,9324,4332,42469,1055,939,1317,3311,45780
17-05-2017,13,12548,15911,9212,4371,42042,1052,932,1308,3292,45334
17-05-2017,14,12397,15611,9141,4325,41474,1039,911,1285,3235,44709
17-05-2017,15,12249,15674,9083,4178,41184,1008,902,1256,3166,44350
17-05-2017,16,12077,15662,9058,4106,40903,987,872,1235,3094,43997
17-05-2017,17,12160,15838,9088,4307,41393,982,865,1220,3067,44460
17-05-2017,18,12170,15331,9198,4156,40855,963,847,1209,3019,43874
17-05-2017,19,12226,15076,9082,3917,40301,949,841,1212,3002,43303
17-05-2017,20,12385,14676,8683,3693,39437,929,830,1210,2969,42406
17-05-2017,21,12353,14370,8841,3612,39176,901,788,1137,2826,42002
17-05-2017,22,12228,13829,8682,3464,38203,808,698,982,2488,40691
17-05-2017,23,11792,12783,8165,3089,35829,738,623,894,2255,38084
18-05-2017,0,11530,11915,7887,2836,34168,706,591,831,2128,36296
18-05-2017,1,11274,11713,7668,2661,33316,692,571,806,2069,35385
18-05-2017,2,11178,11472,7624,2637,32911,681,569,800,2050,34961
18-05-2017,3,11233,11415,7580,2688,32916,666,567,804,2037,34953
18-05-2017,4,11217,11225,7719,2697,32858,678,569,838,2085,34943
18-05-2017,5,11388,11651,8450,2833,34322,792,673,1030,2495,36817
18-05-2017,6,12328,13154,8973,3352,37807,934,812,1207,2953,40760
18-05-2017,7,13687,14694,9314,3935,41630,1048,931,1333,3312,44942
18-05-2017,8,14188,15356,9396,4167,43107,1086,982,1373,3441,46548
18-05-2017,9,14399,15368,9407,4244,43418,1083,979,1370,3432,46850
18-05-2017,10,14311,15229,9388,4312,43240,1072,966,1359,3397,46637
18-05-2017,11,14309,15206,9395,3948,42858,1053,926,1333,3312,46170
18-05-2017,12,14130,14799,9325,3719,41973,1072,956,1349,3377,45350
18-05-2017,13,14058,14786,9288,3814,41946,1053,940,1330,3323,45269
18-05-2017,14,13995,14732,9235,4131,42093,1051,930,1315,3296,45389
18-05-2017,15,13909,14797,9067,4091,41864,1016,912,1279,3207,45071
18-05-2017,16,13915,14520,9105,4121,41661,993,873,1247,3113,44774
18-05-2017,17,13860,14403,9016,4256,41535,973,856,1238,3067,44602
18-05-2017,18,13711,14192,9058,4168,41129,951,832,1217,3000,44129
18-05-2017,19,13637,14187,8989,3994,40807,937,821,1211,2969,43776
18-05-2017,20,13649,14006,8714,3809,40178,920,807,1208,2935,43113
18-05-2017,21,13461,13522,8780,3700,39463,892,795,1171,2858,42321
18-05-2017,22,13163,13107,8658,3534,38462,817,714,1019,2550,41012
18-05-2017,23,12518,12514,8060,3230,36322,735,634,911,2280,38602
19-05-2017,0,12094,11594,7830,2844,34362,710,590,837,2137,36499
19-05-2017,1,11595,11219,7573,2734,33121,687,569,815,2071,35192
19-05-2017,2,11425,11046,7450,2685,32606,673,561,811,2045,34651
19-05-2017,3,11436,10884,7374,2692,32386,659,551,811,2021,34407
19-05-2017,4,11454,10871,7569,2755,32649,671,557,833,2061,34710
19-05-2017,5,11710,11315,8046,2910,33981,791,663,1021,2475,36456
19-05-2017,6,12887,12849,8601,3431,37768,924,799,1203,2926,40694
19-05-2017,7,14290,14876,8988,3995,42149,1024,908,1312,3244,45393
19-05-2017,8,14487,15417,9191,4255,43350,1057,958,1359,3374,46724
19-05-2017,9,14594,15521,9264,4330,43709,1052,961,1352,3365,47074
19-05-2017,10,14517,15403,9324,4207,43451,1037,952,1339,3328,46779
19-05-2017,11,14161,15291,9301,3968,42721,1023,920,1318,3261,45982
19-05-2017,12,13991,15218,9131,3750,42090,1044,944,1333,3321,45411
19-05-2017,13,13815,14890,9007,3953,41665,1029,936,1318,3283,44948
19-05-2017,14,13546,14407,8944,3944,40841,1013,927,1300,3240,44081
19-05-2017,15,13361,14188,8788,3817,40154,976,905,1278,3159,43313
19-05-2017,16,13179,13911,8730,3779,39599,956,880,1254,3090,42689
19-05-2017,17,13044,13841,8686,3898,39469,923,864,1245,3032,42501
19-05-2017,18,12973,13399,8719,3839,38930,895,835,1206,2936,41866
19-05-2017,19,13004,13382,8625,3600,38611,876,819,1187,2882,41493
19-05-2017,20,12717,12636,8351,3371,37075,852,792,1180,2824,39899
19-05-2017,21,12390,12145,8524,3274,36333,834,789,1171,2794,39127
19-05-2017,22,12270,11948,8418,3184,35820,771,722,1046,2539,38359
19-05-2017,23,11994,11342,8072,2922,34330,721,643,934,2298,36628
20-05-2017,0,11663,10823,7673,2687,32846,673,597,858,2128,34974
20-05-2017,1,11188,10594,7456,2537,31775,647,569,825,2041,33816
20-05-2017,2,11079,10344,7284,2445,31152,633,558,813,2004,33156
20-05-2017,3,10919,10251,7142,2428,30740,593,543,799,1935,32675
20-05-2017,4,10803,10011,7188,2420,30422,595,531,786,1912,32334
20-05-2017,5,10747,10052,7532,2412,30743,625,577,862,2064,32807
20-05-2017,6,10789,10496,7607,2552,31444,696,651,958,2305,33749
20-05-2017,7,11079,11427,7873,2838,33217,780,743,1067,2590,35807
20-05-2017,8,12187,12165,8054,3103,35509,849,807,1151,2807,38316
20-05-2017,9,12605,12616,8090,3312,36623,868,830,1173,2871,39494
20-05-2017,10,12877,12697,8157,3372,37103,856,827,1171,2854,39957
20-05-2017,11,12790,12822,8145,3347,37104,844,816,1160,2820,39924
20-05-2017,12,12667,12800,8081,3243,36791,838,813,1150,2801,39592
20-05-2017,13,12589,12686,8076,3224,36575,825,804,1129,2758,39333
20-05-2017,14,12494,12566,8111,3129,36300,813,786,1103,2702,39002
20-05-2017,15,12451,12380,8153,3076,36060,804,783,1093,2680,38740
20-05-2017,16,12429,12474,8256,3133,36292,795,783,1095,2673,38965
20-05-2017,17,12492,12449,8396,3302,36639,792,772,1095,2659,39298
20-05-2017,18,12562,12633,8413,3395,37003,779,758,1084,2621,39624
20-05-2017,19,12609,12719,8143,3232,36703,769,749,1075,2593,39296
20-05-2017,20,12500,12595,7881,3083,36059,759,728,1070,2557,38616
20-05-2017,21,12324,12484,8141,3005,35954,759,726,1069,2554,38508
20-05-2017,22,12235,12384,8233,2988,35840,732,681,972,2385,38225
20-05-2017,23,11957,11767,7861,2775,34360,674,614,882,2170,36530
21-05-2017,0,11482,11288,7507,2581,32858,627,575,804,2006,34864
21-05-2017,1,11221,11007,7381,2470,32079,609,553,773,1935,34014
21-05-2017,2,11101,10748,7407,2386,31642,597,546,758,1901,33543
21-05-2017,3,10956,10778,7147,2359,31240,562,528,753,1843,33083
21-05-2017,4,10820,10412,7091,2338,30661,562,510,736,1808,32469
21-05-2017,5,10657,10198,7178,2332,30365,585,540,778,1903,32268
21-05-2017,6,10748,10573,7187,2464,30972,644,592,861,2097,33069
21-05-2017,7,11093,11240,7450,2716,32499,718,670,961,2349,34848
21-05-2017,8,11537,11761,7690,3036,34024,784,739,1058,2581,36605
21-05-2017,9,12015,12288,7873,3233,35409,810,764,1099,2673,38082
21-05-2017,10,12376,12519,7954,3274,36123,802,762,1093,2657,38780
21-05-2017,11,12550,12728,7925,3269,36472,793,752,1083,2628,39100
21-05-2017,12,12496,12682,7792,3217,36187,787,747,1075,2609,38796
21-05-2017,13,12456,12536,7812,3212,36016,783,741,1066,2590,38606
21-05-2017,14,12465,12408,7818,3172,35863,778,736,1057,2571,38434
21-05-2017,15,12397,12316,7835,3116,35664,783,733,1059,2575,38239
21-05-2017,16,12386,12581,7842,3178,35987,788,738,1062,2588,38575
21-05-2017,17,12432,12555,7884,3449,36320,792,743,1078,2613,38933
21-05-2017,18,12795,12518,8019,3485,36817,798,747,1088,2633,39450
21-05-2017,19,12896,12807,7950,3379,37032,798,755,1096,2649,39681
21-05-2017,20,12653,13006,7703,3233,36595,789,746,1095,2630,39225
21-05-2017,21,12590,12845,8067,3130,36632,775,734,1081,2590,39222
21-05-2017,22,12534,12653,8178,3068,36433,733,674,958,2365,38798
21-05-2017,23,12230,12126,7837,2835,35028,671,596,854,2121,37149
22-05-2017,0,11761,11572,7422,2676,33431,626,559,778,1963,35394
22-05-2017,1,11380,11267,7269,2583,32499,611,541,755,1907,34406
22-05-2017,2,11305,11227,7194,2548,32274,606,535,751,1892,34166
22-05-2017,3,11281,11241,7068,2546,32136,583,527,749,1859,33995
22-05-2017,4,11402,11190,7252,2597,32441,603,537,776,1916,34357
22-05-2017,5,11568,11863,7917,2782,34130,721,645,981,2347,36477
22-05-2017,6,12864,13460,8549,3334,38207,871,780,1163,2814,41021
22-05-2017,7,14236,15421,8848,3917,42422,973,891,1293,3157,45579
22-05-2017,8,14547,15521,9015,4184,43267,1013,937,1337,3287,46554
22-05-2017,9,14301,15581,8965,4264,43111,1017,940,1328,3285,46396
22-05-2017,10,14212,15643,8940,4355,43150,1009,929,1319,3257,46407
22-05-2017,11,14060,15627,8931,4332,42950,986,901,1294,3181,46131
22-05-2017,12,14098,15478,8827,4281,42684,1004,923,1303,3230,45914
22-05-2017,13,14105,15453,8647,4260,42465,997,918,1283,3198,45663
22-05-2017,14,14053,15394,8593,4162,42202,999,903,1274,3176,45378
22-05-2017,15,14066,15195,8450,4025,41736,964,886,1243,3093,44829
22-05-2017,16,13982,14957,8374,3961,41274,934,853,1212,2999,44273
22-05-2017,17,13769,15087,8268,4138,41262,910,833,1205,2948,44210
22-05-2017,18,13603,14790,8284,4036,40713,890,811,1175,2876,43589
22-05-2017,19,13605,14708,8251,3840,40404,874,802,1158,2834,43238
22-05-2017,20,13556,14244,7926,3670,39396,850,788,1139,2777,42173
22-05-2017,21,13424,13833,8061,3514,38832,822,765,1100,2687,41519
22-05-2017,22,13279,13431,8089,3394,38193,758,692,969,2419,40612
22-05-2017,23,12804,12721,7627,3108,36260,687,608,877,2172,38432
23-05-2017,0,12217,11595,7304,2882,33998,661,569,812,2042,36040
23-05-2017,1,11916,11496,6988,2745,33145,645,551,788,1984,35129
23-05-2017,2,11651,11472,6837,2699,32659,635,550,780,1965,34624
23-05-2017,3,11707,11668,6771,2689,32835,604,533,769,1906,34741
23-05-2017,4,11805,11651,7031,2718,33205,628,544,790,1962,35167
23-05-2017,5,12086,12174,7781,2873,34914,741,651,975,2367,37281
23-05-2017,6,13219,13777,8233,3404,38633,879,785,1154,2818,41451
23-05-2017,7,14301,15777,8502,3936,42516,975,897,1268,3140,45656
23-05-2017,8,14532,15823,8602,4213,43170,1013,946,1303,3262,46432
23-05-2017,9,14359,15579,8537,4286,42761,1010,940,1296,3246,46007
23-05-2017,10,14269,15761,8572,4368,42970,1004,928,1287,3219,46189
23-05-2017,11,14013,15644,8619,4354,42630,989,908,1271,3168,45798
23-05-2017,12,13971,15485,8560,4313,42329,1020,937,1298,3255,45584
23-05-2017,13,13996,15542,8456,4288,42282,1008,936,1277,3221,45503
23-05-2017,14,13786,15175,8442,4197,41600,995,924,1250,3169,44769
23-05-2017,15,13640,14983,8372,4067,41062,1018,908,1225,3151,44213
23-05-2017,16,13600,14894,8315,4056,40865,953,869,1198,3020,43885
23-05-2017,17,13862,14826,8315,4275,41278,937,853,1189,2979,44257
23-05-2017,18,13822,14459,8409,4183,40873,914,823,1174,2911,43784
23-05-2017,19,13711,13934,8390,3972,40007,897,808,1163,2868,42875
23-05-2017,20,13655,13826,8027,3765,39273,865,790,1147,2802,42075
23-05-2017,21,13491,13458,8111,3573,38633,837,770,1111,2718,41351
23-05-2017,22,13315,13284,8025,3390,38014,762,706,980,2448,40462
23-05-2017,23,12678,12630,7578,3063,35949,698,629,889,2216,38165
24-05-2017,0,11767,11901,7174,2739,33581,672,583,829,2084,35665
24-05-2017,1,11448,11628,7002,2649,32727,0,566,807,1373,34100
24-05-2017,2,11285,11675,6982,2557,32499,0,558,796,1354,33853
24-05-2017,3,11239,11574,6897,2583,32293,625,544,791,1960,34253
24-05-2017,4,11163,11445,7184,2608,32400,642,550,814,2006,34406
24-05-2017,5,11588,11979,8004,2801,34372,758,661,999,2418,36790
24-05-2017,6,12737,13465,8613,3357,38172,892,792,1170,2854,41026
24-05-2017,7,14394,15298,8928,3905,42525,995,902,1241,3138,45663
24-05-2017,8,14556,15586,9038,4130,43310,1033,943,1313,3289,46599
24-05-2017,9,14320,15315,9015,4176,42826,1031,938,1306,3275,46101
24-05-2017,10,14046,15620,9016,4243,42925,1020,932,1297,3249,46174
24-05-2017,11,13983,15639,9020,4235,42877,1001,904,1289,3194,46071
24-05-2017,12,13844,15510,8951,4145,42450,1029,923,1309,3261,45711
24-05-2017,13,13735,15386,8876,4162,42159,1016,915,1284,3215,45374
24-05-2017,14,13550,15191,8719,4091,41551,1013,912,1279,3204,44755
24-05-2017,15,13400,14846,8647,3898,40791,972,893,1240,3105,43896
24-05-2017,16,13196,14633,8613,3800,40242,948,854,1212,3014,43256
24-05-2017,17,13142,14464,8535,3951,40092,929,830,1200,2959,43051
24-05-2017,18,12920,13703,8584,3902,39109,904,799,1173,2876,41985
24-05-2017,19,12805,13733,8518,3734,38790,891,788,1152,2831,41621
24-05-2017,20,12662,13332,8200,3547,37741,868,763,1131,2762,40503
24-05-2017,21,12631,12796,8295,3398,37120,845,754,1096,2695,39815
24-05-2017,22,12368,12509,8203,3304,36384,779,693,975,2447,38831
24-05-2017,23,12193,11882,7820,3006,34901,712,616,883,2211,37112
25-05-2017,0,11768,11270,7478,2768,33284,676,579,823,2078,35362
25-05-2017,1,11359,10938,7299,2610,32206,656,558,801,2015,34221
25-05-2017,2,11154,10872,7115,2516,31657,643,550,792,1985,33642
25-05-2017,3,11154,10634,6932,2501,31221,621,535,782,1938,33159
25-05-2017,4,11039,10319,7040,2468,30866,643,548,811,2002,32868
25-05-2017,5,11125,10388,7471,2487,31471,773,656,1001,2430,33901
25-05-2017,6,11423,11046,7855,2642,32966,897,786,1173,2856,35822
25-05-2017,7,11871,12023,8064,2888,34846,995,894,1277,3166,38012
25-05-2017,8,12423,12809,8227,3160,36619,1028,938,1311,3277,39896
25-05-2017,9,12783,13329,8370,3340,37822,1027,935,1305,3267,41089
25-05-2017,10,13058,13324,8481,3456,38319,1018,925,1292,3235,41554
25-05-2017,11,13241,13432,8467,3448,38588,996,901,1273,3170,41758
25-05-2017,12,13137,13164,8411,3377,38089,1020,925,1283,3228,41317
25-05-2017,13,12973,12988,8260,3330,37551,1008,922,1270,3200,40751
25-05-2017,14,12832,12911,8250,3254,37247,995,920,1260,3175,40422
25-05-2017,15,12702,12454,8322,3192,36670,965,906,1224,3095,39765
25-05-2017,16,12657,12602,8307,3234,36800,941,876,1194,3011,39811
25-05-2017,17,12694,13058,8337,3399,37488,920,862,1186,2968,40456
25-05-2017,18,12671,12890,8337,3471,37369,899,840,1167,2906,40275
25-05-2017,19,12647,12788,8374,3366,37175,886,820,1157,2863,40038
25-05-2017,20,12509,12655,8045,3235,36444,867,793,1136,2796,39240
25-05-2017,21,12392,12435,8199,3108,36134,836,769,1103,2708,38842
25-05-2017,22,12322,12363,8177,3083,35945,768,700,982,2450,38395
25-05-2017,23,11990,11466,7764,2851,34071,703,626,891,2220,36291
26-05-2017,0,11465,10905,7392,2672,32434,675,588,830,2093,34527
26-05-2017,1,11122,10654,7271,2547,31594,654,573,806,2033,33627
26-05-2017,2,10882,10597,7146,2469,31094,644,562,798,2004,33098
26-05-2017,3,10764,10536,7001,2484,30785,613,545,791,1949,32734
26-05-2017,4,10821,10434,7284,2474,31013,637,560,819,2016,33029
26-05-2017,5,11064,10705,7882,2551,32202,752,662,1002,2416,34618
26-05-2017,6,11843,11935,8398,2871,35047,892,792,1178,2862,37909
26-05-2017,7,12769,13149,8725,3248,37891,988,898,1260,3146,41037
26-05-2017,8,13242,13951,8716,3568,39477,1026,946,1332,3304,42781
26-05-2017,9,13454,14232,8658,3729,40073,1019,948,1327,3294,43367
26-05-2017,10,13631,14242,8676,3783,40332,1006,937,1320,3263,43595
26-05-2017,11,13400,14426,8668,3772,40266,989,907,1307,3203,43469
26-05-2017,12,13110,14193,8667,3730,39700,995,926,1315,3236,42936
26-05-2017,13,12996,13836,8639,3674,39145,967,911,1289,3167,42312
26-05-2017,14,13040,13541,8596,3617,38794,950,893,1258,3101,41895
26-05-2017,15,12794,13273,8579,3565,38211,915,871,1221,3007,41218
26-05-2017,16,12667,13183,8548,3546,37944,904,839,1196,2939,40883
26-05-2017,17,12607,13518,8503,3681,38309,887,822,1171,2880,41189
26-05-2017,18,12627,13340,8586,3648,38201,866,800,1148,2814,41015
26-05-2017,19,12529,13046,8542,3464,37581,845,789,1128,2762,40343
26-05-2017,20,12378,12598,8171,3306,36453,822,767,1110,2699,39152
26-05-2017,21,12044,12273,8351,3168,35836,796,755,1086,2637,38473
26-05-2017,22,11925,12077,8392,3156,35550,753,708,986,2447,37997
26-05-2017,23,11717,11497,8006,2923,34143,689,632,900,2221,36364
27-05-2017,0,11358,11119,7664,2721,32862,649,586,840,2075,34937
27-05-2017,1,10967,10767,7491,2590,31815,627,565,806,1998,33813
27-05-2017,2,10720,10552,7349,2515,31136,612,554,794,1960,33096
27-05-2017,3,10650,10457,7184,2476,30767,577,529,768,1874,32641
27-05-2017,4,10562,10194,7262,2430,30448,582,526,759,1867,32315
27-05-2017,5,10490,10213,7437,2408,30548,624,568,831,2023,32571
27-05-2017,6,10647,10651,7569,2555,31422,681,641,942,2264,33686
27-05-2017,7,11021,11210,7764,2851,32846,756,727,1054,2537,35383
27-05-2017,8,11536,12090,7993,3151,34770,812,781,1124,2717,37487
27-05-2017,9,12078,12576,8093,3335,36082,824,794,1143,2761,38843
27-05-2017,10,12252,12723,8178,3431,36584,809,796,1142,2747,39331
27-05-2017,11,12167,12605,8209,3505,36486,822,783,1102,2707,39193
27-05-2017,12,12078,12577,8234,3453,36342,820,773,1109,2702,39044
27-05-2017,13,11892,12448,8263,3411,36014,813,759,1081,2653,38667
27-05-2017,14,11664,12412,8321,3279,35676,798,743,1065,2606,38282
27-05-2017,15,11554,12717,8415,3236,35922,779,732,1057,2568,38490
27-05-2017,16,11661,12531,8597,3246,36035,775,728,1049,2552,38587
27-05-2017,17,11821,12834,8738,3366,36759,771,727,1050,2548,39307
27-05-2017,18,11769,12888,8796,3365,36818,769,714,1050,2533,39351
27-05-2017,19,11684,12720,8622,3264,36290,759,707,1046,2512,38802
27-05-2017,20,11596,12389,8285,3165,35435,747,687,1040,2474,37909
27-05-2017,21,11452,12118,8397,3059,35026,733,684,1041,2458,37484
27-05-2017,22,11391,11861,8437,3008,34697,710,656,962,2328,37025
27-05-2017,23,11278,11295,8011,2829,33413,661,607,868,2136,35549
28-05-2017,0,10856,10539,7686,2620,31701,612,564,797,1973,33674
28-05-2017,1,10542,10170,7456,2493,30661,604,543,765,1912,32573
28-05-2017,2,10349,9945,7328,2394,30016,588,534,750,1872,31888
28-05-2017,3,10216,9712,7106,2352,29386,555,510,729,1794,31180
28-05-2017,4,10127,9443,7040,2292,28902,552,498,716,1766,30668
28-05-2017,5,10091,9405,7142,2254,28892,578,529,769,1876,30768
28-05-2017,6,10196,9884,7298,2375,29753,630,583,854,2067,31820
28-05-2017,7,10575,10837,7466,2650,31528,698,656,950,2304,33832
28-05-2017,8,10924,11499,7686,2979,33088,765,718,1037,2520,35608
28-05-2017,9,11251,12292,7897,3245,34685,786,750,1074,2610,37295
28-05-2017,10,11569,12674,8021,3317,35581,796,753,1081,2630,38211
28-05-2017,11,11695,12738,8004,3338,35775,788,749,1076,2613,38388
28-05-2017,12,11659,12611,7953,3316,35539,782,750,1062,2594,38133
28-05-2017,13,11634,12625,7898,3300,35457,777,747,1051,2575,38032
28-05-2017,14,11796,12718,7868,3224,35606,773,752,1040,2565,38171
28-05-2017,15,11800,12578,7894,3216,35488,770,750,1037,2557,38045
28-05-2017,16,11892,12620,7990,3246,35748,775,750,1055,2580,38328
28-05-2017,17,12066,12783,8120,3486,36455,783,757,1076,2616,39071
28-05-2017,18,11968,12638,8238,3535,36379,792,755,1098,2645,39024
28-05-2017,19,11912,12456,8096,3411,35875,786,755,1111,2652,38527
28-05-2017,20,11993,12696,7890,3274,35853,770,741,1108,2619,38472
28-05-2017,21,11957,12755,8099,3126,35937,746,725,1085,2556,38493
28-05-2017,22,11875,12368,8107,3048,35398,703,670,962,2335,37733
28-05-2017,23,11595,11762,7810,2807,33974,646,594,847,2087,36061
29-05-2017,0,11087,11172,7466,2619,32344,609,547,769,1925,34269
29-05-2017,1,10815,10935,7268,2522,31540,594,531,750,1875,33415
29-05-2017,2,10679,10839,7080,2501,31099,591,529,743,1863,32962
29-05-2017,3,10641,10667,7015,2513,30836,568,520,732,1820,32656
29-05-2017,4,10571,10629,7245,2561,31006,588,533,766,1887,32893
29-05-2017,5,10749,11120,8086,2737,32692,703,634,965,2302,34994
29-05-2017,6,11862,12935,8737,3291,36825,849,772,1160,2781,39606
29-05-2017,7,13189,14632,9043,3916,40780,957,883,1278,3118,43898
29-05-2017,8,13694,15267,9130,4262,42353,1011,946,1330,3287,45640
29-05-2017,9,13614,15398,9221,4303,42536,1020,953,1328,3301,45837
29-05-2017,10,13667,15489,9206,4392,42754,1013,944,1323,3280,46034
29-05-2017,11,13462,15387,9196,4411,42456,989,912,1317,3218,45674
29-05-2017,12,13336,15127,9120,4354,41937,1004,932,1348,3284,45221
29-05-2017,13,13385,15047,9088,4402,41922,994,919,1324,3237,45159
29-05-2017,14,13403,14882,8961,4325,41571,984,897,1304,3185,44756
29-05-2017,15,13207,15122,8834,4163,41326,948,883,1277,3108,44434
29-05-2017,16,13228,14807,8700,4123,40858,920,847,1231,2998,43856
29-05-2017,17,13134,14761,8625,4367,40887,895,833,1225,2953,43840
29-05-2017,18,13087,14464,8725,4254,40530,871,817,1207,2895,43425
29-05-2017,19,13062,14206,8675,4028,39971,856,803,1187,2846,42817
29-05-2017,20,13007,13954,8357,3836,39154,825,769,1169,2763,41917
29-05-2017,21,12969,13737,8444,3665,38815,789,745,1122,2656,41471
29-05-2017,22,12690,13235,8435,3509,37869,745,690,1001,2436,40305
29-05-2017,23,12271,12399,8088,3177,35935,686,610,905,2201,38136
30-05-2017,0,11601,11356,7759,2974,33690,657,572,841,2070,35760
30-05-2017,1,11154,11183,7595,2852,32784,635,551,819,2005,34789
30-05-2017,2,10984,11130,7498,2797,32409,622,548,810,1980,34389
30-05-2017,3,11122,11018,7455,2771,32366,599,534,799,1932,34298
30-05-2017,4,11109,10922,7659,2806,32496,627,555,830,2012,34508
30-05-2017,5,11320,11561,8373,2956,34210,739,665,1009,2413,36623
30-05-2017,6,12233,13029,8775,3503,37540,868,789,1192,2849,40389
30-05-2017,7,13479,14725,8940,4064,41208,969,899,1306,3174,44382
30-05-2017,8,14129,15152,9074,4335,42690,1002,954,1345,3301,45991
30-05-2017,9,14105,15169,9067,4055,42396,999,949,1346,3294,45690
30-05-2017,10,14074,15291,9038,4565,42968,998,938,1334,3270,46238
30-05-2017,11,13741,15424,8955,4538,42658,982,901,1315,3198,45856
30-05-2017,12,13888,15519,8866,4450,42723,1007,928,1323,3258,45981
30-05-2017,13,13899,15417,8808,4415,42539,997,918,1320,3235,45774
30-05-2017,14,13747,15464,8865,4280,42356,988,909,1302,3199,45555
30-05-2017,15,13623,15304,8796,4094,41817,954,892,1271,3117,44934
30-05-2017,16,13547,15057,8898,4010,41512,932,861,1235,3028,44540
30-05-2017,17,13289,15030,8880,4240,41439,918,845,1224,2987,44426
30-05-2017,18,13184,14519,9050,4169,40922,897,819,1200,2916,43838
30-05-2017,19,13142,14346,9030,3936,40454,887,804,1187,2878,43332
30-05-2017,20,13146,13995,8673,3721,39535,860,786,1171,2817,42352
30-05-2017,21,13058,13589,8633,3572,38852,824,755,1142,2721,41573
30-05-2017,22,12824,12924,8476,3372,37596,756,693,1022,2471,40067
30-05-2017,23,12370,12209,7993,3077,35649,695,623,913,2231,37880
31-05-2017,0,11665,11376,7660,2856,33557,658,579,844,2081,35638
31-05-2017,1,11300,11326,7413,2735,32774,644,558,820,2022,34796
31-05-2017,2,11214,11187,7399,2665,32465,637,558,810,2005,34470
31-05-2017,3,11237,11068,7352,2645,32302,617,549,803,1969,34271
31-05-2017,4,11150,10840,7569,2639,32198,632,561,829,2022,34220
31-05-2017,5,11321,11617,8341,2776,34055,745,668,999,2412,36467
31-05-2017,6,12430,12895,8848,3293,37466,887,795,1178,2860,40326
31-05-2017,7,13793,14876,9059,3809,41537,996,904,1306,3206,44743
31-05-2017,8,14207,15425,9168,4062,42862,1041,947,1358,3346,46208
31-05-2017,9,14141,15493,9132,4120,42886,1049,954,1356,3359,46245
31-05-2017,10,14027,15841,9167,4206,43241,1048,950,1348,3346,46587
31-05-2017,11,13840,15839,9134,4209,43022,1029,912,1329,3270,46292
31-05-2017,12,13779,15598,9035,4115,42527,1053,937,1344,3334,45861
31-05-2017,13,13878,15651,8941,4096,42566,1043,938,1320,3301,45867
31-05-2017,14,13672,15304,8885,4013,41874,1038,925,1306,3269,45143
31-05-2017,15,13503,15199,8756,3872,41330,1002,912,1256,3170,44500
31-05-2017,16,13430,14885,8706,3835,40856,969,875,1216,3060,43916
31-05-2017,17,13219,14811,8731,4016,40777,941,861,1210,3012,43789
31-05-2017,18,13215,14581,8810,3915,40521,922,843,1195,2960,43481
31-05-2017,19,13303,14441,8761,3702,40207,899,827,1187,2913,43120
31-05-2017,20,13265,14291,8441,3542,39539,864,795,1162,2821,42360
31-05-2017,21,13117,13921,8456,3400,38894,826,769,1097,2692,41586
31-05-2017,22,12852,13460,8431,3292,38035,777,692,973,2442,40477
31-05-2017,23,12407,12934,8077,2990,36408,716,624,882,2222,38630
01-06-2017,0,11875,12371,7634,2797,34677,684,588,818,2090,36767
01-06-2017,1,11611,11985,7513,2676,33785,653,564,808,2025,35810
01-06-2017,2,11471,11710,7366,2664,33211,627,559,801,1987,35198
01-06-2017,3,11435,11772,7337,2663,33207,596,550,792,1938,35145
01-06-2017,4,11303,11669,7588,2657,33217,626,563,817,2006,35223
01-06-2017,5,11536,12446,8333,2798,35113,735,658,989,2382,37495
01-06-2017,6,12839,14137,8809,3352,39137,871,786,1173,2830,41967
01-06-2017,7,14024,15831,8931,3885,42671,967,902,1301,3170,45841
01-06-2017,8,14088,15593,8949,4108,42738,1001,944,1351,3296,46034
01-06-2017,9,13968,15379,9000,4132,42479,1009,949,1348,3306,45785
01-06-2017,10,13856,15193,9061,4197,42307,1007,945,1350,3302,45609
01-06-2017,11,13790,15259,9047,4203,42299,988,911,1306,3205,45504
01-06-2017,12,13684,15161,9081,4124,42050,1007,936,1301,3244,45294
01-06-2017,13,13678,15008,9025,4156,41867,996,924,1271,3191,45058
01-06-2017,14,13480,14691,8946,4061,41178,984,896,1256,3136,44314
01-06-2017,15,13399,14868,8903,3921,41091,969,871,1227,3067,44158
01-06-2017,16,13377,14493,8889,3858,40617,939,837,1214,2990,43607
01-06-2017,17,13170,14584,8782,4052,40588,917,829,1209,2955,43543
01-06-2017,18,13003,14249,8870,3980,40102,900,810,1185,2895,42997
01-06-2017,19,13194,14333,8867,3820,40214,888,800,1187,2875,43089
01-06-2017,20,13180,13977,8556,3665,39378,850,771,1168,2789,42167
01-06-2017,21,13071,13668,8670,3524,38933,816,736,1135,2687,41620
01-06-2017,22,13020,13164,8684,3421,38289,768,680,1031,2479,40768
01-06-2017,23,12484,12530,8253,3135,36402,712,608,936,2256,38658
02-06-2017,0,11826,11894,7896,2895,34511,678,565,884,2127,36638
02-06-2017,1,11531,11622,7736,2781,33670,673,544,847,2064,35734
02-06-2017,2,11299,11457,7610,2720,33086,642,533,829,2004,35090
02-06-2017,3,11235,11229,7577,2724,32765,630,524,811,1965,34730
02-06-2017,4,11219,11272,7881,2733,33105,655,530,841,2026,35131
02-06-2017,5,11492,11946,8625,2895,34958,758,627,1018,2403,37361
02-06-2017,6,12507,13613,9198,3427,38745,883,747,1183,2813,41558
02-06-2017,7,13794,15124,9444,4015,42377,988,866,1323,3177,45554
02-06-2017,8,14325,15345,9657,4276,43603,1027,921,1382,3330,46933
02-06-2017,9,14213,15195,9706,4312,43426,1027,931,1375,3333,46759
02-06-2017,10,14098,15314,9711,4403,43526,1029,915,1360,3304,46830
02-06-2017,11,13945,15342,9641,4378,43306,1014,886,1335,3235,46541
02-06-2017,12,13857,14821,9470,4268,42416,1046,908,1333,3287,45703
02-06-2017,13,13762,14306,9358,4177,41603,1034,894,1288,3216,44819
02-06-2017,14,13530,14217,9195,3981,40923,1029,869,1252,3150,44073
02-06-2017,15,13395,14026,9058,3831,40310,981,840,1209,3030,43340
02-06-2017,16,13393,13859,8930,3809,39991,964,825,1184,2973,42964
02-06-2017,17,13260,13829,8932,3968,39989,949,814,1171,2934,42923
02-06-2017,18,13228,13724,9048,3958,39958,926,797,1153,2876,42834
02-06-2017,19,13150,13533,9005,3741,39429,897,776,1144,2817,42246
02-06-2017,20,13025,13111,8610,3545,38291,860,745,1123,2728,41019
02-06-2017,21,12747,12949,8619,3398,37713,837,715,1101,2653,40366
02-06-2017,22,12550,12568,8671,3308,37097,797,675,1020,2492,39589
02-06-2017,23,12243,12062,8297,3093,35695,747,615,934,2296,37991
03-06-2017,0,11848,11434,7955,2838,34075,705,571,858,2134,36209
03-06-2017,1,11574,11064,7663,2672,32973,683,549,826,2058,35031
03-06-2017,2,11406,10970,7473,2596,32445,662,537,826,2025,34470
03-06-2017,3,11241,10727,7343,2540,31851,627,521,800,1948,33799
03-06-2017,4,11108,10593,7352,2499,31552,633,527,795,1955,33507
03-06-2017,5,10970,10626,7658,2473,31727,672,563,854,2089,33816
03-06-2017,6,11024,10969,7845,2628,32466,731,632,938,2301,34767
03-06-2017,7,11424,11397,8006,2904,33731,800,708,1028,2536,36267
03-06-2017,8,12006,12068,8125,3212,35411,852,762,1106,2720,38131
03-06-2017,9,12574,12614,8252,3394,36834,873,782,1127,2782,39616
03-06-2017,10,12833,12879,8340,3499,37551,870,779,1122,2771,40322
03-06-2017,11,12829,12995,8333,3472,37629,858,768,1111,2737,40366
03-06-2017,12,12700,12906,8240,3425,37271,850,758,1105,2713,39984
03-06-2017,13,12564,12731,8164,3417,36876,836,753,1093,2682,39558
03-06-2017,14,12502,12616,8159,3374,36651,821,734,1070,2625,39276
03-06-2017,15,12443,12451,8252,3325,36471,811,723,1056,2590,39061
03-06-2017,16,12324,12426,8355,3368,36473,806,719,1055,2580,39053
03-06-2017,17,12318,12631,8449,3554,36952,801,718,1050,2569,39521
03-06-2017,18,12361,12618,8554,3576,37109,798,717,1042,2557,39666
03-06-2017,19,12356,12575,8407,3423,36761,793,717,1035,2545,39306
03-06-2017,20,12149,12354,8131,3272,35906,777,700,1021,2498,38404
03-06-2017,21,11954,12095,8262,3168,35479,759,687,1019,2465,37944
03-06-2017,22,11938,11956,8419,3109,35422,750,650,961,2361,37783
03-06-2017,23,11790,11456,8116,2942,34304,704,602,864,2170,36474
04-06-2017,0,11347,10841,7793,2711,32692,669,560,805,2034,34726
04-06-2017,1,11106,10671,7617,2575,31969,645,538,774,1957,33926
04-06-2017,2,10791,10575,7404,2501,31271,625,521,759,1905,33176
04-06-2017,3,10590,10427,7316,2456,30789,595,504,739,1838,32627
04-06-2017,4,10398,10212,7292,2399,30301,599,499,728,1826,32127
04-06-2017,5,10290,10155,7412,2384,30241,621,521,770,1912,32153
04-06-2017,6,10374,10327,7422,2464,30587,677,576,838,2091,32678
04-06-2017,7,10644,10927,7623,2664,31858,739,645,929,2313,34171
04-06-2017,8,11135,11461,7830,2941,33367,803,713,1004,2520,35887
04-06-2017,9,11705,12034,7987,3145,34871,827,745,1047,2619,37490
04-06-2017,10,12086,12305,8094,3235,35720,826,747,1046,2619,38339
04-06-2017,11,12242,12580,8056,3310,36188,817,741,1032,2590,38778
04-06-2017,12,12229,12700,7948,3205,36082,814,736,1018,2568,38650
04-06-2017,13,12215,12636,7957,3217,36025,808,729,1011,2548,38573
04-06-2017,14,12132,12584,7919,3251,35886,797,723,1017,2537,38423
04-06-2017,15,12118,12554,7904,3179,35755,790,725,1037,2552,38307
04-06-2017,16,12107,12644,7986,3206,35943,800,726,1051,2577,38520
04-06-2017,17,12067,12905,8084,3391,36447,810,732,1058,2600,39047
04-06-2017,18,12206,13033,8170,3394,36803,818,734,1067,2619,39422
04-06-2017,19,12217,12954,8106,3258,36535,818,743,1083,2644,39179
04-06-2017,20,12140,12622,7955,3158,35875,807,731,1083,2621,38496
04-06-2017,21,12000,12390,8256,3082,35728,771,702,1035,2508,38236
04-06-2017,22,12035,12431,8337,3044,35847,742,649,921,2312,38159
04-06-2017,23,11748,11612,8012,2846,34218,689,583,826,2098,36316
05-06-2017,0,11352,10879,7699,2661,32591,643,543,795,1981,34572
05-06-2017,1,10980,10578,7434,2537,31529,632,528,777,1937,33466
05-06-2017,2,10804,10454,7237,2426,30921,618,533,765,1916,32837
05-06-2017,3,10610,10377,7200,2396,30583,599,528,757,1884,32467
05-06-2017,4,10470,10559,7407,2351,30787,629,547,790,1966,32753
05-06-2017,5,10319,10902,8217,2377,31815,749,636,960,2345,34160
05-06-2017,6,10661,12142,8750,2530,34083,897,758,1129,2784,36867
05-06-2017,7,11041,13324,8980,2785,36130,1026,874,1247,3147,39277
05-06-2017,8,11506,13829,9170,3082,37587,1068,934,1303,3305,40892
05-06-2017,9,12078,14250,9172,3255,38755,1074,953,1333,3360,42115
05-06-2017,10,12166,14329,9202,3355,39052,1067,950,1340,3357,42409
05-06-2017,11,12339,14291,9220,3361,39211,1048,924,1313,3285,42496
05-06-2017,12,12084,14294,9139,3304,38821,1078,949,1313,3340,42161
05-06-2017,13,12102,14472,9045,3305,38924,1066,942,1288,3296,42220
05-06-2017,14,12040,14151,8910,3263,38364,1054,920,1266,3240,41604
05-06-2017,15,12019,13737,8890,3238,37884,1038,907,1250,3195,41079
05-06-2017,16,11907,13726,8952,3292,37877,1014,875,1216,3105,40982
05-06-2017,17,12133,13772,8913,3567,38385,983,861,1204,3048,41433
05-06-2017,18,12165,13691,8960,3592,38408,961,828,1189,2978,41386
05-06-2017,19,12220,13491,8886,3415,38012,948,806,1181,2935,40947
05-06-2017,20,12250,13138,8486,3267,37141,922,772,1154,2848,39989
05-06-2017,21,12183,12629,8548,3134,36494,871,742,1124,2737,39231
05-06-2017,22,12029,12281,8402,3113,35825,805,698,1032,2535,38360
05-06-2017,23,11732,11831,7924,2897,34384,739,621,930,2290,36674
06-06-2017,0,10861,11107,7682,2729,32379,708,570,869,2147,34526
06-06-2017,1,10543,10629,7415,2603,31190,690,549,839,2078,33268
06-06-2017,2,10529,10402,7362,2537,30830,668,538,829,2035,32865
06-06-2017,3,10447,10380,7327,2554,30708,647,525,815,1987,32695
06-06-2017,4,10442,10142,7473,2572,30629,670,541,844,2055,32684
06-06-2017,5,10831,10233,8197,2721,31982,786,641,1013,2440,34422
06-06-2017,6,11882,10764,8888,3252,34786,904,763,1186,2853,37639
06-06-2017,7,13377,11782,9018,3847,38024,1011,885,1309,3205,41229
06-06-2017,8,13658,12323,9033,4091,39105,1042,931,1311,3284,42389
06-06-2017,9,13610,12606,8977,4110,39303,1036,941,1313,3290,42593
06-06-2017,10,13480,12791,9008,4195,39474,1029,933,1308,3270,42744
06-06-2017,11,13322,12803,9026,4174,39325,1012,912,1291,3215,42540
06-06-2017,12,13225,12779,8918,4089,39011,1036,944,1306,3286,42297
06-06-2017,13,13068,12905,8779,4137,38889,1024,941,1292,3257,42146
06-06-2017,14,13081,12740,8769,4039,38629,1012,920,1278,3210,41839
06-06-2017,15,12994,12441,8698,3907,38040,984,901,1281,3166,41206
06-06-2017,16,12802,12654,8644,3893,37993,955,864,1250,3069,41062
06-06-2017,17,12630,12897,8582,4137,38246,923,843,1236,3002,41248
06-06-2017,18,12576,12827,8698,4081,38182,906,817,1219,2942,41124
06-06-2017,19,12595,12705,8700,3846,37846,896,805,1197,2898,40744
06-06-2017,20,12513,12531,8341,3730,37115,884,784,1168,2836,39951
06-06-2017,21,12361,12234,8389,3611,36595,840,749,1121,2710,39305
06-06-2017,22,12101,11936,8359,3418,35814,788,707,1017,2512,38326
06-06-2017,23,11719,11491,7936,3129,34275,730,638,912,2280,36555
07-06-2017,0,10806,10991,7649,2889,32335,698,584,853,2135,34470
07-06-2017,1,10430,10681,7414,2751,31276,672,558,826,2056,33332
07-06-2017,2,10239,10477,7229,2730,30675,644,542,813,1999,32674
07-06-2017,3,10092,10541,7178,2727,30538,630,527,791,1948,32486
07-06-2017,4,10019,10733,7357,2738,30847,655,541,822,2018,32865
07-06-2017,5,10308,11189,8079,2883,32459,746,634,985,2365,34824
07-06-2017,6,11444,12634,8494,3406,35978,870,757,1151,2778,38756
07-06-2017,7,12602,14161,8719,3956,39438,974,862,1233,3069,42507
07-06-2017,8,13080,14765,8734,4244,40823,1008,922,1303,3233,44056
07-06-2017,9,13024,14982,8705,4475,41186,1011,932,1337,3280,44466
07-06-2017,10,13118,15116,8749,4551,41534,1009,934,1354,3297,44831
07-06-2017,11,13115,15089,8762,4452,41418,991,924,1355,3270,44688
07-06-2017,12,12965,14766,8747,4375,40853,1018,953,1388,3359,44212
07-06-2017,13,13093,15089,8693,4446,41321,1004,938,1363,3305,44626
07-06-2017,14,13095,15240,8654,4378,41367,994,911,1337,3242,44609
07-06-2017,15,13275,15000,8638,4111,41024,970,898,1318,3186,44210
07-06-2017,16,13044,14770,8583,4107,40504,947,871,1279,3097,43601
07-06-2017,17,12991,14785,8464,4330,40570,920,862,1254,3036,43606
07-06-2017,18,12687,14531,8533,4218,39969,903,848,1194,2945,42914
07-06-2017,19,12636,14504,8455,3910,39505,895,827,1201,2923,42428
07-06-2017,20,12492,14044,8032,3706,38274,873,793,1165,2831,41105
07-06-2017,21,12267,13671,8025,3534,37497,828,744,1119,2691,40188
07-06-2017,22,12182,13072,7960,3356,36570,772,689,1030,2491,39061
07-06-2017,23,11515,12298,7531,3060,34404,709,617,941,2267,36671
08-06-2017,0,11186,11849,7200,2820,33055,676,579,879,2134,35189
08-06-2017,1,10864,11713,6994,2676,32247,658,557,849,2064,34311
08-06-2017,2,10694,11508,6849,2605,31656,648,547,840,2035,33691
08-06-2017,3,10500,11511,6819,2583,31413,629,535,819,1983,33396
08-06-2017,4,10391,11407,7041,2615,31454,650,557,846,2053,33507
08-06-2017,5,10739,11747,7823,2781,33090,756,649,1016,2421,35511
08-06-2017,6,11882,13028,8492,3324,36726,883,777,1179,2839,39565
08-06-2017,7,13259,15073,8781,3903,41016,1002,889,1299,3190,44206
08-06-2017,8,13543,15310,8961,4090,41904,1049,931,1336,3316,45220
08-06-2017,9,13348,15444,8981,4149,41922,1060,939,1344,3343,45265
08-06-2017,10,13412,16067,9024,4207,42710,1061,931,1338,3330,46040
08-06-2017,11,13337,15657,9044,4227,42265,1048,906,1321,3275,45540
08-06-2017,12,13353,15188,8996,4166,41703,1071,937,1343,3351,45054
08-06-2017,13,13214,14922,8885,4206,41227,1054,932,1322,3308,44535
08-06-2017,14,13072,14854,8901,4127,40954,1039,918,1307,3264,44218
08-06-2017,15,13193,15072,8864,3994,41123,1019,896,1276,3191,44314
08-06-2017,16,13134,15086,8857,4013,41090,987,857,1235,3079,44169
08-06-2017,17,12935,14870,8866,4223,40894,959,843,1217,3019,43913
08-06-2017,18,12741,14307,8936,4119,40103,929,819,1209,2957,43060
08-06-2017,19,12665,14323,8815,3927,39730,905,799,1197,2901,42631
08-06-2017,20,12760,14350,8507,3733,39350,876,773,1162,2811,42161
08-06-2017,21,12711,13993,8560,3542,38806,832,741,1124,2697,41503
08-06-2017,22,12369,13422,8420,3345,37556,785,699,1039,2523,40079
08-06-2017,23,11915,12621,7921,3077,35534,725,627,942,2294,37828
09-06-2017,0,11556,11895,7591,2842,33884,689,579,881,2149,36033
09-06-2017,1,11118,11645,7336,2733,32832,667,561,852,2080,34912
09-06-2017,2,10892,11510,7201,2673,32276,649,543,841,2033,34309
09-06-2017,3,10749,11384,7070,2645,31848,620,531,824,1975,33823
09-06-2017,4,10646,11280,7305,2647,31878,643,546,854,2043,33921
09-06-2017,5,10828,11674,8129,2804,33435,743,643,1017,2403,35838
09-06-2017,6,11814,13368,8667,3345,37194,865,763,1184,2812,40006
09-06-2017,7,13065,14868,8879,3910,40722,974,876,1262,3112,43834
09-06-2017,8,13551,15372,8972,4214,42109,1009,918,1338,3265,45374
09-06-2017,9,13489,15578,9020,4263,42350,1012,920,1343,3275,45625
09-06-2017,10,13606,15958,8899,4302,42765,1007,918,1339,3264,46029
09-06-2017,11,13530,15319,9033,4281,42163,990,898,1334,3222,45385
09-06-2017,12,13516,15197,8857,4150,41720,1006,922,1355,3283,45003
09-06-2017,13,13346,14947,8874,4106,41273,989,908,1332,3229,44502
09-06-2017,14,13110,14688,8759,3944,40501,975,890,1300,3165,43666
09-06-2017,15,12997,14139,8714,3825,39675,934,875,1261,3070,42745
09-06-2017,16,12793,13771,8666,3845,39075,913,845,1239,2997,42072
09-06-2017,17,12630,13947,8536,4030,39143,900,828,1217,2945,42088
09-06-2017,18,12605,13619,8569,3928,38721,0,799,1200,1999,40720
09-06-2017,19,12492,13236,8518,3685,37931,848,782,1179,2809,40740
09-06-2017,20,12315,12657,8175,3462,36609,0,754,1144,1898,38507
09-06-2017,21,12051,12012,8296,3297,35656,794,729,1107,2630,38286
09-06-2017,22,11862,11874,8178,3122,35036,753,706,1032,2491,37527
09-06-2017,23,11590,11639,7846,2910,33985,706,638,941,2285,36270
10-06-2017,0,11238,11262,7533,2705,32738,679,595,876,2150,34888
10-06-2017,1,10843,10924,7236,2548,31551,656,570,845,2071,33622
10-06-2017,2,10440,10684,6991,2449,30564,628,554,829,2011,32575
10-06-2017,3,10499,10488,6881,2421,30289,601,531,799,1931,32220
10-06-2017,4,10338,10241,6878,2378,29835,605,529,796,1930,31765
10-06-2017,5,10326,10286,7122,2401,30135,633,574,861,2068,32203
10-06-2017,6,10499,10626,7388,2562,31075,690,642,955,2287,33362
10-06-2017,7,11064,11481,7656,2836,33037,762,725,1056,2543,35580
10-06-2017,8,11594,12128,7873,3130,34725,821,784,1131,2736,37461
10-06-2017,9,12063,12674,7985,3305,36027,835,804,1125,2764,38791
10-06-2017,10,12328,12999,8090,3393,36810,827,802,1125,2754,39564
10-06-2017,11,12319,13067,8029,3351,36766,812,792,1117,2721,39487
10-06-2017,12,12137,12684,7992,3301,36114,810,782,1121,2713,38827
10-06-2017,13,12005,12635,7870,3244,35754,801,777,1125,2703,38457
10-06-2017,14,11958,12466,7887,3185,35496,787,773,1108,2668,38164
10-06-2017,15,11957,12348,7907,3164,35376,775,763,1096,2634,38010
10-06-2017,16,11984,12387,7943,3176,35490,772,747,1077,2596,38086
10-06-2017,17,12010,12596,7996,3391,35993,765,741,1064,2570,38563
10-06-2017,18,12047,12685,8055,3398,36185,764,734,1058,2556,38741
10-06-2017,19,12025,12441,7929,3266,35661,752,727,1051,2530,38191
10-06-2017,20,11731,12218,7652,3075,34676,741,711,1039,2491,37167
10-06-2017,21,11468,11969,7874,2962,34273,719,689,1026,2434,36707
10-06-2017,22,11398,11812,7902,2902,34014,708,665,971,2344,36358
10-06-2017,23,11282,11298,7575,2761,32916,663,613,879,2155,35071
11-06-2017,0,10970,10843,7257,2597,31667,622,576,828,2026,33693
11-06-2017,1,10692,10510,7019,2454,30675,600,552,803,1955,32630
11-06-2017,2,10421,10501,6869,2363,30154,577,532,788,1897,32051
11-06-2017,3,10261,10509,6761,2310,29841,549,507,762,1818,31659
11-06-2017,4,10007,10246,6756,2251,29260,552,503,752,1807,31067
11-06-2017,5,9968,10074,6881,2257,29180,577,532,799,1908,31088
11-06-2017,6,10094,10214,7011,2378,29697,631,581,867,2079,31776
11-06-2017,7,10411,10918,7212,2613,31154,705,650,956,2311,33465
11-06-2017,8,10887,11514,7489,2911,32801,773,708,1043,2524,35325
11-06-2017,9,11396,12196,7694,3106,34392,800,740,1099,2639,37031
11-06-2017,10,11795,12671,7795,3229,35490,801,741,1105,2647,38137
11-06-2017,11,11991,12868,7769,3278,35906,795,736,1096,2627,38533
11-06-2017,12,12029,13001,7740,3258,36028,794,734,1080,2608,38636
11-06-2017,13,12054,12881,7740,3256,35931,781,729,1059,2569,38500
11-06-2017,14,12142,12869,7774,3187,35972,776,718,1044,2538,38510
11-06-2017,15,12137,12826,7788,3183,35934,784,712,1036,2532,38466
11-06-2017,16,12126,12968,7881,3264,36239,788,713,1038,2539,38778
11-06-2017,17,12278,13080,7948,3566,36872,789,714,1048,2551,39423
11-06-2017,18,12307,13440,7987,3605,37339,794,714,1064,2572,39911
11-06-2017,19,12356,13465,8001,3449,37271,789,709,1084,2582,39853
11-06-2017,20,12346,13219,7774,3311,36650,769,706,1074,2549,39199
11-06-2017,21,12193,12921,8000,3142,36256,734,686,1045,2465,38721
11-06-2017,22,12094,12424,8017,3021,35556,707,655,971,2333,37889
11-06-2017,23,11893,11755,7716,2823,34187,661,591,871,2123,36310
12-06-2017,0,11094,11028,7411,2630,32163,629,536,817,1982,34145
12-06-2017,1,10740,10740,7219,2525,31224,613,515,788,1916,33140
12-06-2017,2,10677,10998,7030,2502,31207,593,505,776,1874,33081
12-06-2017,3,10535,11093,7010,2479,31117,578,504,758,1840,32957
12-06-2017,4,10436,10887,7264,2469,31056,605,519,790,1914,32970
12-06-2017,5,10770,11513,7988,2661,32932,714,631,969,2314,35246
12-06-2017,6,11951,13079,8679,3215,36924,844,760,1151,2755,39679
12-06-2017,7,13224,14489,8958,3772,40443,969,880,1285,3134,43577
12-06-2017,8,13605,15117,9152,4028,41902,1029,923,1348,3300,45202
12-06-2017,9,13615,14982,9248,4187,42032,1047,934,1364,3345,45377
12-06-2017,10,13548,15067,9331,4219,42165,1053,930,1368,3351,45516
12-06-2017,11,13458,15003,9332,4265,42058,1032,909,1359,3300,45358
12-06-2017,12,13306,14933,9283,4183,41705,1055,934,1390,3379,45084
12-06-2017,13,13241,15091,9271,4220,41823,1043,927,1365,3335,45158
12-06-2017,14,13288,15123,9199,4129,41739,1034,912,1328,3274,45013
12-06-2017,15,13196,14977,9039,3951,41163,1002,894,1298,3194,44357
12-06-2017,16,13172,14856,9026,3933,40987,971,861,1262,3094,44081
12-06-2017,17,13010,14868,8907,4093,40878,947,843,1244,3034,43912
12-06-2017,18,12911,14560,8969,3953,40393,915,817,1207,2939,43332
12-06-2017,19,12800,14369,8835,3738,39742,881,798,1173,2852,42594
12-06-2017,20,12697,13994,8475,3549,38715,852,764,1129,2745,41460
12-06-2017,21,12616,13692,8497,3345,38150,809,726,1083,2618,40768
12-06-2017,22,12336,13269,8395,3156,37156,757,685,999,2441,39597
12-06-2017,23,11889,12426,7901,2906,35122,708,615,901,2224,37346
13-06-2017,0,11290,11650,7543,2729,33212,674,571,847,2092,35304
13-06-2017,1,10804,10998,7335,2622,31759,658,541,815,2014,33773
13-06-2017,2,10588,11093,7215,2553,31449,628,517,810,1955,33404
13-06-2017,3,10551,10981,7163,2546,31241,615,515,798,1928,33169
13-06-2017,4,10407,10909,7350,2585,31251,639,530,826,1995,33246
13-06-2017,5,10726,11544,8086,2737,33093,754,632,989,2375,35468
13-06-2017,6,11912,12801,8583,3275,36571,867,755,1151,2773,39344
13-06-2017,7,13120,14378,8814,3842,40154,991,877,1276,3144,43298
13-06-2017,8,13482,14586,8967,4129,41164,1036,940,1329,3305,44469
13-06-2017,9,13311,14841,9062,4153,41367,1044,959,1346,3349,44716
13-06-2017,10,13134,15016,9147,4201,41498,1044,950,1351,3345,44843
13-06-2017,11,13037,15066,9165,4175,41443,1024,928,1337,3289,44732
13-06-2017,12,13061,15139,9120,4081,41401,1042,967,1352,3361,44762
13-06-2017,13,12981,15187,9098,4096,41362,1030,959,1324,3313,44675
13-06-2017,14,13002,14900,9008,3990,40900,1018,927,1311,3256,44156
13-06-2017,15,12868,14649,8926,3882,40325,980,903,1280,3163,43488
13-06-2017,16,12800,14472,8834,3821,39927,963,888,1241,3092,43019
13-06-2017,17,12669,14467,8754,4030,39920,952,868,1239,3059,42979
13-06-2017,18,12612,13938,8834,3926,39310,940,832,1226,2998,42308
13-06-2017,19,12559,13865,8798,3730,38952,921,817,1213,2951,41903
13-06-2017,20,12518,13725,8396,3519,38158,892,791,1171,2854,41012
13-06-2017,21,12356,13403,8335,3377,37471,841,742,1088,2671,40142
13-06-2017,22,12158,12832,8244,3263,36497,779,685,976,2440,38937
13-06-2017,23,11720,11986,7739,3015,34460,721,614,903,2238,36698
14-06-2017,0,11191,11168,7432,2769,32560,683,571,846,2100,34660
14-06-2017,1,10855,11118,7139,2650,31762,667,548,822,2037,33799
14-06-2017,2,10760,11092,7017,2623,31492,649,540,815,2004,33496
14-06-2017,3,10716,10884,7021,2602,31223,633,525,800,1958,33181
14-06-2017,4,10653,10731,7286,2603,31273,651,547,827,2025,33298
14-06-2017,5,10789,11535,8048,2785,33157,762,656,991,2409,35566
14-06-2017,6,11699,13119,8568,3338,36724,882,771,1166,2819,39543
14-06-2017,7,12932,14632,8760,3893,40217,1000,892,1283,3175,43392
14-06-2017,8,13274,15112,8888,3934,41208,1033,941,1353,3327,44535
14-06-2017,9,13272,15062,8824,4101,41259,1029,949,1353,3331,44590
14-06-2017,10,13304,15108,8854,4224,41490,1023,944,1345,3312,44802
14-06-2017,11,13380,14959,8896,4241,41476,1009,916,1326,3251,44727
14-06-2017,12,13320,14953,8818,4196,41287,1030,939,1332,3301,44588
14-06-2017,13,13297,15077,8754,4216,41344,1013,922,1306,3241,44585
14-06-2017,14,13130,14865,8792,4140,40927,999,901,1290,3190,44117
14-06-2017,15,13139,14769,8686,3964,40558,968,885,1251,3104,43662
14-06-2017,16,13057,14340,8646,3938,39981,941,850,1217,3008,42989
14-06-2017,17,12768,14148,8591,4082,39589,928,835,1212,2975,42564
14-06-2017,18,12601,13984,8548,3985,39118,913,807,1199,2919,42037
14-06-2017,19,12561,13835,8469,3797,38662,889,795,1184,2868,41530
14-06-2017,20,12558,13655,8257,3587,38057,868,770,1155,2793,40850
14-06-2017,21,12481,13083,8260,3417,37241,822,733,1112,2667,39908
14-06-2017,22,12271,12660,8159,3291,36381,777,693,1024,2494,38875
14-06-2017,23,11895,11964,7807,3059,34725,729,626,930,2285,37010
15-06-2017,0,11205,11426,7503,2844,32978,692,577,875,2144,35122
15-06-2017,1,10853,11184,7293,2718,32048,673,557,848,2078,34126
15-06-2017,2,10680,10960,7125,2668,31433,648,539,840,2027,33460
15-06-2017,3,10527,10654,7096,2662,30939,629,525,817,1971,32910
15-06-2017,4,10364,10427,7289,2656,30736,654,539,853,2046,32782
15-06-2017,5,10556,11004,7983,2831,32374,764,641,1018,2423,34797
15-06-2017,6,11464,12663,8479,3361,35967,885,761,1190,2836,38803
15-06-2017,7,12534,14235,8763,3924,39456,990,881,1305,3176,42632
15-06-2017,8,12882,14714,8864,4213,40673,1034,931,1338,3303,43976
15-06-2017,9,13039,14624,8940,4294,40897,1034,943,1342,3319,44216
15-06-2017,10,12955,14718,8965,4379,41017,1026,939,1330,3295,44312
15-06-2017,11,12717,14941,8972,4402,41032,1002,906,1321,3229,44261
15-06-2017,12,12757,14866,8899,4277,40799,1011,929,1341,3281,44080
15-06-2017,13,12874,14862,8908,4394,41038,993,917,1327,3237,44275
15-06-2017,14,12482,14812,8862,4315,40471,995,906,1313,3214,43685
15-06-2017,15,12299,14502,8677,4130,39608,968,886,1274,3128,42736
15-06-2017,16,12566,14674,8585,4036,39861,940,856,1237,3033,42894
15-06-2017,17,12487,14599,8511,4179,39776,924,842,1224,2990,42766
15-06-2017,18,12406,13993,8536,4089,39024,909,820,1212,2941,41965
15-06-2017,19,12385,13711,8519,3855,38470,888,803,1202,2893,41363
15-06-2017,20,12178,13340,8252,3666,37436,860,774,1164,2798,40234
15-06-2017,21,12166,13180,8266,3457,37069,819,738,1128,2685,39754
15-06-2017,22,11961,12680,8149,3276,36066,776,701,1048,2525,38591
15-06-2017,23,11621,11953,7727,3004,34305,723,626,949,2298,36603
16-06-2017,0,10957,11192,7459,2840,32448,685,575,890,2150,34598
16-06-2017,1,10478,10870,7265,2736,31349,667,550,863,2080,33429
16-06-2017,2,10237,10953,7054,2684,30928,639,532,856,2027,32955
16-06-2017,3,10192,10850,7037,2646,30725,625,518,831,1974,32699
16-06-2017,4,10100,10760,7271,2633,30764,655,543,862,2060,32824
16-06-2017,5,10213,11282,8004,2780,32279,768,642,1023,2433,34712
16-06-2017,6,11165,12386,8599,3314,35464,882,767,1185,2834,38298
16-06-2017,7,12534,14147,8917,3872,39470,971,878,1301,3150,42620
16-06-2017,8,12884,14535,9097,4118,40634,1013,930,1345,3288,43922
16-06-2017,9,12898,14611,9076,4139,40724,1021,939,1339,3299,44023
16-06-2017,10,12887,14854,9058,4294,41093,1000,935,1340,3275,44368
16-06-2017,11,12799,14725,9169,4286,40979,976,912,1331,3219,44198
16-06-2017,12,12906,14368,9101,4181,40556,993,934,1356,3283,43839
16-06-2017,13,12862,14363,9033,4120,40378,997,924,1335,3256,43634
16-06-2017,14,12846,14079,8896,3993,39814,989,906,1306,3201,43015
16-06-2017,15,12659,13740,8802,3837,39038,955,889,1284,3128,42166
16-06-2017,16,12464,13800,8697,3874,38835,934,865,1268,3067,41902
16-06-2017,17,12368,13825,8514,3976,38683,916,852,1237,3005,41688
16-06-2017,18,12255,13460,8530,3860,38105,889,823,1215,2927,41032
16-06-2017,19,12177,13081,8397,3544,37199,865,800,1191,2856,40055
16-06-2017,20,12046,12567,8094,3330,36037,834,764,1158,2756,38793
16-06-2017,21,11655,12116,8052,3206,35029,790,730,1112,2632,37661
16-06-2017,22,11409,11855,7972,3060,34296,748,700,1022,2470,36766
16-06-2017,23,11281,11323,7639,2865,33108,705,639,938,2282,35390
17-06-2017,0,10857,10844,7258,2660,31619,673,589,892,2154,33773
17-06-2017,1,10570,10553,7049,2531,30703,647,560,863,2070,32773
17-06-2017,2,10315,10403,6865,2489,30072,614,537,843,1994,32066
17-06-2017,3,10214,10163,6782,2443,29602,592,514,817,1923,31525
17-06-2017,4,10100,9922,6807,2385,29214,600,516,813,1929,31143
17-06-2017,5,10120,9907,7059,2392,29478,631,559,872,2062,31540
17-06-2017,6,10366,10471,7303,2554,30694,686,626,959,2271,32965
17-06-2017,7,10758,11176,7602,2828,32364,764,714,1056,2534,34898
17-06-2017,8,11253,11815,7825,3142,34035,826,773,1131,2730,36765
17-06-2017,9,11867,12503,7965,3342,35677,850,797,1167,2814,38491
17-06-2017,10,12207,13121,8068,3425,36821,847,793,1161,2801,39622
17-06-2017,11,12218,13219,7989,3426,36852,831,778,1149,2758,39610
17-06-2017,12,12090,13103,8004,3357,36554,825,784,1134,2743,39297
17-06-2017,13,11864,12767,7924,3268,35823,815,776,1108,2699,38522
17-06-2017,14,11867,12348,7896,3197,35308,800,764,1084,2648,37956
17-06-2017,15,11765,12139,7938,3126,34968,792,752,1074,2618,37586
17-06-2017,16,11840,12232,7989,3145,35206,787,744,1071,2602,37808
17-06-2017,17,12039,12362,8069,3355,35825,782,742,1069,2593,38418
17-06-2017,18,12078,12134,8095,3381,35688,777,731,1066,2574,38262
17-06-2017,19,11869,11895,7937,3272,34973,765,726,1057,2548,37521
17-06-2017,20,11562,11620,7675,3101,33958,749,706,989,2444,36402
17-06-2017,21,11325,11455,7867,2999,33646,716,680,1010,2406,36052
17-06-2017,22,11137,11122,7826,2945,33030,702,671,971,2344,35374
17-06-2017,23,11075,10815,7421,2841,32152,671,619,890,2180,34332
18-06-2017,0,10842,10288,7121,2645,30896,627,571,837,2035,32931
18-06-2017,1,10453,9954,6959,2508,29874,605,544,805,1954,31828
18-06-2017,2,10217,9738,6760,2444,29159,575,525,790,1890,31049
18-06-2017,3,10148,9347,6650,2384,28529,553,503,758,1814,30343
18-06-2017,4,10027,9162,6618,2303,28110,560,502,755,1817,29927
18-06-2017,5,9982,9370,6762,2301,28415,589,539,801,1929,30344
18-06-2017,6,10121,9994,6899,2441,29455,639,587,877,2103,31558
18-06-2017,7,10302,10665,7147,2671,30785,703,663,970,2336,33121
18-06-2017,8,10631,11328,7400,2969,32328,765,730,1053,2548,34876
18-06-2017,9,11110,11957,7586,3193,33846,802,756,1088,2646,36492
18-06-2017,10,11456,12087,7765,3329,34637,808,753,1090,2651,37288
18-06-2017,11,11633,12303,7729,3346,35011,805,748,1080,2633,37644
18-06-2017,12,11711,12383,7682,3324,35100,806,744,1074,2624,37724
18-06-2017,13,11618,12488,7707,3250,35063,805,741,1062,2608,37671
18-06-2017,14,11494,12311,7726,3223,34754,798,739,1046,2583,37337
18-06-2017,15,11509,12168,7712,3208,34597,794,732,1040,2566,37163
18-06-2017,16,11553,12264,7756,3278,34851,801,736,1044,2581,37432
18-06-2017,17,11579,12542,7794,3517,35432,802,738,1061,2601,38033
18-06-2017,18,11682,12602,7976,3587,35847,802,740,1077,2619,38466
18-06-2017,19,11791,12512,7959,3496,35758,794,741,1083,2618,38376
18-06-2017,20,11880,12658,7720,3365,35623,783,708,1069,2560,38183
18-06-2017,21,11842,12534,7934,3261,35571,752,678,1043,2473,38044
18-06-2017,22,11644,12474,7836,3117,35071,719,654,978,2351,37422
18-06-2017,23,11325,11849,7486,2939,33599,668,593,874,2135,35734
19-06-2017,0,10933,11234,7178,2755,32100,632,553,831,2016,34116
19-06-2017,1,10593,10704,6865,2658,30820,614,535,809,1958,32778
19-06-2017,2,10316,10696,6704,2614,30330,591,516,799,1906,32236
19-06-2017,3,10288,10495,6701,2605,30089,575,503,784,1862,31951
19-06-2017,4,10287,10368,6969,2603,30227,601,526,820,1947,32174
19-06-2017,5,10471,11247,7778,2805,32301,714,623,993,2330,34631
19-06-2017,6,11453,12723,8349,3386,35911,840,739,1166,2745,38656
19-06-2017,7,12820,14323,8662,4025,39830,950,863,1301,3114,42944
19-06-2017,8,13167,14846,8801,4334,41148,1005,928,1356,3289,44437
19-06-2017,9,13130,14877,8823,4423,41253,1012,942,1366,3320,44573
19-06-2017,10,13028,15083,8755,4496,41362,1015,949,1367,3331,44693
19-06-2017,11,13061,15131,8848,4504,41544,993,922,1358,3273,44817
19-06-2017,12,13082,15296,8809,4448,41635,1027,956,1380,3363,44998
19-06-2017,13,13071,15377,8747,4474,41669,1022,950,1353,3325,44994
19-06-2017,14,13277,15120,8615,4376,41388,1005,923,1330,3258,44646
19-06-2017,15,13116,14773,8454,4213,40556,969,908,1296,3173,43729
19-06-2017,16,13191,14743,8418,4136,40488,937,864,1259,3060,43548
19-06-2017,17,13143,14735,8261,4261,40400,920,846,1244,3010,43410
19-06-2017,18,12995,14493,8278,4160,39926,893,815,1222,2930,42856
19-06-2017,19,12880,14141,8270,3992,39283,872,794,1210,2876,42159
19-06-2017,20,12900,14223,7993,3808,38924,849,767,1181,2797,41721
19-06-2017,21,12680,13704,7940,3606,37930,801,732,1141,2674,40604
19-06-2017,22,12438,12939,7794,3435,36606,754,695,1052,2501,39107
19-06-2017,23,11900,12295,7363,3151,34709,704,627,952,2283,36992
20-06-2017,0,11449,11500,6935,2939,32823,671,581,920,2172,34995
20-06-2017,1,11050,11331,6703,2823,31907,642,552,894,2088,33995
20-06-2017,2,10803,11029,6553,2747,31132,611,533,868,2012,33144
20-06-2017,3,10762,10895,6529,2728,30914,592,519,837,1948,32862
20-06-2017,4,10668,10668,6769,2703,30808,625,537,864,2026,32834
20-06-2017,5,10985,11142,7491,2857,32475,734,625,1020,2379,34854
20-06-2017,6,12013,12576,8092,3369,36050,857,746,1189,2792,38842
20-06-2017,7,13000,13923,8386,3935,39244,976,859,1305,3140,42384
20-06-2017,8,13284,14240,8550,4234,40308,1029,918,1360,3307,43615
20-06-2017,9,13197,14485,8685,4269,40636,1036,936,1370,3342,43978
20-06-2017,10,13182,14658,8655,4394,40889,1035,945,1365,3345,44234
20-06-2017,11,13305,14635,8637,4399,40976,1019,922,1358,3299,44275
20-06-2017,12,13314,14510,8582,4304,40710,1042,947,1373,3362,44072
20-06-2017,13,13352,14346,8455,4310,40463,1023,938,1350,3311,43774
20-06-2017,14,13228,14555,8393,4189,40365,1008,919,1330,3257,43622
20-06-2017,15,13008,14518,8272,4043,39841,967,895,1293,3155,42996
20-06-2017,16,13054,14287,8305,3991,39637,941,859,1250,3050,42687
20-06-2017,17,13013,14177,8170,4130,39490,911,837,1227,2975,42465
20-06-2017,18,12759,13908,8217,4037,38921,889,805,1207,2901,41822
20-06-2017,19,12692,13671,8170,3847,38380,873,780,1192,2845,41225
20-06-2017,20,12689,13471,7802,3681,37643,850,755,1160,2765,40408
20-06-2017,21,12640,13464,7807,3524,37435,806,727,1119,2652,40087
20-06-2017,22,12388,12729,7658,3381,36156,757,692,1035,2484,38640
20-06-2017,23,12043,12117,7098,3164,34422,705,622,945,2272,36694
21-06-2017,0,11475,11488,6782,2915,32660,669,572,883,2124,34784
21-06-2017,1,10925,11081,6584,2780,31370,650,549,850,2049,33419
21-06-2017,2,10832,10998,6392,2736,30958,619,529,841,1989,32947
21-06-2017,3,10775,10835,6395,2719,30724,601,516,818,1935,32659
21-06-2017,4,10664,10766,6632,2706,30768,627,535,847,2009,32777
21-06-2017,5,11074,11393,7346,2894,32707,727,638,1007,2372,35079
21-06-2017,6,11995,13042,7904,3419,36360,846,762,1165,2773,39133
21-06-2017,7,13186,14553,8160,3986,39885,954,874,1283,3111,42996
21-06-2017,8,13612,14939,8309,4318,41178,1001,923,1335,3259,44437
21-06-2017,9,13658,15303,8399,4349,41709,1005,927,1342,3274,44983
21-06-2017,10,13517,15473,8373,4412,41775,1004,919,1337,3260,45035
21-06-2017,11,13406,15039,8397,4380,41222,979,902,1341,3222,44444
21-06-2017,12,13438,14883,8332,4225,40878,1005,924,1352,3281,44159
21-06-2017,13,13381,14938,8204,4241,40764,991,914,1337,3242,44006
21-06-2017,14,13346,15113,8134,4134,40727,977,898,1311,3186,43913
21-06-2017,15,13144,14825,8067,4031,40067,933,870,1268,3071,43138
21-06-2017,16,13115,14773,7981,3970,39839,903,835,1217,2955,42794
21-06-2017,17,12971,14618,7961,4164,39714,892,826,1208,2926,42640
21-06-2017,18,12768,14354,8011,4069,39202,872,808,1196,2876,42078
21-06-2017,19,12918,14227,7981,3915,39041,852,792,1199,2843,41884
21-06-2017,20,12830,13904,7651,3750,38135,829,762,1173,2764,40899
21-06-2017,21,12681,13575,7658,3553,37467,787,717,1092,2596,40063
21-06-2017,22,12487,13260,7529,3404,36680,748,686,1011,2445,39125
21-06-2017,23,12164,12438,7138,3173,34913,701,619,920,2240,37153
22-06-2017,0,11587,11884,6759,2949,33179,659,575,878,2112,35291
22-06-2017,1,11213,11569,6557,2839,32178,637,552,862,2051,34229
22-06-2017,2,11094,11315,6420,2781,31610,610,532,856,1998,33608
22-06-2017,3,11039,11048,6390,2774,31251,604,519,829,1952,33203
22-06-2017,4,10886,11026,6603,2757,31272,611,540,858,2009,33281
22-06-2017,5,11047,11562,7353,2917,32879,698,627,998,2323,35202
22-06-2017,6,11912,13021,7825,3442,36200,824,740,1177,2741,38941
22-06-2017,7,13067,14564,8033,4045,39709,923,846,1290,3059,42768
22-06-2017,8,13503,14952,8178,4349,40982,975,903,1356,3234,44216
22-06-2017,9,13474,14966,8273,4427,41140,980,919,1366,3265,44405
22-06-2017,10,13684,15569,8318,4496,42067,969,918,1371,3258,45325
22-06-2017,11,13545,15407,8323,4500,41775,946,896,1365,3207,44982
22-06-2017,12,13519,15258,8162,4441,41380,918,905,1386,3209,44589
22-06-2017,13,13381,14880,7842,4497,40600,877,890,1367,3134,43734
22-06-2017,14,13221,14351,7754,4381,39707,848,855,1347,3050,42757
22-06-2017,15,13086,14104,7711,4230,39131,816,827,1313,2956,42087
22-06-2017,16,13016,14067,7667,4148,38898,804,807,1278,2889,41787
22-06-2017,17,13093,14207,7640,4307,39247,789,801,1258,2848,42095
22-06-2017,18,12971,13806,7671,4183,38631,775,775,1222,2772,41403
22-06-2017,19,12818,13181,7585,4020,37604,747,761,1210,2718,40322
22-06-2017,20,12788,12843,7340,3836,36807,722,744,1190,2656,39463
22-06-2017,21,12641,12385,7429,3639,36094,699,722,1142,2563,38657
22-06-2017,22,12369,11925,7323,3484,35101,682,690,1035,2407,37508
22-06-2017,23,11964,11389,6999,3201,33553,653,623,944,2220,35773
23-06-2017,0,11435,10826,6655,2966,31882,621,569,909,2099,33981
23-06-2017,1,11022,10329,6472,2800,30623,593,543,873,2009,32632
23-06-2017,2,10837,10096,6309,2728,29970,563,518,862,1943,31913
23-06-2017,3,10766,9827,6226,2699,29518,538,500,844,1882,31400
23-06-2017,4,10656,9652,6346,2726,29380,544,493,874,1911,31291
23-06-2017,5,10950,9825,6481,2919,30175,564,529,1026,2119,32294
23-06-2017,6,11733,10187,6685,3492,32097,619,582,1195,2396,34493
23-06-2017,7,12820,11027,6954,4071,34872,674,652,1324,2650,37522
23-06-2017,8,13290,11773,7079,4291,36433,725,704,1376,2805,39238
23-06-2017,9,13512,12437,7211,4365,37525,752,729,1374,2855,40380
23-06-2017,10,13603,12740,7278,4457,38078,755,734,1356,2845,40923
23-06-2017,11,13548,12677,7247,4432,37904,752,734,1356,2842,40746
23-06-2017,12,13403,12539,7157,4376,37475,743,723,1361,2827,40302
23-06-2017,13,13215,11961,7143,4265,36584,730,706,1338,2774,39358
23-06-2017,14,12990,11674,7158,4092,35914,720,686,1302,2708,38622
23-06-2017,15,12812,11627,7187,3953,35579,710,672,1271,2653,38232
23-06-2017,16,12627,11538,7212,3924,35301,700,660,1247,2607,37908
23-06-2017,17,12730,11681,7139,3987,35537,685,642,1218,2545,38082
23-06-2017,18,12748,11560,7066,3804,35178,661,617,1173,2451,37629
23-06-2017,19,12476,11191,6978,3535,34180,637,596,1126,2359,36539
23-06-2017,20,12178,10795,6747,3355,33075,620,572,1082,2274,35349
23-06-2017,21,11909,10743,7015,3235,32902,610,562,1053,2225,35127
23-06-2017,22,11763,10753,7078,3123,32717,622,573,1003,2198,34915
23-06-2017,23,11582,10537,6788,2949,31856,623,555,924,2102,33958
24-06-2017,0,11221,10376,6541,2730,30868,595,529,870,1994,32862
24-06-2017,1,10835,10163,6330,2590,29918,569,504,823,1896,31814
24-06-2017,2,10558,10007,6131,2504,29200,535,479,801,1815,31015
24-06-2017,3,10410,9857,6050,2472,28789,505,457,771,1733,30522
24-06-2017,4,10182,9659,6037,2418,28296,506,454,750,1710,30006
24-06-2017,5,10128,9570,6180,2421,28299,522,468,792,1782,30081
24-06-2017,6,10360,9595,6221,2563,28739,555,490,870,1915,30654
24-06-2017,7,10695,10093,6372,2807,29967,597,530,967,2094,32061
24-06-2017,8,11288,10544,6509,3105,31446,651,573,1050,2274,33720
24-06-2017,9,11832,11128,6640,3306,32906,677,601,1098,2376,35282
24-06-2017,10,12059,11330,6743,3426,33558,688,620,1106,2414,35972
24-06-2017,11,12091,11501,6734,3460,33786,692,623,1106,2421,36207
24-06-2017,12,11935,11466,6777,3421,33599,683,622,1095,2400,35999
24-06-2017,13,11715,11416,6791,3456,33378,680,613,1083,2376,35754
24-06-2017,14,11601,11257,6846,3417,33121,679,606,1066,2351,35472
24-06-2017,15,11430,11236,6910,3348,32924,676,603,1055,2334,35258
24-06-2017,16,11542,11358,6982,3364,33246,674,612,1046,2332,35578
24-06-2017,17,11680,11521,6993,3485,33679,680,622,1042,2344,36023
24-06-2017,18,11707,11528,7062,3385,33682,700,630,1033,2363,36045
24-06-2017,19,11658,11338,6966,3237,33199,686,628,1027,2341,35540
24-06-2017,20,11573,11404,6901,3097,32975,680,624,1017,2321,35296
24-06-2017,21,11438,11187,7116,2981,32722,665,605,988,2258,34980
24-06-2017,22,11412,11059,7098,2916,32485,645,582,933,2160,34645
24-06-2017,23,11288,10767,6717,2781,31553,616,531,857,2004,33557
25-06-2017,0,11175,10214,6350,2579,30318,573,488,810,1871,32189
25-06-2017,1,10753,10035,6158,2444,29390,544,471,779,1794,31184
25-06-2017,2,10330,9667,6010,2389,28396,517,454,759,1730,30126
25-06-2017,3,10297,9584,5854,2360,28095,492,436,730,1658,29753
25-06-2017,4,10237,9525,5869,2277,27908,494,437,711,1642,29550
25-06-2017,5,10232,9509,5960,2270,27971,522,473,761,1756,29727
25-06-2017,6,10307,9867,6073,2446,28693,575,518,831,1924,30617
25-06-2017,7,10487,10285,6249,2661,29682,632,587,918,2137,31819
25-06-2017,8,10884,10912,6412,2918,31126,696,652,1003,2351,33477
25-06-2017,9,11246,11481,6639,3162,32528,732,689,1052,2473,35001
25-06-2017,10,11615,11559,6763,3340,33277,741,698,1063,2502,35779
25-06-2017,11,11702,11907,6791,3415,33815,740,696,1064,2500,36315
25-06-2017,12,11654,12139,6753,3375,33921,736,695,1055,2486,36407
25-06-2017,13,11651,12055,6743,3372,33821,735,688,1041,2464,36285
25-06-2017,14,11498,12026,6713,3278,33515,727,685,1035,2447,35962
25-06-2017,15,11565,12172,6788,3217,33742,726,683,1049,2458,36200
25-06-2017,16,11635,11950,6922,3292,33799,734,690,1058,2482,36281
25-06-2017,17,11627,12139,7015,3491,34272,734,691,1075,2500,36772
25-06-2017,18,11736,12040,7131,3509,34416,742,693,1095,2530,36946
25-06-2017,19,11801,12088,7087,3342,34318,736,694,1097,2527,36845
25-06-2017,20,11869,11978,6916,3191,33954,721,672,1082,2475,36429
25-06-2017,21,11853,11765,7099,3017,33734,691,637,1031,2359,36093
25-06-2017,22,11732,11671,7223,2944,33570,663,597,948,2208,35778
25-06-2017,23,11304,11190,6873,2831,32198,620,537,860,2017,34215
26-06-2017,0,11032,10897,6515,2682,31126,579,493,785,1857,32983
26-06-2017,1,10696,10460,6267,2580,30003,563,479,757,1799,31802
26-06-2017,2,10507,10248,6168,2539,29462,542,462,749,1753,31215
26-06-2017,3,10412,10231,6166,2545,29354,523,455,745,1723,31077
26-06-2017,4,10379,10178,6449,2503,29509,553,469,771,1793,31302
26-06-2017,5,10697,10798,7155,2664,31314,652,566,947,2165,33479
26-06-2017,6,11635,12228,7685,3138,34686,773,686,1127,2586,37272
26-06-2017,7,12722,13824,8086,3718,38350,898,804,1265,2967,41317
26-06-2017,8,13234,14400,8302,4134,40070,959,868,1339,3166,43236
26-06-2017,9,13293,14663,8338,4046,40340,973,886,1354,3213,43553
26-06-2017,10,13391,14728,8386,4198,40703,977,889,1337,3203,43906
26-06-2017,11,13331,14737,8433,4234,40735,970,874,1323,3167,43902
26-06-2017,12,13227,14444,8382,4165,40218,984,897,1335,3216,43434
26-06-2017,13,13152,14639,8326,4186,40303,978,885,1318,3181,43484
26-06-2017,14,13052,14370,8253,4082,39757,967,862,1300,3129,42886
26-06-2017,15,12976,14149,8178,3912,39215,942,848,1260,3050,42265
26-06-2017,16,12871,14076,8136,3858,38941,933,816,1219,2968,41909
26-06-2017,17,12817,14057,8097,4036,39007,900,808,1208,2916,41923
26-06-2017,18,12606,13717,8192,3938,38453,876,784,1193,2853,41306
26-06-2017,19,12632,13501,8164,3710,38007,845,762,1180,2787,40794
26-06-2017,20,12600,13254,7889,3509,37252,812,725,1145,2682,39934
26-06-2017,21,12479,12991,7908,3328,36706,759,684,1096,2539,39245
26-06-2017,22,12234,12387,7915,3221,35757,717,657,1016,2390,38147
26-06-2017,23,11919,12123,7580,3019,34641,669,592,919,2180,36821
27-06-2017,0,11429,11576,7259,2806,33070,633,541,863,2037,35107
27-06-2017,1,11171,11162,7080,2700,32113,619,520,836,1975,34088
27-06-2017,2,10908,11080,6917,2641,31546,590,499,816,1905,33451
27-06-2017,3,10824,10923,6896,2631,31274,567,480,789,1836,33110
27-06-2017,4,10777,10730,7083,2623,31213,593,496,824,1913,33126
27-06-2017,5,11116,11514,7818,2790,33238,687,593,994,2274,35512
27-06-2017,6,11986,13220,8396,3269,36871,807,713,1137,2657,39528
27-06-2017,7,12938,14429,8647,3851,39865,916,832,1248,2996,42861
27-06-2017,8,13396,14725,8801,4088,41010,966,889,1302,3157,44167
27-06-2017,9,13421,15021,8822,4181,41445,968,905,1316,3189,44634
27-06-2017,10,13419,15144,8892,4312,41767,973,901,1311,3185,44952
27-06-2017,11,13375,15467,8940,4301,42083,956,885,1304,3145,45228
27-06-2017,12,13279,14806,8858,4244,41187,977,904,1321,3202,44389
27-06-2017,13,13150,14795,8665,4253,40863,964,897,1312,3173,44036
27-06-2017,14,13158,15068,8583,4161,40970,960,875,1300,3135,44105
27-06-2017,15,13112,14970,8578,4000,40660,928,854,1264,3046,43706
27-06-2017,16,12929,14592,8443,3903,39867,903,824,1221,2948,42815
27-06-2017,17,12815,14942,8358,4109,40224,890,812,1219,2921,43145
27-06-2017,18,12708,14671,8505,4044,39928,870,789,1205,2864,42792
27-06-2017,19,12614,14272,8450,3832,39168,846,770,1183,2799,41967
27-06-2017,20,12487,14002,8152,3619,38260,821,739,1159,2719,40979
27-06-2017,21,12352,13442,8161,3432,37387,775,702,1118,2595,39982
27-06-2017,22,12010,13037,8075,3309,36431,732,672,1036,2440,38871
27-06-2017,23,11855,12439,7754,3080,35128,693,607,940,2240,37368
28-06-2017,0,11399,11504,7428,2868,33199,654,559,874,2087,35286
28-06-2017,1,11103,11179,7182,2738,32202,627,537,839,2003,34205
28-06-2017,2,10952,11138,6979,2678,31747,604,524,834,1962,33709
28-06-2017,3,10931,11006,6911,2665,31513,587,505,814,1906,33419
28-06-2017,4,10816,10963,7181,2645,31605,608,521,838,1967,33572
28-06-2017,5,10960,11403,7897,2764,33024,702,618,984,2304,35328
28-06-2017,6,11754,12892,8447,3263,36356,822,737,1168,2727,39083
28-06-2017,7,12773,14177,8505,3847,39302,936,852,1288,3076,42378
28-06-2017,8,13046,14921,8754,4141,40862,979,899,1340,3218,44080
28-06-2017,9,13173,15183,8869,4232,41457,986,908,1331,3225,44682
28-06-2017,10,13160,15226,8890,4328,41604,979,902,1330,3211,44815
28-06-2017,11,13084,15225,8868,4324,41501,959,882,1330,3171,44672
28-06-2017,12,12977,14899,8800,4235,40911,982,909,1330,3221,44132
28-06-2017,13,12882,14852,8763,4312,40809,973,896,1330,3199,44008
28-06-2017,14,12945,14699,8660,4163,40467,962,877,1322,3161,43628
28-06-2017,15,12830,14370,8559,3964,39723,932,864,1293,3089,42812
28-06-2017,16,12751,14143,8526,3876,39296,913,837,1263,3013,42309
28-06-2017,17,12608,14304,8489,4056,39457,893,825,1241,2959,42416
28-06-2017,18,12571,13873,8542,3957,38943,864,799,1217,2880,41823
28-06-2017,19,12489,13569,8498,3735,38291,849,777,1195,2821,41112
28-06-2017,20,12488,13369,8187,3522,37566,826,760,1180,2766,40332
28-06-2017,21,12214,12945,8220,3334,36713,780,723,1138,2641,39354
28-06-2017,22,11966,12472,8110,3241,35789,736,683,1051,2470,38259
28-06-2017,23,11677,11796,7799,3029,34301,690,619,951,2260,36561
29-06-2017,0,11102,11451,7494,2786,32833,645,559,869,2073,34906
29-06-2017,1,10801,11261,7282,2641,31985,612,537,834,1983,33968
29-06-2017,2,10681,11108,7130,2594,31513,585,516,832,1933,33446
29-06-2017,3,10567,11010,7119,2554,31250,567,500,815,1882,33132
29-06-2017,4,10451,11142,7340,2609,31542,590,518,850,1958,33500
29-06-2017,5,10733,11555,7978,2802,33068,685,612,991,2288,35356
29-06-2017,6,11670,13122,8437,3299,36528,795,730,1130,2655,39183
29-06-2017,7,12638,14326,8659,3875,39498,903,844,1303,3050,42548
29-06-2017,8,12973,14849,8796,4199,40817,950,887,1367,3204,44021
29-06-2017,9,13125,15055,8858,4278,41316,960,909,1399,3268,44584
29-06-2017,10,13128,15244,8907,4428,41707,960,919,1416,3295,45002
29-06-2017,11,13125,15130,8907,4453,41615,950,892,1397,3239,44854
29-06-2017,12,13125,15243,8832,4413,41613,970,913,1425,3308,44921
29-06-2017,13,13026,15088,8813,4385,41312,977,915,1398,3290,44602
29-06-2017,14,12981,15030,8710,4285,41006,970,895,1373,3238,44244
29-06-2017,15,12867,14780,8612,4118,40377,956,877,1341,3174,43551
29-06-2017,16,12828,14727,8539,4075,40169,934,840,1306,3080,43249
29-06-2017,17,12741,14859,8454,4231,40285,908,836,1267,3011,43296
29-06-2017,18,12491,14200,8459,4095,39245,886,815,1260,2961,42206
29-06-2017,19,12448,14020,8402,3896,38766,864,796,1247,2907,41673
29-06-2017,20,12366,13978,8125,3696,38165,832,765,1207,2804,40969
29-06-2017,21,12197,13535,8269,3497,37498,785,728,1115,2628,40126
29-06-2017,22,12029,13155,7997,3284,36465,746,675,1021,2442,38907
29-06-2017,23,11679,12113,7726,2965,34483,695,607,937,2239,36722
30-06-2017,0,11216,11487,7397,2795,32895,662,563,891,2116,35011
30-06-2017,1,10814,11135,7164,2671,31784,641,542,856,2039,33823
30-06-2017,2,10574,11067,7041,2609,31291,626,526,844,1996,33287
30-06-2017,3,10421,10809,7002,2627,30859,604,516,836,1956,32815
30-06-2017,4,10270,10796,7249,2680,30995,623,522,860,2005,33000
30-06-2017,5,10516,11383,7854,2804,32557,709,619,1015,2343,34900
30-06-2017,6,11295,12870,8363,3286,35814,832,735,1176,2743,38557
30-06-2017,7,12257,14174,8653,3862,38946,941,856,1306,3103,42049
30-06-2017,8,12859,14733,8834,4148,40574,997,916,1369,3282,43856
30-06-2017,9,13015,14743,8855,4218,40831,1012,935,1381,3328,44159
30-06-2017,10,12975,14863,8959,4343,41140,1020,933,1374,3327,44467
30-06-2017,11,12952,14963,8962,4296,41173,1012,912,1364,3288,44461
30-06-2017,12,12852,14833,8908,4179,40772,1031,929,1369,3329,44101
30-06-2017,13,12683,14450,8772,4100,40005,1013,917,1352,3282,43287
30-06-2017,14,12491,14094,8734,4004,39323,996,895,1320,3211,42534
30-06-2017,15,12418,13892,8621,3908,38839,971,876,1291,3138,41977
30-06-2017,16,12278,14030,8477,3860,38645,951,843,1259,3053,41698
30-06-2017,17,12042,14196,8428,4024,38690,924,825,1229,2978,41668
30-06-2017,18,11966,14017,8425,3991,38399,902,802,1201,2905,41304
30-06-2017,19,11783,13484,8319,3735,37321,876,779,1180,2835,40156
30-06-2017,20,11546,13000,7951,3475,35972,850,753,1147,2750,38722
30-06-2017,21,11381,12626,7978,3269,35254,803,721,1099,2623,37877
30-06-2017,22,11153,12228,7776,3147,34304,749,684,1010,2443,36747
30-06-2017,23,11147,11605,7339,2947,33038,685,617,930,2232,35270
01-07-2017,0,10827,10982,6944,2732,31485,657,573,847,2077,33562
01-07-2017,1,10402,10498,6771,2590,30261,626,546,809,1981,32242
01-07-2017,2,10193,10391,6583,2519,29686,600,528,792,1920,31606
01-07-2017,3,10112,10197,6549,2509,29367,572,513,775,1860,31227
01-07-2017,4,9905,10025,6587,2459,28976,572,504,767,1843,30819
01-07-2017,5,9892,9987,6863,2449,29191,595,543,829,1967,31158
01-07-2017,6,10153,10589,7054,2538,30334,645,598,914,2157,32491
01-07-2017,7,10530,11305,7269,2786,31890,719,673,1027,2419,34309
01-07-2017,8,10927,11968,7566,3115,33576,792,742,1104,2638,36214
01-07-2017,9,11283,12449,7705,3325,34762,821,772,1142,2735,37497
01-07-2017,10,11621,12490,7773,3405,35289,826,779,1163,2768,38057
01-07-2017,11,11681,12758,7741,3368,35548,824,773,1165,2762,38310
01-07-2017,12,11647,12694,7687,3344,35372,827,774,1158,2759,38131
01-07-2017,13,11562,12644,7626,3291,35123,816,765,1120,2701,37824
01-07-2017,14,11452,12412,7709,3258,34831,801,756,1094,2651,37482
01-07-2017,15,11413,12272,7695,3199,34579,796,751,1077,2624,37203
01-07-2017,16,11388,12219,7725,3210,34542,786,749,1064,2599,37141
01-07-2017,17,11475,12536,7767,3413,35191,782,743,1057,2582,37773
01-07-2017,18,11435,12343,7949,3437,35164,771,736,1046,2553,37717
01-07-2017,19,11357,12119,7866,3270,34612,755,727,1040,2522,37134
01-07-2017,20,11284,12016,7604,3092,33996,738,706,1044,2488,36484
01-07-2017,21,11148,11471,7768,2946,33333,713,677,1026,2416,35749
01-07-2017,22,10951,11099,7680,2870,32600,687,651,965,2303,34903
01-07-2017,23,10846,10552,7323,2728,31449,635,591,882,2108,33557
02-07-2017,0,10570,10009,7024,2511,30114,593,541,835,1969,32083
02-07-2017,1,10129,9866,6777,2392,29164,575,515,785,1875,31039
02-07-2017,2,10085,9647,6625,2320,28677,563,500,765,1828,30505
02-07-2017,3,9988,9608,6481,2284,28361,540,481,746,1767,30128
02-07-2017,4,9655,9244,6494,2278,27671,544,476,739,1759,29430
02-07-2017,5,9542,9302,6718,2322,27884,569,505,785,1859,29743
02-07-2017,6,9682,9725,6818,2423,28648,621,551,843,2015,30663
02-07-2017,7,10241,10249,7049,2605,30144,683,621,932,2236,32380
02-07-2017,8,10428,10780,7293,2910,31411,747,684,1033,2464,33875
02-07-2017,9,11092,11594,7416,3086,33188,780,718,1095,2593,35781
02-07-2017,10,11234,12001,7549,3215,33999,798,733,1106,2637,36636
02-07-2017,11,11387,12280,7622,3318,34607,795,731,1110,2636,37243
02-07-2017,12,11476,12185,7577,3263,34501,795,726,1104,2625,37126
02-07-2017,13,11479,12161,7569,3265,34474,787,723,1094,2604,37078
02-07-2017,14,11379,12328,7535,3215,34457,774,716,1081,2571,37028
02-07-2017,15,11337,12372,7549,3206,34464,772,709,1064,2545,37009
02-07-2017,16,11179,12415,7655,3219,34468,770,715,1064,2549,37017
02-07-2017,17,11359,12598,7669,3432,35058,773,719,1067,2559,37617
02-07-2017,18,11593,12733,7768,3499,35593,779,721,1075,2575,38168
02-07-2017,19,11643,12740,7787,3355,35525,771,724,1079,2574,38099
02-07-2017,20,11512,12539,7605,3202,34858,766,712,1063,2541,37399
02-07-2017,21,11361,12092,7827,3060,34340,738,681,1018,2437,36777
02-07-2017,22,11226,11845,7766,2996,33833,709,642,936,2287,36120
02-07-2017,23,11076,11584,7433,2854,32947,659,577,846,2082,35029
03-07-2017,0,10429,11226,7133,2688,31476,609,537,785,1931,33407
03-07-2017,1,10276,10933,6909,2560,30678,586,516,764,1866,32544
03-07-2017,2,10198,10855,6806,2487,30346,568,505,758,1831,32177
03-07-2017,3,10190,10792,6815,2508,30305,546,492,751,1789,32094
03-07-2017,4,9926,10647,7014,2466,30053,561,502,777,1840,31893
03-07-2017,5,9995,11050,7705,2585,31335,647,594,937,2178,33513
03-07-2017,6,11051,12415,8247,3066,34779,767,708,1099,2574,37353
03-07-2017,7,12135,13861,8618,3619,38233,884,820,1226,2930,41163
03-07-2017,8,12504,14351,8803,3937,39595,942,882,1286,3110,42705
03-07-2017,9,12788,14587,8846,4109,40330,962,899,1301,3162,43492
03-07-2017,10,13014,14997,8828,4213,41052,965,905,1296,3166,44218
03-07-2017,11,12979,14928,8926,4249,41082,946,876,1288,3110,44192
03-07-2017,12,12896,14924,8885,4204,40909,964,904,1288,3156,44065
03-07-2017,13,12973,15021,8819,4217,41030,961,890,1289,3140,44170
03-07-2017,14,12867,14710,8720,4137,40434,954,873,1266,3093,43527
03-07-2017,15,12761,14701,8594,3987,40043,932,853,1226,3011,43054
03-07-2017,16,12635,14486,8604,4002,39727,910,818,1184,2912,42639
03-07-2017,17,12507,14669,8446,4128,39750,887,806,1166,2859,42609
03-07-2017,18,12458,14613,8482,4016,39569,860,781,1153,2794,42363
03-07-2017,19,12402,14126,8456,3764,38748,836,764,1161,2761,41509
03-07-2017,20,12294,13875,8175,3538,37882,817,732,1142,2691,40573
03-07-2017,21,12133,13349,8249,3357,37088,775,685,1103,2563,39651
03-07-2017,22,11917,12653,8105,3252,35927,739,647,1019,2405,38332
03-07-2017,23,11706,12129,7780,3061,34676,693,590,928,2211,36887
04-07-2017,0,11328,11290,7359,2856,32833,650,540,860,2050,34883
04-07-2017,1,10947,10910,7212,2732,31801,631,518,832,1981,33782
04-07-2017,2,10829,10619,7082,2648,31178,610,499,822,1931,33109
04-07-2017,3,10756,10403,6996,2622,30777,586,482,806,1874,32651
04-07-2017,4,10582,10247,7178,2653,30660,606,493,833,1932,32592
04-07-2017,5,10749,10704,7775,2772,32000,692,601,990,2283,34283
04-07-2017,6,11612,12071,8262,3259,35204,802,715,1150,2667,37871
04-07-2017,7,12535,13571,8619,3804,38529,909,836,1281,3026,41555
04-07-2017,8,13020,14278,8777,4129,40204,952,889,1346,3187,43391
04-07-2017,9,13227,14797,8783,4173,40980,966,902,1354,3222,44202
04-07-2017,10,13395,15041,8776,4375,41587,973,908,1360,3241,44828
04-07-2017,11,13248,14916,8845,4274,41283,964,891,1340,3195,44478
04-07-2017,12,13170,14783,8809,4269,41031,986,918,1349,3253,44284
04-07-2017,13,13167,14904,8781,4230,41082,974,903,1331,3208,44290
04-07-2017,14,13132,14793,8736,4131,40792,962,880,1312,3154,43946
04-07-2017,15,12963,14450,8689,3973,40075,932,869,1294,3095,43170
04-07-2017,16,12883,14152,8594,3912,39541,910,842,1270,3022,42563
04-07-2017,17,12703,14376,8519,4081,39679,884,828,1204,2916,42595
04-07-2017,18,12599,14089,8610,3994,39292,863,808,1192,2863,42155
04-07-2017,19,12567,13787,8593,3792,38739,847,795,1176,2818,41557
04-07-2017,20,12361,13728,8261,3589,37939,833,765,1155,2753,40692
04-07-2017,21,12289,13585,8282,3391,37547,787,715,1101,2603,40150
04-07-2017,22,12030,13104,8127,3285,36546,741,665,1006,2412,38958
04-07-2017,23,11779,12304,7762,3070,34915,682,590,915,2187,37102
05-07-2017,0,11311,11456,7457,2860,33084,651,546,856,2053,35137
05-07-2017,1,10900,11039,7196,2752,31887,633,533,832,1998,33885
05-07-2017,2,10753,10790,7088,2707,31338,620,522,826,1968,33306
05-07-2017,3,10823,10721,7022,2702,31268,595,518,817,1930,33198
05-07-2017,4,10701,10685,7240,2693,31319,612,523,841,1976,33295
05-07-2017,5,10745,11358,7774,2814,32691,693,605,990,2288,34979
05-07-2017,6,11456,12781,8247,3282,35766,806,729,1147,2682,38448
05-07-2017,7,12315,14080,8505,3820,38720,920,848,1279,3047,41767
05-07-2017,8,13042,14660,8691,4105,40498,970,906,1335,3211,43709
05-07-2017,9,13008,14962,8823,4201,40994,976,918,1334,3228,44222
05-07-2017,10,12990,15218,8913,4289,41410,973,912,1334,3219,44629
05-07-2017,11,13097,15275,8951,4279,41602,952,885,1317,3154,44756
05-07-2017,12,13048,15046,8885,4226,41205,975,909,1325,3209,44414
05-07-2017,13,12994,14811,8776,4216,40797,961,898,1296,3155,43952
05-07-2017,14,12843,14565,8709,4102,40219,952,886,1267,3105,43324
05-07-2017,15,12669,14590,8565,3966,39790,923,862,1230,3015,42805
05-07-2017,16,12602,14499,8510,3860,39471,903,833,1210,2946,42417
05-07-2017,17,12541,14578,8483,4019,39621,878,810,1185,2873,42494
05-07-2017,18,12435,14392,8663,3970,39460,853,787,1166,2806,42266
05-07-2017,19,12473,14381,8618,3814,39286,837,773,1134,2744,42030
05-07-2017,20,12236,13987,8283,3608,38114,826,757,1117,2700,40814
05-07-2017,21,12197,13721,8326,3394,37638,783,719,1074,2576,40214
05-07-2017,22,11944,13113,8323,3300,36680,744,677,1006,2427,39107
05-07-2017,23,11801,12584,7951,3090,35426,690,598,917,2205,37631
06-07-2017,0,11388,11617,7562,2863,33430,653,550,859,2062,35492
06-07-2017,1,10994,11163,7326,2756,32239,630,526,823,1979,34218
06-07-2017,2,10836,11111,7239,2684,31870,612,511,804,1927,33797
06-07-2017,3,10772,11085,7173,2664,31694,592,496,783,1871,33565
06-07-2017,4,10661,10936,7378,2682,31657,613,511,775,1899,33556
06-07-2017,5,10862,11488,7950,2826,33126,697,601,822,2120,35246
06-07-2017,6,11603,12838,8453,3279,36173,806,720,904,2430,38603
06-07-2017,7,12449,14298,8673,3819,39239,922,841,1002,2765,42004
06-07-2017,8,13024,14966,8886,4114,40990,977,893,1087,2957,43947
06-07-2017,9,13002,15134,8977,4204,41317,987,913,1126,3026,44343
06-07-2017,10,12919,15198,9058,4299,41474,976,905,1126,3007,44481
06-07-2017,11,13186,15245,9033,4290,41754,961,877,1121,2959,44713
06-07-2017,12,13113,14947,8997,4243,41300,975,907,1113,2995,44295
06-07-2017,13,12992,14808,8939,4253,40992,965,899,1099,2963,43955
06-07-2017,14,13035,14547,8871,4157,40610,952,871,1073,2896,43506
06-07-2017,15,12875,14570,8821,4006,40272,927,849,1050,2826,43098
06-07-2017,16,12845,14154,8789,3933,39721,897,816,1053,2766,42487
06-07-2017,17,12654,14445,8695,4056,39850,877,801,1042,2720,42570
06-07-2017,18,12666,14083,8791,3989,39529,855,780,1042,2677,42206
06-07-2017,19,12488,13817,8808,3795,38908,839,767,1039,2645,41553
06-07-2017,20,12252,13487,8544,3624,37907,825,745,1022,2592,40499
06-07-2017,21,12170,13051,8607,3449,37277,786,712,1011,2509,39786
06-07-2017,22,11995,12754,8451,3340,36540,753,676,958,2387,38927
06-07-2017,23,11682,11916,8138,3122,34858,691,592,867,2150,37008
07-07-2017,0,11306,11259,7797,2900,33262,655,546,808,2009,35271
07-07-2017,1,10917,10840,7604,2749,32110,638,523,782,1943,34053
07-07-2017,2,10701,10766,7441,2662,31570,616,512,773,1901,33471
07-07-2017,3,10616,10945,7412,2656,31629,593,484,756,1833,33462
07-07-2017,4,10566,10668,7586,2658,31478,614,501,776,1891,33369
07-07-2017,5,10682,11099,8162,2790,32733,701,588,901,2190,34923
07-07-2017,6,11327,12290,8486,3235,35338,820,709,1031,2560,37898
07-07-2017,7,12238,13694,8702,3754,38388,911,826,1135,2872,41260
07-07-2017,8,12745,14394,8833,4094,40066,952,876,1207,3035,43101
07-07-2017,9,12920,14667,8813,4197,40597,966,884,1217,3067,43664
07-07-2017,10,13002,14861,8847,4326,41036,956,884,1214,3054,44090
07-07-2017,11,12844,14677,8836,4323,40680,938,853,1197,2988,43668
07-07-2017,12,12864,14619,8754,4173,40410,948,873,1192,3013,43423
07-07-2017,13,12869,14290,8640,4072,39871,932,863,1195,2990,42861
07-07-2017,14,12740,13916,8535,3954,39145,916,855,1170,2941,42086
07-07-2017,15,12609,13619,8548,3849,38625,894,835,1163,2892,41517
07-07-2017,16,12440,13481,8518,3784,38223,874,809,1147,2830,41053
07-07-2017,17,12343,13625,8461,3892,38321,854,788,1134,2776,41097
07-07-2017,18,12257,13285,8440,3836,37818,823,759,1116,2698,40516
07-07-2017,19,12190,12900,8341,3606,37037,805,740,1101,2646,39683
07-07-2017,20,11923,12552,8036,3376,35887,784,719,1076,2579,38466
07-07-2017,21,11772,12190,8190,3200,35352,754,699,1055,2508,37860
07-07-2017,22,11584,12001,8152,3135,34872,725,670,987,2382,37254
07-07-2017,23,11283,11374,7848,2955,33460,680,603,897,2180,35640
08-07-2017,0,10920,10811,7438,2753,31922,643,551,846,2040,33962
08-07-2017,1,10576,10534,7227,2613,30950,615,521,814,1950,32900
08-07-2017,2,10346,10345,7108,2543,30342,595,504,800,1899,32241
08-07-2017,3,10270,10309,6984,2492,30055,559,483,775,1817,31872
08-07-2017,4,10156,10072,7034,2457,29719,570,476,765,1811,31530
08-07-2017,5,10077,9936,7221,2417,29651,589,518,819,1926,31577
08-07-2017,6,10152,10094,7321,2567,30134,634,585,899,2118,32252
08-07-2017,7,10474,10848,7620,2835,31777,707,666,993,2366,34143
08-07-2017,8,10916,11601,7851,3112,33480,776,730,1080,2586,36066
08-07-2017,9,11493,12204,7985,3315,34997,801,758,1115,2674,37671
08-07-2017,10,11717,12521,7995,3430,35663,799,759,1117,2675,38338
08-07-2017,11,11685,12679,7967,3393,35724,789,746,1107,2642,38366
08-07-2017,12,11734,12642,7918,3310,35604,780,743,1107,2630,38234
08-07-2017,13,11619,12493,7852,3229,35193,770,731,1093,2594,37787
08-07-2017,14,11469,12153,7926,3168,34716,754,718,1069,2541,37257
08-07-2017,15,11436,12019,7959,3075,34489,742,709,1058,2509,36998
08-07-2017,16,11524,12321,7997,3069,34911,737,704,1057,2498,37409
08-07-2017,17,11481,12543,7989,3264,35277,735,704,1058,2497,37774
08-07-2017,18,11417,12365,8084,3306,35172,730,699,1056,2485,37657
08-07-2017,19,11366,12022,7986,3187,34561,723,698,1051,2472,37033
08-07-2017,20,11175,11748,7790,3042,33755,710,682,1043,2435,36190
08-07-2017,21,10958,11327,7927,2931,33143,686,655,1028,2369,35512
08-07-2017,22,10913,11143,7881,2887,32824,677,621,963,2261,35085
08-07-2017,23,10891,10901,7543,2754,32089,638,571,881,2090,34179
09-07-2017,0,10689,10506,7248,2573,31016,604,533,830,1967,32983
09-07-2017,1,10438,10225,7072,2454,30189,585,518,800,1903,32092
09-07-2017,2,10288,10062,6898,2375,29623,565,502,793,1860,31483
09-07-2017,3,10238,9893,6760,2326,29217,537,483,774,1794,31011
09-07-2017,4,10017,9637,6819,2267,28740,540,470,757,1767,30507
09-07-2017,5,9931,9422,6936,2259,28548,560,499,797,1856,30404
09-07-2017,6,10025,9514,7053,2372,28964,600,538,858,1996,30960
09-07-2017,7,10256,10215,7203,2601,30275,680,615,943,2238,32513
09-07-2017,8,10669,10937,7375,2860,31841,750,677,1030,2457,34298
09-07-2017,9,11131,11525,7533,3059,33248,770,708,1079,2557,35805
09-07-2017,10,11434,11972,7661,3202,34269,769,714,1085,2568,36837
09-07-2017,11,11540,12224,7620,3243,34627,762,707,1077,2546,37173
09-07-2017,12,11496,12348,7565,3211,34620,760,709,1068,2537,37157
09-07-2017,13,11498,12363,7551,3192,34604,752,700,1059,2511,37115
09-07-2017,14,11291,12155,7556,3157,34159,745,691,1046,2482,36641
09-07-2017,15,11283,12217,7533,3128,34161,746,692,1040,2478,36639
09-07-2017,16,11584,12025,7612,3162,34383,750,694,1044,2488,36871
09-07-2017,17,11466,12269,7612,3386,34733,750,698,1053,2501,37234
09-07-2017,18,11317,12302,7744,3441,34804,752,701,1064,2517,37321
09-07-2017,19,11373,12208,7753,3320,34654,745,703,1070,2518,37172
09-07-2017,20,11324,12138,7611,3195,34268,740,689,1061,2490,36758
09-07-2017,21,11296,11982,7781,3069,34128,717,661,1037,2415,36543
09-07-2017,22,11158,11921,7862,3028,33969,694,618,966,2278,36247
09-07-2017,23,10878,11163,7520,2901,32462,646,552,867,2065,34527
10-07-2017,0,10560,10633,7210,2719,31122,605,513,808,1926,33048
10-07-2017,1,10192,10194,6984,2597,29967,591,501,785,1877,31844
10-07-2017,2,10020,10154,6875,2552,29601,575,490,782,1847,31448
10-07-2017,3,10022,10151,6817,2549,29539,538,472,766,1776,31315
10-07-2017,4,9970,9981,6975,2549,29475,563,488,793,1844,31319
10-07-2017,5,10082,10451,7639,2686,30858,660,584,955,2199,33057
10-07-2017,6,10760,11695,8207,3091,33753,771,692,1124,2587,36340
10-07-2017,7,11548,13101,8512,3627,36788,891,820,1245,2956,39744
10-07-2017,8,12119,13787,8712,3978,38596,949,874,1318,3141,41737
10-07-2017,9,12447,14055,8751,4111,39364,968,892,1331,3191,42555
10-07-2017,10,12622,14167,8712,4220,39721,962,892,1324,3178,42899
10-07-2017,11,12576,14481,8731,4264,40052,946,865,1314,3125,43177
10-07-2017,12,12503,14322,8680,4205,39710,947,892,1326,3165,42875
10-07-2017,13,12424,14384,8660,4266,39734,927,885,1329,3141,42875
10-07-2017,14,12496,13964,8604,4135,39199,917,872,1296,3085,42284
10-07-2017,15,12430,14034,8569,3974,39007,909,859,1261,3029,42036
10-07-2017,16,12337,13810,8497,3913,38557,894,837,1232,2963,41520
10-07-2017,17,12204,14021,8359,4110,38694,879,822,1214,2915,41609
10-07-2017,18,12221,13828,8366,4041,38456,856,797,1194,2847,41303
10-07-2017,19,12229,13479,8266,3833,37807,831,778,1177,2786,40593
10-07-2017,20,12038,13184,8045,3639,36906,816,757,1152,2725,39631
10-07-2017,21,11828,12818,8047,3454,36147,795,731,1112,2638,38785
10-07-2017,22,11477,12378,8004,3345,35204,741,677,1014,2432,37636
10-07-2017,23,11123,11806,7602,3118,33649,679,599,911,2189,35838
11-07-2017,0,10975,11200,7196,2889,32260,649,559,855,2063,34323
11-07-2017,1,10746,10784,6915,2755,31200,621,532,819,1972,33172
11-07-2017,2,10484,10721,6799,2673,30677,609,524,813,1946,32623
11-07-2017,3,10459,10596,6692,2655,30402,585,513,812,1910,32312
11-07-2017,4,10355,10327,6923,2677,30282,603,520,836,1959,32241
11-07-2017,5,10340,10436,7520,2788,31084,687,600,976,2263,33347
11-07-2017,6,10903,11496,8007,3226,33632,793,726,1144,2663,36295
11-07-2017,7,11721,12661,8301,3729,36412,896,858,1286,3040,39452
11-07-2017,8,12360,13502,8440,3696,37998,954,915,1344,3213,41211
11-07-2017,9,12636,14006,8543,4164,39349,974,929,1361,3264,42613
11-07-2017,10,12735,14161,8598,4285,39779,974,931,1377,3282,43061
11-07-2017,11,12807,14167,8629,4282,39885,969,899,1357,3225,43110
11-07-2017,12,12744,13958,8697,4239,39638,993,933,1411,3337,42975
11-07-2017,13,12476,13865,8688,4319,39348,987,934,1398,3319,42667
11-07-2017,14,12381,13762,8667,4237,39047,993,922,1381,3296,42343
11-07-2017,15,12330,13549,8641,4029,38549,970,902,1355,3227,41776
11-07-2017,16,12320,13308,8594,3885,38107,949,868,1328,3145,41252
11-07-2017,17,12309,13316,8578,4029,38232,918,849,1311,3078,41310
11-07-2017,18,11994,13063,8600,3985,37642,890,820,1290,3000,40642
11-07-2017,19,12031,13065,8417,3769,37282,861,796,1289,2946,40228
11-07-2017,20,11966,12826,8071,3540,36403,814,788,1253,2855,39258
11-07-2017,21,11753,12400,8206,3329,35688,792,742,1173,2707,38395
11-07-2017,22,11472,11981,8108,3255,34816,756,689,1033,2478,37294
11-07-2017,23,11251,11536,7597,3038,33422,692,638,948,2278,35700
12-07-2017,0,10884,10756,7269,2824,31733,657,567,895,2119,33852
12-07-2017,1,10534,10290,7055,2709,30588,632,547,870,2049,32637
12-07-2017,2,10387,10114,6945,2645,30091,626,535,862,2023,32114
12-07-2017,3,10255,9966,6899,2624,29744,604,525,865,1994,31738
12-07-2017,4,10187,9690,7027,2626,29530,616,527,871,2014,31544
12-07-2017,5,10259,10096,7577,2743,30675,692,606,1013,2311,32986
12-07-2017,6,10944,11430,8095,3176,33645,804,723,1171,2698,36343
12-07-2017,7,11772,12543,8401,3712,36428,913,840,1296,3049,39477
12-07-2017,8,12197,13246,8605,4010,38058,951,902,1360,3213,41271
12-07-2017,9,12520,13509,8648,4136,38813,966,927,1352,3245,42058
12-07-2017,10,12628,13774,8752,4292,39446,982,925,1344,3251,42697
12-07-2017,11,12650,13932,8809,4305,39696,979,899,1334,3212,42908
12-07-2017,12,12529,13961,8752,4224,39466,989,917,1359,3265,42731
12-07-2017,13,12517,13872,8657,4237,39283,983,911,1342,3236,42519
12-07-2017,14,12369,13531,8656,4183,38739,966,894,1323,3183,41922
12-07-2017,15,12230,13522,8610,4000,38362,948,877,1278,3103,41465
12-07-2017,16,12113,13448,8608,3931,38100,926,850,1242,3018,41118
12-07-2017,17,11869,13275,8558,4062,37764,895,832,1229,2956,40720
12-07-2017,18,11817,13192,8509,3998,37516,872,806,1206,2884,40400
12-07-2017,19,11906,13045,8396,3783,37130,853,784,1182,2819,39949
12-07-2017,20,11806,12605,8066,3554,36031,830,758,1158,2746,38777
12-07-2017,21,11663,12221,8084,3361,35329,796,729,1137,2662,37991
12-07-2017,22,11489,11936,8035,3262,34722,762,686,1031,2479,37201
12-07-2017,23,11313,11325,7598,3065,33301,702,615,941,2258,35559
13-07-2017,0,10913,10918,7211,2840,31882,660,556,863,2079,33961
13-07-2017,1,10647,10629,7062,2719,31057,640,528,833,2001,33058
13-07-2017,2,10471,10505,6942,2638,30556,621,521,826,1968,32524
13-07-2017,3,10368,10103,6831,2637,29939,595,505,810,1910,31849
13-07-2017,4,10363,10026,7037,2626,30052,609,509,822,1940,31992
13-07-2017,5,10493,10525,7588,2733,31339,683,594,967,2244,33583
13-07-2017,6,11039,11887,8028,3168,34122,787,708,1135,2630,36752
13-07-2017,7,11775,13334,8332,3648,37089,891,829,1265,2985,40074
13-07-2017,8,12285,13540,8557,3963,38345,941,894,1342,3177,41522
13-07-2017,9,12532,13968,8645,4088,39233,961,906,1363,3230,42463
13-07-2017,10,12802,14180,8698,4176,39856,964,905,1377,3246,43102
13-07-2017,11,12745,13985,8708,4161,39599,952,883,1362,3197,42796
13-07-2017,12,12509,13809,8675,4099,39092,977,910,1370,3257,42349
13-07-2017,13,12472,13836,8611,4072,38991,971,903,1339,3213,42204
13-07-2017,14,12432,13704,8551,3983,38670,971,887,1314,3172,41842
13-07-2017,15,12395,13676,8547,3833,38451,954,866,1272,3092,41543
13-07-2017,16,12281,13578,8540,3749,38148,935,837,1227,2999,41147
13-07-2017,17,12190,13624,8436,3885,38135,919,824,1193,2936,41071
13-07-2017,18,12095,13341,8503,3818,37757,891,796,1170,2857,40614
13-07-2017,19,11997,13046,8477,3630,37150,868,781,1144,2793,39943
13-07-2017,20,11901,12736,8165,3456,36258,840,771,1106,2717,38975
13-07-2017,21,11725,12418,8296,3277,35716,799,728,1064,2591,38307
13-07-2017,22,11634,12403,8217,3184,35438,749,666,972,2387,37825
13-07-2017,23,11425,11600,7755,3004,33784,690,597,885,2172,35956
14-07-2017,0,11068,10774,7390,2787,32019,649,546,828,2023,34042
14-07-2017,1,10747,10374,7207,2660,30988,628,518,796,1942,32930
14-07-2017,2,10660,10365,7071,2591,30687,615,503,788,1906,32593
14-07-2017,3,10613,10406,6931,2588,30538,593,490,781,1864,32402
14-07-2017,4,10461,10135,7101,2596,30293,595,497,798,1890,32183
14-07-2017,5,10530,10538,7689,2685,31442,676,593,945,2214,33656
14-07-2017,6,11086,11831,8170,3078,34165,775,707,1115,2597,36762
14-07-2017,7,11780,13030,8433,3586,36829,878,824,1234,2936,39765
14-07-2017,8,12322,13552,8565,3890,38329,927,890,1295,3112,41441
14-07-2017,9,12741,14037,8612,3998,39388,940,901,1328,3169,42557
14-07-2017,10,12803,14207,8657,4113,39780,942,906,1335,3183,42963
14-07-2017,11,12643,13826,8619,4080,39168,917,865,1323,3105,42273
14-07-2017,12,12684,13774,8622,3920,39000,923,884,1336,3143,42143
14-07-2017,13,12523,13564,8581,3824,38492,911,873,1310,3094,41586
14-07-2017,14,12349,13067,8565,3701,37682,896,867,1280,3043,40725
14-07-2017,15,12189,12644,8539,3585,36957,874,843,1239,2956,39913
14-07-2017,16,12114,12735,8479,3599,36927,858,812,1207,2877,39804
14-07-2017,17,11902,12939,8402,3761,37004,836,801,1182,2819,39823
14-07-2017,18,11787,12665,8356,3683,36491,814,769,1142,2725,39216
14-07-2017,19,11779,12377,8195,3451,35802,793,749,1114,2656,38458
14-07-2017,20,11643,11923,7918,3262,34746,765,717,1113,2595,37341
14-07-2017,21,11562,11631,8002,3111,34306,746,694,1094,2534,36840
14-07-2017,22,11463,11558,8006,3055,34082,713,665,990,2368,36450
14-07-2017,23,11334,11039,7551,2888,32812,664,598,909,2171,34983
15-07-2017,0,10906,10544,7208,2677,31335,628,551,841,2020,33355
15-07-2017,1,10662,10181,6984,2534,30361,607,525,812,1944,32305
15-07-2017,2,10479,9974,6930,2465,29848,594,512,794,1900,31748
15-07-2017,3,10418,9937,6867,2432,29654,558,495,777,1830,31484
15-07-2017,4,10274,9688,6900,2382,29244,559,484,755,1798,31042
15-07-2017,5,10166,9611,7118,2356,29251,581,529,809,1919,31170
15-07-2017,6,10330,10024,7312,2495,30161,631,586,919,2136,32297
15-07-2017,7,10484,10630,7504,2735,31353,701,665,1024,2390,33743
15-07-2017,8,10976,11418,7742,3019,33155,754,735,1107,2596,35751
15-07-2017,9,11407,12028,7900,3227,34562,782,764,1133,2679,37241
15-07-2017,10,11657,12206,7956,3316,35135,781,761,1135,2677,37812
15-07-2017,11,11641,12056,7908,3284,34889,774,750,1126,2650,37539
15-07-2017,12,11667,12077,7827,3220,34791,767,747,1112,2626,37417
15-07-2017,13,11464,11914,7833,3161,34372,758,737,1088,2583,36955
15-07-2017,14,11314,11684,7840,3101,33939,746,728,1066,2540,36479
15-07-2017,15,11325,11622,7884,3057,33888,741,717,1055,2513,36401
15-07-2017,16,11381,11776,7983,3121,34261,736,712,1048,2496,36757
15-07-2017,17,11421,12004,8018,3281,34724,728,704,1040,2472,37196
15-07-2017,18,11468,11891,8020,3327,34706,721,697,1046,2464,37170
15-07-2017,19,11324,11715,7914,3171,34124,713,688,1033,2434,36558
15-07-2017,20,11151,11463,7607,3012,33233,695,666,1009,2370,35603
15-07-2017,21,11091,11307,7805,2918,33121,679,650,1003,2332,35453
15-07-2017,22,10957,11063,7805,2873,32698,673,629,942,2244,34942
15-07-2017,23,10835,10375,7462,2700,31372,626,570,856,2052,33424
16-07-2017,0,10449,9757,7149,2533,29888,589,532,804,1925,31813
16-07-2017,1,10171,9363,6885,2411,28830,557,508,773,1838,30668
16-07-2017,2,10063,9219,6776,2345,28403,550,492,759,1801,30204
16-07-2017,3,9937,9283,6663,2312,28195,519,471,733,1723,29918
16-07-2017,4,9760,8894,6718,2316,27688,515,458,701,1674,29362
16-07-2017,5,9675,8641,6848,2313,27477,539,491,749,1779,29256
16-07-2017,6,9726,9220,6922,2425,28293,581,547,827,1955,30248
16-07-2017,7,9832,9990,7065,2609,29496,667,627,929,2223,31719
16-07-2017,8,10191,10385,7342,2824,30742,724,687,1020,2431,33173
16-07-2017,9,10525,10981,7510,3009,32025,758,719,1057,2534,34559
16-07-2017,10,10875,11369,7612,3154,33010,761,725,1063,2549,35559
16-07-2017,11,11033,11743,7642,3220,33638,750,719,1061,2530,36168
16-07-2017,12,11008,11772,7596,3195,33571,742,721,1054,2517,36088
16-07-2017,13,11021,11698,7651,3171,33541,738,720,1046,2504,36045
16-07-2017,14,10972,11798,7626,3120,33516,734,709,1038,2481,35997
16-07-2017,15,11066,11833,7609,3090,33598,732,696,1031,2459,36057
16-07-2017,16,11015,11983,7637,3112,33747,735,697,1035,2467,36214
16-07-2017,17,11066,12365,7687,3351,34469,735,704,1041,2480,36949
16-07-2017,18,11042,12294,7793,3390,34519,739,707,1049,2495,37014
16-07-2017,19,11001,11979,7769,3206,33955,736,711,1061,2508,36463
16-07-2017,20,10977,11633,7568,3040,33218,728,698,1067,2493,35711
16-07-2017,21,11067,11477,7790,2910,33244,709,685,1044,2438,35682
16-07-2017,22,11054,11207,7836,2857,32954,683,640,941,2264,35218
16-07-2017,23,10861,10877,7434,2702,31874,643,570,847,2060,33934
17-07-2017,0,10589,10184,7121,2505,30399,601,526,767,1894,32293
17-07-2017,1,10416,10098,6927,2372,29813,580,505,747,1832,31645
17-07-2017,2,10183,9985,6818,2329,29315,565,500,739,1804,31119
17-07-2017,3,10038,9846,6785,2328,28997,544,487,735,1766,30763
17-07-2017,4,10039,9570,6979,2327,28915,554,494,756,1804,30719
17-07-2017,5,10030,9919,7537,2436,29922,631,582,901,2114,32036
17-07-2017,6,10651,10891,7960,2809,32311,739,694,1079,2512,34823
17-07-2017,7,11550,11971,8416,3238,35175,851,816,1225,2892,38067
17-07-2017,8,12067,12688,8629,3574,36958,910,876,1290,3076,40034
17-07-2017,9,12285,12959,8679,3699,37622,930,904,1306,3140,40762
17-07-2017,10,12465,13054,8728,3813,38060,940,908,1305,3153,41213
17-07-2017,11,12467,13072,8741,3767,38047,934,877,1296,3107,41154
17-07-2017,12,12372,12970,8718,3725,37785,945,910,1318,3173,40958
17-07-2017,13,12308,13024,8666,3718,37716,933,905,1299,3137,40853
17-07-2017,14,12252,13061,8631,3681,37625,922,888,1269,3079,40704
17-07-2017,15,12067,12943,8492,3522,37024,892,870,1228,2990,40014
17-07-2017,16,11872,12967,8359,3480,36678,865,837,1176,2878,39556
17-07-2017,17,11965,13000,8264,3634,36863,843,822,1148,2813,39676
17-07-2017,18,11792,12897,8278,3622,36589,819,796,1143,2758,39347
17-07-2017,19,11801,12465,8308,3409,35983,804,777,1130,2711,38694
17-07-2017,20,11784,12154,8012,3211,35161,781,752,1099,2632,37793
17-07-2017,21,11666,11724,8050,3062,34502,747,726,1067,2540,37042
17-07-2017,22,11526,11317,8030,2969,33842,718,674,959,2351,36193
17-07-2017,23,11176,10673,7571,2771,32191,656,601,863,2120,34311
18-07-2017,0,10730,10269,7260,2582,30841,622,559,803,1984,32825
18-07-2017,1,10400,9864,7100,2449,29813,603,537,775,1915,31728
18-07-2017,2,10239,9731,7012,2405,29387,593,526,763,1882,31269
18-07-2017,3,10236,9569,6819,2394,29018,568,515,756,1839,30857
18-07-2017,4,10189,9387,7048,2406,29030,580,518,769,1867,30897
18-07-2017,5,10277,9626,7567,2510,29980,648,599,909,2156,32136
18-07-2017,6,10873,10787,7969,2842,32471,755,721,1091,2567,35038
18-07-2017,7,11493,11838,8186,3295,34812,858,845,1227,2930,37742
18-07-2017,8,11815,12671,8323,3253,36062,918,911,1285,3114,39176
18-07-2017,9,12087,12951,8375,3755,37168,934,930,1296,3160,40328
18-07-2017,10,12359,13125,8431,3864,37779,936,928,1287,3151,40930
18-07-2017,11,12332,13101,8437,3829,37699,922,903,1269,3094,40793
18-07-2017,12,12295,13109,8374,3775,37553,940,922,1294,3156,40709
18-07-2017,13,12174,12991,8296,3777,37238,935,921,1280,3136,40374
18-07-2017,14,12149,12947,8322,3738,37156,924,908,1259,3091,40247
18-07-2017,15,12118,12784,8305,3609,36816,904,886,1227,3017,39833
18-07-2017,16,11998,12753,8269,3564,36584,881,860,1191,2932,39516
18-07-2017,17,11964,12831,8205,3712,36712,859,844,1175,2878,39590
18-07-2017,18,11846,12751,8244,3695,36536,838,819,1167,2824,39360
18-07-2017,19,11811,12435,8166,3520,35932,822,800,1155,2777,38709
18-07-2017,20,11668,12039,7988,3339,35034,799,767,1128,2694,37728
18-07-2017,21,11637,11741,8078,3191,34647,769,737,1100,2606,37253
18-07-2017,22,11541,11422,8031,3078,34072,731,689,989,2409,36481
18-07-2017,23,11263,10927,7596,2850,32636,672,611,886,2169,34805
19-07-2017,0,10776,10382,7311,2654,31123,631,569,821,2021,33144
19-07-2017,1,10451,10150,7117,2531,30249,610,545,792,1947,32196
19-07-2017,2,10333,10020,7041,2465,29859,600,534,784,1918,31777
19-07-2017,3,10330,9965,6911,2461,29667,572,513,780,1865,31532
19-07-2017,4,10197,9867,7014,2485,29563,587,515,791,1893,31456
19-07-2017,5,10275,10131,7499,2551,30456,662,602,936,2200,32656
19-07-2017,6,10714,11049,7915,2876,32554,755,715,1104,2574,35128
19-07-2017,7,11292,12016,8252,3327,34887,871,841,1230,2942,37829
19-07-2017,8,11713,12807,8421,3647,36588,930,905,1292,3127,39715
19-07-2017,9,12085,13124,8480,3797,37486,932,916,1311,3159,40645
19-07-2017,10,12335,13429,8497,3852,38113,933,916,1295,3144,41257
19-07-2017,11,12361,13501,8526,3848,38236,926,896,1290,3112,41348
19-07-2017,12,12221,13380,8503,3781,37885,935,928,1314,3177,41062
19-07-2017,13,12058,13255,8452,3748,37513,927,917,1298,3142,40655
19-07-2017,14,11916,13180,8408,3679,37183,913,910,1282,3105,40288
19-07-2017,15,11787,13223,8283,3574,36867,890,889,1247,3026,39893
19-07-2017,16,11842,13230,8307,3513,36892,873,864,1205,2942,39834
19-07-2017,17,11746,13333,8332,3621,37032,848,836,1189,2873,39905
19-07-2017,18,11598,12866,8374,3603,36441,839,804,1177,2820,39261
19-07-2017,19,11538,12602,8322,3449,35911,828,793,1161,2782,38693
19-07-2017,20,11407,12167,8046,3273,34893,800,767,1133,2700,37593
19-07-2017,21,11358,11885,8144,3152,34539,777,740,1107,2624,37163
19-07-2017,22,11298,11705,8063,3058,34124,721,681,998,2400,36524
19-07-2017,23,11094,11148,7615,2819,32676,660,609,890,2159,34835
20-07-2017,0,10641,10240,7294,2606,30781,625,564,827,2016,32797
20-07-2017,1,10335,10093,7095,2476,29999,611,538,797,1946,31945
20-07-2017,2,10249,9976,6913,2434,29572,605,523,787,1915,31487
20-07-2017,3,10129,10017,6814,2433,29393,590,511,780,1881,31274
20-07-2017,4,10053,9786,6925,2438,29202,594,515,793,1902,31104
20-07-2017,5,10089,9868,7463,2507,29927,667,609,923,2199,32126
20-07-2017,6,10626,10644,7858,2819,31947,760,727,1091,2578,34525
20-07-2017,7,11260,11741,8189,3258,34448,877,852,1225,2954,37402
20-07-2017,8,11827,12602,8271,3575,36275,924,913,1286,3123,39398
20-07-2017,9,12101,12969,8278,3730,37078,930,929,1284,3143,40221
20-07-2017,10,12217,13211,8268,3850,37546,936,920,1280,3136,40682
20-07-2017,11,12128,13314,8316,3851,37609,938,897,1265,3100,40709
20-07-2017,12,11974,13184,8255,3785,37198,947,919,1286,3152,40350
20-07-2017,13,11788,13053,8263,3786,36890,941,913,1266,3120,40010
20-07-2017,14,11797,13027,8260,3751,36835,912,897,1263,3072,39907
20-07-2017,15,11717,12934,8218,3651,36520,904,882,1233,3019,39539
20-07-2017,16,11567,12852,8198,3638,36255,873,847,1196,2916,39171
20-07-2017,17,11454,12877,8172,3771,36274,848,834,1183,2865,39139
20-07-2017,18,11329,12673,8200,3759,35961,829,810,1170,2809,38770
20-07-2017,19,11234,12342,8234,3556,35366,806,789,1154,2749,38115
20-07-2017,20,11172,12003,8022,3377,34574,791,766,1123,2680,37254
20-07-2017,21,11021,11723,8127,3258,34129,774,747,1097,2618,36747
20-07-2017,22,10892,11447,8094,3109,33542,726,691,988,2405,35947
20-07-2017,23,10751,10721,7614,2860,31946,671,620,878,2169,34115
21-07-2017,0,10447,10252,7201,2641,30541,627,569,821,2017,32558
21-07-2017,1,10156,9902,7036,2533,29627,614,541,785,1940,31567
21-07-2017,2,9966,9937,6932,2481,29316,607,535,777,1919,31235
21-07-2017,3,9806,9849,6855,2461,28971,581,525,766,1872,30843
21-07-2017,4,9585,9667,7023,2510,28785,589,529,777,1895,30680
21-07-2017,5,9783,9713,7597,2585,29678,655,611,921,2187,31865
21-07-2017,6,10321,10633,8038,2886,31878,756,728,1081,2565,34443
21-07-2017,7,11150,11999,8249,3308,34706,854,849,1217,2920,37626
21-07-2017,8,11685,12746,8437,3622,36490,905,906,1276,3087,39577
21-07-2017,9,12068,13359,8512,3783,37722,916,920,1301,3137,40859
21-07-2017,10,12339,13609,8519,3917,38384,916,918,1309,3143,41527
21-07-2017,11,12335,13568,8478,3919,38300,904,892,1326,3122,41422
21-07-2017,12,12101,13375,8375,3847,37698,914,906,1368,3188,40886
21-07-2017,13,12095,13084,8373,3789,37341,893,897,1346,3136,40477
21-07-2017,14,11968,12973,8375,3673,36989,892,887,1319,3098,40087
21-07-2017,15,11910,12775,8331,3545,36561,872,868,1278,3018,39579
21-07-2017,16,11817,12908,8288,3515,36528,846,838,1243,2927,39455
21-07-2017,17,11643,12840,8248,3683,36414,821,825,1222,2868,39282
21-07-2017,18,11686,12689,8270,3657,36302,807,795,1208,2810,39112
21-07-2017,19,11525,12422,8239,3431,35617,780,777,1190,2747,38364
21-07-2017,20,11279,11792,7932,3220,34223,757,749,1163,2669,36892
21-07-2017,21,11089,11360,8093,3077,33619,743,728,1120,2591,36210
21-07-2017,22,11049,11157,8105,2998,33309,711,689,1018,2418,35727
21-07-2017,23,10746,10659,7589,2787,31781,660,606,920,2186,33967
22-07-2017,0,10466,10027,7243,2568,30304,628,564,867,2059,32363
22-07-2017,1,10160,9860,7049,2422,29491,608,532,834,1974,31465
22-07-2017,2,10027,9778,6934,2330,29069,592,523,817,1932,31001
22-07-2017,3,9928,9690,6772,2300,28690,566,503,805,1874,30564
22-07-2017,4,9867,9561,6814,2294,28536,564,492,786,1842,30378
22-07-2017,5,9719,9454,6995,2259,28427,593,529,837,1959,30386
22-07-2017,6,9824,9600,7104,2385,28913,639,596,943,2178,31091
22-07-2017,7,10114,10043,7380,2603,30140,703,676,1051,2430,32570
22-07-2017,8,10622,10843,7586,2884,31935,759,733,1133,2625,34560
22-07-2017,9,11073,11335,7705,3082,33195,782,759,1150,2691,35886
22-07-2017,10,11471,11695,7807,3193,34166,781,756,1141,2678,36844
22-07-2017,11,11462,11738,7784,3192,34176,771,737,1132,2640,36816
22-07-2017,12,11314,11486,7827,3148,33775,764,733,1119,2616,36391
22-07-2017,13,11223,11322,7854,3061,33460,758,725,1094,2577,36037
22-07-2017,14,11137,11255,7897,3007,33296,746,719,1075,2540,35836
22-07-2017,15,11080,11288,7922,2967,33257,738,709,1069,2516,35773
22-07-2017,16,11068,11374,7954,3027,33423,736,707,1068,2511,35934
22-07-2017,17,11130,11780,7966,3252,34128,734,704,1070,2508,36636
22-07-2017,18,11117,11910,8001,3290,34318,729,693,1070,2492,36810
22-07-2017,19,11024,11501,7924,3132,33581,717,686,1061,2464,36045
22-07-2017,20,10936,11268,7590,2979,32773,706,666,1045,2417,35190
22-07-2017,21,10786,11142,7816,2889,32633,692,660,1046,2398,35031
22-07-2017,22,10766,11045,7879,2824,32514,672,629,969,2270,34784
22-07-2017,23,10593,10551,7515,2637,31296,621,572,886,2079,33375
23-07-2017,0,10237,10078,7204,2458,29977,583,537,831,1951,31928
23-07-2017,1,9924,9760,7017,2309,29010,563,509,796,1868,30878
23-07-2017,2,9733,9484,6866,2228,28311,554,500,780,1834,30145
23-07-2017,3,9639,9437,6724,2223,28023,529,483,773,1785,29808
23-07-2017,4,9580,9110,6612,2203,27505,518,471,758,1747,29252
23-07-2017,5,9457,8875,6729,2174,27235,543,497,800,1840,29075
23-07-2017,6,9506,8948,6888,2262,27604,587,551,869,2007,29611
23-07-2017,7,9658,9534,7003,2456,28651,651,626,953,2230,30881
23-07-2017,8,10090,10012,7221,2722,30045,717,696,1042,2455,32500
23-07-2017,9,10335,10551,7352,2956,31194,747,732,1092,2571,33765
23-07-2017,10,10622,10936,7459,3078,32095,752,737,1099,2588,34683
23-07-2017,11,10663,10989,7515,3146,32313,740,727,1099,2566,34879
23-07-2017,12,10608,11077,7479,3160,32324,738,725,1090,2553,34877
23-07-2017,13,10664,11164,7484,3164,32476,731,716,1077,2524,35000
23-07-2017,14,10569,10991,7392,3200,32152,720,709,1067,2496,34648
23-07-2017,15,10633,11226,7500,3189,32548,725,707,1067,2499,35047
23-07-2017,16,10706,11387,7613,3201,32907,726,705,1071,2502,35409
23-07-2017,17,10814,11693,7693,3464,33664,734,709,1082,2525,36189
23-07-2017,18,10935,11843,7730,3488,33996,732,701,1094,2527,36523
23-07-2017,19,10905,11869,7709,3324,33807,732,702,1098,2532,36339
23-07-2017,20,10915,11652,7580,3162,33309,730,697,1096,2523,35832
23-07-2017,21,10671,11309,7871,3071,32922,716,697,1069,2482,35404
23-07-2017,22,10742,11277,7870,2974,32863,677,638,959,2274,35137
23-07-2017,23,10542,10882,7458,2766,31648,638,566,865,2069,33717
24-07-2017,0,10178,10392,7140,2559,30269,594,523,810,1927,32196
24-07-2017,1,9962,10085,6942,2429,29418,578,504,790,1872,31290
24-07-2017,2,9861,9805,6826,2374,28866,572,495,790,1857,30723
24-07-2017,3,9688,9839,6708,2370,28605,549,490,791,1830,30435
24-07-2017,4,9698,9524,6803,2404,28429,547,491,817,1855,30284
24-07-2017,5,9805,9671,7397,2480,29353,640,582,953,2175,31528
24-07-2017,6,10269,10660,7935,2821,31685,759,712,1117,2588,34273
24-07-2017,7,10929,11737,8327,3211,34204,864,820,1246,2930,37134
24-07-2017,8,11617,12698,8505,3590,36410,921,898,1320,3139,39549
24-07-2017,9,11944,13017,8530,3772,37263,948,925,1343,3216,40479
24-07-2017,10,12204,13409,8620,3864,38097,949,919,1351,3219,41316
24-07-2017,11,12293,13500,8592,3855,38240,929,894,1346,3169,41409
24-07-2017,12,12097,13488,8502,3789,37876,936,913,1364,3213,41089
24-07-2017,13,12107,13322,8460,3761,37650,930,911,1342,3183,40833
24-07-2017,14,11989,13089,8484,3701,37263,917,906,1319,3142,40405
24-07-2017,15,11880,12999,8495,3586,36960,890,893,1282,3065,40025
24-07-2017,16,11750,12863,8465,3550,36628,873,861,1238,2972,39600
24-07-2017,17,11571,12849,8364,3728,36512,858,836,1222,2916,39428
24-07-2017,18,11614,12598,8396,3706,36314,814,809,1201,2824,39138
24-07-2017,19,11610,12320,8399,3493,35822,789,792,1176,2757,38579
24-07-2017,20,11468,11956,8113,3278,34815,779,772,1160,2711,37526
24-07-2017,21,11261,11622,8190,3149,34222,761,755,1134,2650,36872
24-07-2017,22,11109,11345,8009,3018,33481,700,690,1021,2411,35892
24-07-2017,23,10772,10529,7622,2758,31681,649,626,925,2200,33881
25-07-2017,0,10449,9822,7300,2548,30119,620,585,871,2076,32195
25-07-2017,1,10167,9656,7131,2423,29377,606,568,844,2018,31395
25-07-2017,2,9971,9296,7045,2355,28667,605,560,855,2020,30687
25-07-2017,3,9938,9369,7001,2357,28665,581,541,841,1963,30628
25-07-2017,4,9732,9317,7044,2402,28495,580,532,848,1960,30455
25-07-2017,5,9766,9395,7599,2486,29246,653,614,982,2249,31495
25-07-2017,6,10408,10227,7939,2776,31350,764,730,1132,2626,33976
25-07-2017,7,10962,11282,8216,3208,33668,871,864,1268,3003,36671
25-07-2017,8,11450,12247,8340,3542,35579,928,928,1337,3193,38772
25-07-2017,9,11795,12752,8523,3682,36752,946,940,1352,3238,39990
25-07-2017,10,12043,13022,8623,3807,37495,948,932,1346,3226,40721
25-07-2017,11,11943,13095,8613,3819,37470,935,909,1328,3172,40642
25-07-2017,12,12064,13132,8554,3793,37543,949,938,1343,3230,40773
25-07-2017,13,11997,13143,8533,3731,37404,944,936,1323,3203,40607
25-07-2017,14,12046,13068,8613,3675,37402,922,918,1310,3150,40552
25-07-2017,15,11919,12963,8501,3573,36956,898,895,1274,3067,40023
25-07-2017,16,11867,12876,8502,3554,36799,887,851,1240,2978,39777
25-07-2017,17,11753,12974,8413,3719,36859,863,835,1226,2924,39783
25-07-2017,18,11647,12788,8455,3685,36575,836,814,1216,2866,39441
25-07-2017,19,11527,12499,8404,3474,35904,821,794,1195,2810,38714
25-07-2017,20,11515,12092,8082,3250,34939,802,779,1184,2765,37704
25-07-2017,21,11327,11727,8154,3123,34331,787,766,1152,2705,37036
25-07-2017,22,11311,11466,8092,3006,33875,741,688,1023,2452,36327
25-07-2017,23,10976,10737,7525,2753,31991,690,619,930,2239,34230
26-07-2017,0,10546,10224,7236,2538,30544,653,577,887,2117,32661
26-07-2017,1,10173,9903,7038,2405,29519,635,561,855,2051,31570
26-07-2017,2,10010,9686,6935,2356,28987,627,551,841,2019,31006
26-07-2017,3,9866,9724,6887,2338,28815,607,541,847,1995,30810
26-07-2017,4,9800,9695,6955,2371,28821,603,533,858,1994,30815
26-07-2017,5,9844,9720,7458,2469,29491,681,618,990,2289,31780
26-07-2017,6,10466,10498,7872,2799,31635,792,717,1140,2649,34284
26-07-2017,7,11140,11693,8174,3245,34252,893,844,1279,3016,37268
26-07-2017,8,11601,12540,8362,3568,36071,944,920,1347,3211,39282
26-07-2017,9,11845,13055,8409,3746,37055,952,934,1367,3253,40308
26-07-2017,10,12079,13289,8431,3840,37639,947,932,1368,3247,40886
26-07-2017,11,12081,13432,8476,3843,37832,936,898,1364,3198,41030
26-07-2017,12,12087,13507,8480,3791,37865,950,930,1386,3266,41131
26-07-2017,13,11994,13504,8434,3758,37690,935,924,1380,3239,40929
26-07-2017,14,11973,13367,8352,3676,37368,923,919,1363,3205,40573
26-07-2017,15,11972,13092,8316,3587,36967,910,902,1331,3143,40110
26-07-2017,16,11830,13074,8279,3553,36736,891,867,1300,3058,39794
26-07-2017,17,11743,13095,8212,3690,36740,869,851,1280,3000,39740
26-07-2017,18,11644,12735,8284,3650,36313,842,831,1250,2923,39236
26-07-2017,19,11556,12589,8231,3467,35843,825,815,1228,2868,38711
26-07-2017,20,11423,12339,7958,3259,34979,807,795,1198,2800,37779
26-07-2017,21,11375,11987,8162,3158,34682,793,775,1133,2701,37383
26-07-2017,22,11305,11758,8090,3087,34240,748,704,1005,2457,36697
26-07-2017,23,10960,11028,7569,2818,32375,689,633,920,2242,34617
27-07-2017,0,10446,10270,7282,2596,30594,646,582,870,2098,32692
27-07-2017,1,10107,9705,7083,2454,29349,629,565,843,2037,31386
27-07-2017,2,9956,9524,6985,2416,28881,623,553,832,2008,30889
27-07-2017,3,9888,9600,6920,2406,28814,600,548,832,1980,30794
27-07-2017,4,9847,9577,7036,2438,28898,596,556,843,1995,30893
27-07-2017,5,9818,9556,7481,2506,29361,656,628,973,2257,31618
27-07-2017,6,10248,10200,7876,2826,31150,768,743,1131,2642,33792
27-07-2017,7,10899,11395,8295,3249,33838,884,868,1259,3011,36849
27-07-2017,8,11503,12357,8480,3571,35911,941,941,1332,3214,39125
27-07-2017,9,12149,12897,8516,3776,37338,959,963,1341,3263,40601
27-07-2017,10,12354,13196,8613,3881,38044,958,959,1337,3254,41298
27-07-2017,11,12401,13239,8647,3883,38170,953,926,1325,3204,41374
27-07-2017,12,12292,13230,8641,3862,38025,973,962,1342,3277,41302
27-07-2017,13,12166,13045,8610,3808,37629,954,954,1323,3231,40860
27-07-2017,14,12098,12873,8567,3763,37301,951,938,1311,3200,40501
27-07-2017,15,11991,12652,8406,3677,36726,927,921,1284,3132,39858
27-07-2017,16,11848,12592,8376,3622,36438,908,887,1246,3041,39479
27-07-2017,17,11787,12640,8305,3716,36448,885,869,1219,2973,39421
27-07-2017,18,11659,12532,8334,3652,36177,866,834,1212,2912,39089
27-07-2017,19,11642,12325,8209,3471,35647,849,813,1196,2858,38505
27-07-2017,20,11513,11856,8003,3251,34623,837,786,1181,2804,37427
27-07-2017,21,11402,11765,8131,3129,34427,816,779,1153,2748,37175
27-07-2017,22,11292,11361,8098,3023,33774,745,714,1031,2490,36264
27-07-2017,23,10911,10545,7595,2769,31820,690,634,926,2250,34070
28-07-2017,0,10672,9952,7254,2564,30442,654,593,868,2115,32557
28-07-2017,1,10340,9669,7062,2465,29536,634,565,844,2043,31579
28-07-2017,2,10139,9636,7048,2414,29237,633,560,832,2025,31262
28-07-2017,3,10009,9542,7063,2379,28993,620,559,831,2010,31003
28-07-2017,4,9930,9394,7148,2411,28883,622,552,842,2016,30899
28-07-2017,5,9990,9608,7704,2476,29778,691,625,971,2287,32065
28-07-2017,6,10320,10385,8113,2789,31607,792,736,1124,2652,34259
28-07-2017,7,10998,11493,8507,3211,34209,887,866,1259,3012,37221
28-07-2017,8,11486,12413,8726,3503,36128,941,926,1329,3196,39324
28-07-2017,9,12018,12939,8908,3696,37561,956,948,1348,3252,40813
28-07-2017,10,12249,13158,9006,3772,38185,960,941,1353,3254,41439
28-07-2017,11,12196,13181,8978,3816,38171,959,909,1331,3199,41370
28-07-2017,12,12030,13173,8853,3649,37705,966,936,1346,3248,40953
28-07-2017,13,11938,13034,8866,3591,37429,946,921,1327,3194,40623
28-07-2017,14,11851,12914,8749,3514,37028,923,902,1293,3118,40146
28-07-2017,15,11692,12700,8651,3427,36470,896,887,1265,3048,39518
28-07-2017,16,11602,12712,8621,3376,36311,884,863,1244,2991,39302
28-07-2017,17,11597,12481,8489,3551,36118,858,844,1220,2922,39040
28-07-2017,18,11640,12351,8515,3544,36050,838,812,1192,2842,38892
28-07-2017,19,11604,12167,8424,3296,35491,810,791,1172,2773,38264
28-07-2017,20,11455,11921,8107,3118,34601,788,765,1155,2708,37309
28-07-2017,21,11197,11715,8220,3003,34135,785,755,1125,2665,36800
28-07-2017,22,11243,11512,8031,2915,33701,738,699,1014,2451,36152
28-07-2017,23,10982,10995,7573,2687,32237,685,628,926,2239,34476
29-07-2017,0,10523,10166,7254,2470,30413,646,583,873,2102,32515
29-07-2017,1,10172,9961,7071,2352,29556,625,557,844,2026,31582
29-07-2017,2,10155,9796,6842,2324,29117,614,546,824,1984,31101
29-07-2017,3,10054,9744,6753,2289,28840,601,537,817,1955,30795
29-07-2017,4,9921,9475,6694,2284,28374,583,521,802,1906,30280
29-07-2017,5,9767,9337,6913,2261,28278,609,554,854,2017,30295
29-07-2017,6,9848,9502,7154,2392,28896,652,609,936,2197,31093
29-07-2017,7,10212,9933,7436,2635,30216,714,684,1041,2439,32655
29-07-2017,8,10705,10619,7585,2889,31798,772,750,1107,2629,34427
29-07-2017,9,11096,11026,7734,3126,32982,801,781,1137,2719,35701
29-07-2017,10,11507,11440,7838,3284,34069,236,779,1132,2147,36216
29-07-2017,11,11412,11465,7822,3329,34028,781,774,1122,2677,36705
29-07-2017,12,11317,11574,7732,3299,33922,773,768,1103,2644,36566
29-07-2017,13,11381,11633,7766,3322,34102,764,760,1074,2598,36700
29-07-2017,14,11251,11795,7741,3295,34082,751,750,1059,2560,36642
29-07-2017,15,11156,11591,7826,3269,33842,738,742,1051,2531,36373
29-07-2017,16,11130,11624,7867,3183,33804,736,734,1042,2512,36316
29-07-2017,17,11273,11749,7898,3301,34221,733,725,1044,2502,36723
29-07-2017,18,11290,11781,7926,3320,34317,728,718,1050,2496,36813
29-07-2017,19,11219,11388,7796,3174,33577,714,709,1045,2468,36045
29-07-2017,20,11209,11262,7630,3002,33103,705,694,1035,2434,35537
29-07-2017,21,11128,11230,7927,2912,33197,710,692,1039,2441,35638
29-07-2017,22,11065,10926,7951,2871,32813,678,648,951,2277,35090
29-07-2017,23,10831,10304,7437,2673,31245,628,590,869,2087,33332
30-07-2017,0,10402,9937,7033,2466,29838,591,550,825,1966,31804
30-07-2017,1,10181,9753,6793,2372,29099,569,527,795,1891,30990
30-07-2017,2,10115,9749,6726,2328,28918,561,516,781,1858,30776
30-07-2017,3,10014,9545,6622,2273,28454,543,508,779,1830,30284
30-07-2017,4,9898,9420,6559,2251,28128,524,493,760,1777,29905
30-07-2017,5,9696,9216,6785,2229,27926,546,517,798,1861,29787
30-07-2017,6,9670,9421,6997,2307,28395,594,562,867,2023,30418
30-07-2017,7,9871,9738,7241,2500,29350,657,633,957,2247,31597
30-07-2017,8,10138,10368,7472,2785,30763,723,699,1047,2469,33232
30-07-2017,9,10580,10932,7624,3040,32176,757,741,1091,2589,34765
30-07-2017,10,10861,11303,7702,3186,33052,761,746,1093,2600,35652
30-07-2017,11,10992,11581,7681,3254,33508,752,743,1086,2581,36089
30-07-2017,12,11040,11732,7611,3275,33658,740,739,1082,2561,36219
30-07-2017,13,11100,11628,7637,3244,33609,731,736,1073,2540,36149
30-07-2017,14,11109,11690,7625,3258,33682,729,737,1062,2528,36210
30-07-2017,15,11102,11681,7644,3293,33720,728,734,1062,2524,36244
30-07-2017,16,11056,11690,7673,3402,33821,728,733,1070,2531,36352
30-07-2017,17,11173,12035,7746,3596,34550,728,733,1087,2548,37098
30-07-2017,18,11301,11965,7848,3530,34644,729,729,1100,2558,37202
30-07-2017,19,11339,12180,7861,3323,34703,723,729,1108,2560,37263
30-07-2017,20,11208,11999,7731,3173,34111,714,722,1109,2545,36656
30-07-2017,21,11268,11739,7997,3017,34021,713,723,1105,2541,36562
30-07-2017,22,11182,11389,7977,2928,33476,665,659,985,2309,35785
30-07-2017,23,10871,10851,7437,2704,31863,611,589,878,2078,33941
31-07-2017,0,10644,10067,7099,2511,30321,573,547,826,1946,32267
31-07-2017,1,10152,9599,6859,2389,28999,555,524,801,1880,30879
31-07-2017,2,10066,9583,6785,2321,28755,552,521,793,1866,30621
31-07-2017,3,10025,9344,6756,2328,28453,563,525,798,1886,30339
31-07-2017,4,9980,9229,6929,2368,28506,566,524,814,1904,30410
31-07-2017,5,9901,9401,7578,2465,29345,659,608,958,2225,31570
31-07-2017,6,10649,10553,8130,2861,32193,765,730,1128,2623,34816
31-07-2017,7,11482,11710,8536,3380,35108,874,848,1272,2994,38102
31-07-2017,8,11994,12564,8723,3738,37019,925,920,1353,3198,40217
31-07-2017,9,12259,12786,8823,3850,37718,951,952,1377,3280,40998
31-07-2017,10,12326,13116,8825,3965,38232,961,962,1400,3323,41555
31-07-2017,11,12272,13075,8895,4002,38244,959,950,1406,3315,41559
31-07-2017,12,12086,13111,8861,3958,38016,986,984,1413,3383,41399
31-07-2017,13,12105,13212,8801,3988,38106,975,985,1396,3356,41462
31-07-2017,14,12266,13214,8741,3937,38158,961,976,1364,3301,41459
31-07-2017,15,12134,13043,8622,3807,37606,932,953,1321,3206,40812
31-07-2017,16,11974,12896,8610,3675,37155,912,908,1283,3103,40258
31-07-2017,17,11888,12845,8500,3876,37109,890,882,1265,3037,40146
31-07-2017,18,11827,12590,8359,3875,36651,858,856,1240,2954,39605
31-07-2017,19,11848,12454,8345,3652,36299,841,833,1221,2895,39194
31-07-2017,20,11686,12059,8060,3426,35231,830,800,1209,2839,38070
31-07-2017,21,11575,11911,8168,3306,34960,815,784,1175,2774,37734
31-07-2017,22,11533,11618,8067,3166,34384,746,707,1036,2489,36873
31-07-2017,23,11055,11007,7494,2866,32422,678,631,937,2246,34668
01-08-2017,0,10547,10226,7115,2647,30535,640,588,888,2116,32651
01-08-2017,1,10243,9942,6904,2512,29601,610,566,859,2035,31636
01-08-2017,2,10048,9860,6880,2452,29240,591,552,864,2007,31247
01-08-2017,3,10134,9623,6761,2453,28971,588,550,869,2007,30978
01-08-2017,4,10132,9462,6851,2494,28939,589,549,870,2008,30947
01-08-2017,5,10244,9483,7413,2573,29713,675,635,1000,2310,32023
01-08-2017,6,10827,10332,8046,2944,32149,782,746,1147,2675,34824
01-08-2017,7,11717,11795,8341,3469,35322,881,867,1286,3034,38356
01-08-2017,8,12106,12319,8546,3816,36787,935,930,1348,3213,40000
01-08-2017,9,12287,12777,8555,3961,37580,946,946,1361,3253,40833
01-08-2017,10,12464,13044,8587,4052,38147,948,942,1363,3253,41400
01-08-2017,11,12481,13082,8621,4048,38232,939,928,1363,3230,41462
01-08-2017,12,12405,13149,8561,3997,38112,956,953,1396,3305,41417
01-08-2017,13,12302,12984,8571,3988,37845,951,949,1391,3291,41136
01-08-2017,14,12331,12932,8529,3932,37724,944,933,1390,3267,40991
01-08-2017,15,12221,12799,8477,3814,37311,920,922,1354,3196,40507
01-08-2017,16,12179,12599,8416,3761,36955,902,901,1294,3097,40052
01-08-2017,17,12060,12768,8254,3961,37043,876,885,1273,3034,40077
01-08-2017,18,12000,12643,8255,3901,36799,844,857,1251,2952,39751
01-08-2017,19,11924,12425,8196,3674,36219,826,844,1221,2891,39110
01-08-2017,20,11802,12106,7964,3476,35348,813,814,1219,2846,38194
01-08-2017,21,11716,11887,8143,3343,35089,798,782,1190,2770,37859
01-08-2017,22,11523,11384,8005,3180,34092,727,707,1053,2487,36579
01-08-2017,23,11131,10760,7479,2891,32261,659,634,950,2243,34504
02-08-2017,0,10690,10055,7088,2688,30521,612,584,892,2088,32609
02-08-2017,1,10426,9870,6896,2563,29755,597,568,857,2022,31777
02-08-2017,2,10164,9792,6868,2452,29276,585,560,836,1981,31257
02-08-2017,3,10026,9715,6829,2442,29012,592,572,846,2010,31022
02-08-2017,4,10006,9437,6978,2493,28914,603,587,874,2064,30978
02-08-2017,5,10124,9427,7606,2583,29740,691,658,1021,2370,32110
02-08-2017,6,10731,10325,8000,2958,32014,798,765,1191,2754,34768
02-08-2017,7,11550,11670,8408,3457,35085,903,881,1341,3125,38210
02-08-2017,8,11982,12727,8605,3776,37090,960,936,1431,3327,40417
02-08-2017,9,12023,13120,8736,3952,37831,983,951,1442,3376,41207
02-08-2017,10,12060,13367,8796,4079,38302,983,951,1466,3400,41702
02-08-2017,11,12172,13370,8817,4102,38461,963,929,1453,3345,41806
02-08-2017,12,12171,13387,8759,4047,38364,982,949,1466,3397,41761
02-08-2017,13,12034,13263,8639,4060,37996,973,939,1439,3351,41347
02-08-2017,14,12043,13235,8605,3954,37837,959,923,1402,3284,41121
02-08-2017,15,11993,12988,8540,3789,37310,927,904,1363,3194,40504
02-08-2017,16,12007,12872,8551,3741,37171,881,871,1315,3067,40238
02-08-2017,17,11905,12991,8524,3937,37357,872,856,1295,3023,40380
02-08-2017,18,11751,12767,8534,3858,36910,859,821,1273,2953,39863
02-08-2017,19,11774,12502,8420,3630,36326,844,802,1253,2899,39225
02-08-2017,20,11724,11994,8076,3460,35254,828,780,1240,2848,38102
02-08-2017,21,11554,11794,8206,3341,34895,826,773,1199,2798,37693
02-08-2017,22,11407,11283,8012,3211,33913,749,692,1055,2496,36409
02-08-2017,23,11111,10480,7503,2907,32001,685,612,957,2254,34255
03-08-2017,0,10695,9868,7130,2704,30397,644,567,899,2110,32507
03-08-2017,1,10335,9633,6910,2574,29452,627,550,869,2046,31498
03-08-2017,2,10192,9494,6894,2518,29098,621,547,860,2028,31126
03-08-2017,3,10226,9474,6892,2493,29085,617,546,866,2029,31114
03-08-2017,4,10179,9442,6866,2525,29012,604,544,873,2021,31033
03-08-2017,5,10244,9475,7371,2626,29716,695,626,1001,2322,32038
03-08-2017,6,10986,10646,7848,3018,32498,810,744,1161,2715,35213
03-08-2017,7,11678,11822,8234,3575,35309,927,866,1307,3100,38409
03-08-2017,8,12206,12757,8464,3909,37336,983,928,1384,3295,40631
03-08-2017,9,12637,13114,8557,4115,38423,995,955,1389,3339,41762
03-08-2017,10,12670,13417,8550,4307,38944,983,950,1391,3324,42268
03-08-2017,11,12600,13436,8646,4325,39007,970,921,1377,3268,42275
03-08-2017,12,12507,13110,8549,4249,38415,987,951,1407,3345,41760
03-08-2017,13,12563,12952,8429,4236,38180,970,944,1396,3310,41490
03-08-2017,14,12595,12945,8385,4238,38163,956,930,1391,3277,41440
03-08-2017,15,12419,12895,8364,4052,37730,931,912,1364,3207,40937
03-08-2017,16,12309,12961,8367,3953,37590,914,880,1316,3110,40700
03-08-2017,17,12264,12946,8261,4164,37635,891,868,1308,3067,40702
03-08-2017,18,12300,12645,8276,3976,37197,865,845,1283,2993,40190
03-08-2017,19,12258,12380,8268,3705,36611,843,830,1267,2940,39551
03-08-2017,20,12153,12092,8015,3415,35675,830,812,1271,2913,38588
03-08-2017,21,12097,11795,8247,3362,35501,823,785,1193,2801,38302
03-08-2017,22,11824,11387,8135,3160,34506,740,695,1052,2487,36993
03-08-2017,23,11191,10733,7604,2891,32419,675,619,962,2256,34675
04-08-2017,0,10648,10089,7284,2673,30694,638,583,907,2128,32822
04-08-2017,1,10347,9708,7147,2496,29698,626,569,884,2079,31777
04-08-2017,2,10180,9557,7142,2432,29311,619,558,872,2049,31360
04-08-2017,3,10102,9616,7125,2437,29280,622,557,877,2056,31336
04-08-2017,4,10098,9593,7224,2503,29418,633,555,889,2077,31495
04-08-2017,5,10180,9654,7761,2597,30192,716,624,1020,2360,32552
04-08-2017,6,10667,10571,8320,2998,32556,813,733,1175,2721,35277
04-08-2017,7,11428,11803,8646,3415,35292,924,857,1320,3101,38393
04-08-2017,8,12140,12296,8788,3824,37048,981,925,1391,3297,40345
04-08-2017,9,12535,12674,8734,3992,37935,997,937,1400,3334,41269
04-08-2017,10,12515,13037,8910,4042,38504,1002,933,1395,3330,41834
04-08-2017,11,12401,12959,8884,4173,38417,985,904,1381,3270,41687
04-08-2017,12,12316,12957,8765,4089,38127,1002,926,1399,3327,41454
04-08-2017,13,12228,12759,8691,4001,37679,971,919,1374,3264,40943
04-08-2017,14,12083,12610,8698,3910,37301,953,905,1344,3202,40503
04-08-2017,15,11923,12420,8622,3819,36784,921,884,1317,3122,39906
04-08-2017,16,11845,12310,8554,3672,36381,902,857,1276,3035,39416
04-08-2017,17,11950,12599,8409,3787,36745,873,835,1259,2967,39712
04-08-2017,18,11844,12341,8523,3826,36534,845,809,1247,2901,39435
04-08-2017,19,11632,11760,8464,3555,35411,826,786,1233,2845,38256
04-08-2017,20,11418,11228,8114,3337,34097,809,768,1231,2808,36905
04-08-2017,21,11269,11100,8231,3255,33855,802,754,1179,2735,36590
04-08-2017,22,11269,10831,8104,3103,33307,736,681,1048,2465,35772
04-08-2017,23,10835,10346,7577,2891,31649,681,610,955,2246,33895
05-08-2017,0,10557,10118,7214,2675,30564,652,568,892,2112,32676
05-08-2017,1,10244,10051,7005,2507,29807,628,543,859,2030,31837
05-08-2017,2,10075,9811,6918,2449,29253,615,533,843,1991,31244
05-08-2017,3,9854,9602,6846,2426,28728,608,525,837,1970,30698
05-08-2017,4,9878,9581,6717,2407,28583,579,507,829,1915,30498
05-08-2017,5,9825,9448,6855,2362,28490,603,536,878,2017,30507
05-08-2017,6,9922,9928,7050,2474,29374,645,602,967,2214,31588
05-08-2017,7,10245,10425,7339,2699,30708,709,686,1085,2480,33188
05-08-2017,8,10815,11041,7607,2957,32420,774,759,1165,2698,35118
05-08-2017,9,11284,11508,7710,3181,33683,803,779,1193,2775,36458
05-08-2017,10,11620,11659,7745,3295,34319,812,780,1187,2779,37098
05-08-2017,11,11715,11688,7780,3339,34522,802,769,1173,2744,37266
05-08-2017,12,11596,11779,7800,3260,34435,800,772,1165,2737,37172
05-08-2017,13,11387,11882,7813,3243,34325,794,762,1146,2702,37027
05-08-2017,14,11392,11800,7845,3187,34224,778,747,1122,2647,36871
05-08-2017,15,11526,11669,7843,3103,34141,768,737,1107,2612,36753
05-08-2017,16,11463,11693,7906,3150,34212,776,734,1107,2617,36829
05-08-2017,17,11622,11905,8022,3346,34895,765,732,1102,2599,37494
05-08-2017,18,11729,11956,8077,3379,35141,754,722,1110,2586,37727
05-08-2017,19,11480,11789,7995,3227,34491,743,720,1099,2562,37053
05-08-2017,20,11306,11754,7745,3118,33923,739,715,1104,2558,36481
05-08-2017,21,11093,11828,8042,2999,33962,737,710,1091,2538,36500
05-08-2017,22,10967,11489,7953,2910,33319,699,651,988,2338,35657
05-08-2017,23,10822,10852,7487,2710,31871,633,595,897,2125,33996
06-08-2017,0,10424,10091,7105,2490,30110,599,550,842,1991,32101
06-08-2017,1,10169,9837,6872,2366,29244,578,532,818,1928,31172
06-08-2017,2,9966,9696,6845,2270,28777,570,524,800,1894,30671
06-08-2017,3,9904,9748,6801,2273,28726,569,520,808,1897,30623
06-08-2017,4,9835,9560,6639,2282,28316,545,495,797,1837,30153
06-08-2017,5,9710,9351,6729,2239,28029,563,519,826,1908,29937
06-08-2017,6,9682,9467,6847,2331,28327,599,576,900,2075,30402
06-08-2017,7,10042,9971,7099,2548,29660,669,650,1000,2319,31979
06-08-2017,8,10431,10598,7395,2834,31258,733,721,1089,2543,33801
06-08-2017,9,10763,10839,7630,3057,32289,771,749,1134,2654,34943
06-08-2017,10,11086,11298,7811,3236,33431,779,752,1147,2678,36109
06-08-2017,11,11408,11812,7810,3277,34307,779,745,1148,2672,36979
06-08-2017,12,11501,11942,7739,3287,34469,776,739,1135,2650,37119
06-08-2017,13,11400,11928,7803,3236,34367,770,726,1121,2617,36984
06-08-2017,14,11300,11730,7836,3173,34039,771,721,1102,2594,36633
06-08-2017,15,11211,11631,7834,3087,33763,771,721,1086,2578,36341
06-08-2017,16,11269,11750,7914,3156,34089,765,726,1089,2580,36669
06-08-2017,17,11378,11941,8046,3381,34746,767,726,1096,2589,37335
06-08-2017,18,11514,12006,8169,3374,35063,760,723,1113,2596,37659
06-08-2017,19,11584,12016,8148,3252,35000,781,719,1113,2613,37613
06-08-2017,20,11560,11952,7937,3164,34613,780,720,1135,2635,37248
06-08-2017,21,11686,11931,8250,3110,34977,746,712,1103,2561,37538
06-08-2017,22,11697,11538,8166,2985,34386,695,630,975,2300,36686
06-08-2017,23,11177,10857,7623,2737,32394,643,562,878,2083,34477
07-08-2017,0,10810,10332,7291,2555,30988,614,527,816,1957,32945
07-08-2017,1,10564,10135,7167,2451,30317,578,513,789,1880,32197
07-08-2017,2,10367,9976,7116,2402,29861,580,512,780,1872,31733
07-08-2017,3,10187,9838,7109,2412,29546,584,516,785,1885,31431
07-08-2017,4,10265,10055,7155,2491,29966,582,511,805,1898,31864
07-08-2017,5,10547,10134,7792,2629,31102,674,599,961,2234,33336
07-08-2017,6,11217,11661,8397,3073,34348,792,719,1141,2652,37000
07-08-2017,7,12262,13010,8813,3682,37767,907,848,1281,3036,40803
07-08-2017,8,12556,13611,8913,3998,39078,964,907,1350,3221,42299
07-08-2017,9,12696,13729,9056,4126,39607,977,931,1367,3275,42882
07-08-2017,10,12852,14097,9161,4310,40420,986,931,1364,3281,43701
07-08-2017,11,12950,14108,9227,4290,40575,973,905,1359,3237,43812
07-08-2017,12,13062,14013,9170,4214,40459,993,930,1385,3308,43767
07-08-2017,13,13113,13935,9097,4297,40442,970,924,1365,3259,43701
07-08-2017,14,13044,13912,9000,4238,40194,951,909,1353,3213,43407
07-08-2017,15,12852,13626,8843,4044,39365,912,891,1317,3120,42485
07-08-2017,16,12767,13338,8715,3951,38771,904,862,1282,3048,41819
07-08-2017,17,12779,13326,8627,4137,38869,877,839,1269,2985,41854
07-08-2017,18,12690,13339,8634,4077,38740,862,822,1252,2936,41676
07-08-2017,19,12655,13172,8597,3853,38277,851,808,1235,2894,41171
07-08-2017,20,12533,12762,8364,3616,37275,847,798,1232,2877,40152
07-08-2017,21,12391,12616,8582,3493,37082,827,779,1181,2787,39869
07-08-2017,22,12213,11922,8377,3299,35811,747,694,1038,2479,38290
07-08-2017,23,11625,11009,7868,2990,33492,676,614,946,2236,35728
08-08-2017,0,11135,10304,7557,2744,31740,645,570,894,2109,33849
08-08-2017,1,10784,10193,7334,2629,30940,620,549,870,2039,32979
08-08-2017,2,10612,10006,7338,2574,30530,620,541,863,2024,32554
08-08-2017,3,10599,9960,7333,2582,30474,611,537,865,2013,32487
08-08-2017,4,10551,10011,7432,2648,30642,602,529,878,2009,32651
08-08-2017,5,10714,10113,8063,2797,31687,690,603,1007,2300,33987
08-08-2017,6,11508,11560,8582,3240,34890,808,725,1165,2698,37588
08-08-2017,7,12513,12970,8841,3818,38142,923,857,1301,3081,41223
08-08-2017,8,12801,13819,8977,4135,39732,978,913,1363,3254,42986
08-08-2017,9,12935,14269,9013,4248,40465,990,927,1373,3290,43755
08-08-2017,10,13014,14478,9030,4344,40866,991,923,1372,3286,44152
08-08-2017,11,12984,14307,8991,4352,40634,975,900,1366,3241,43875
08-08-2017,12,12918,13919,9047,4271,40155,997,930,1396,3323,43478
08-08-2017,13,12833,13924,8962,4271,39990,982,924,1387,3293,43283
08-08-2017,14,12961,13891,8877,4192,39921,979,912,1377,3268,43189
08-08-2017,15,12926,13857,8791,4040,39614,952,898,1345,3195,42809
08-08-2017,16,12821,13554,8723,3952,39050,923,867,1311,3101,42151
08-08-2017,17,12696,13840,8601,4122,39259,889,851,1297,3037,42296
08-08-2017,18,12517,13236,8640,4014,38407,860,823,1277,2960,41367
08-08-2017,19,12530,13031,8652,3838,38051,848,812,1257,2917,40968
08-08-2017,20,12421,12563,8371,3690,37045,845,811,1281,2937,39982
08-08-2017,21,12317,12440,8571,3586,36914,830,801,1212,2843,39757
08-08-2017,22,12196,11896,8283,3320,35695,744,708,1053,2505,38200
08-08-2017,23,11541,11161,7698,3037,33437,684,629,956,2269,35706
09-08-2017,0,11017,10197,7261,2846,31321,646,587,906,2139,33460
09-08-2017,1,10636,9872,7087,2725,30320,620,565,875,2060,32380
09-08-2017,2,10452,9765,7052,2671,29940,612,552,866,2030,31970
09-08-2017,3,10547,9815,7098,2679,30139,614,552,872,2038,32177
09-08-2017,4,10662,9884,7167,2718,30431,603,551,892,2046,32477
09-08-2017,5,10660,10287,7882,2873,31702,699,630,1024,2353,34055
09-08-2017,6,11470,11794,8559,3321,35144,811,746,1190,2747,37891
09-08-2017,7,12387,13555,8851,3862,38655,923,871,1337,3131,41786
09-08-2017,8,12947,14134,9011,4209,40301,980,936,1400,3316,43617
09-08-2017,9,13047,14469,9034,4310,40860,989,956,1404,3349,44209
09-08-2017,10,13172,14923,8999,4475,41569,986,949,1387,3322,44891
09-08-2017,11,13088,14720,8972,4442,41222,971,924,1372,3267,44489
09-08-2017,12,13386,14694,8996,4488,41564,998,953,1393,3344,44908
09-08-2017,13,13293,14585,8932,4420,41230,992,948,1383,3323,44553
09-08-2017,14,13314,14594,8847,4336,41091,982,936,1394,3312,44403
09-08-2017,15,13292,14597,8784,4122,40795,953,924,1371,3248,44043
09-08-2017,16,13148,14116,8729,4087,40080,935,894,1355,3184,43264
09-08-2017,17,12951,13998,8702,4287,39938,903,879,1337,3119,43057
09-08-2017,18,12753,13570,8817,4176,39316,875,854,1314,3043,42359
09-08-2017,19,12733,13248,8767,3941,38689,855,840,1297,2992,41681
09-08-2017,20,12712,13032,8430,3721,37895,851,837,1307,2995,40890
09-08-2017,21,12638,12868,8551,3645,37702,823,803,1233,2859,40561
09-08-2017,22,12375,12017,8296,3397,36085,737,718,1082,2537,38622
09-08-2017,23,11696,11203,7687,3063,33649,677,641,983,2301,35950
10-08-2017,0,11196,10592,7349,2829,31966,653,597,937,2187,34153
10-08-2017,1,10770,10358,7055,2719,30902,614,577,910,2101,33003
10-08-2017,2,10623,10115,7057,2681,30476,611,568,906,2085,32561
10-08-2017,3,10554,10173,7043,2668,30438,618,567,910,2095,32533
10-08-2017,4,10531,10184,7086,2717,30518,596,557,931,2084,32602
10-08-2017,5,10624,10338,7711,2886,31559,694,634,1051,2379,33938
10-08-2017,6,11300,11643,8367,3359,34669,818,758,1220,2796,37465
10-08-2017,7,12351,13364,8733,3931,38379,939,887,1371,3197,41576
10-08-2017,8,12652,14127,8955,4234,39968,992,951,1455,3398,43366
10-08-2017,9,12880,14371,9006,4356,40613,1003,976,1484,3463,44076
10-08-2017,10,12961,14872,9020,4466,41319,1006,972,1493,3471,44790
10-08-2017,11,13022,14925,9048,4446,41441,991,948,1491,3430,44871
10-08-2017,12,12862,14851,8961,4382,41056,1015,979,1510,3504,44560
10-08-2017,13,12888,14786,8941,4394,41009,1003,976,1489,3468,44477
10-08-2017,14,12857,14563,8929,4315,40664,993,952,1475,3420,44084
10-08-2017,15,12822,14421,8852,4114,40209,964,938,1449,3351,43560
10-08-2017,16,12790,14163,8718,3907,39578,938,905,1402,3245,42823
10-08-2017,17,12690,14044,8660,4225,39619,900,886,1372,3158,42777
10-08-2017,18,12572,13825,8685,4142,39224,872,862,1347,3081,42305
10-08-2017,19,12351,13524,8627,3935,38437,856,843,1317,3016,41453
10-08-2017,20,12178,13263,8368,3715,37524,863,839,1331,3033,40557
10-08-2017,21,12197,13296,8565,3633,37691,843,805,1261,2909,40600
10-08-2017,22,12131,12471,8279,3441,36322,747,715,1106,2568,38890
10-08-2017,23,11563,11373,7719,3119,33774,670,635,1003,2308,36082
11-08-2017,0,11081,10585,7403,2881,31950,635,591,948,2174,34124
11-08-2017,1,10690,10327,7274,2755,31046,624,570,920,2114,33160
11-08-2017,2,10601,10083,7274,2686,30644,614,557,908,2079,32723
11-08-2017,3,10566,10151,7223,2685,30625,623,561,905,2089,32714
11-08-2017,4,10678,10261,7312,2737,30988,615,562,928,2105,33093
11-08-2017,5,10809,10435,8010,2884,32138,693,636,1054,2383,34521
11-08-2017,6,11329,11670,8491,3355,34845,809,751,1218,2778,37623
11-08-2017,7,12381,13323,8795,3932,38431,925,879,1361,3165,41596
11-08-2017,8,12794,14078,8938,4204,40014,975,944,1442,3361,43375
11-08-2017,9,12980,14233,8872,4312,40397,988,960,1460,3408,43805
11-08-2017,10,13089,14505,8960,4403,40957,989,951,1453,3393,44350
11-08-2017,11,13103,14619,8991,4388,41101,973,932,1443,3348,44449
11-08-2017,12,12927,14398,8893,4269,40487,992,952,1465,3409,43896
11-08-2017,13,12857,14058,8701,4164,39780,974,949,1444,3367,43147
11-08-2017,14,12700,13731,8687,3971,39089,962,938,1431,3331,42420
11-08-2017,15,12599,13556,8582,3810,38547,930,917,1400,3247,41794
11-08-2017,16,12521,13157,8447,3779,37904,906,891,1372,3169,41073
11-08-2017,17,12424,13051,8353,3917,37745,872,873,1333,3078,40823
11-08-2017,18,12361,12668,8338,3881,37248,844,840,1309,2993,40241
11-08-2017,19,12313,12318,8219,3646,36496,828,821,1286,2935,39431
11-08-2017,20,12105,12037,8007,3444,35593,824,829,1296,2949,38542
11-08-2017,21,12065,11903,8278,3367,35613,808,809,1237,2854,38467
11-08-2017,22,11905,11584,8063,3174,34726,728,725,1105,2558,37284
11-08-2017,23,11463,10946,7486,2916,32811,664,655,1005,2324,35135
12-08-2017,0,11060,10273,7096,2676,31105,626,609,945,2180,33285
12-08-2017,1,10597,9883,6931,2564,29975,608,588,910,2106,32081
12-08-2017,2,10385,9809,6852,2493,29539,593,577,888,2058,31597
12-08-2017,3,10168,9622,6895,2462,29147,590,572,890,2052,31199
12-08-2017,4,9976,9668,6716,2475,28835,564,556,874,1994,30829
12-08-2017,5,10203,9553,6888,2508,29152,582,578,920,2080,31232
12-08-2017,6,10400,9802,7183,2577,29962,639,653,1029,2321,32283
12-08-2017,7,10797,10557,7489,2847,31690,716,735,1151,2602,34292
12-08-2017,8,11311,11693,7750,3193,33947,777,798,1247,2822,36769
12-08-2017,9,11767,12409,7888,3415,35479,804,839,1281,2924,38403
12-08-2017,10,12168,12633,7954,3564,36319,818,840,1284,2942,39261
12-08-2017,11,12126,12547,8049,3570,36292,814,852,1275,2941,39233
12-08-2017,12,11995,12455,8005,3503,35958,811,855,1263,2929,38887
12-08-2017,13,11958,12410,8020,3455,35843,780,849,1233,2862,38705
12-08-2017,14,11840,12141,8052,3394,35427,768,829,1209,2806,38233
12-08-2017,15,11728,12011,8123,3292,35154,769,821,1200,2790,37944
12-08-2017,16,11666,12005,8125,3363,35159,764,812,1199,2775,37934
12-08-2017,17,11602,12056,8090,3592,35340,757,798,1193,2748,38088
12-08-2017,18,11734,11877,8201,3571,35383,758,779,1189,2726,38109
12-08-2017,19,11667,11672,8086,3334,34759,743,781,1169,2693,37452
12-08-2017,20,11620,11364,7868,3146,33998,736,780,1172,2688,36686
12-08-2017,21,11571,11227,8076,3058,33932,691,727,1111,2529,36461
12-08-2017,22,11431,10885,7913,2949,33178,651,657,1007,2315,35493
12-08-2017,23,11173,10472,7441,2717,31803,605,601,930,2136,33939
13-08-2017,0,10909,10155,7088,2556,30708,564,568,887,2019,32727
13-08-2017,1,10629,9669,6891,2450,29639,538,551,850,1939,31578
13-08-2017,2,10519,9360,6915,2390,29184,536,538,830,1904,31088
13-08-2017,3,10512,9052,6893,2401,28858,521,539,831,1891,30749
13-08-2017,4,10481,9048,6722,2382,28633,496,519,831,1846,30479
13-08-2017,5,10295,8879,6712,2348,28234,523,534,848,1905,30139
13-08-2017,6,10284,9092,6860,2363,28599,564,583,922,2069,30668
13-08-2017,7,10503,9731,7145,2595,29974,634,645,1015,2294,32268
13-08-2017,8,10976,10356,7387,2910,31629,713,727,1111,2551,34180
13-08-2017,9,11397,10823,7671,3179,33070,755,760,1156,2671,35741
13-08-2017,10,11634,11457,7863,3260,34214,760,767,1166,2693,36907
13-08-2017,11,11770,11992,7860,3273,34895,757,761,1164,2682,37577
13-08-2017,12,11829,12165,7810,3245,35049,751,761,1163,2675,37724
13-08-2017,13,11704,11983,7817,3222,34726,750,765,1156,2671,37397
13-08-2017,14,11708,11830,7801,3206,34545,741,745,1145,2631,37176
13-08-2017,15,11688,11910,7787,3181,34566,741,735,1139,2615,37181
13-08-2017,16,11745,12007,7914,3232,34898,738,737,1139,2614,37512
13-08-2017,17,11749,12155,7994,3529,35427,746,738,1141,2625,38052
13-08-2017,18,11956,12499,8119,3568,36142,753,734,1138,2625,38767
13-08-2017,19,11995,12509,8079,3426,36009,740,733,1153,2626,38635
13-08-2017,20,12044,12621,7942,3298,35905,741,747,1186,2674,38579
13-08-2017,21,12228,12934,8293,3257,36712,726,723,1131,2580,39292
13-08-2017,22,12105,11865,8084,3066,35120,654,638,1011,2303,37423
13-08-2017,23,11620,11204,7556,2820,33200,611,575,921,2107,35307
14-08-2017,0,11125,10817,7180,2640,31762,579,532,846,1957,33719
14-08-2017,1,10811,10448,7059,2527,30845,564,515,817,1896,32741
14-08-2017,2,10658,10361,6956,2487,30462,545,506,811,1862,32324
14-08-2017,3,10622,10442,7008,2505,30577,563,517,820,1900,32477
14-08-2017,4,10693,10567,7128,2593,30981,566,521,841,1928,32909
14-08-2017,5,10914,11181,7897,2795,32787,658,590,946,2194,34981
14-08-2017,6,11978,12698,8584,3307,36567,782,719,1096,2597,39164
14-08-2017,7,13158,14126,8942,3934,40160,903,840,1228,2971,43131
14-08-2017,8,13289,14507,9068,4214,41078,961,913,1301,3175,44253
14-08-2017,9,13294,14620,9006,4309,41229,952,936,1319,3207,44436
14-08-2017,10,13416,14631,9066,4417,41530,953,939,1323,3215,44745
14-08-2017,11,13253,14685,9029,4402,41369,942,914,1312,3168,44537
14-08-2017,12,13247,14792,8919,4287,41245,963,954,1312,3229,44474
14-08-2017,13,13212,14784,8879,4311,41186,956,948,1308,3212,44398
14-08-2017,14,13163,14498,8806,4218,40685,935,934,1289,3158,43843
14-08-2017,15,13040,14501,8726,4058,40325,909,917,1270,3096,43421
14-08-2017,16,13033,14318,8681,3985,40017,907,884,1260,3051,43068
14-08-2017,17,12950,14594,8540,4179,40263,883,861,1242,2986,43249
14-08-2017,18,12832,14165,8579,4144,39720,856,833,1222,2911,42631
14-08-2017,19,12844,14099,8651,3917,39511,838,819,1194,2851,42362
14-08-2017,20,12775,14060,8402,3710,38947,846,821,1206,2873,41820
14-08-2017,21,12746,14008,8607,3622,38983,823,783,1134,2740,41723
14-08-2017,22,12476,13020,8366,3330,37192,732,694,1008,2434,39626
14-08-2017,23,11872,12118,7763,3023,34776,664,622,946,2232,37008
15-08-2017,0,11388,11134,7449,2803,32774,621,575,882,2078,34852
15-08-2017,1,10976,10924,7304,2678,31882,600,552,838,1990,33872
15-08-2017,2,10856,10813,7249,2612,31530,609,545,824,1978,33508
15-08-2017,3,10782,10906,7267,2613,31568,608,551,820,1979,33547
15-08-2017,4,10796,10976,7328,2682,31782,601,553,822,1976,33758
15-08-2017,5,10932,11209,8029,2882,33052,701,636,853,2190,35242
15-08-2017,6,11799,12476,8688,3364,36327,816,754,955,2525,38852
15-08-2017,7,12882,13633,8926,3942,39383,925,871,1062,2858,42241
15-08-2017,8,13383,14543,8951,4217,41094,977,926,1153,3056,44150
15-08-2017,9,13494,14880,8954,4213,41541,994,948,1177,3119,44660
15-08-2017,10,13531,15090,8969,4236,41826,992,948,1177,3117,44943
15-08-2017,11,13459,14845,8960,4360,41624,975,929,1179,3083,44707
15-08-2017,12,13452,14861,8887,4275,41475,1001,957,1172,3130,44605
15-08-2017,13,13454,14733,8844,4251,41282,986,950,1163,3099,44381
15-08-2017,14,13539,14648,8722,4152,41061,978,941,1151,3070,44131
15-08-2017,15,13468,14592,8674,4036,40770,943,925,1143,3011,43781
15-08-2017,16,13457,14332,8620,3958,40367,922,890,1145,2957,43324
15-08-2017,17,13286,14393,8459,4205,40343,901,876,1161,2938,43281
15-08-2017,18,13195,14478,8591,4168,40432,875,849,1164,2888,43320
15-08-2017,19,13135,14262,8603,3965,39965,859,835,1175,2869,42834
15-08-2017,20,13037,13760,8447,3779,39023,869,845,1184,2898,41921
15-08-2017,21,12944,13477,8674,3718,38813,827,798,1099,2724,41537
15-08-2017,22,12777,12590,8357,3425,37149,735,701,988,2424,39573
15-08-2017,23,12052,11370,7797,3104,34323,667,628,909,2204,36527
16-08-2017,0,11365,10661,7449,2877,32352,635,581,860,2076,34428
16-08-2017,1,10947,10863,7227,2749,31786,615,563,834,2012,33798
16-08-2017,2,10789,10821,7255,2701,31566,608,559,822,1989,33555
16-08-2017,3,10710,10896,7336,2666,31608,614,566,835,2015,33623
16-08-2017,4,10762,11060,7434,2727,31983,627,573,880,2080,34063
16-08-2017,5,10971,11299,8128,2920,33318,708,647,1005,2360,35678
16-08-2017,6,11633,12644,8784,3409,36470,826,769,1194,2789,39259
16-08-2017,7,12727,14165,9004,4001,39897,945,890,1340,3175,43072
16-08-2017,8,13093,15089,9118,4281,41581,993,947,1417,3357,44938
16-08-2017,9,13091,15154,9080,4372,41697,1005,964,1411,3380,45077
16-08-2017,10,13199,15675,9099,4477,42450,1006,958,1422,3386,45836
16-08-2017,11,13212,15773,9096,4433,42514,1001,943,1421,3365,45879
16-08-2017,12,13078,15823,9052,4336,42289,1030,973,1450,3453,45742
16-08-2017,13,12967,15516,8963,4388,41834,1008,966,1444,3418,45252
16-08-2017,14,12913,15299,9027,4299,41538,1004,953,1428,3385,44923
16-08-2017,15,12745,14705,8863,4137,40450,1104,946,1394,3444,43894
16-08-2017,16,12806,14552,8991,4078,40427,1205,920,1378,3503,43930
16-08-2017,17,12698,14921,8905,4304,40828,921,892,1361,3174,44002
16-08-2017,18,12554,14801,8944,4224,40523,898,863,1328,3089,43612
16-08-2017,19,12566,14585,8792,4004,39947,888,851,1314,3053,43000
16-08-2017,20,12516,14083,8560,3822,38981,910,875,1351,3136,42117
16-08-2017,21,12656,13948,8576,3752,38932,861,832,1252,2945,41877
16-08-2017,22,12349,13178,8238,3447,37212,765,737,1095,2597,39809
16-08-2017,23,11638,12317,7719,3098,34772,701,651,989,2341,37113
17-08-2017,0,11026,11242,7410,2875,32553,659,600,938,2197,34750
17-08-2017,1,10667,11015,7254,2751,31687,644,581,909,2134,33821
17-08-2017,2,10601,10924,7265,2700,31490,636,570,896,2102,33592
17-08-2017,3,10557,10968,7259,2698,31482,643,574,900,2117,33599
17-08-2017,4,10615,10978,7365,2770,31728,655,578,934,2167,33895
17-08-2017,5,10737,11414,7903,2957,33011,722,652,1054,2428,35439
17-08-2017,6,11631,12536,8538,3429,36134,845,772,1222,2839,38973
17-08-2017,7,12693,13799,8868,4003,39363,963,899,1368,3230,42593
17-08-2017,8,13067,14645,8978,4288,40978,1017,968,1435,3420,44398
17-08-2017,9,13175,14787,9050,4346,41358,1033,991,1454,3478,44836
17-08-2017,10,13253,14995,9089,4467,41804,1030,983,1449,3462,45266
17-08-2017,11,13191,14969,9127,4445,41732,1018,959,1436,3413,45145
17-08-2017,12,13244,14961,9087,4365,41657,1039,980,1471,3490,45147
17-08-2017,13,13224,14822,9120,4350,41516,1030,972,1456,3458,44974
17-08-2017,14,13220,14778,9033,4260,41291,1017,959,1437,3413,44704
17-08-2017,15,13307,14777,8937,4129,41150,990,943,1400,3333,44483
17-08-2017,16,13169,14395,8945,4142,40651,976,919,1364,3259,43910
17-08-2017,17,13097,14583,8855,4347,40882,954,895,1353,3202,44084
17-08-2017,18,12902,14293,8870,4289,40354,932,870,1339,3141,43495
17-08-2017,19,12772,14025,8808,4029,39634,913,863,1325,3101,42735
17-08-2017,20,12799,13712,8726,3863,39100,926,877,1370,3173,42273
17-08-2017,21,12849,13439,8769,3743,38800,869,818,1259,2946,41746
17-08-2017,22,12501,12659,8346,3422,36928,761,718,1086,2565,39493
17-08-2017,23,11979,11840,7859,3076,34754,704,641,993,2338,37092
18-08-2017,0,11406,11126,7505,2838,32875,676,600,944,2220,35095
18-08-2017,1,11004,10893,7404,2742,32043,642,581,917,2140,34183
18-08-2017,2,10893,10868,7355,2694,31810,637,567,902,2106,33916
18-08-2017,3,10723,10869,7437,2671,31700,641,573,904,2118,33818
18-08-2017,4,10676,10954,7594,2754,31978,648,575,940,2163,34141
18-08-2017,5,10762,11247,8209,2945,33163,726,650,1065,2441,35604
18-08-2017,6,11557,12540,8824,3424,36345,842,767,1226,2835,39180
18-08-2017,7,12791,14333,9093,4012,40229,961,881,1361,3203,43432
18-08-2017,8,13179,15086,9235,4306,41806,1022,944,1445,3411,45217
18-08-2017,9,13241,15346,9186,4405,42178,1025,952,1466,3443,45621
18-08-2017,10,13301,15945,9210,4479,42935,1013,952,1476,3441,46376
18-08-2017,11,13148,15516,9187,4482,42333,1001,935,1460,3396,45729
18-08-2017,12,13076,15608,9191,4362,42237,1024,956,1479,3459,45696
18-08-2017,13,13063,15528,9083,4239,41913,1012,942,1465,3419,45332
18-08-2017,14,12989,15060,9036,4052,41137,1003,935,1429,3367,44504
18-08-2017,15,12778,14522,8977,3951,40228,977,912,1386,3275,43503
18-08-2017,16,12707,14134,8934,3945,39720,965,893,1366,3224,42944
18-08-2017,17,12678,14195,8807,4134,39814,937,866,1348,3151,42965
18-08-2017,18,12373,13924,8778,4040,39115,908,840,1324,3072,42187
18-08-2017,19,12340,13514,8717,3768,38339,889,832,1303,3024,41363
18-08-2017,20,12303,13240,8602,3566,37711,899,863,1341,3103,40814
18-08-2017,21,12274,13145,8591,3501,37511,848,806,1243,2897,40408
18-08-2017,22,11912,12290,8278,3221,35701,746,719,1082,2547,38248
18-08-2017,23,11517,11621,7698,2940,33776,688,647,1001,2336,36112
19-08-2017,0,10993,10624,7416,2777,31810,652,605,921,2178,33988
19-08-2017,1,10643,10365,7189,2637,30834,630,583,889,2102,32936
19-08-2017,2,10514,10324,7132,2525,30495,623,573,873,2069,32564
19-08-2017,3,10374,10144,7172,2487,30177,623,576,869,2068,32245
19-08-2017,4,10193,10159,7141,2484,29977,608,567,876,2051,32028
19-08-2017,5,10284,10156,7188,2565,30193,624,593,918,2135,32328
19-08-2017,6,10389,10353,7415,2644,30801,679,655,1016,2350,33151
19-08-2017,7,10734,10903,7758,2908,32303,765,739,1140,2644,34947
19-08-2017,8,11271,11586,8058,3211,34126,832,822,1249,2903,37029
19-08-2017,9,11820,12245,8138,3466,35669,862,849,1286,2997,38666
19-08-2017,10,12111,12580,8182,3513,36386,869,852,1289,3010,39396
19-08-2017,11,12215,12826,8172,3533,36746,862,850,1289,3001,39747
19-08-2017,12,12078,12667,8151,3525,36421,861,851,1277,2989,39410
19-08-2017,13,11953,12414,8159,3490,36016,854,843,1251,2948,38964
19-08-2017,14,11800,11985,8208,3425,35418,846,823,1230,2899,38317
19-08-2017,15,11726,12059,8318,3394,35497,825,807,1207,2839,38336
19-08-2017,16,11596,11949,8390,3433,35368,819,802,1198,2819,38187
19-08-2017,17,11700,12062,8409,3588,35759,815,792,1192,2799,38558
19-08-2017,18,11802,12280,8360,3577,36019,804,782,1208,2794,38813
19-08-2017,19,11719,12365,8176,3361,35621,796,781,1212,2789,38410
19-08-2017,20,11656,12206,8024,3213,35099,817,786,1208,2811,37910
19-08-2017,21,11645,11992,8126,3188,34951,774,740,1110,2624,37575
19-08-2017,22,11412,11587,7887,2999,33885,711,663,1011,2385,36270
19-08-2017,23,10969,10850,7376,2794,31989,659,602,941,2202,34191
20-08-2017,0,10645,10710,7011,2599,30965,626,564,899,2089,33054
20-08-2017,1,10369,10560,6842,2481,30252,609,548,867,2024,32276
20-08-2017,2,10214,10229,6705,2408,29556,600,541,851,1992,31548
20-08-2017,3,10148,10144,6782,2386,29460,600,537,844,1981,31441
20-08-2017,4,10087,10291,6699,2395,29472,589,528,848,1965,31437
20-08-2017,5,10124,10088,6629,2396,29237,586,538,859,1983,31220
20-08-2017,6,10058,10219,6816,2444,29537,639,589,930,2158,31695
20-08-2017,7,10414,10966,7121,2669,31170,713,664,1042,2419,33589
20-08-2017,8,11069,11392,7359,2967,32787,779,731,1127,2637,35424
20-08-2017,9,11508,11561,7493,3162,33724,811,757,1178,2746,36470
20-08-2017,10,11835,12130,7586,3336,34887,817,758,1198,2773,37660
20-08-2017,11,11898,12275,7664,3391,35228,815,753,1206,2774,38002
20-08-2017,12,11874,12656,7637,3429,35596,816,750,1207,2773,38369
20-08-2017,13,11905,12564,7636,3414,35519,811,747,1194,2752,38271
20-08-2017,14,11922,12376,7638,3409,35345,811,736,1179,2726,38071
20-08-2017,15,11858,12526,7684,3385,35453,818,735,1176,2729,38182
20-08-2017,16,11840,12816,7714,3451,35821,824,738,1183,2745,38566
20-08-2017,17,11768,12835,7785,3732,36120,829,746,1183,2758,38878
20-08-2017,18,11796,12997,7886,3742,36421,830,751,1183,2764,39185
20-08-2017,19,12044,12988,7938,3548,36518,838,764,1207,2809,39327
20-08-2017,20,12018,13234,7878,3401,36531,870,784,1206,2860,39391
20-08-2017,21,12138,13154,8148,3353,36793,850,713,1094,2657,39450
20-08-2017,22,11830,12246,7937,3083,35096,743,634,983,2360,37456
20-08-2017,23,11179,11328,7365,2817,32689,670,574,909,2153,34842
21-08-2017,0,10688,11040,7167,2679,31574,636,537,844,2017,33591
21-08-2017,1,10470,10934,7128,2594,31126,614,523,831,1968,33094
21-08-2017,2,10259,10808,6996,2588,30651,619,520,828,1967,32618
21-08-2017,3,10285,10863,7060,2599,30807,600,528,835,1963,32770
21-08-2017,4,10496,11312,7323,2677,31808,632,541,874,2047,33855
21-08-2017,5,10615,11719,7983,2914,33231,706,619,1012,2337,35568
21-08-2017,6,11706,13491,8719,3444,37360,838,734,1186,2758,40118
21-08-2017,7,12944,14958,9010,4020,40932,958,854,1336,3148,44080
21-08-2017,8,13220,15052,9091,4242,41605,1015,914,1412,3341,44946
21-08-2017,9,13271,15279,9050,4319,41919,1022,930,1417,3369,45288
21-08-2017,10,13277,15478,9006,4401,42162,1025,928,1419,3372,45534
21-08-2017,11,13217,15403,9004,4416,42040,1010,902,1398,3310,45350
21-08-2017,12,13014,15189,9015,4331,41549,1032,932,1417,3381,44930
21-08-2017,13,13138,15112,9003,4334,41587,1016,928,1399,3343,44930
21-08-2017,14,13124,14913,8924,4264,41225,1010,914,1387,3311,44536
21-08-2017,15,13008,14852,8846,4101,40807,978,904,1349,3231,44038
21-08-2017,16,13019,14541,8779,4027,40366,955,871,1304,3130,43496
21-08-2017,17,12868,14694,8731,4242,40535,928,855,1290,3073,43608
21-08-2017,18,12618,14307,8787,4162,39874,909,830,1265,3004,42878
21-08-2017,19,12742,14154,8701,3983,39580,893,831,1272,2996,42576
21-08-2017,20,12726,14291,8633,3803,39453,917,844,1312,3073,42526
21-08-2017,21,12835,13773,8705,3661,38974,853,779,1180,2812,41786
21-08-2017,22,12443,12645,8354,3343,36785,759,685,1039,2483,39268
21-08-2017,23,11729,11672,7851,3022,34274,701,614,947,2262,36536
22-08-2017,0,11381,11178,7479,2818,32856,662,565,902,2129,34985
22-08-2017,1,11088,10878,7298,2722,31986,648,548,879,2075,34061
22-08-2017,2,11024,10856,7225,2686,31791,629,542,877,2048,33839
22-08-2017,3,11034,10660,7259,2711,31664,641,549,881,2071,33735
22-08-2017,4,11123,10664,7449,2798,32034,670,565,925,2160,34194
22-08-2017,5,11353,11110,7997,3002,33462,738,634,1036,2408,35870
22-08-2017,6,12290,12719,8600,3467,37076,865,747,1186,2798,39874
22-08-2017,7,13525,14311,8872,4021,40729,979,867,1325,3171,43900
22-08-2017,8,13724,14949,8936,4283,41892,1028,932,1389,3349,45241
22-08-2017,9,13748,15101,8927,4292,42068,1041,947,1393,3381,45449
22-08-2017,10,13635,15148,8988,4321,42092,1037,947,1389,3373,45465
22-08-2017,11,13459,15090,9016,4393,41958,1007,917,1377,3301,45259
22-08-2017,12,13454,14855,9019,4352,41680,1028,940,1408,3376,45056
22-08-2017,13,13374,14781,8964,4375,41494,1015,937,1386,3338,44832
22-08-2017,14,13169,14648,8926,4268,41011,1022,925,1369,3316,44327
22-08-2017,15,13118,14504,8921,4075,40618,1009,899,1330,3238,43856
22-08-2017,16,13168,14312,8884,4160,40524,991,876,1294,3161,43685
22-08-2017,17,12991,14495,8775,4475,40736,962,852,1277,3091,43827
22-08-2017,18,12813,14376,8917,4503,40609,939,827,1258,3024,43633
22-08-2017,19,12832,14253,8887,4417,40389,920,819,1261,3000,43389
22-08-2017,20,12849,14299,8619,4304,40071,927,841,1300,3068,43139
22-08-2017,21,13031,13966,8573,4218,39788,868,776,1170,2814,42602
22-08-2017,22,12662,13060,8224,3882,37828,774,680,1014,2468,40296
22-08-2017,23,12099,12059,7711,3521,35390,713,609,934,2256,37646
23-08-2017,0,11363,11451,7402,3311,33527,678,568,899,2145,35672
23-08-2017,1,11041,11298,7249,3205,32793,662,554,880,2096,34889
23-08-2017,2,10942,10976,7271,3171,32360,653,541,872,2066,34426
23-08-2017,3,10900,10999,7287,3189,32375,659,548,875,2082,34457
23-08-2017,4,10950,11090,7461,3251,32752,683,568,908,2159,34911
23-08-2017,5,11220,11587,7974,3466,34247,753,638,1025,2416,36663
23-08-2017,6,12159,13094,8486,3949,37688,873,747,1174,2794,40482
23-08-2017,7,13359,14612,8732,4438,41141,978,872,1306,3156,44297
23-08-2017,8,13638,15092,8811,4378,41919,1031,930,1370,3331,45250
23-08-2017,9,13456,14956,8881,4359,41652,1040,944,1379,3363,45015
23-08-2017,10,13345,15013,8953,4457,41768,1037,941,1374,3352,45120
23-08-2017,11,13253,15147,9084,4443,41927,1025,907,1359,3291,45218
23-08-2017,12,13079,15139,9058,4388,41664,1043,925,1364,3332,44996
23-08-2017,13,13049,14925,8924,4398,41296,1025,923,1348,3296,44592
23-08-2017,14,13107,14946,8954,4308,41315,1011,907,1343,3261,44576
23-08-2017,15,13093,14942,8890,4158,41083,989,894,1301,3184,44267
23-08-2017,16,12983,14537,8811,4106,40437,974,872,1272,3118,43555
23-08-2017,17,12871,14686,8780,4290,40627,956,864,1248,3068,43695
23-08-2017,18,12822,14424,8903,4209,40358,943,854,1249,3046,43404
23-08-2017,19,12756,14367,8942,4009,40074,935,867,1282,3084,43158
23-08-2017,20,12880,14489,8696,3881,39946,945,857,1276,3078,43024
23-08-2017,21,13128,14081,8647,3807,39663,876,777,1143,2796,42459
23-08-2017,22,12792,13269,8305,3458,37824,776,672,992,2440,40264
23-08-2017,23,12067,12477,7752,3105,35401,714,604,913,2231,37632
24-08-2017,0,11309,11730,7429,2890,33358,680,570,862,2112,35470
24-08-2017,1,11032,11459,7313,2775,32579,657,554,842,2053,34632
24-08-2017,2,10855,11449,7265,2728,32297,650,543,840,2033,34330
24-08-2017,3,10831,11489,7294,2729,32343,653,550,843,2046,34389
24-08-2017,4,10909,11717,7470,2786,32882,680,570,885,2135,35017
24-08-2017,5,11250,12209,8028,2980,34467,753,643,1009,2405,36872
24-08-2017,6,12072,13483,8630,3478,37663,873,751,1160,2784,40447
24-08-2017,7,13456,14848,8967,4037,41308,988,867,1308,3163,44471
24-08-2017,8,13690,15362,9079,4290,42421,1048,929,1376,3353,45774
24-08-2017,9,13497,15571,9032,4378,42478,1055,944,1385,3384,45862
24-08-2017,10,13471,15730,9024,4474,42699,1053,941,1380,3374,46073
24-08-2017,11,13307,15489,9000,4459,42255,1034,913,1350,3297,45552
24-08-2017,12,13284,15454,8931,4384,42053,1053,938,1365,3356,45409
24-08-2017,13,13265,15266,8932,4379,41842,1034,934,1343,3311,45153
24-08-2017,14,13324,15216,8886,4304,41730,1026,917,1311,3254,44984
24-08-2017,15,13463,15187,8831,4206,41687,995,899,1273,3167,44854
24-08-2017,16,13473,14953,8774,4189,41389,967,863,1242,3072,44461
24-08-2017,17,13407,15137,8770,4373,41687,948,858,1243,3049,44736
24-08-2017,18,13232,14785,8838,4249,41104,923,843,1242,3008,44112
24-08-2017,19,13347,14774,8885,4030,41036,921,832,1261,3014,44050
24-08-2017,20,13379,15180,8824,3878,41261,947,847,1302,3096,44357
24-08-2017,21,13244,14490,8790,3788,40312,882,775,1169,2826,43138
24-08-2017,22,12771,13051,8491,3472,37785,787,679,1024,2490,40275
24-08-2017,23,12135,12070,7985,3110,35300,722,611,945,2278,37578
25-08-2017,0,11484,11412,7659,2903,33458,691,566,891,2148,35606
25-08-2017,1,11173,11179,7503,2781,32636,672,547,864,2083,34719
25-08-2017,2,11003,11060,7524,2714,32301,661,538,858,2057,34358
25-08-2017,3,10960,10996,7666,2695,32317,670,547,864,2081,34398
25-08-2017,4,11054,10982,7840,2749,32625,693,567,906,2166,34791
25-08-2017,5,11291,11615,8456,2966,34328,754,630,1021,2405,36733
25-08-2017,6,12146,13058,9048,3456,37708,867,746,1184,2797,40505
25-08-2017,7,13481,14929,9294,4015,41719,992,862,1329,3183,44902
25-08-2017,8,13774,15605,9414,4257,43050,1044,924,1408,3376,46426
25-08-2017,9,13648,15598,9316,4312,42874,1057,935,1411,3403,46277
25-08-2017,10,13546,15858,9325,4405,43134,1058,929,1413,3400,46534
25-08-2017,11,13376,15716,9261,4335,42688,1044,901,1388,3333,46021
25-08-2017,12,13219,15426,9195,4233,42073,1058,919,1391,3368,45441
25-08-2017,13,13028,15207,9084,4140,41459,1035,910,1368,3313,44772
25-08-2017,14,12947,14977,9078,3992,40994,1016,895,1338,3249,44243
25-08-2017,15,12777,14507,9059,3891,40234,986,877,1308,3171,43405
25-08-2017,16,12723,14314,9121,3857,40015,973,853,1291,3117,43132
25-08-2017,17,12660,14552,9132,3997,40341,954,832,1249,3035,43376
25-08-2017,18,12584,14532,9201,3926,40243,931,815,1230,2976,43219
25-08-2017,19,12522,14214,9137,3709,39582,924,832,1243,2999,42581
25-08-2017,20,12442,13939,9072,3541,38994,933,839,1274,3046,42040
25-08-2017,21,12593,13585,9077,3498,38753,865,765,1151,2781,41534
25-08-2017,22,12167,12818,8718,3248,36951,767,682,1012,2461,39412
25-08-2017,23,11764,12231,8162,2972,35129,709,617,936,2262,37391
26-08-2017,0,11361,11420,7864,2758,33403,671,579,884,2134,35537
26-08-2017,1,11003,11004,7673,2624,32304,655,565,857,2077,34381
26-08-2017,2,10838,10850,7568,2541,31797,643,558,846,2047,33844
26-08-2017,3,10765,10726,7585,2507,31583,642,551,852,2045,33628
26-08-2017,4,10810,10770,7607,2517,31704,643,551,862,2056,33760
26-08-2017,5,10841,10716,7684,2570,31811,639,563,895,2097,33908
26-08-2017,6,10835,10899,7893,2668,32295,691,626,986,2303,34598
26-08-2017,7,11265,11742,8167,2960,34134,757,709,1096,2562,36696
26-08-2017,8,11866,12896,8459,3317,36538,830,782,1199,2811,39349
26-08-2017,9,12404,13312,8605,3529,37850,854,811,1240,2905,40755
26-08-2017,10,12643,13631,8700,3653,38627,848,810,1241,2899,41526
26-08-2017,11,12640,13718,8612,3635,38605,843,799,1230,2872,41477
26-08-2017,12,12447,13379,8522,3576,37924,843,790,1221,2854,40778
26-08-2017,13,12345,13069,8510,3522,37446,827,788,1193,2808,40254
26-08-2017,14,12216,12832,8477,3450,36975,823,770,1168,2761,39736
26-08-2017,15,12184,12875,8522,3418,36999,815,761,1156,2732,39731
26-08-2017,16,12183,12887,8614,3473,37157,815,754,1146,2715,39872
26-08-2017,17,12200,13276,8715,3693,37884,828,750,1131,2709,40593
26-08-2017,18,12333,13181,8820,3693,38027,825,747,1131,2703,40730
26-08-2017,19,12304,12924,8770,3519,37517,809,761,1152,2722,40239
26-08-2017,20,12215,12979,8743,3401,37338,835,790,1189,2814,40152
26-08-2017,21,12220,12681,8893,3307,37101,787,724,1087,2598,39699
26-08-2017,22,11936,12220,8676,3091,35923,718,650,980,2348,38271
26-08-2017,23,11585,11665,8172,2863,34285,667,593,902,2162,36447
27-08-2017,0,11219,11178,7849,2684,32930,637,549,874,2060,34990
27-08-2017,1,10986,10938,7671,2581,32176,619,534,846,1999,34175
27-08-2017,2,10785,10740,7586,2503,31614,604,524,831,1959,33573
27-08-2017,3,10753,10788,7583,2479,31603,602,522,825,1949,33552
27-08-2017,4,10802,10841,7485,2466,31594,605,520,833,1958,33552
27-08-2017,5,10784,10624,7471,2505,31384,598,519,835,1952,33336
27-08-2017,6,10777,10669,7490,2541,31477,644,562,894,2100,33577
27-08-2017,7,11068,11045,7773,2753,32639,719,638,996,2353,34992
27-08-2017,8,11307,11813,8045,3091,34256,774,711,1096,2581,36837
27-08-2017,9,11763,12478,8278,3309,35828,807,747,1151,2705,38533
27-08-2017,10,12019,12946,8339,3408,36712,807,754,1172,2733,39445
27-08-2017,11,11960,12847,8330,3433,36570,805,751,1181,2737,39307
27-08-2017,12,11810,12919,8308,3393,36430,802,746,1183,2731,39161
27-08-2017,13,11718,12765,8272,3394,36149,800,745,1183,2728,38877
27-08-2017,14,11671,12637,8252,3372,35932,796,747,1167,2710,38642
27-08-2017,15,11725,12617,8361,3344,36047,796,739,1156,2691,38738
27-08-2017,16,11797,12686,8449,3428,36360,806,744,1161,2711,39071
27-08-2017,17,11803,12748,8535,3734,36820,810,748,1170,2728,39548
27-08-2017,18,11916,12968,8619,3752,37255,814,754,1187,2755,40010
27-08-2017,19,12119,13153,8671,3594,37537,833,779,1224,2836,40373
27-08-2017,20,12345,13406,8704,3526,37981,864,800,1211,2875,40856
27-08-2017,21,12594,12931,8899,3427,37851,793,722,1079,2594,40445
27-08-2017,22,12264,12241,8748,3145,36398,720,641,965,2326,38724
27-08-2017,23,11649,11525,8265,2876,34315,666,579,880,2125,36440
28-08-2017,0,11111,11080,7949,2714,32854,631,541,843,2015,34869
28-08-2017,1,10874,10820,7821,2619,32134,615,524,817,1956,34090
28-08-2017,2,10810,11089,7807,2584,32290,613,524,813,1950,34240
28-08-2017,3,10798,11146,7883,2593,32420,622,537,822,1981,34401
28-08-2017,4,10764,11286,8108,2670,32828,644,562,880,2086,34914
28-08-2017,5,11127,11842,8693,2917,34579,727,619,1017,2363,36942
28-08-2017,6,12025,13504,9314,3463,38306,858,743,1179,2780,41086
28-08-2017,7,13309,14976,9550,4050,41885,978,869,1326,3173,45058
28-08-2017,8,13682,15595,9545,4318,43140,1033,935,1404,3372,46512
28-08-2017,9,13798,15624,9528,4421,43371,1038,947,1419,3404,46775
28-08-2017,10,13547,15635,9474,4535,43191,1036,939,1416,3391,46582
28-08-2017,11,13545,15448,9396,4525,42914,1022,910,1398,3330,46244
28-08-2017,12,13464,15393,9415,4460,42732,1036,941,1434,3411,46143
28-08-2017,13,13441,15311,9302,4476,42530,1015,932,1422,3369,45899
28-08-2017,14,13450,15187,9292,4398,42327,1006,910,1404,3320,45647
28-08-2017,15,13512,14911,9140,4257,41820,976,901,1361,3238,45058
28-08-2017,16,13538,14854,9106,4226,41724,956,878,1325,3159,44883
28-08-2017,17,13367,14583,8977,4413,41340,923,866,1294,3083,44423
28-08-2017,18,13186,14555,9063,4316,41120,905,848,1282,3035,44155
28-08-2017,19,13163,14345,9050,4105,40663,914,858,1310,3082,43745
28-08-2017,20,13091,14220,8936,3977,40224,953,894,1361,3208,43432
28-08-2017,21,12966,13659,8789,3780,39194,866,796,1206,2868,42062
28-08-2017,22,12476,12683,8448,3442,37049,778,706,1060,2544,39593
28-08-2017,23,11634,11670,7917,3094,34315,708,619,968,2295,36610
29-08-2017,0,11012,11157,7592,2884,32645,670,575,915,2160,34805
29-08-2017,1,10669,10959,7428,2791,31847,649,556,890,2095,33942
29-08-2017,2,10512,10810,7417,2710,31449,642,552,888,2082,33531
29-08-2017,3,10424,10897,7515,2687,31523,650,558,899,2107,33630
29-08-2017,4,10445,10904,7863,2747,31959,675,574,943,2192,34151
29-08-2017,5,10846,11377,8297,3007,33527,754,646,1060,2460,35987
29-08-2017,6,11894,12576,8908,3509,36887,878,768,1218,2864,39751
29-08-2017,7,13179,13979,9219,4059,40436,994,891,1349,3234,43670
29-08-2017,8,13405,14574,9389,4252,41620,1047,962,1402,3411,45031
29-08-2017,9,13401,14772,9418,4411,42002,1041,965,1408,3414,45416
29-08-2017,10,13328,14764,9462,4482,42036,1033,966,1420,3419,45455
29-08-2017,11,13446,15013,9422,4509,42390,1015,932,1409,3356,45746
29-08-2017,12,13132,14894,9330,4426,41782,1027,955,1427,3409,45191
29-08-2017,13,13064,14752,9347,4443,41606,1035,949,1412,3396,45002
29-08-2017,14,13111,14506,9275,4379,41271,1023,932,1388,3343,44614
29-08-2017,15,13551,14430,9245,4218,41444,1000,915,1350,3265,44709
29-08-2017,16,13367,14215,9163,4187,40932,970,888,1321,3179,44111
29-08-2017,17,13230,14615,9141,4366,41352,947,870,1287,3104,44456
29-08-2017,18,13120,14591,9197,4281,41189,934,857,1276,3067,44256
29-08-2017,19,13098,14540,9203,4043,40884,932,863,1311,3106,43990
29-08-2017,20,13177,14568,8969,3942,40656,959,875,1352,3186,43842
29-08-2017,21,13143,13816,8904,3810,39673,856,777,1175,2808,42481
29-08-2017,22,12639,12650,8546,3466,37301,764,677,1017,2458,39759
29-08-2017,23,11866,11497,8053,3098,34514,707,603,931,2241,36755
30-08-2017,0,11286,11068,7688,2866,32908,675,566,880,2121,35029
30-08-2017,1,10843,10841,7503,2741,31928,654,545,853,2052,33980
30-08-2017,2,10725,10643,7507,2718,31593,648,543,848,2039,33632
30-08-2017,3,10720,10817,7549,2734,31820,640,555,853,2048,33868
30-08-2017,4,10774,10918,7945,2802,32439,670,581,900,2151,34590
30-08-2017,5,11236,11436,8505,3056,34233,751,638,1030,2419,36652
30-08-2017,6,12157,13181,9020,3600,37958,865,763,1196,2824,40782
30-08-2017,7,13471,14989,9331,4136,41927,975,892,1339,3206,45133
30-08-2017,8,13733,15225,9551,4409,42918,1029,964,1394,3387,46305
30-08-2017,9,13612,15447,9533,4466,43058,1032,968,1390,3390,46448
30-08-2017,10,13568,15412,9465,4603,43048,1041,977,1394,3412,46460
30-08-2017,11,13463,15565,9433,4615,43076,1033,953,1374,3360,46436
30-08-2017,12,13326,15396,9329,4565,42616,1058,979,1391,3428,46044
30-08-2017,13,13225,15520,9297,4566,42608,1037,973,1374,3384,45992
30-08-2017,14,13254,15376,9271,4462,42363,1031,965,1362,3358,45721
30-08-2017,15,13258,15299,9102,4299,41958,1004,959,1338,3301,45259
30-08-2017,16,13289,15224,8974,4267,41754,983,931,1320,3234,44988
30-08-2017,17,13112,15143,8957,4476,41688,963,914,1306,3183,44871
30-08-2017,18,13099,14975,9034,4347,41455,947,886,1290,3123,44578
30-08-2017,19,13063,14604,9128,4077,40872,965,878,1314,3157,44029
30-08-2017,20,13196,14387,8966,3930,40479,965,893,1331,3189,43668
30-08-2017,21,13080,13759,8813,3701,39353,874,796,1179,2849,42202
30-08-2017,22,12530,12618,8417,3360,36925,778,694,1024,2496,39421
30-08-2017,23,11900,11833,7858,3064,34655,714,620,936,2270,36925
31-08-2017,0,11313,11259,7570,2879,33021,683,580,886,2149,35170
31-08-2017,1,10885,11029,7417,2774,32105,665,563,865,2093,34198
31-08-2017,2,10714,10984,7423,2750,31871,653,551,855,2059,33930
31-08-2017,3,10614,10935,7389,2751,31689,654,554,861,2069,33758
31-08-2017,4,10744,11089,7676,2807,32316,684,577,902,2163,34479
31-08-2017,5,11257,11718,8208,3024,34207,759,642,1025,2426,36633
31-08-2017,6,12242,13269,8786,3582,37879,880,758,1183,2821,40700
31-08-2017,7,13487,14713,9171,4133,41504,995,889,1319,3203,44707
31-08-2017,8,13811,15451,9319,4402,42983,1038,955,1379,3372,46355
31-08-2017,9,13694,15482,9367,4474,43017,1040,964,1380,3384,46401
31-08-2017,10,13576,15707,9460,4558,43301,1036,968,1382,3386,46687
31-08-2017,11,13466,15698,9398,4521,43083,1030,939,1370,3339,46422
31-08-2017,12,13380,15575,9359,4422,42736,1049,964,1387,3400,46136
31-08-2017,13,13432,15471,9255,4424,42582,1042,962,1388,3392,45974
31-08-2017,14,13358,15144,9288,4341,42131,1029,940,1382,3351,45482
31-08-2017,15,13348,15053,9168,4182,41751,1004,921,1354,3279,45030
31-08-2017,16,13290,14783,9199,4091,41363,990,897,1321,3208,44571
31-08-2017,17,13302,14848,9207,4290,41647,972,882,1322,3176,44823
31-08-2017,18,13267,14730,9355,4193,41545,956,861,1312,3129,44674
31-08-2017,19,13244,14667,9420,4001,41332,968,886,1349,3203,44535
31-08-2017,20,13443,14735,9105,3895,41178,970,895,1363,3228,44406
31-08-2017,21,13344,13818,8944,3728,39834,882,789,1191,2862,42696
31-08-2017,22,12747,12777,8644,3396,37564,777,684,1033,2494,40058
31-08-2017,23,11999,11913,8090,3047,35049,710,615,940,2265,37314
01-09-2017,0,11350,11415,7676,2857,33298,677,574,883,2134,35432
01-09-2017,1,10966,11207,7514,2729,32416,658,551,855,2064,34480
01-09-2017,2,10785,11051,7436,2689,31961,646,541,848,2035,33996
01-09-2017,3,10891,10904,7530,2709,32034,651,550,856,2057,34091
01-09-2017,4,10951,11005,7768,2773,32497,680,570,908,2158,34655
01-09-2017,5,11455,11499,8358,3009,34321,758,652,1038,2448,36769
01-09-2017,6,12314,13199,8904,3554,37971,884,778,1224,2886,40857
01-09-2017,7,13577,14872,9200,4092,41741,1004,894,1364,3262,45003
01-09-2017,8,14087,15577,9349,4015,43028,1045,925,1407,3377,46405
01-09-2017,9,13883,15613,9351,4332,43179,1042,920,1387,3349,46528
01-09-2017,10,13781,15405,9277,4454,42917,1029,915,1386,3330,46247
01-09-2017,11,13598,15299,9193,4414,42504,1009,895,1390,3294,45798
01-09-2017,12,13472,14996,9147,4301,41916,1041,918,1418,3377,45293
01-09-2017,13,13222,14778,9102,4184,41286,1026,907,1395,3328,44614
01-09-2017,14,13063,14318,8963,4016,40360,1003,888,1372,3263,43623
01-09-2017,15,12838,14085,8864,3871,39658,968,875,1334,3177,42835
01-09-2017,16,12782,13783,8861,3841,39267,945,847,1316,3108,42375
01-09-2017,17,12704,13669,8930,3982,39285,928,832,1295,3055,42340
01-09-2017,18,12729,13887,9046,3935,39597,901,816,1287,3004,42601
01-09-2017,19,12747,13800,9152,3703,39402,912,844,1335,3091,42493
01-09-2017,20,12957,13788,9070,3591,39406,925,833,1298,3056,42462
01-09-2017,21,12806,13091,8967,3486,38350,847,755,1159,2761,41111
01-09-2017,22,12373,12545,8639,3208,36765,749,672,1025,2446,39211
01-09-2017,23,11907,11539,8090,2951,34487,699,609,944,2252,36739
02-09-2017,0,11384,11240,7731,2740,33095,663,569,898,2130,35225
02-09-2017,1,11102,10983,7634,2601,32320,642,548,863,2053,34373
02-09-2017,2,10925,10830,7640,2537,31932,633,539,855,2027,33959
02-09-2017,3,10868,10865,7663,2498,31894,630,530,857,2017,33911
02-09-2017,4,10932,10855,7761,2505,32053,640,539,872,2051,34104
02-09-2017,5,10927,10920,7846,2571,32264,636,562,914,2112,34376
02-09-2017,6,10975,10716,8029,2675,32395,680,615,987,2282,34677
02-09-2017,7,11345,11520,8272,2936,34073,754,704,1108,2566,36639
02-09-2017,8,11952,12601,8539,3258,36350,836,778,1201,2815,39165
02-09-2017,9,12388,13263,8617,3487,37755,861,824,1228,2913,40668
02-09-2017,10,12600,13472,8620,3602,38294,863,826,1241,2930,41224
02-09-2017,11,12553,13401,8525,3569,38048,859,831,1236,2926,40974
02-09-2017,12,12339,13159,8523,3513,37534,864,839,1227,2930,40464
02-09-2017,13,12180,12957,8479,3486,37102,853,828,1204,2885,39987
02-09-2017,14,12022,12812,8488,3430,36752,845,798,1181,2824,39576
02-09-2017,15,11851,12741,8530,3354,36476,843,788,1169,2800,39276
02-09-2017,16,11900,12823,8661,3395,36779,847,780,1159,2786,39565
02-09-2017,17,12064,13176,8745,3601,37586,860,772,1151,2783,40369
02-09-2017,18,12078,12974,8872,3596,37520,848,771,1162,2781,40301
02-09-2017,19,12199,13047,8910,3436,37592,867,791,1203,2861,40453
02-09-2017,20,12231,13398,8858,3371,37858,855,777,1190,2822,40680
02-09-2017,21,12233,13032,8931,3279,37475,789,709,1083,2581,40056
02-09-2017,22,11771,12342,8611,3050,35774,710,637,975,2322,38096
02-09-2017,23,11547,11665,8118,2825,34155,666,587,883,2136,36291
03-09-2017,0,11185,11150,7771,2628,32734,627,551,830,2008,34742
03-09-2017,1,10786,10765,7603,2527,31681,605,528,805,1938,33619
03-09-2017,2,10725,10485,7559,2474,31243,593,520,795,1908,33151
03-09-2017,3,10744,10605,7572,2463,31384,590,518,795,1903,33287
03-09-2017,4,10748,10787,7626,2465,31626,583,528,809,1920,33546
03-09-2017,5,10760,10842,7587,2511,31700,598,541,832,1971,33671
03-09-2017,6,10704,10778,7680,2559,31721,627,578,887,2092,33813
03-09-2017,7,10926,11184,7882,2791,32783,702,652,996,2350,35133
03-09-2017,8,11442,11927,8091,3123,34583,771,719,1095,2585,37168
03-09-2017,9,11856,12687,8268,3344,36155,807,757,1152,2716,38871
03-09-2017,10,12096,13072,8319,3483,36970,818,767,1170,2755,39725
03-09-2017,11,11982,13168,8276,3483,36909,813,768,1176,2757,39666
03-09-2017,12,11884,13145,8223,3431,36683,811,769,1177,2757,39440
03-09-2017,13,11826,13268,8154,3377,36625,805,771,1166,2742,39367
03-09-2017,14,11808,13084,8116,3360,36368,803,761,1163,2727,39095
03-09-2017,15,11713,12932,8136,3348,36129,806,762,1167,2735,38864
03-09-2017,16,11701,12990,8206,3437,36334,814,767,1182,2763,39097
03-09-2017,17,11763,13299,8327,3754,37143,823,770,1205,2798,39941
03-09-2017,18,11962,13489,8550,3766,37767,833,782,1217,2832,40599
03-09-2017,19,12102,13623,8659,3590,37974,877,828,1267,2972,40946
03-09-2017,20,12366,13784,8721,3536,38407,875,810,1229,2914,41321
03-09-2017,21,12450,13188,8784,3393,37815,790,725,1071,2586,40401
03-09-2017,22,12055,12651,8643,3092,36441,708,642,943,2293,38734
03-09-2017,23,11427,11682,8177,2821,34107,657,582,852,2091,36198
04-09-2017,0,11112,11049,7935,2642,32738,629,554,811,1994,34732
04-09-2017,1,10748,10897,7802,2563,32010,613,532,797,1942,33952
04-09-2017,2,10683,11080,7758,2539,32060,606,532,798,1936,33996
04-09-2017,3,10653,11112,7863,2554,32182,616,543,808,1967,34149
04-09-2017,4,10725,11304,8240,2624,32893,657,570,872,2099,34992
04-09-2017,5,10935,11894,8805,2877,34511,749,666,1084,2499,37010
04-09-2017,6,12015,13831,9395,3431,38672,878,791,1251,2920,41592
04-09-2017,7,13335,15337,9603,3994,42269,996,906,1373,3275,45544
04-09-2017,8,13641,15923,9652,4262,43478,1036,967,1429,3432,46910
04-09-2017,9,13647,16218,9620,4343,43828,1036,976,1434,3446,47274
04-09-2017,10,13562,16447,9586,4399,43994,1029,969,1425,3423,47417
04-09-2017,11,13382,16363,9492,4422,43659,1010,940,1404,3354,47013
04-09-2017,12,13337,16149,9406,4381,43273,1036,971,1425,3432,46705
04-09-2017,13,13231,15750,9277,4378,42636,1031,976,1407,3414,46050
04-09-2017,14,13351,15681,9162,4296,42490,1016,950,1389,3355,45845
04-09-2017,15,13531,15940,9070,4163,42704,986,934,1355,3275,45979
04-09-2017,16,13538,15774,9097,4117,42526,963,894,1313,3170,45696
04-09-2017,17,13374,15832,9058,4406,42670,951,883,1311,3145,45815
04-09-2017,18,13415,15685,9140,4279,42519,950,885,1313,3148,45667
04-09-2017,19,13315,15504,9263,4053,42135,966,906,1369,3241,45376
04-09-2017,20,13457,15074,9125,3958,41614,972,875,1340,3187,44801
04-09-2017,21,13132,14137,8979,3728,39976,879,778,1165,2822,42798
04-09-2017,22,12655,13279,8654,3379,37967,752,667,1006,2425,40392
04-09-2017,23,11716,12294,8120,3039,35169,708,593,912,2213,37382
05-09-2017,0,11309,11962,7745,2829,33845,678,565,867,2110,35955
05-09-2017,1,11011,11619,7561,2736,32927,662,545,856,2063,34990
05-09-2017,2,10898,11462,7564,2693,32617,656,532,847,2035,34652
05-09-2017,3,10784,11459,7738,2689,32670,665,535,856,2056,34726
05-09-2017,4,10928,11673,8095,2768,33464,699,569,910,2178,35642
05-09-2017,5,11071,12353,8698,3016,35138,790,669,1095,2554,37692
05-09-2017,6,12123,14012,9202,3576,38913,919,802,1253,2974,41887
05-09-2017,7,13316,15368,9531,4135,42350,1012,920,1378,3310,45660
05-09-2017,8,13663,15680,9609,4374,43326,1050,989,1425,3464,46790
05-09-2017,9,13682,15850,9502,4433,43467,1035,992,1430,3457,46924
05-09-2017,10,13666,15972,9464,4499,43601,1028,980,1421,3429,47030
05-09-2017,11,13568,15819,9378,4487,43252,1003,956,1401,3360,46612
05-09-2017,12,13578,15807,9314,4415,43114,1033,957,1424,3414,46528
05-09-2017,13,13651,15869,9249,4466,43235,1025,952,1415,3392,46627
05-09-2017,14,13601,15770,9166,4370,42907,1015,932,1403,3350,46257
05-09-2017,15,13670,15746,9129,4235,42780,988,908,1364,3260,46040
05-09-2017,16,13706,15528,9123,4198,42555,970,876,1320,3166,45721
05-09-2017,17,13534,15586,9083,4387,42590,956,865,1324,3145,45735
05-09-2017,18,13474,15694,9230,4288,42686,947,858,1328,3133,45819
05-09-2017,19,13490,15537,9417,4086,42530,980,895,1365,3240,45770
05-09-2017,20,13500,15269,9228,4018,42015,983,878,1322,3183,45198
05-09-2017,21,13198,14344,9083,3723,40348,885,784,1165,2834,43182
05-09-2017,22,12688,13375,8749,3349,38161,786,685,1019,2490,40651
05-09-2017,23,11559,12311,8272,3020,35162,713,596,918,2227,37389
06-09-2017,0,11087,11777,8014,2826,33704,690,565,881,2136,35840
06-09-2017,1,10857,11459,7916,2739,32971,677,549,869,2095,35066
06-09-2017,2,10879,11197,7928,2710,32714,671,547,862,2080,34794
06-09-2017,3,10901,11178,8064,2710,32853,671,553,871,2095,34948
06-09-2017,4,10888,11375,8412,2781,33456,707,578,931,2216,35672
06-09-2017,5,11129,12249,8949,3025,35352,798,673,1119,2590,37942
06-09-2017,6,12220,13873,9498,3623,39214,931,806,1271,3008,42222
06-09-2017,7,13325,15462,9672,4185,42644,1023,921,1396,3340,45984
06-09-2017,8,13686,15733,9638,4502,43559,1057,970,1445,3472,47031
06-09-2017,9,13543,15771,9505,4538,43357,1044,976,1434,3454,46811
06-09-2017,10,13535,15858,9455,4613,43461,1037,951,1414,3402,46863
06-09-2017,11,13420,15903,9448,4608,43379,1012,924,1403,3339,46718
06-09-2017,12,13395,15882,9357,4559,43193,1033,944,1425,3402,46595
06-09-2017,13,13403,15835,9300,4566,43104,1042,949,1435,3426,46530
06-09-2017,14,13437,15742,9278,4495,42952,1034,944,1412,3390,46342
06-09-2017,15,13433,15714,9230,4351,42728,1009,918,1366,3293,46021
06-09-2017,16,13533,15537,9283,4298,42651,982,882,1318,3182,45833
06-09-2017,17,13326,15787,9289,4482,42884,980,873,1313,3166,46050
06-09-2017,18,13222,15655,9518,4307,42702,973,856,1310,3139,45841
06-09-2017,19,13288,15550,9707,4113,42658,990,896,1380,3266,45924
06-09-2017,20,13367,15303,9448,4073,42191,998,891,1361,3250,45441
06-09-2017,21,13167,14601,9267,3792,40827,883,780,1197,2860,43687
06-09-2017,22,12695,13545,8917,3461,38618,782,674,1018,2474,41092
06-09-2017,23,12005,12709,8452,3170,36336,727,603,930,2260,38596
07-09-2017,0,11465,12111,8162,2985,34723,697,572,898,2167,36890
07-09-2017,1,11112,11940,8043,2859,33954,680,551,877,2108,36062
07-09-2017,2,11063,11904,8000,2779,33746,674,547,869,2090,35836
07-09-2017,3,11023,11810,8060,2788,33681,671,553,879,2103,35784
07-09-2017,4,11112,12030,8329,2870,34341,710,585,941,2236,36577
07-09-2017,5,11373,12734,8911,3079,36097,811,682,1126,2619,38716
07-09-2017,6,12565,14213,9398,3630,39806,934,808,1282,3024,42830
07-09-2017,7,13857,15734,9643,4152,43386,1040,927,1394,3361,46747
07-09-2017,8,13960,16192,9641,4343,44136,1074,978,1434,3486,47622
07-09-2017,9,13756,16117,9618,4409,43900,1079,983,1420,3482,47382
07-09-2017,10,13571,16025,9615,4508,43719,1075,964,1415,3454,47173
07-09-2017,11,13449,15842,9629,4487,43407,1059,932,1405,3396,46803
07-09-2017,12,13367,15969,9630,4424,43390,1086,962,1427,3475,46865
07-09-2017,13,13472,15938,9575,4448,43433,1074,951,1404,3429,46862
07-09-2017,14,13512,15663,9629,4385,43189,1067,925,1396,3388,46577
07-09-2017,15,13563,15837,9647,4282,43329,1037,910,1369,3316,46645
07-09-2017,16,13592,15662,9652,4276,43182,1020,874,1331,3225,46407
07-09-2017,17,13529,15781,9553,4443,43306,1007,868,1316,3191,46497
07-09-2017,18,13400,15622,9672,4385,43079,1000,863,1311,3174,46253
07-09-2017,19,13384,15735,9797,4181,43097,1021,901,1393,3315,46412
07-09-2017,20,13610,15698,9387,4066,42761,994,872,1344,3210,45971
07-09-2017,21,13382,14900,9214,3741,41237,893,781,1179,2853,44090
07-09-2017,22,12808,13834,8882,3356,38880,797,685,1039,2521,41401
07-09-2017,23,12137,12852,8352,3053,36394,729,604,937,2270,38664
08-09-2017,0,11623,12120,8012,2828,34583,698,571,900,2169,36752
08-09-2017,1,11303,11901,7843,2716,33763,685,546,874,2105,35868
08-09-2017,2,11150,11684,7824,2677,33335,681,547,866,2094,35429
08-09-2017,3,11118,11708,7877,2672,33375,688,554,875,2117,35492
08-09-2017,4,11209,11748,8119,2744,33820,720,584,928,2232,36052
08-09-2017,5,11496,12571,8901,2982,35950,820,671,1114,2605,38555
08-09-2017,6,12483,14043,9381,3570,39477,945,798,1272,3015,42492
08-09-2017,7,13789,15491,9659,4100,43039,1045,908,1379,3332,46371
08-09-2017,8,13999,15790,9751,4313,43853,1087,954,1406,3447,47300
08-09-2017,9,13927,16006,9698,4376,44007,1081,959,1398,3438,47445
08-09-2017,10,14015,16097,9663,4464,44239,1073,947,1392,3412,47651
08-09-2017,11,13906,16243,9618,4459,44226,1046,916,1377,3339,47565
08-09-2017,12,13795,15939,9530,4351,43615,1063,934,1399,3396,47011
08-09-2017,13,13643,15459,9440,4242,42784,1037,926,1380,3343,46127
08-09-2017,14,13640,15286,9398,4084,42408,1028,906,1376,3310,45718
08-09-2017,15,13479,15331,9363,3962,42135,998,892,1367,3257,45392
08-09-2017,16,13524,15086,9356,3953,41919,986,875,1343,3204,45123
08-09-2017,17,13523,15167,9373,4151,42214,969,863,1334,3166,45380
08-09-2017,18,13467,15105,9450,4061,42083,956,867,1342,3165,45248
08-09-2017,19,13471,15028,9581,3787,41867,993,901,1390,3284,45151
08-09-2017,20,13496,14651,9328,3683,41158,965,866,1338,3169,44327
08-09-2017,21,13025,13804,9154,3426,39409,884,778,1180,2842,42251
08-09-2017,22,12479,13119,8791,3191,37580,781,677,1015,2473,40053
08-09-2017,23,11962,12566,8275,2940,35743,721,605,932,2258,38001
09-09-2017,0,11731,11928,7816,2726,34201,690,571,887,2148,36349
09-09-2017,1,11286,11472,7648,2620,33026,668,546,858,2072,35098
09-09-2017,2,11065,11387,7633,2541,32626,659,537,844,2040,34666
09-09-2017,3,11020,11273,7694,2500,32487,653,539,844,2036,34523
09-09-2017,4,11038,11279,7771,2511,32599,664,552,864,2080,34679
09-09-2017,5,11094,11234,7906,2569,32803,677,579,917,2173,34976
09-09-2017,6,11269,11502,8002,2702,33475,715,634,995,2344,35819
09-09-2017,7,11615,12102,8335,2956,35008,797,723,1122,2642,37650
09-09-2017,8,12209,13202,8651,3297,37359,880,796,1206,2882,40241
09-09-2017,9,12760,13922,8736,3526,38944,909,817,1211,2937,41881
09-09-2017,10,13075,14327,8846,3623,39871,911,814,1217,2942,42813
09-09-2017,11,12965,14426,8863,3633,39887,904,802,1207,2913,42800
09-09-2017,12,12747,14255,8775,3595,39372,902,794,1188,2884,42256
09-09-2017,13,12692,14136,8803,3582,39213,893,782,1202,2877,42090
09-09-2017,14,12571,13813,8922,3569,38875,879,775,1202,2856,41731
09-09-2017,15,12298,13816,9022,3553,38689,866,763,1193,2822,41511
09-09-2017,16,12398,13951,9183,3608,39140,868,762,1188,2818,41958
09-09-2017,17,12475,13719,9268,3830,39292,868,770,1159,2797,42089
09-09-2017,18,12575,13711,9248,3808,39342,874,778,1165,2817,42159
09-09-2017,19,12617,13649,9271,3601,39138,905,825,1250,2980,42118
09-09-2017,20,12680,13586,8901,3504,38671,881,802,1216,2899,41570
09-09-2017,21,12484,13238,8780,3308,37810,811,726,1090,2627,40437
09-09-2017,22,12136,12787,8556,3063,36542,743,651,983,2377,38919
09-09-2017,23,11817,12064,8008,2834,34723,683,590,896,2169,36892
10-09-2017,0,11464,11086,7690,2628,32868,647,550,842,2039,34907
10-09-2017,1,11087,10843,7446,2524,31900,629,526,815,1970,33870
10-09-2017,2,10957,10596,7325,2440,31318,616,519,806,1941,33259
10-09-2017,3,10853,10534,7365,2422,31174,614,525,804,1943,33117
10-09-2017,4,10869,10420,7379,2438,31106,622,540,821,1983,33089
10-09-2017,5,10917,10617,7383,2491,31408,634,551,854,2039,33447
10-09-2017,6,11036,10766,7356,2589,31747,660,585,912,2157,33904
10-09-2017,7,11115,11064,7664,2784,32627,735,666,1033,2434,35061
10-09-2017,8,11585,11734,7993,3105,34417,814,740,1150,2704,37121
10-09-2017,9,11983,12226,8305,3306,35820,839,779,1191,2809,38629
10-09-2017,10,12194,12411,8482,3396,36483,846,787,1207,2840,39323
10-09-2017,11,12231,12547,8488,3435,36701,838,786,1217,2841,39542
10-09-2017,12,12208,12502,8422,3459,36591,835,790,1220,2845,39436
10-09-2017,13,12062,12722,8429,3465,36678,832,778,1215,2825,39503
10-09-2017,14,12123,12544,8331,3433,36431,836,768,1208,2812,39243
10-09-2017,15,12401,12393,8375,3421,36590,848,766,1204,2818,39408
10-09-2017,16,12389,12224,8437,3502,36552,870,776,1211,2857,39409
10-09-2017,17,12375,12850,8541,3729,37495,884,800,1233,2917,40412
10-09-2017,18,12390,13158,8697,3768,38013,905,827,1277,3009,41022
10-09-2017,19,12650,13486,8830,3670,38636,948,883,1358,3189,41825
10-09-2017,20,12835,13329,8511,3592,38267,905,833,1297,3035,41302
10-09-2017,21,12593,12533,8505,3380,37011,820,738,1147,2705,39716
10-09-2017,22,12263,11543,8343,3109,35258,743,652,1010,2405,37663
10-09-2017,23,11674,11118,7883,2887,33562,689,595,925,2209,35771
11-09-2017,0,11075,10811,7562,2720,32168,656,558,870,2084,34252
11-09-2017,1,10829,10776,7327,2580,31512,637,542,853,2032,33544
11-09-2017,2,10727,10813,7299,2569,31408,628,540,848,2016,33424
11-09-2017,3,10735,10912,7332,2607,31586,638,546,862,2046,33632
11-09-2017,4,10904,11056,7655,2701,32316,671,577,928,2176,34492
11-09-2017,5,11206,11737,8395,2959,34297,779,682,1139,2600,36897
11-09-2017,6,12287,13320,8915,3564,38086,899,806,1302,3007,41093
11-09-2017,7,13451,14761,9239,4099,41550,1006,916,1432,3354,44904
11-09-2017,8,13880,15269,9389,4275,42813,1048,967,1487,3502,46315
11-09-2017,9,13996,15345,9311,4336,42988,1045,978,1479,3502,46490
11-09-2017,10,13730,15548,9339,4428,43045,1035,970,1471,3476,46521
11-09-2017,11,13555,15481,9298,4428,42762,1010,937,1447,3394,46156
11-09-2017,12,13511,15471,9082,4337,42401,1032,954,1475,3461,45862
11-09-2017,13,13636,15608,9009,4349,42602,1027,946,1461,3434,46036
11-09-2017,14,13486,15364,9035,4289,42174,1019,932,1457,3408,45582
11-09-2017,15,13502,15422,8874,4110,41908,990,919,1423,3332,45240
11-09-2017,16,13353,15227,8776,4147,41503,964,896,1383,3243,44746
11-09-2017,17,13412,15294,8736,4363,41805,947,889,1375,3211,45016
11-09-2017,18,13356,15275,8832,4356,41819,950,888,1388,3226,45045
11-09-2017,19,13411,15022,9223,4114,41770,987,926,1445,3358,45128
11-09-2017,20,13549,15102,8914,3956,41521,954,876,1363,3193,44714
11-09-2017,21,13278,14228,8724,3703,39933,860,776,1183,2819,42752
11-09-2017,22,12655,13163,8450,3343,37611,759,680,1029,2468,40079
11-09-2017,23,12018,12157,7946,3015,35136,702,614,950,2266,37402
12-09-2017,0,11558,11620,7595,2818,33591,674,585,921,2180,35771
12-09-2017,1,11164,11463,7438,2743,32808,665,569,909,2143,34951
12-09-2017,2,10952,11240,7385,2686,32263,652,562,901,2115,34378
12-09-2017,3,10947,11133,7521,2709,32310,659,570,914,2143,34453
12-09-2017,4,11090,11562,7821,2774,33247,697,605,974,2276,35523
12-09-2017,5,11313,12195,8541,2988,35037,815,707,1175,2697,37734
12-09-2017,6,12472,13886,9022,3564,38944,940,827,1333,3100,42044
12-09-2017,7,13577,15584,9342,4042,42545,1050,938,1453,3441,45986
12-09-2017,8,13964,15944,9456,4302,43666,1091,991,1493,3575,47241
12-09-2017,9,13829,16079,9531,4339,43778,1082,1001,1471,3554,47332
12-09-2017,10,13884,16268,9563,4409,44124,1070,978,1444,3492,47616
12-09-2017,11,13700,15910,9496,4403,43509,1043,946,1442,3431,46940
12-09-2017,12,13658,15892,9316,4370,43236,1059,966,1471,3496,46732
12-09-2017,13,13549,15749,9229,4417,42944,1038,961,1459,3458,46402
12-09-2017,14,13467,15686,9167,4352,42672,1033,943,1449,3425,46097
12-09-2017,15,13528,15495,9074,4199,42296,1003,926,1426,3355,45651
12-09-2017,16,13574,15545,9060,4141,42320,989,901,1403,3293,45613
12-09-2017,17,13415,15670,9047,4333,42465,979,901,1397,3277,45742
12-09-2017,18,13347,15199,9143,4235,41924,980,920,1416,3316,45240
12-09-2017,19,13338,15309,9453,4049,42149,1014,944,1471,3429,45578
12-09-2017,20,13679,15359,8987,4027,42052,970,886,1387,3243,45295
12-09-2017,21,13317,14057,8843,3725,39942,869,786,1214,2869,42811
12-09-2017,22,12791,13094,8491,3361,37737,772,697,1052,2521,40258
12-09-2017,23,12038,12365,7882,3048,35333,710,620,971,2301,37634
13-09-2017,0,11436,11650,7587,2816,33489,675,577,919,2171,35660
13-09-2017,1,11093,11326,7471,2742,32632,656,555,894,2105,34737
13-09-2017,2,10943,11162,7480,2695,32280,655,546,887,2088,34368
13-09-2017,3,10945,11181,7554,2696,32376,660,558,886,2104,34480
13-09-2017,4,11060,11290,7889,2785,33024,690,595,945,2230,35254
13-09-2017,5,11352,12038,8630,3045,35065,797,697,1154,2648,37713
13-09-2017,6,12406,13683,8934,3622,38645,914,819,1326,3059,41704
13-09-2017,7,13532,15283,9167,4105,42087,1014,925,1433,3372,45459
13-09-2017,8,13925,15641,9272,4339,43177,1051,974,1464,3489,46666
13-09-2017,9,13957,16122,9320,4380,43779,1051,977,1452,3480,47259
13-09-2017,10,13877,16234,9416,4475,44002,1037,967,1428,3432,47434
13-09-2017,11,13601,16176,9417,4571,43765,1011,944,1401,3356,47121
13-09-2017,12,13519,16129,9321,4529,43498,1040,963,1421,3424,46922
13-09-2017,13,13547,15975,9297,4533,43352,1027,954,1384,3365,46717
13-09-2017,14,13581,15905,9245,4393,43124,1019,937,1375,3331,46455
13-09-2017,15,13558,16113,9210,4213,43094,986,916,1346,3248,46342
13-09-2017,16,13550,16065,9194,4214,43023,974,884,1324,3182,46205
13-09-2017,17,13435,16110,9159,4442,43146,964,876,1327,3167,46313
13-09-2017,18,13526,16113,9316,4272,43227,973,882,1350,3205,46432
13-09-2017,19,13667,16282,9579,4090,43618,1011,928,1426,3365,46983
13-09-2017,20,13846,16067,9183,3994,43090,972,875,1347,3194,46284
13-09-2017,21,13639,15294,9000,3712,41645,872,777,1160,2809,44454
13-09-2017,22,13057,14072,8673,3359,39161,784,672,1013,2469,41630
13-09-2017,23,12379,13098,8157,3027,36661,723,607,930,2260,38921
14-09-2017,0,11771,12203,7802,2784,34560,689,573,905,2167,36727
14-09-2017,1,11495,11982,7671,2668,33816,667,557,902,2126,35942
14-09-2017,2,11455,11917,7650,2619,33641,658,558,893,2109,35750
14-09-2017,3,11392,11993,7725,2672,33782,668,572,891,2131,35913
14-09-2017,4,11438,12014,7989,2737,34178,703,607,955,2265,36443
14-09-2017,5,11846,12739,8735,3004,36324,808,712,1134,2654,38978
14-09-2017,6,12970,14348,9129,3627,40074,915,832,1280,3027,43101
14-09-2017,7,14296,15986,9318,4134,43734,1025,938,1388,3351,47085
14-09-2017,8,14662,16630,9433,4373,45098,1067,991,1419,3477,48575
14-09-2017,9,14526,16519,9448,4441,44934,1075,993,1404,3472,48406
14-09-2017,10,14273,16683,9440,4496,44892,1077,981,1378,3436,48328
14-09-2017,11,14076,16569,9400,4485,44530,1055,951,1374,3380,47910
14-09-2017,12,13745,16196,9300,4427,43668,1079,972,1411,3462,47130
14-09-2017,13,13614,16098,9330,4409,43451,1067,959,1397,3423,46874
14-09-2017,14,13721,15983,9319,4310,43333,1057,946,1400,3403,46736
14-09-2017,15,13673,15885,9259,4183,43000,1025,937,1370,3332,46332
14-09-2017,16,13675,15551,9231,4208,42665,1009,899,1305,3213,45878
14-09-2017,17,13477,15460,9165,4404,42506,993,892,1304,3189,45695
14-09-2017,18,13454,15475,9285,4331,42545,986,887,1330,3203,45748
14-09-2017,19,13682,15642,9574,4178,43076,1021,925,1406,3352,46428
14-09-2017,20,13990,15637,9081,4102,42810,970,874,1331,3175,45985
14-09-2017,21,13539,14496,8958,3803,40796,875,773,1156,2804,43600
14-09-2017,22,13056,13317,8666,3427,38466,780,678,1012,2470,40936
14-09-2017,23,12400,12653,8087,3115,36255,714,610,930,2254,38509
15-09-2017,0,11894,11805,7763,2930,34392,680,574,893,2147,36539
15-09-2017,1,11576,11575,7536,2831,33518,660,555,881,2096,35614
15-09-2017,2,11506,11479,7569,2783,33337,655,549,872,2076,35413
15-09-2017,3,11539,11480,7642,2762,33423,663,554,884,2101,35524
15-09-2017,4,11573,11441,7937,2775,33726,694,588,949,2231,35957
15-09-2017,5,11983,12124,8695,2999,35801,807,694,1133,2634,38435
15-09-2017,6,13144,14000,9103,3594,39841,917,814,1301,3032,42873
15-09-2017,7,14343,15416,9314,4086,43159,1019,924,1419,3362,46521
15-09-2017,8,14629,15993,9545,4283,44450,1052,976,1464,3492,47942
15-09-2017,9,14410,16012,9539,4327,44288,1050,980,1457,3487,47775
15-09-2017,10,14268,16078,9610,4384,44340,1044,966,1442,3452,47792
15-09-2017,11,13967,15704,9573,4332,43576,1026,937,1423,3386,46962
15-09-2017,12,13755,15494,9335,4198,42782,1045,945,1424,3414,46196
15-09-2017,13,13640,15004,9307,4119,42070,1028,930,1387,3345,45415
15-09-2017,14,13502,14770,9288,3888,41448,1020,918,1349,3287,44735
15-09-2017,15,13314,14528,9180,3809,40831,975,896,1317,3188,44019
15-09-2017,16,13203,14417,9250,3776,40646,953,860,1302,3115,43761
15-09-2017,17,13105,14705,9276,4038,41124,943,848,1288,3079,44203
15-09-2017,18,13130,14593,9437,3977,41137,937,843,1311,3091,44228
15-09-2017,19,13338,14681,9608,3825,41452,978,890,1376,3244,44696
15-09-2017,20,13465,14499,9158,3745,40867,945,844,1298,3087,43954
15-09-2017,21,13104,13793,9138,3472,39507,858,761,1162,2781,42288
15-09-2017,22,12667,12698,8839,3209,37413,768,682,1029,2479,39892
15-09-2017,23,12229,12077,8299,2930,35535,720,613,938,2271,37806
16-09-2017,0,11769,11467,7922,2736,33894,689,577,895,2161,36055
16-09-2017,1,11496,11108,7739,2617,32960,668,556,876,2100,35060
16-09-2017,2,11265,10846,7672,2548,32331,659,547,864,2070,34401
16-09-2017,3,11223,11064,7660,2541,32488,658,552,866,2076,34564
16-09-2017,4,11256,11109,7791,2545,32701,666,560,891,2117,34818
16-09-2017,5,11355,11533,7960,2627,33475,690,591,937,2218,35693
16-09-2017,6,11710,11833,7948,2782,34273,718,632,1003,2353,36626
16-09-2017,7,11983,12369,8276,3058,35686,793,716,1114,2623,38309
16-09-2017,8,12473,13075,8537,3400,37485,856,779,1192,2827,40312
16-09-2017,9,12889,13733,8649,3590,38861,882,796,1205,2883,41744
16-09-2017,10,13059,13945,8672,3665,39341,888,796,1198,2882,42223
16-09-2017,11,12892,13864,8582,3623,38961,877,785,1179,2841,41802
16-09-2017,12,12731,13864,8573,3568,38736,880,781,1174,2835,41571
16-09-2017,13,12553,13656,8494,3482,38185,858,773,1163,2794,40979
16-09-2017,14,12401,13436,8511,3428,37776,854,769,1149,2772,40548
16-09-2017,15,12525,13246,8600,3402,37773,853,764,1150,2767,40540
16-09-2017,16,12475,13365,8692,3471,38003,858,767,1149,2774,40777
16-09-2017,17,12532,13625,8829,3726,38712,851,775,1163,2789,41501
16-09-2017,18,12695,13721,8914,3799,39129,868,778,1201,2847,41976
16-09-2017,19,12898,14031,9013,3657,39599,914,840,1282,3036,42635
16-09-2017,20,12956,14036,8639,3566,39197,889,806,1220,2915,42112
16-09-2017,21,12620,13417,8453,3341,37831,804,724,1090,2618,40449
16-09-2017,22,12313,12821,8246,3119,36499,739,648,980,2367,38866
16-09-2017,23,11961,12213,7823,2895,34892,686,592,900,2178,37070
17-09-2017,0,11632,11562,7428,2709,33331,653,555,861,2069,35400
17-09-2017,1,11377,11256,7263,2592,32488,633,534,839,2006,34494
17-09-2017,2,11292,11064,7244,2530,32130,625,526,828,1979,34109
17-09-2017,3,11217,10955,7291,2504,31967,623,529,827,1979,33946
17-09-2017,4,11090,10982,7392,2514,31978,631,539,844,2014,33992
17-09-2017,5,11260,11101,7465,2587,32413,642,562,886,2090,34503
17-09-2017,6,11396,11282,7428,2718,32824,668,586,928,2182,35006
17-09-2017,7,11544,11649,7730,2906,33829,738,668,1034,2440,36269
17-09-2017,8,12016,12496,7965,3217,35694,804,738,1141,2683,38377
17-09-2017,9,12462,13182,8148,3411,37203,821,768,1195,2784,39987
17-09-2017,10,12676,13619,8266,3508,38069,818,767,1210,2795,40864
17-09-2017,11,12737,13618,8183,3518,38056,812,760,1213,2785,40841
17-09-2017,12,12680,13548,8109,3477,37814,806,756,1209,2771,40585
17-09-2017,13,12531,13383,8056,3466,37436,799,751,1208,2758,40194
17-09-2017,14,12457,13277,8087,3437,37258,797,754,1199,2750,40008
17-09-2017,15,12419,13302,8092,3407,37220,800,766,1196,2762,39982
17-09-2017,16,12459,13505,8233,3504,37701,820,777,1206,2803,40504
17-09-2017,17,12573,13703,8402,3830,38508,843,796,1225,2864,41372
17-09-2017,18,12669,14100,8620,3875,39264,891,834,1286,3011,42275
17-09-2017,19,12987,14553,8942,3756,40238,952,878,1325,3155,43393
17-09-2017,20,13247,14520,8520,3696,39983,901,828,1243,2972,42955
17-09-2017,21,13034,13838,8600,3437,38909,817,731,1106,2654,41563
17-09-2017,22,12704,12926,8449,3147,37226,736,648,974,2358,39584
17-09-2017,23,11961,11948,8023,2891,34823,685,590,882,2157,36980
18-09-2017,0,11475,11429,7714,2744,33362,661,558,842,2061,35423
18-09-2017,1,11242,11384,7522,2688,32836,645,544,827,2016,34852
18-09-2017,2,11157,11498,7435,2692,32782,643,543,826,2012,34794
18-09-2017,3,11052,11546,7519,2710,32827,646,547,841,2034,34861
18-09-2017,4,11076,11698,7917,2795,33486,682,584,903,2169,35655
18-09-2017,5,11484,12294,8752,3004,35534,791,704,1119,2614,38148
18-09-2017,6,12792,14373,9165,3614,39944,909,847,1289,3045,42989
18-09-2017,7,13921,16071,9426,4161,43579,1022,967,1414,3403,46982
18-09-2017,8,14325,16505,9515,4409,44754,1069,1050,1471,3590,48344
18-09-2017,9,14344,16622,9503,4452,44921,1076,1057,1469,3602,48523
18-09-2017,10,14082,16538,9546,4502,44668,1077,1051,1468,3596,48264
18-09-2017,11,13970,16424,9462,4487,44343,1062,1017,1445,3524,47867
18-09-2017,12,13987,16371,9465,4420,44243,1090,1040,1446,3576,47819
18-09-2017,13,13760,16132,9357,4417,43666,1083,1042,1423,3548,47214
18-09-2017,14,13534,15877,9306,4323,43040,1082,1014,1423,3519,46559
18-09-2017,15,13376,15732,9202,4167,42477,1045,981,1390,3416,45893
18-09-2017,16,13361,15450,9120,4157,42088,1027,942,1350,3319,45407
18-09-2017,17,13367,15651,9077,4423,42518,1009,945,1374,3328,45846
18-09-2017,18,13356,15599,9267,4362,42584,1014,955,1408,3377,45961
18-09-2017,19,13600,15872,9385,4231,43088,1015,959,1422,3396,46484
18-09-2017,20,13725,15519,8967,4100,42311,958,893,1322,3173,45484
18-09-2017,21,13413,14649,8892,3757,40711,863,787,1144,2794,43505
18-09-2017,22,12864,13561,8564,3402,38391,768,692,1010,2470,40861
18-09-2017,23,12073,12432,8043,3065,35613,705,629,931,2265,37878
19-09-2017,0,11617,11881,7660,2861,34019,677,597,912,2186,36205
19-09-2017,1,11246,11761,7444,2762,33213,662,573,893,2128,35341
19-09-2017,2,11107,11578,7482,2717,32884,657,570,877,2104,34988
19-09-2017,3,11072,11439,7516,2726,32753,660,576,880,2116,34869
19-09-2017,4,11124,11750,7750,2802,33426,693,605,960,2258,35684
19-09-2017,5,11596,12497,8557,3063,35713,805,720,1171,2696,38409
19-09-2017,6,12695,14336,8970,3678,39679,913,837,1311,3061,42740
19-09-2017,7,13842,15964,9172,4220,43198,1010,951,1438,3399,46597
19-09-2017,8,14237,16377,9298,4417,44329,1056,1011,1481,3548,47877
19-09-2017,9,14246,16646,9284,4429,44605,1052,1016,1469,3537,48142
19-09-2017,10,14320,16805,9341,4478,44944,1037,1019,1442,3498,48442
19-09-2017,11,14069,16584,9475,4429,44557,1013,981,1386,3380,47937
19-09-2017,12,13781,16654,9335,4377,44147,1035,1002,1379,3416,47563
19-09-2017,13,14064,16259,9306,4412,44041,1021,996,1359,3376,47417
19-09-2017,14,13746,16146,9260,4344,43496,1016,978,1355,3349,46845
19-09-2017,15,13787,16065,9237,4220,43309,1000,949,1316,3265,46574
19-09-2017,16,13659,16096,9270,4244,43269,980,921,1312,3213,46482
19-09-2017,17,13639,16265,9184,4485,43573,969,925,1334,3228,46801
19-09-2017,18,13595,16173,9447,4410,43625,991,934,1377,3302,46927
19-09-2017,19,13941,16392,9638,4273,44244,1018,971,1448,3437,47681
19-09-2017,20,14121,16200,9037,4117,43475,962,912,1370,3244,46719
19-09-2017,21,13714,15309,8828,3804,41655,867,811,1190,2868,44523
19-09-2017,22,13171,14132,8568,3428,39299,776,708,1037,2521,41820
19-09-2017,23,12460,13057,8074,3098,36689,711,636,964,2311,39000
20-09-2017,0,11905,12342,7696,2888,34831,680,596,923,2199,37030
20-09-2017,1,11623,12136,7517,2811,34087,664,576,885,2125,36212
20-09-2017,2,11503,12117,7480,2765,33865,654,578,892,2124,35989
20-09-2017,3,11469,12167,7494,2785,33915,657,594,905,2156,36071
20-09-2017,4,11506,12297,7805,2848,34456,693,625,953,2271,36727
20-09-2017,5,11919,13024,8600,3107,36650,813,743,1149,2705,39355
20-09-2017,6,13142,14905,9006,3727,40780,922,858,1310,3090,43870
20-09-2017,7,14286,16215,9267,4246,44014,1024,970,1437,3431,47445
20-09-2017,8,14555,16622,9392,4461,45030,1069,1015,1472,3556,48586
20-09-2017,9,14374,16608,9408,4480,44870,1069,1010,1453,3532,48402
20-09-2017,10,14404,16667,9475,4516,45062,1055,994,1410,3459,48521
20-09-2017,11,14254,16557,9434,4486,44731,1031,959,1377,3367,48098
20-09-2017,12,13972,16355,9341,4400,44068,1042,981,1392,3415,47483
20-09-2017,13,13927,16350,9294,4422,43993,1024,977,1386,3387,47380
20-09-2017,14,13898,16327,9302,4347,43874,1011,951,1373,3335,47209
20-09-2017,15,13908,16034,9230,4208,43380,986,927,1339,3252,46632
20-09-2017,16,13967,16065,9197,4177,43406,972,896,1315,3183,46589
20-09-2017,17,13943,16120,9333,4389,43785,960,896,1315,3171,46956
20-09-2017,18,13942,16385,9543,4316,44186,979,923,1358,3260,47446
20-09-2017,19,14190,16622,9593,4234,44639,1009,966,1409,3384,48023
20-09-2017,20,14343,16273,9033,4089,43738,952,911,1327,3190,46928
20-09-2017,21,14028,15337,8858,3786,42009,858,799,1151,2808,44817
20-09-2017,22,13423,14326,8535,3467,39751,762,696,993,2451,42202
20-09-2017,23,12755,13358,8020,3107,37240,706,625,909,2240,39480
21-09-2017,0,12113,12858,7651,2893,35515,677,592,889,2158,37673
21-09-2017,1,11832,12625,7412,2787,34656,663,573,857,2093,36749
21-09-2017,2,11713,12495,7411,2755,34374,657,565,839,2061,36435
21-09-2017,3,11735,12336,7468,2775,34314,663,572,844,2079,36393
21-09-2017,4,11772,12359,7849,2846,34826,696,609,905,2210,37036
21-09-2017,5,12143,13135,8618,3099,36995,811,735,1113,2659,39654
21-09-2017,6,13230,15165,9050,3724,41169,917,850,1264,3031,44200
21-09-2017,7,14444,16499,9277,4274,44494,1023,958,1394,3375,47869
21-09-2017,8,14679,16892,9382,4451,45404,1062,1007,1445,3514,48918
21-09-2017,9,14541,16917,9325,4474,45257,1063,1007,1456,3526,48783
21-09-2017,10,14599,17022,9297,4542,45460,1052,1009,1460,3521,48981
21-09-2017,11,14490,16987,9330,4514,45321,1035,989,1459,3483,48804
21-09-2017,12,14291,16771,9195,4399,44656,1052,1018,1474,3544,48200
21-09-2017,13,14186,16487,9069,4403,44145,1035,1009,1455,3499,47644
21-09-2017,14,14218,16354,8933,4276,43781,1030,991,1434,3455,47236
21-09-2017,15,14210,16253,8858,4203,43524,1000,993,1393,3386,46910
21-09-2017,16,14208,16127,8768,4206,43309,988,966,1348,3302,46611
21-09-2017,17,14142,16319,8819,4409,43689,980,976,1345,3301,46990
21-09-2017,18,14157,16085,9185,4330,43757,1015,984,1379,3378,47135
21-09-2017,19,14427,16426,9363,4237,44453,1020,980,1406,3406,47859
21-09-2017,20,14511,16138,8816,4077,43542,959,908,1302,3169,46711
21-09-2017,21,14175,15038,8679,3785,41677,865,799,1142,2806,44483
21-09-2017,22,13528,13966,8392,3418,39304,774,707,1002,2483,41787
21-09-2017,23,12736,13079,7906,3079,36800,712,626,919,2257,39057
22-09-2017,0,12241,12416,7586,2870,35113,683,611,886,2180,37293
22-09-2017,1,11856,12054,7407,2780,34097,662,590,860,2112,36209
22-09-2017,2,11666,11905,7413,2733,33717,655,579,837,2071,35788
22-09-2017,3,11640,11882,7518,2733,33773,659,587,849,2095,35868
22-09-2017,4,11733,12131,7891,2790,34545,699,619,916,2234,36779
22-09-2017,5,12073,12641,8776,3046,36536,826,731,1115,2672,39208
22-09-2017,6,13182,14589,9215,3685,40671,931,841,1264,3036,43707
22-09-2017,7,14433,15766,9387,4211,43797,1037,963,1379,3379,47176
22-09-2017,8,14768,16213,9513,4399,44893,1078,998,1415,3491,48384
22-09-2017,9,14615,16475,9510,4437,45037,1072,995,1400,3467,48504
22-09-2017,10,14628,16572,9535,4436,45171,1048,987,1398,3433,48604
22-09-2017,11,14510,16483,9588,4355,44936,1036,952,1379,3367,48303
22-09-2017,12,14287,16411,9491,4223,44412,1051,963,1395,3409,47821
22-09-2017,13,14150,16037,9352,4190,43729,1037,954,1380,3371,47100
22-09-2017,14,14074,15723,9299,4034,43130,1019,931,1349,3299,46429
22-09-2017,15,13893,15772,9233,3912,42810,987,913,1316,3216,46026
22-09-2017,16,13961,15773,9218,3963,42915,972,884,1288,3144,46059
22-09-2017,17,13892,16099,9221,4213,43425,962,881,1265,3108,46533
22-09-2017,18,13904,15854,9483,4141,43382,988,905,1324,3217,46599
22-09-2017,19,14082,15805,9475,3992,43354,1005,934,1367,3306,46660
22-09-2017,20,13783,14998,8934,3748,41463,945,876,1283,3104,44567
22-09-2017,21,13416,14226,8842,3497,39981,861,785,1122,2768,42749
22-09-2017,22,12888,13458,8560,3233,38139,769,697,993,2459,40598
22-09-2017,23,12426,12646,8006,2990,36068,711,627,921,2259,38327
23-09-2017,0,11928,12128,7620,2790,34466,679,586,860,2125,36591
23-09-2017,1,11722,11694,7498,2674,33588,654,566,822,2042,35630
23-09-2017,2,11476,11508,7416,2603,33003,646,556,814,2016,35019
23-09-2017,3,11420,11406,7512,2580,32918,643,558,814,2015,34933
23-09-2017,4,11456,11365,7622,2606,33049,657,574,829,2060,35109
23-09-2017,5,11523,11467,7853,2677,33520,686,606,889,2181,35701
23-09-2017,6,11749,11931,7859,2863,34402,718,645,946,2309,36711
23-09-2017,7,12041,12393,8023,3096,35553,800,736,1066,2602,38155
23-09-2017,8,12864,13329,8305,3391,37889,871,798,1146,2815,40704
23-09-2017,9,13483,14325,8415,3573,39796,881,818,1170,2869,42665
23-09-2017,10,13735,14586,8505,3662,40488,872,812,1168,2852,43340
23-09-2017,11,13352,14736,8550,3628,40266,863,797,1157,2817,43083
23-09-2017,12,13067,14505,8474,3583,39629,860,790,1142,2792,42421
23-09-2017,13,12932,14276,8375,3527,39110,843,784,1123,2750,41860
23-09-2017,14,12837,14117,8456,3481,38891,835,775,1110,2720,41611
23-09-2017,15,12833,14107,8539,3434,38913,820,768,1101,2689,41602
23-09-2017,16,12914,14197,8639,3519,39269,828,762,1102,2692,41961
23-09-2017,17,13025,14589,8857,3817,40288,840,766,1101,2707,42995
23-09-2017,18,13054,14588,9147,3810,40599,883,812,1172,2867,43466
23-09-2017,19,13211,14869,9229,3701,41010,924,853,1235,3012,44022
23-09-2017,20,12951,14207,8753,3512,39423,882,805,1164,2851,42274
23-09-2017,21,12564,13508,8731,3292,38095,795,727,1049,2571,40666
23-09-2017,22,12241,12540,8538,3078,36397,731,648,944,2323,38720
23-09-2017,23,11913,11912,8106,2855,34786,684,594,869,2147,36933
24-09-2017,0,11587,11527,7739,2687,33540,658,559,808,2025,35565
24-09-2017,1,11331,11236,7576,2558,32701,641,534,795,1970,34671
24-09-2017,2,11186,11028,7493,2499,32206,633,530,786,1949,34155
24-09-2017,3,11068,11044,7530,2473,32115,629,528,778,1935,34050
24-09-2017,4,11078,11122,7601,2482,32283,641,541,795,1977,34260
24-09-2017,5,11250,11300,7752,2544,32846,664,570,837,2071,34917
24-09-2017,6,11406,11551,7610,2671,33238,681,601,879,2161,35399
24-09-2017,7,11494,11737,7816,2906,33953,754,680,982,2416,36369
24-09-2017,8,11823,12628,8034,3228,35713,822,743,1077,2642,38355
24-09-2017,9,12391,13310,8212,3459,37372,849,778,1115,2742,40114
24-09-2017,10,12594,13731,8247,3562,38134,842,776,1115,2733,40867
24-09-2017,11,12632,13898,8210,3577,38317,830,765,1089,2684,41001
24-09-2017,12,12629,13819,8123,3536,38107,824,760,1080,2664,40771
24-09-2017,13,12540,13713,8097,3475,37825,815,757,1073,2645,40470
24-09-2017,14,12528,13473,8012,3479,37492,814,757,1074,2645,40137
24-09-2017,15,12649,13343,8057,3431,37480,821,757,1081,2659,40139
24-09-2017,16,12670,13664,8201,3509,38044,835,762,1105,2702,40746
24-09-2017,17,12777,14372,8319,3846,39314,862,772,1112,2746,42060
24-09-2017,18,12928,14322,8805,3878,39933,924,822,1205,2951,42884
24-09-2017,19,13194,14887,9005,3849,40935,959,884,1284,3127,44062
24-09-2017,20,13092,14380,8546,3709,39727,901,823,1197,2921,42648
24-09-2017,21,12777,13648,8617,3423,38465,805,725,1054,2584,41049
24-09-2017,22,12257,12699,8479,3150,36585,729,638,918,2285,38870
24-09-2017,23,11722,12091,8039,2865,34717,681,581,825,2087,36804
25-09-2017,0,11362,11459,7720,2717,33258,659,550,785,1994,35252
25-09-2017,1,11112,11247,7644,2634,32637,641,538,773,1952,34589
25-09-2017,2,11030,11268,7655,2609,32562,636,538,766,1940,34502
25-09-2017,3,11039,11526,7758,2605,32928,648,548,773,1969,34897
25-09-2017,4,11126,11544,8179,2682,33531,687,588,842,2117,35648
25-09-2017,5,11465,12363,9010,2962,35800,807,707,1072,2586,38386
25-09-2017,6,12621,14235,9454,3611,39921,913,820,1256,2989,42910
25-09-2017,7,13857,15670,9669,4137,43333,1019,930,1383,3332,46665
25-09-2017,8,14177,16342,9781,4480,44780,1054,988,1424,3466,48246
25-09-2017,9,14055,16360,9714,4712,44841,1050,980,1410,3440,48281
25-09-2017,10,14020,16465,9633,4636,44754,1042,964,1392,3398,48152
25-09-2017,11,13795,16245,9413,4470,43923,1020,938,1369,3327,47250
25-09-2017,12,13737,15892,9243,4355,43227,1035,964,1385,3384,46611
25-09-2017,13,13741,15636,9195,4345,42917,1016,956,1372,3344,46261
25-09-2017,14,13674,15516,9070,4302,42562,1011,939,1354,3304,45866
25-09-2017,15,13658,15630,9063,4126,42477,984,923,1330,3237,45714
25-09-2017,16,13846,15450,9133,4111,42540,970,896,1305,3171,45711
25-09-2017,17,13654,15589,9163,4427,42833,968,891,1310,3169,46002
25-09-2017,18,13581,15682,9558,4399,43220,1011,927,1373,3311,46531
25-09-2017,19,13787,15959,9663,4315,43724,1030,956,1423,3409,47133
25-09-2017,20,13748,15536,9158,4062,42504,967,883,1317,3167,45671
25-09-2017,21,13505,14475,9025,3747,40752,873,778,1134,2785,43537
25-09-2017,22,12957,13370,8692,3401,38420,776,682,983,2441,40861
25-09-2017,23,12272,12555,8253,3046,36126,724,618,898,2240,38366
26-09-2017,0,11715,11117,7901,2895,33628,695,587,854,2136,35764
26-09-2017,1,11371,11010,7755,2789,32925,675,564,824,2063,34988
26-09-2017,2,11236,10910,7702,2755,32603,673,554,816,2043,34646
26-09-2017,3,11231,10814,7802,2760,32607,684,563,827,2074,34681
26-09-2017,4,11337,10981,8147,2844,33309,721,601,893,2215,35524
26-09-2017,5,11661,11559,9045,3102,35367,846,728,1116,2690,38057
26-09-2017,6,12755,13623,9509,3742,39629,954,848,1301,3103,42732
26-09-2017,7,13976,15125,9684,4277,43062,1048,953,1408,3409,46471
26-09-2017,8,14338,15497,9804,4456,44095,1081,999,1441,3521,47616
26-09-2017,9,14035,15509,9750,4484,43778,1057,996,1418,3471,47249
26-09-2017,10,13943,15323,9756,4519,43541,1045,985,1407,3437,46978
26-09-2017,11,13752,15306,9730,4490,43278,1028,954,1384,3366,46644
26-09-2017,12,13828,15360,9583,4419,43190,1049,976,1408,3433,46623
26-09-2017,13,13901,15082,9555,4428,42966,1028,971,1390,3389,46355
26-09-2017,14,13755,15055,9407,4309,42526,1014,951,1382,3347,45873
26-09-2017,15,13697,15024,9411,4164,42296,988,934,1346,3268,45564
26-09-2017,16,13757,14894,9461,4129,42241,976,904,1322,3202,45443
26-09-2017,17,13650,14975,9528,4359,42512,974,906,1330,3210,45722
26-09-2017,18,13672,15029,9896,4279,42876,1015,942,1392,3349,46225
26-09-2017,19,14169,15244,9866,4247,43526,1027,962,1431,3420,46946
26-09-2017,20,14146,14793,9273,4071,42283,972,893,1326,3191,45474
26-09-2017,21,13500,14010,9067,3776,40353,881,790,1146,2817,43170
26-09-2017,22,12946,12991,8798,3413,38148,783,702,994,2479,40627
26-09-2017,23,12258,11941,8310,3091,35600,725,633,915,2273,37873
27-09-2017,0,11762,11292,7912,2870,33836,701,599,866,2166,36002
27-09-2017,1,11455,11060,7716,2765,32996,684,580,849,2113,35109
27-09-2017,2,11285,10817,7649,2718,32469,675,575,844,2094,34563
27-09-2017,3,11256,10774,7721,2725,32476,684,590,851,2125,34601
27-09-2017,4,11287,10880,8089,2793,33049,718,628,907,2253,35302
27-09-2017,5,11576,11559,8983,3050,35168,843,753,1134,2730,37898
27-09-2017,6,12652,13789,9496,3685,39622,950,858,1292,3100,42722
27-09-2017,7,13843,15167,9660,4262,42932,1048,967,1416,3431,46363
27-09-2017,8,14119,15682,9710,4548,44059,1085,1010,1455,3550,47609
27-09-2017,9,13951,15637,9690,4591,43869,1076,1006,1438,3520,47389
27-09-2017,10,13893,15689,9690,4600,43872,1053,996,1389,3438,47310
27-09-2017,11,13895,15304,9690,4483,43372,1029,957,1385,3371,46743
27-09-2017,12,13669,15113,9682,4375,42839,1047,979,1402,3428,46267
27-09-2017,13,13690,15342,9553,4413,42998,1026,974,1387,3387,46385
27-09-2017,14,13614,15044,9439,4347,42444,1018,956,1373,3347,45791
27-09-2017,15,13728,14925,9451,4203,42307,994,944,1344,3282,45589
27-09-2017,16,13818,14868,9452,4199,42337,979,914,1304,3197,45534
27-09-2017,17,13764,14885,9489,4424,42562,978,912,1311,3201,45763
27-09-2017,18,13664,15123,9976,4302,43065,1026,955,1381,3362,46427
27-09-2017,19,13897,15365,9998,4287,43547,1028,974,1418,3420,46967
27-09-2017,20,13845,14792,9483,4089,42209,984,915,1319,3218,45427
27-09-2017,21,13567,13782,9241,3805,40395,878,801,1150,2829,43224
27-09-2017,22,12989,12764,9005,3523,38281,779,709,1006,2494,40775
27-09-2017,23,12269,11880,8464,3200,35813,721,639,917,2277,38090
28-09-2017,0,11736,11205,8043,2997,33981,695,609,883,2187,36168
28-09-2017,1,11354,10925,7835,2895,33009,675,590,871,2136,35145
28-09-2017,2,11286,10884,7785,2843,32798,674,590,866,2130,34928
28-09-2017,3,11254,10754,7862,2836,32706,679,598,871,2148,34854
28-09-2017,4,11329,10805,8200,2928,33262,716,631,933,2280,35542
28-09-2017,5,11842,11332,9018,3175,35367,840,751,1147,2738,38105
28-09-2017,6,12845,13300,9434,3726,39305,949,868,1301,3118,42423
28-09-2017,7,14040,14788,9589,4264,42681,1053,978,1410,3441,46122
28-09-2017,8,14264,14840,9691,4449,43244,1091,1030,1441,3562,46806
28-09-2017,9,14537,14965,9639,4458,43599,1089,1034,1420,3543,47142
28-09-2017,10,14277,14986,9691,4484,43438,1075,1020,1410,3505,46943
28-09-2017,11,14247,15505,9673,4485,43910,1060,990,1389,3439,47349
28-09-2017,12,14047,14859,9549,4373,42828,1076,1013,1404,3493,46321
28-09-2017,13,14037,14797,9478,4353,42665,1072,1013,1403,3488,46153
28-09-2017,14,13962,14563,9356,4300,42181,1060,990,1392,3442,45623
28-09-2017,15,14030,14537,9278,4231,42076,1027,964,1359,3350,45426
28-09-2017,16,13997,14806,9293,4227,42323,1000,924,1311,3235,45558
28-09-2017,17,13954,14891,9392,4405,42642,1000,922,1324,3246,45888
28-09-2017,18,13897,15106,9850,4345,43198,1045,962,1394,3401,46599
28-09-2017,19,14219,15359,9896,4337,43811,1056,971,1412,3439,47250
28-09-2017,20,14203,14958,9414,4118,42693,997,907,1322,3226,45919
28-09-2017,21,13796,13957,9225,3779,40757,903,803,1155,2861,43618
28-09-2017,22,13320,12904,8938,3443,38605,806,708,1007,2521,41126
28-09-2017,23,12520,12212,8428,3114,36274,750,649,941,2340,38614
29-09-2017,0,12011,11496,8101,2914,34522,728,620,905,2253,36775
29-09-2017,1,11663,11459,7953,2806,33881,713,606,882,2201,36082
29-09-2017,2,11654,11221,7910,2776,33561,700,597,872,2169,35730
29-09-2017,3,11746,11198,8018,2776,33738,704,607,883,2194,35932
29-09-2017,4,11780,11434,8329,2852,34395,742,642,937,2321,36716
29-09-2017,5,12107,12084,9279,3089,36559,869,767,1157,2793,39352
29-09-2017,6,13082,13987,9711,3705,40485,974,869,1298,3141,43626
29-09-2017,7,14399,15495,9815,4254,43963,1077,974,1406,3457,47420
29-09-2017,8,14654,15844,9944,4445,44887,1104,1018,1434,3556,48443
29-09-2017,9,14623,15748,9992,4430,44793,1091,1006,1415,3512,48305
29-09-2017,10,14670,15931,9945,4464,45010,1070,988,1389,3447,48457
29-09-2017,11,14391,15624,9892,4420,44327,1039,949,1351,3339,47666
29-09-2017,12,14257,15362,9747,4277,43643,1056,963,1357,3376,47019
29-09-2017,13,14194,15143,9618,4160,43115,1048,960,1352,3360,46475
29-09-2017,14,14075,14808,9561,3988,42432,1032,945,1343,3320,45752
29-09-2017,15,13922,14596,9496,3845,41859,1001,925,1313,3239,45098
29-09-2017,16,13743,14463,9490,3884,41580,986,896,1282,3164,44744
29-09-2017,17,14004,14758,9535,4119,42416,982,890,1285,3157,45573
29-09-2017,18,14065,14899,9953,4119,43036,1032,930,1358,3320,46356
29-09-2017,19,14219,14855,9926,4105,43105,1024,943,1378,3345,46450
29-09-2017,20,13872,14247,9433,3876,41428,973,894,1291,3158,44586
29-09-2017,21,13207,13349,9289,3604,39449,883,802,1144,2829,42278
29-09-2017,22,12810,12634,8966,3330,37740,798,720,1020,2538,40278
29-09-2017,23,12517,12258,8388,3093,36256,742,656,943,2341,38597
30-09-2017,0,12209,11520,8080,2866,34675,710,620,899,2229,36904
30-09-2017,1,11711,11258,7877,2697,33543,688,596,871,2155,35698
30-09-2017,2,11570,11157,7834,2623,33184,669,585,845,2099,35283
30-09-2017,3,11505,11228,7886,2600,33219,674,588,846,2108,35327
30-09-2017,4,11541,11126,7967,2610,33244,687,598,869,2154,35398
30-09-2017,5,11640,11246,8313,2678,33877,722,642,938,2302,36179
30-09-2017,6,11907,11780,8408,2860,34955,753,686,1012,2451,37406
30-09-2017,7,12172,12026,8630,3103,35931,838,776,1132,2746,38677
30-09-2017,8,12597,12931,8928,3440,37896,909,845,1207,2961,40857
30-09-2017,9,13148,13417,9036,3641,39242,933,865,1222,3020,42262
30-09-2017,10,13489,13340,9092,3727,39648,932,864,1208,3004,42652
30-09-2017,11,13470,13291,9089,3710,39560,920,844,1190,2954,42514
30-09-2017,12,13403,13093,9079,3656,39231,916,835,1176,2927,42158
30-09-2017,13,13333,13043,9039,3602,39017,913,827,1153,2893,41910
30-09-2017,14,13230,12835,9029,3557,38651,903,811,1138,2852,41503
30-09-2017,15,13128,12734,9210,3526,38598,895,810,1130,2835,41433
30-09-2017,16,13177,12886,9364,3587,39014,911,816,1136,2863,41877
30-09-2017,17,13214,13307,9609,3885,40015,924,823,1146,2893,42908
30-09-2017,18,13436,13869,9902,3941,41148,968,871,1225,3064,44212
30-09-2017,19,13583,13881,9609,3864,40937,951,882,1246,3079,44016
30-09-2017,20,13294,13451,9103,3624,39472,912,836,1176,2924,42396
30-09-2017,21,12714,12967,9084,3385,38150,841,759,1057,2657,40807
30-09-2017,22,12264,12620,8918,3134,36936,767,688,937,2392,39328
30-09-2017,23,11968,12084,8447,2923,35422,716,625,848,2189,37611
01-10-2017,0,11709,11525,8053,2731,34018,682,590,806,2078,36096
01-10-2017,1,11565,11324,7869,2590,33348,659,570,784,2013,35361
01-10-2017,2,11552,11143,7784,2519,32998,664,564,775,2003,35001
01-10-2017,3,11490,11129,7794,2497,32910,671,567,773,2011,34921
01-10-2017,4,11420,11131,7890,2511,32952,667,583,795,2045,34997
01-10-2017,5,11474,11340,8060,2572,33446,708,613,849,2170,35616
01-10-2017,6,11745,11542,8050,2731,34068,715,638,897,2250,36318
01-10-2017,7,11927,11601,8142,2970,34640,776,703,1003,2482,37122
01-10-2017,8,12338,12233,8464,3287,36322,860,788,1117,2765,39087
01-10-2017,9,12755,12763,8653,3495,37666,893,828,1172,2893,40559
01-10-2017,10,13065,13219,8792,3609,38685,896,828,1178,2902,41587
01-10-2017,11,13091,13322,8835,3605,38853,892,819,1171,2882,41735
01-10-2017,12,13109,13370,8789,3562,38830,887,812,1171,2870,41700
01-10-2017,13,13135,13382,8738,3586,38841,886,805,1161,2852,41693
01-10-2017,14,13135,13288,8717,3534,38674,881,798,1148,2827,41501
01-10-2017,15,13191,13275,8835,3501,38802,893,806,1148,2847,41649
01-10-2017,16,13270,13508,8986,3584,39348,917,820,1168,2905,42253
01-10-2017,17,13232,13886,9193,3951,40262,948,849,1203,3000,43262
01-10-2017,18,13451,14262,9530,4039,41282,1001,902,1298,3201,44483
01-10-2017,19,13875,14424,9382,4024,41705,973,907,1301,3181,44886
01-10-2017,20,13929,13895,8974,3787,40585,927,853,1208,2988,43573
01-10-2017,21,13575,13173,8992,3510,39250,848,759,1066,2673,41923
01-10-2017,22,13021,12385,8844,3182,37432,763,675,936,2374,39806
01-10-2017,23,12353,11746,8283,2940,35322,707,620,836,2163,37485
02-10-2017,0,11967,11255,7962,2799,33983,682,580,797,2059,36042
02-10-2017,1,11754,11264,7830,2730,33578,674,569,780,2023,35601
02-10-2017,2,11591,10915,7778,2707,32991,671,565,775,2011,35002
02-10-2017,3,11608,10920,7827,2752,33107,676,577,787,2040,35147
02-10-2017,4,11729,11133,8029,2839,33730,714,617,855,2186,35916
02-10-2017,5,12064,11797,8865,3111,35837,842,739,1096,2677,38514
02-10-2017,6,13290,13599,9381,3735,40005,975,871,1263,3109,43114
02-10-2017,7,14290,14666,9539,4378,42873,1083,983,1399,3465,46338
02-10-2017,8,14585,15231,9673,4564,44053,1125,1055,1437,3617,47670
02-10-2017,9,14709,15514,9651,4702,44576,1135,1054,1412,3601,48177
02-10-2017,10,14813,15753,9662,4779,45007,1126,1037,1401,3564,48571
02-10-2017,11,14761,16085,9767,4744,45357,1103,1000,1370,3473,48830
02-10-2017,12,14610,16058,9690,4659,45017,1122,1013,1377,3512,48529
02-10-2017,13,14587,16114,9748,4591,45040,1102,994,1360,3456,48496
02-10-2017,14,14417,15957,9748,4476,44598,1091,971,1334,3396,47994
02-10-2017,15,14246,15828,9607,4313,43994,1057,954,1305,3316,47310
02-10-2017,16,14253,15745,9598,4224,43820,1040,932,1289,3261,47081
02-10-2017,17,14106,16156,9708,4499,44469,1039,944,1308,3291,47760
02-10-2017,18,14187,16074,10114,4502,44877,1094,991,1402,3487,48364
02-10-2017,19,14413,15955,9918,4434,44720,1074,978,1397,3449,48169
02-10-2017,20,14238,15305,9384,4170,43097,1009,913,1285,3207,46304
02-10-2017,21,13850,14267,9225,3820,41162,917,808,1112,2837,43999
02-10-2017,22,13356,13393,8956,3488,39193,818,713,967,2498,41691
02-10-2017,23,12669,12463,8375,3181,36688,753,649,885,2287,38975
03-10-2017,0,12070,11859,8039,2978,34946,728,606,828,2162,37108
03-10-2017,1,11791,11749,7910,2864,34314,707,589,808,2104,36418
03-10-2017,2,11788,11653,7883,2801,34125,702,579,803,2084,36209
03-10-2017,3,11864,11516,7936,2822,34138,706,583,815,2104,36242
03-10-2017,4,11986,11406,8270,2893,34555,745,622,885,2252,36807
03-10-2017,5,12432,12046,9097,3102,36677,874,753,1116,2743,39420
03-10-2017,6,13467,14171,9702,3782,41122,1012,899,1309,3220,44342
03-10-2017,7,14552,15461,9870,4320,44203,1115,1023,1469,3607,47810
03-10-2017,8,14912,15574,9959,4463,44908,1160,1092,1539,3791,48699
03-10-2017,9,14849,15570,10025,4530,44974,1168,1107,1549,3824,48798
03-10-2017,10,14908,15393,10006,4566,44873,1164,1095,1530,3789,48662
03-10-2017,11,14807,15479,9976,4496,44758,1142,1065,1525,3732,48490
03-10-2017,12,14634,15244,9900,4459,44237,1161,1087,1540,3788,48025
03-10-2017,13,14472,14979,9859,4501,43811,1148,1071,1510,3729,47540
03-10-2017,14,14228,14888,9816,4409,43341,1148,1056,1485,3689,47030
03-10-2017,15,14156,14718,9844,4271,42989,1118,1037,1446,3601,46590
03-10-2017,16,14262,14867,9893,4237,43259,1100,994,1399,3493,46752
03-10-2017,17,14181,14878,9983,4499,43541,1109,995,1421,3525,47066
03-10-2017,18,14413,15616,10199,4469,44697,1132,1023,1447,3602,48299
03-10-2017,19,14695,15903,9946,4440,44984,1087,1007,1435,3529,48513
03-10-2017,20,14354,15054,9327,4172,42907,1035,932,1331,3298,46205
03-10-2017,21,13891,14248,9210,3880,41229,936,839,1157,2932,44161
03-10-2017,22,13443,13126,8875,3523,38967,835,738,1002,2575,41542
03-10-2017,23,12722,12140,8341,3192,36395,773,669,917,2359,38754
04-10-2017,0,12164,11576,8010,3013,34763,734,615,860,2209,36972
04-10-2017,1,11888,10861,7798,2923,33470,714,595,835,2144,35614
04-10-2017,2,11746,11039,7677,2872,33334,703,587,829,2119,35453
04-10-2017,3,11742,11241,7716,2851,33550,710,591,837,2138,35688
04-10-2017,4,11975,11186,8035,2915,34111,745,636,900,2281,36392
04-10-2017,5,12352,11939,8755,3133,36179,872,770,1122,2764,38943
04-10-2017,6,13567,14078,9260,3804,40709,1001,902,1306,3209,43918
04-10-2017,7,15047,15830,9380,4446,44703,1086,996,1458,3540,48243
04-10-2017,8,15459,16052,9475,4644,45630,1141,1046,1519,3706,49336
04-10-2017,9,15459,16062,9431,4607,45559,1139,1042,1515,3696,49255
04-10-2017,10,15276,16393,9535,4758,45962,1140,1027,1497,3664,49626
04-10-2017,11,15041,15813,9536,4718,45108,1109,997,1470,3576,48684
04-10-2017,12,14934,16066,9460,4695,45155,1120,1024,1490,3634,48789
04-10-2017,13,14769,15745,9367,4692,44573,1111,1020,1480,3611,48184
04-10-2017,14,14759,15638,9359,4630,44386,1092,1023,1461,3576,47962
04-10-2017,15,14814,15901,9316,4456,44487,1060,1005,1423,3488,47975
04-10-2017,16,14812,15837,9321,4488,44458,1047,967,1387,3401,47859
04-10-2017,17,14900,16086,9439,4813,45238,1057,983,1403,3443,48681
04-10-2017,18,15045,16587,9956,4745,46333,1113,1025,1472,3610,49943
04-10-2017,19,15297,16570,9841,4587,46295,1073,999,1440,3512,49807
04-10-2017,20,15176,15628,9293,4318,44415,1016,926,1326,3268,47683
04-10-2017,21,14786,14477,9151,4032,42446,916,816,1141,2873,45319
04-10-2017,22,14080,13656,8908,3629,40273,822,718,982,2522,42795
04-10-2017,23,13277,12646,8421,3290,37634,759,653,902,2314,39948
05-10-2017,0,12842,12367,8051,3115,36375,732,615,858,2205,38580
05-10-2017,1,12525,12012,7812,2994,35343,717,591,837,2145,37488
05-10-2017,2,12427,11745,7788,2928,34888,709,592,830,2131,37019
05-10-2017,3,12493,11603,7873,2905,34874,711,600,835,2146,37020
05-10-2017,4,12667,11866,8183,2962,35678,749,637,892,2278,37956
05-10-2017,5,13081,12437,9036,3165,37719,878,761,1121,2760,40479
05-10-2017,6,14325,14356,9538,3805,42024,1002,880,1298,3180,45204
05-10-2017,7,15661,16385,9549,4425,46020,1090,982,1426,3498,49518
05-10-2017,8,15966,16772,9644,4644,47026,1127,1048,1463,3638,50664
05-10-2017,9,15976,16825,9665,4660,47126,1108,1039,1462,3609,50735
05-10-2017,10,15697,16631,9723,4732,46783,1093,1024,1444,3561,50344
05-10-2017,11,15294,16241,9647,4762,45944,1067,1007,1433,3507,49451
05-10-2017,12,15021,16264,9580,4718,45583,1091,1035,1450,3576,49159
05-10-2017,13,14949,16175,9576,4645,45345,1086,1016,1430,3532,48877
05-10-2017,14,14840,15905,9536,4497,44778,1076,997,1402,3475,48253
05-10-2017,15,14547,15676,9535,4378,44136,1046,993,1378,3417,47553
05-10-2017,16,14636,15393,9512,4326,43867,1026,951,1331,3308,47175
05-10-2017,17,14730,15606,9589,4624,44549,1037,958,1346,3341,47890
05-10-2017,18,14951,15815,10042,4566,45374,1092,1007,1432,3531,48905
05-10-2017,19,15284,16012,9871,4596,45763,1067,986,1414,3467,49230
05-10-2017,20,15097,15594,9447,4324,44462,1023,922,1328,3273,47735
05-10-2017,21,14832,15100,9377,4005,43314,934,824,1150,2908,46222
05-10-2017,22,14230,14401,9141,3636,41408,821,728,1002,2551,43959
05-10-2017,23,13482,13433,8650,3325,38890,761,656,921,2338,41228
06-10-2017,0,12882,12389,8283,3098,36652,725,617,883,2225,38877
06-10-2017,1,12669,12246,8068,3004,35987,726,597,852,2175,38162
06-10-2017,2,12498,12065,8068,2933,35564,717,586,842,2145,37709
06-10-2017,3,12585,12156,8135,2936,35812,715,593,851,2159,37971
06-10-2017,4,12651,12285,8417,2993,36346,753,633,922,2308,38654
06-10-2017,5,13095,13035,9285,3218,38633,881,754,1141,2776,41409
06-10-2017,6,14201,15149,9777,3838,42965,1005,885,1320,3210,46175
06-10-2017,7,15352,16572,9797,4383,46104,1093,974,1432,3499,49603
06-10-2017,8,15732,16753,9896,4557,46938,1128,1017,1471,3616,50554
06-10-2017,9,15596,16907,9877,4556,46936,1117,1006,1418,3541,50477
06-10-2017,10,15484,16701,9845,4550,46580,1103,1015,1412,3530,50110
06-10-2017,11,15123,16542,9829,4498,45992,1080,984,1385,3449,49441
06-10-2017,12,14985,16077,9680,4333,45075,1090,1001,1394,3485,48560
06-10-2017,13,14766,15677,9600,4194,44237,1072,991,1372,3435,47672
06-10-2017,14,14438,15056,9539,4042,43075,1061,976,1360,3397,46472
06-10-2017,15,14262,14906,9446,3882,42496,1039,958,1359,3356,45852
06-10-2017,16,14349,15027,9504,3931,42811,1029,929,1320,3278,46089
06-10-2017,17,14367,14961,9675,4195,43198,1038,932,1326,3296,46494
06-10-2017,18,14397,15499,10029,4205,44130,1077,978,1408,3463,47593
06-10-2017,19,14739,15351,9690,4087,43867,1044,954,1379,3377,47244
06-10-2017,20,14281,14503,9317,3855,41956,998,898,1281,3177,45133
06-10-2017,21,13933,13988,9312,3584,40817,904,812,1139,2855,43672
06-10-2017,22,13434,13349,9057,3285,39125,802,730,1005,2537,41662
06-10-2017,23,12981,12554,8580,3033,37148,759,661,928,2348,39496
07-10-2017,0,12551,11910,8215,2863,35539,728,616,889,2233,37772
07-10-2017,1,12314,11812,8014,2746,34886,695,586,843,2124,37010
07-10-2017,2,12217,11599,7957,2701,34474,689,579,829,2097,36571
07-10-2017,3,12169,11413,7933,2690,34205,686,582,827,2095,36300
07-10-2017,4,12228,11451,8031,2717,34427,702,607,853,2162,36589
07-10-2017,5,12366,11538,8397,2762,35063,742,653,927,2322,37385
07-10-2017,6,12730,12079,8504,2913,36226,780,700,1004,2484,38710
07-10-2017,7,13070,12528,8613,3177,37388,844,771,1101,2716,40104
07-10-2017,8,13636,13334,8832,3458,39260,911,841,1195,2947,42207
07-10-2017,9,14395,14109,8939,3674,41117,930,859,1224,3013,44130
07-10-2017,10,14643,14526,9063,3840,42072,918,855,1213,2986,45058
07-10-2017,11,14529,14574,9024,3863,41990,908,836,1204,2948,44938
07-10-2017,12,14358,14621,9011,3808,41798,910,827,1192,2929,44727
07-10-2017,13,14082,14683,8894,3776,41435,901,822,1162,2885,44320
07-10-2017,14,13807,14562,8955,3733,41057,900,812,1148,2860,43917
07-10-2017,15,13656,14501,9039,3735,40931,898,808,1146,2852,43783
07-10-2017,16,13634,14788,9170,3788,41380,910,817,1151,2878,44258
07-10-2017,17,13830,14949,9555,4067,42401,939,831,1178,2948,45349
07-10-2017,18,14330,15397,9968,4126,43821,986,888,1279,3153,46974
07-10-2017,19,14607,15136,9679,3965,43387,949,870,1264,3083,46470
07-10-2017,20,14249,14859,9168,3697,41973,905,811,1180,2896,44869
07-10-2017,21,13919,14061,9153,3459,40592,827,740,1045,2612,43204
07-10-2017,22,13572,13248,9009,3227,39056,753,668,927,2348,41404
07-10-2017,23,13300,12675,8509,3016,37500,725,622,842,2189,39689
08-10-2017,0,12886,12180,8134,2842,36042,677,591,798,2066,38108
08-10-2017,1,12575,11946,7922,2724,35167,676,570,772,2018,37185
08-10-2017,2,12472,11954,7865,2667,34958,664,554,762,1980,36938
08-10-2017,3,12393,11726,7888,2655,34662,661,557,760,1978,36640
08-10-2017,4,12497,11776,7953,2667,34893,663,568,775,2006,36899
08-10-2017,5,12579,11540,8143,2653,34915,681,609,830,2120,37035
08-10-2017,6,12863,12168,8152,2689,35872,720,639,883,2242,38114
08-10-2017,7,13122,12498,8137,2888,36645,756,701,966,2423,39068
08-10-2017,8,13483,13086,8377,3143,38089,841,773,1084,2698,40787
08-10-2017,9,13876,13766,8596,3430,39668,880,819,1151,2850,42518
08-10-2017,10,14088,14621,8774,3596,41079,886,837,1188,2911,43990
08-10-2017,11,13937,14919,8766,3558,41180,901,838,1179,2918,44098
08-10-2017,12,13660,14526,8830,3491,40507,901,837,1194,2932,43439
08-10-2017,13,13451,14278,8751,3484,39964,905,819,1189,2913,42877
08-10-2017,14,13274,14249,8716,3436,39675,905,808,1174,2887,42562
08-10-2017,15,13204,14084,8697,3437,39422,908,792,1165,2865,42287
08-10-2017,16,13401,14392,8744,3513,40050,930,800,1180,2910,42960
08-10-2017,17,13564,14957,9011,3910,41442,970,831,1233,3034,44476
08-10-2017,18,14026,15490,9362,4026,42904,1018,908,1313,3239,46143
08-10-2017,19,14664,15431,9138,3965,43198,977,906,1295,3178,46376
08-10-2017,20,14657,14876,8632,3726,41891,924,848,1216,2988,44879
08-10-2017,21,14506,14102,8697,3474,40779,844,757,1079,2680,43459
08-10-2017,22,14038,13121,8547,3185,38891,761,665,929,2355,41246
08-10-2017,23,13437,12122,8107,2914,36580,723,618,840,2181,38761
09-10-2017,0,12925,11998,7777,2771,35471,696,582,801,2079,37550
09-10-2017,1,12814,12060,7597,2701,35172,678,571,779,2028,37200
09-10-2017,2,12617,12008,7464,2670,34759,682,572,781,2035,36794
09-10-2017,3,12752,11924,7552,2693,34921,690,585,796,2071,36992
09-10-2017,4,12937,12020,7974,2790,35721,724,625,868,2217,37938
09-10-2017,5,13427,12715,8830,3057,38029,867,761,1116,2744,40773
09-10-2017,6,14759,15109,9539,3772,43179,998,899,1309,3206,46385
09-10-2017,7,16288,16592,9493,4398,46771,1084,992,1436,3512,50283
09-10-2017,8,16552,16851,9623,4559,47585,1132,1064,1493,3689,51274
09-10-2017,9,16248,16965,9680,4526,47419,1141,1065,1501,3707,51126
09-10-2017,10,16000,17136,9727,4563,47426,1142,1048,1502,3692,51118
09-10-2017,11,15573,16893,9772,4517,46755,1126,997,1483,3606,50361
09-10-2017,12,15289,16776,9685,4407,46157,1143,1010,1499,3652,49809
09-10-2017,13,15057,16613,9621,4394,45685,1123,988,1472,3583,49268
09-10-2017,14,15124,16595,9534,4322,45575,1121,960,1449,3530,49105
09-10-2017,15,15004,16533,9452,4179,45168,1093,941,1407,3441,48609
09-10-2017,16,14946,16501,9468,4168,45083,1079,924,1358,3361,48444
09-10-2017,17,14975,16861,9496,4473,45805,1116,952,1382,3450,49255
09-10-2017,18,15373,17123,9749,4531,46776,1124,1014,1453,3591,50367
09-10-2017,19,15726,16869,9541,4503,46639,1082,995,1378,3455,50094
09-10-2017,20,15598,16331,9080,4169,45178,1036,929,1294,3259,48437
09-10-2017,21,15357,15562,9016,3847,43782,939,828,1132,2899,46681
09-10-2017,22,14775,14439,8764,3526,41504,836,720,986,2542,44046
09-10-2017,23,14107,13456,8257,3197,39017,781,656,909,2346,41363
10-10-2017,0,13568,12766,7871,2992,37197,757,627,881,2265,39462
10-10-2017,1,13278,12491,7703,2885,36357,736,604,864,2204,38561
10-10-2017,2,13304,12335,7658,2851,36148,727,592,854,2173,38321
10-10-2017,3,13295,12398,7754,2855,36302,735,604,867,2206,38508
10-10-2017,4,13290,12501,7987,2939,36717,773,663,931,2367,39084
10-10-2017,5,13759,13373,8816,3193,39141,900,778,1160,2838,41979
10-10-2017,6,15183,15641,9429,3836,44089,1042,919,1343,3304,47393
10-10-2017,7,16319,16835,9453,4438,47045,1121,1030,1441,3592,50637
10-10-2017,8,16390,17124,9579,4588,47681,1165,1081,1483,3729,51410
10-10-2017,9,16300,17186,9574,4566,47626,1164,1071,1482,3717,51343
10-10-2017,10,16080,17217,9642,4607,47546,1155,1043,1481,3679,51225
10-10-2017,11,15726,16951,9686,4569,46932,1143,1037,1471,3651,50583
10-10-2017,12,15556,16630,9530,4461,46177,1162,1035,1487,3684,49861
10-10-2017,13,15465,16609,9438,4466,45978,1151,1022,1469,3642,49620
10-10-2017,14,15541,16396,9315,4426,45678,1144,1022,1444,3610,49288
10-10-2017,15,15688,16481,9359,4440,45968,1121,999,1403,3523,49491
10-10-2017,16,15671,16517,9594,4451,46233,1096,975,1360,3431,49664
10-10-2017,17,15537,16874,9827,4694,46932,1121,976,1384,3481,50413
10-10-2017,18,15538,17430,10048,4663,47679,1136,1020,1445,3601,51280
10-10-2017,19,15700,17050,9832,4498,47080,1098,988,1399,3485,50565
10-10-2017,20,15493,16450,9350,4209,45502,1038,925,1318,3281,48783
10-10-2017,21,15119,15629,9183,3866,43797,943,826,1157,2926,46723
10-10-2017,22,14442,14171,8931,3495,41039,849,728,1001,2578,43617
10-10-2017,23,13687,13239,8429,3168,38523,795,653,914,2362,40885
11-10-2017,0,13134,12709,8103,2975,36921,763,622,873,2258,39179
11-10-2017,1,12829,12621,7922,2867,36239,740,606,849,2195,38434
11-10-2017,2,12743,12525,7870,2826,35964,734,595,847,2176,38140
11-10-2017,3,12715,12577,7948,2831,36071,743,600,857,2200,38271
11-10-2017,4,12847,12637,8264,2899,36647,781,646,920,2347,38994
11-10-2017,5,13327,13518,9124,3138,39107,904,778,1149,2831,41938
11-10-2017,6,14573,15756,9765,3800,43894,1044,920,1357,3321,47215
11-10-2017,7,16004,17099,9695,4472,47270,1120,1007,1466,3593,50863
11-10-2017,8,16253,17246,9714,4657,47870,1169,1058,1475,3702,51572
11-10-2017,9,16064,17198,9712,4679,47653,1146,1057,1462,3665,51318
11-10-2017,10,16059,17142,9731,4772,47704,1139,1047,1438,3624,51328
11-10-2017,11,15831,16943,9701,4691,47166,1116,1008,1423,3547,50713
11-10-2017,12,15922,16724,9620,4650,46916,1141,1022,1450,3613,50529
11-10-2017,13,15833,16627,9504,4628,46592,1133,1017,1414,3564,50156
11-10-2017,14,15731,16337,9470,4573,46111,1120,1000,1404,3524,49635
11-10-2017,15,15637,16339,9542,4433,45951,1105,986,1371,3462,49413
11-10-2017,16,15719,16444,9654,4448,46265,1094,959,1343,3396,49661
11-10-2017,17,15710,16660,9905,4711,46986,1125,973,1379,3477,50463
11-10-2017,18,15808,16901,10172,4723,47604,1146,1017,1446,3609,51213
11-10-2017,19,15719,16721,9962,4530,46932,1106,990,1405,3501,50433
11-10-2017,20,15402,16032,9392,4159,44985,1051,932,1326,3309,48294
11-10-2017,21,15059,15112,9393,3896,43460,955,835,1173,2963,46423
11-10-2017,22,14376,14188,9221,3576,41361,860,736,1012,2608,43969
11-10-2017,23,13583,13028,8748,3267,38626,799,664,921,2384,41010
12-10-2017,0,13147,12405,8413,3055,37020,771,629,887,2287,39307
12-10-2017,1,12779,12191,8254,2978,36202,755,606,862,2223,38425
12-10-2017,2,12645,12128,8278,2912,35963,750,601,858,2209,38172
12-10-2017,3,12553,12093,8385,2907,35938,752,608,865,2225,38163
12-10-2017,4,12506,12228,8726,3005,36465,787,652,927,2366,38831
12-10-2017,5,12998,12785,9484,3261,38528,920,776,1156,2852,41380
12-10-2017,6,14036,14790,10020,3884,42730,1057,914,1351,3322,46052
12-10-2017,7,15359,16352,10006,4480,46197,1135,1016,1465,3616,49813
12-10-2017,8,15772,16547,10092,4661,47072,1173,1079,1531,3783,50855
12-10-2017,9,15502,16717,10010,4648,46877,1173,1082,1532,3787,50664
12-10-2017,10,15506,16690,9933,4731,46860,1164,1070,1515,3749,50609
12-10-2017,11,15354,16611,9877,4683,46525,1143,1036,1480,3659,50184
12-10-2017,12,15232,16490,9766,4586,46074,1166,1066,1480,3712,49786
12-10-2017,13,15126,16571,9785,4607,46089,1158,1057,1470,3685,49774
12-10-2017,14,14922,16372,9781,4458,45533,1150,1035,1456,3641,49174
12-10-2017,15,14887,16134,9718,4295,45034,1128,1011,1410,3549,48583
12-10-2017,16,15042,16141,9713,4342,45238,1127,990,1352,3469,48707
12-10-2017,17,15026,16478,9982,4617,46103,1146,1006,1392,3544,49647
12-10-2017,18,15258,16849,10172,4646,46925,1144,1030,1464,3638,50563
12-10-2017,19,15528,16686,9956,4571,46741,1108,997,1429,3534,50275
12-10-2017,20,15269,15859,9454,4250,44832,1045,925,1306,3276,48108
12-10-2017,21,14781,14902,9350,3916,42949,955,826,1117,2898,45847
12-10-2017,22,14301,14038,9103,3567,41009,865,734,981,2580,43589
12-10-2017,23,13738,13071,8549,3265,38623,805,669,915,2389,41012
13-10-2017,0,13312,12789,8196,3008,37305,770,637,869,2276,39581
13-10-2017,1,12928,12538,8063,2934,36463,752,619,842,2213,38676
13-10-2017,2,12888,12404,8065,2895,36252,740,611,834,2185,38437
13-10-2017,3,12868,12491,8116,2888,36363,739,614,847,2200,38563
13-10-2017,4,13037,12327,8485,2935,36784,771,645,907,2323,39107
13-10-2017,5,13541,13108,9310,3213,39172,902,776,1123,2801,41973
13-10-2017,6,15054,15431,9916,3837,44238,1040,918,1324,3282,47520
13-10-2017,7,16354,17206,9877,4411,47848,1112,1011,1429,3552,51400
13-10-2017,8,16587,17479,9938,4533,48537,1154,1054,1476,3684,52221
13-10-2017,9,16479,17446,10040,4491,48456,1152,1057,1467,3676,52132
13-10-2017,10,16266,17355,9954,4566,48141,1151,1037,1455,3643,51784
13-10-2017,11,16004,16934,9804,4480,47222,1132,1005,1429,3566,50788
13-10-2017,12,15863,16657,9704,4392,46616,1154,1037,1462,3653,50269
13-10-2017,13,15829,16448,9670,4328,46275,1130,1020,1443,3593,49868
13-10-2017,14,15550,16095,9660,4202,45507,1110,988,1405,3503,49010
13-10-2017,15,15225,15777,9575,4056,44633,1076,975,1367,3418,48051
13-10-2017,16,15251,15610,9628,4126,44615,1057,954,1342,3353,47968
13-10-2017,17,15291,15925,9970,4455,45641,1077,977,1362,3416,49057
13-10-2017,18,15593,15983,10173,4538,46287,1090,994,1399,3483,49770
13-10-2017,19,15384,15526,9967,4270,45147,1052,960,1359,3371,48518
13-10-2017,20,14796,14790,9445,3955,42986,996,894,1275,3165,46151
13-10-2017,21,14299,13969,9394,3678,41340,913,809,1143,2865,44205
13-10-2017,22,13816,13048,9175,3384,39423,829,725,1028,2582,42005
13-10-2017,23,13056,12374,8697,3065,37192,772,655,952,2379,39571
14-10-2017,0,12651,11826,8302,2871,35650,743,619,905,2267,37917
14-10-2017,1,12400,11552,8057,2720,34729,721,599,876,2196,36925
14-10-2017,2,12263,11539,7950,2612,34364,711,587,870,2168,36532
14-10-2017,3,12142,11438,7960,2598,34138,710,588,865,2163,36301
14-10-2017,4,12218,11588,8089,2606,34501,720,610,887,2217,36718
14-10-2017,5,12299,11719,8352,2671,35041,761,651,956,2368,37409
14-10-2017,6,12480,12284,8551,2863,36178,806,703,1040,2549,38727
14-10-2017,7,13028,12812,8587,3162,37589,846,769,1133,2748,40337
14-10-2017,8,13415,13337,8758,3431,38941,916,844,1225,2985,41926
14-10-2017,9,14020,14056,8790,3642,40508,945,872,1274,3091,43599
14-10-2017,10,14238,14132,8909,3750,41029,953,875,1288,3116,44145
14-10-2017,11,14211,14236,8917,3741,41105,948,869,1293,3110,44215
14-10-2017,12,14033,14186,8878,3682,40779,946,865,1288,3099,43878
14-10-2017,13,13741,13818,8903,3642,40104,932,858,1263,3053,43157
14-10-2017,14,13780,13663,8912,3570,39925,929,855,1237,3021,42946
14-10-2017,15,13683,13614,9083,3620,40000,929,858,1226,3013,43013
14-10-2017,16,13741,13931,9272,3707,40651,948,859,1232,3039,43690
14-10-2017,17,13941,14164,9569,3953,41627,992,882,1283,3157,44784
14-10-2017,18,14419,14602,9616,4077,42714,1000,903,1315,3218,45932
14-10-2017,19,14405,14416,9264,3851,41936,961,878,1262,3101,45037
14-10-2017,20,14003,13719,8769,3537,40028,916,828,1183,2927,42955
14-10-2017,21,13672,12979,8952,3308,38911,847,756,1076,2679,41590
14-10-2017,22,13197,12475,8849,3120,37641,783,685,954,2422,40063
14-10-2017,23,12838,11791,8407,2904,35940,735,627,862,2224,38164
15-10-2017,0,12594,11474,8002,2780,34850,704,590,815,2109,36959
15-10-2017,1,12346,11273,7773,2638,34030,684,572,792,2048,36078
15-10-2017,2,12161,11246,7814,2546,33767,679,563,782,2024,35791
15-10-2017,3,12127,11247,7867,2505,33746,673,562,779,2014,35760
15-10-2017,4,12117,11160,7909,2521,33707,677,577,798,2052,35759
15-10-2017,5,12221,11386,8080,2581,34268,709,613,854,2176,36444
15-10-2017,6,12381,11815,8166,2750,35112,735,652,917,2304,37416
15-10-2017,7,12512,12155,8124,2984,35775,778,697,982,2457,38232
15-10-2017,8,12846,12892,8322,3268,37328,847,773,1092,2712,40040
15-10-2017,9,13373,13361,8523,3510,38767,873,806,1157,2836,41603
15-10-2017,10,13691,13770,8579,3645,39685,869,812,1162,2843,42528
15-10-2017,11,13953,14305,8587,3639,40484,857,802,1142,2801,43285
15-10-2017,12,13965,14185,8545,3603,40298,840,790,1128,2758,43056
15-10-2017,13,13932,14201,8479,3600,40212,834,785,1115,2734,42946
15-10-2017,14,13926,13840,8505,3563,39834,831,772,1105,2708,42542
15-10-2017,15,13998,13693,8617,3506,39814,842,775,1110,2727,42541
15-10-2017,16,14103,14027,8809,3568,40507,878,792,1146,2816,43323
15-10-2017,17,14109,14356,9351,3868,41684,969,851,1230,3050,44734
15-10-2017,18,14255,14769,9645,4070,42739,1015,919,1344,3278,46017
15-10-2017,19,14198,14614,9373,3976,42161,977,903,1308,3188,45349
15-10-2017,20,13972,14314,8884,3728,40898,923,845,1218,2986,43884
15-10-2017,21,13820,13525,9047,3521,39913,855,759,1083,2697,42610
15-10-2017,22,13155,12194,8960,3241,37550,784,679,957,2420,39970
15-10-2017,23,12488,11612,8486,2962,35548,740,618,881,2239,37787
16-10-2017,0,11944,11060,8119,2805,33928,711,572,823,2106,36034
16-10-2017,1,11700,10795,7933,2694,33122,682,567,804,2053,35175
16-10-2017,2,11626,10692,7836,2635,32789,679,564,803,2046,34835
16-10-2017,3,11397,10935,7885,2620,32837,680,574,817,2071,34908
16-10-2017,4,11584,11113,8149,2707,33553,721,616,889,2226,35779
16-10-2017,5,12126,11900,9000,2959,35985,851,745,1132,2728,38713
16-10-2017,6,13605,13988,9604,3490,40687,1007,909,1361,3277,43964
16-10-2017,7,14921,15726,9755,4152,44554,1097,1006,1460,3563,48117
16-10-2017,8,15245,15761,9794,4431,45231,1139,1063,1507,3709,48940
16-10-2017,9,15140,15911,9753,4543,45347,1152,1072,1507,3731,49078
16-10-2017,10,14841,16158,9768,4545,45312,1145,1050,1494,3689,49001
16-10-2017,11,14861,16126,9767,4515,45269,1123,1011,1460,3594,48863
16-10-2017,12,14737,15925,9879,4442,44983,1148,1039,1466,3653,48636
16-10-2017,13,14664,15767,9724,4437,44592,1140,1028,1430,3598,48190
16-10-2017,14,14507,15595,9604,4388,44094,1129,1018,1402,3549,47643
16-10-2017,15,14670,15644,9502,4269,44085,1092,991,1347,3430,47515
16-10-2017,16,14782,15546,9481,4221,44030,1063,957,1311,3331,47361
16-10-2017,17,14926,15826,9647,4474,44873,1092,1012,1368,3472,48345
16-10-2017,18,15172,16548,9945,4623,46288,1112,1025,1444,3581,49869
16-10-2017,19,15136,16426,9747,4433,45742,1070,980,1399,3449,49191
16-10-2017,20,14518,15593,9275,4117,43503,1008,911,1291,3210,46713
16-10-2017,21,14221,14930,9175,3799,42125,912,813,1133,2858,44983
16-10-2017,22,13695,13883,9019,3532,40129,827,707,1006,2540,42669
16-10-2017,23,12922,12952,8543,3196,37613,764,648,932,2344,39957
17-10-2017,0,12610,12028,8174,2964,35776,739,616,899,2254,38030
17-10-2017,1,12327,11665,7932,2856,34780,724,600,867,2191,36971
17-10-2017,2,12109,11603,7958,2823,34493,713,594,858,2165,36658
17-10-2017,3,12095,11637,8073,2825,34630,718,601,867,2186,36816
17-10-2017,4,12189,11905,8331,2857,35282,760,645,944,2349,37631
17-10-2017,5,12548,12537,9258,3023,37366,896,771,1186,2853,40219
17-10-2017,6,13833,14282,9801,3543,41459,1061,923,1386,3370,44829
17-10-2017,7,15198,15978,9713,4179,45068,1127,1017,1485,3629,48697
17-10-2017,8,15475,16162,9845,4427,45909,1161,1060,1522,3743,49652
17-10-2017,9,15391,15978,9744,4478,45591,1157,1052,1511,3720,49311
17-10-2017,10,15351,16304,9704,4537,45896,1158,1040,1499,3697,49593
17-10-2017,11,15250,16360,9785,4503,45898,1136,1006,1463,3605,49503
17-10-2017,12,15200,15998,9734,4408,45340,1167,1027,1468,3662,49002
17-10-2017,13,15204,16013,9798,4405,45420,1176,1017,1447,3640,49060
17-10-2017,14,15163,15867,9786,4357,45173,1166,991,1427,3584,48757
17-10-2017,15,15060,16040,9703,4221,45024,1134,974,1391,3499,48523
17-10-2017,16,15170,16232,9908,4179,45489,1110,947,1346,3403,48892
17-10-2017,17,15244,16595,10163,4438,46440,1128,999,1394,3521,49961
17-10-2017,18,15409,16880,10245,4522,47056,1110,1010,1444,3564,50620
17-10-2017,19,15310,16645,10134,4346,46435,1071,974,1411,3456,49891
17-10-2017,20,14933,15542,9631,4060,44166,1011,897,1296,3204,47370
17-10-2017,21,14603,14747,9602,3780,42732,928,805,1137,2870,45602
17-10-2017,22,13906,13728,9322,3492,40448,832,718,992,2542,42990
17-10-2017,23,13194,12756,8815,3188,37953,777,656,916,2349,40302
18-10-2017,0,12647,11983,8481,2991,36102,737,629,879,2245,38347
18-10-2017,1,12295,11670,8252,2865,35082,708,605,846,2159,37241
18-10-2017,2,12264,11703,8243,2821,35031,703,598,840,2141,37172
18-10-2017,3,12274,11552,8219,2817,34862,708,603,850,2161,37023
18-10-2017,4,12451,11631,8472,2870,35424,746,645,915,2306,37730
18-10-2017,5,12908,12530,9364,3074,37876,873,781,1160,2814,40690
18-10-2017,6,14229,14673,9882,3585,42369,1021,914,1359,3294,45663
18-10-2017,7,15893,16163,9898,4141,46095,1102,1004,1451,3557,49652
18-10-2017,8,16087,16641,9937,4375,47040,1136,1050,1480,3666,50706
18-10-2017,9,16040,16763,9986,4467,47256,1142,1047,1459,3648,50904
18-10-2017,10,15840,16701,9931,4434,46906,1129,1036,1413,3578,50484
18-10-2017,11,15465,16612,9909,4524,46510,1100,1000,1356,3456,49966
18-10-2017,12,15143,16389,9852,4509,45893,1112,1016,1382,3510,49403
18-10-2017,13,14930,16378,9716,4508,45532,1093,1010,1402,3505,49037
18-10-2017,14,14946,16309,9676,4451,45382,1086,999,1382,3467,48849
18-10-2017,15,14969,16293,9679,4328,45269,1056,990,1358,3404,48673
18-10-2017,16,14956,16159,9785,4316,45216,1041,957,1336,3334,48550
18-10-2017,17,15129,16863,10126,4574,46692,1089,981,1382,3452,50144
18-10-2017,18,15522,17137,10290,4622,47571,1101,1004,1436,3541,51112
18-10-2017,19,15612,17163,10022,4336,47133,1052,971,1372,3395,50528
18-10-2017,20,15490,16464,9560,4075,45589,1004,905,1308,3217,48806
18-10-2017,21,15336,15650,9568,3792,44346,913,808,1140,2861,47207
18-10-2017,22,14865,14619,9434,3491,42409,821,714,1012,2547,44956
18-10-2017,23,14077,13827,8929,3196,40029,760,645,944,2349,42378
19-10-2017,0,13533,13232,8584,2976,38325,742,607,894,2243,40568
19-10-2017,1,13335,13034,8397,2847,37613,731,589,869,2189,39802
19-10-2017,2,13252,12963,8344,2789,37348,726,584,852,2162,39510
19-10-2017,3,13253,12933,8406,2785,37377,734,602,864,2200,39577
19-10-2017,4,13385,13103,8709,2837,38034,771,652,923,2346,40380
19-10-2017,5,13819,13869,9464,3032,40184,890,780,1162,2832,43016
19-10-2017,6,15439,16097,10023,3531,45090,1042,927,1360,3329,48419
19-10-2017,7,16946,17503,10092,4083,48624,1111,1026,1446,3583,52207
19-10-2017,8,17245,17694,10162,4369,49470,1141,1059,1444,3644,53114
19-10-2017,9,17045,17981,10087,4514,49627,1127,1043,1422,3592,53219
19-10-2017,10,16859,18311,10066,4647,49883,1109,1015,1415,3539,53422
19-10-2017,11,16378,17318,10126,4636,48458,1078,977,1380,3435,51893
19-10-2017,12,16092,17070,10059,4525,47746,1096,994,1401,3491,51237
19-10-2017,13,15821,16529,9985,4505,46840,1082,982,1381,3445,50285
19-10-2017,14,15809,16504,10005,4398,46716,1072,967,1361,3400,50116
19-10-2017,15,15837,16601,10011,4266,46715,1051,950,1320,3321,50036
19-10-2017,16,15992,16432,10087,4227,46738,1044,926,1299,3269,50007
19-10-2017,17,16097,17064,10425,4424,48010,1099,975,1359,3433,51443
19-10-2017,18,16440,17412,10749,4505,49106,1125,1010,1461,3596,52702
19-10-2017,19,16317,17232,10600,4294,48443,1089,973,1421,3483,51926
19-10-2017,20,16201,16648,10216,3993,47058,1030,920,1319,3269,50327
19-10-2017,21,15921,16023,10203,3702,45849,945,832,1164,2941,48790
19-10-2017,22,15287,15028,10008,3380,43703,856,745,1036,2637,46340
19-10-2017,23,14557,14024,9597,3106,41284,808,679,961,2448,43732
20-10-2017,0,13889,13407,9281,2905,39482,778,644,911,2333,41815
20-10-2017,1,13362,13056,9187,2773,38378,763,620,867,2250,40628
20-10-2017,2,13240,13024,9191,2725,38180,755,616,863,2234,40414
20-10-2017,3,13430,13139,9326,2716,38611,762,629,871,2262,40873
20-10-2017,4,13532,13324,9661,2764,39281,805,676,933,2414,41695
20-10-2017,5,13857,14473,10292,3006,41628,926,802,1148,2876,44504
20-10-2017,6,15106,16431,10705,3487,45729,1084,950,1371,3405,49134
20-10-2017,7,16645,18049,10677,4039,49410,1160,1031,1467,3658,53068
20-10-2017,8,16905,18040,10811,4322,50078,1184,1064,1487,3735,53813
20-10-2017,9,16898,18143,10755,4443,50239,1163,1036,1469,3668,53907
20-10-2017,10,16762,18108,10655,4554,50079,1136,1018,1446,3600,53679
20-10-2017,11,16600,17800,10521,4545,49466,1104,984,1417,3505,52971
20-10-2017,12,16447,17428,10330,4465,48670,1114,996,1436,3546,52216
20-10-2017,13,16167,16930,10101,4353,47551,1096,993,1419,3508,51059
20-10-2017,14,16036,16651,10058,4181,46926,1079,975,1395,3449,50375
20-10-2017,15,16150,16514,10047,4102,46813,1057,960,1370,3387,50200
20-10-2017,16,16020,16635,10186,4121,46962,1056,946,1362,3364,50326
20-10-2017,17,16167,17169,10658,4377,48371,1115,996,1409,3520,51891
20-10-2017,18,16308,17282,10824,4420,48834,1127,1005,1446,3578,52412
20-10-2017,19,16065,16790,10532,4106,47493,1079,971,1387,3437,50930
20-10-2017,20,15679,16003,10101,3804,45587,1026,911,1286,3223,48810
20-10-2017,21,15197,15226,10173,3573,44169,944,822,1152,2918,47087
20-10-2017,22,14679,14508,10070,3309,42566,866,740,1026,2632,45198
20-10-2017,23,14162,13723,9592,3079,40556,816,673,947,2436,42992
21-10-2017,0,13641,12853,9182,2846,38522,793,641,906,2340,40862
21-10-2017,1,13268,12818,8955,2692,37733,770,620,879,2269,40002
21-10-2017,2,13078,12702,8895,2613,37288,757,607,855,2219,39507
21-10-2017,3,12999,12792,8873,2582,37246,757,613,855,2225,39471
21-10-2017,4,12923,12835,9089,2595,37442,773,643,882,2298,39740
21-10-2017,5,13047,12955,9487,2669,38158,805,687,960,2452,40610
21-10-2017,6,13335,13518,9705,2834,39392,870,746,1059,2675,42067
21-10-2017,7,13813,14157,9739,3151,40860,917,807,1149,2873,43733
21-10-2017,8,14429,14571,9947,3419,42366,986,868,1234,3088,45454
21-10-2017,9,15029,15323,10010,3655,44017,996,884,1281,3161,47178
21-10-2017,10,15354,15667,9939,3774,44734,980,870,1293,3143,47877
21-10-2017,11,15255,15643,9832,3763,44493,955,855,1288,3098,47591
21-10-2017,12,15168,15397,9636,3753,43954,938,849,1270,3057,47011
21-10-2017,13,15060,15011,9615,3689,43375,927,832,1232,2991,46366
21-10-2017,14,14949,14908,9709,3625,43191,922,824,1213,2959,46150
21-10-2017,15,14873,14828,9913,3603,43217,916,820,1209,2945,46162
21-10-2017,16,15046,15043,10151,3698,43938,944,827,1225,2996,46934
21-10-2017,17,15537,15797,10729,4023,46086,1022,887,1282,3191,49277
21-10-2017,18,15771,16181,10795,4148,46895,1046,920,1323,3289,50184
21-10-2017,19,15491,15698,10408,3886,45483,1001,901,1282,3184,48667
21-10-2017,20,14940,15066,9923,3624,43553,962,853,1204,3019,46572
21-10-2017,21,14579,14338,9908,3374,42199,901,785,1096,2782,44981
21-10-2017,22,14218,13728,9865,3134,40945,837,717,994,2548,43493
21-10-2017,23,13812,13313,9440,2986,39551,805,664,925,2394,41945
22-10-2017,0,13544,12788,9131,2798,38261,777,641,881,2299,40560
22-10-2017,1,13184,12561,8929,2665,37339,759,620,855,2234,39573
22-10-2017,2,13110,12423,8857,2597,36987,747,604,826,2177,39164
22-10-2017,3,13050,12318,8861,2587,36816,743,608,824,2175,38991
22-10-2017,4,13011,12270,8916,2600,36797,756,633,843,2232,39029
22-10-2017,5,13108,12579,9108,2645,37440,786,669,911,2366,39806
22-10-2017,6,13336,13114,9224,2787,38461,832,718,981,2531,40992
22-10-2017,7,13606,13574,9212,3052,39444,871,765,1036,2672,42116
22-10-2017,8,13968,14534,9367,3323,41192,932,834,1157,2923,44115
22-10-2017,9,14378,14805,9635,3557,42375,974,865,1207,3046,45421
22-10-2017,10,14803,15214,9786,3669,43472,966,866,1220,3052,46524
22-10-2017,11,14989,15465,9689,3691,43834,949,855,1223,3027,46861
22-10-2017,12,14902,15425,9687,3646,43660,933,841,1210,2984,46644
22-10-2017,13,14958,15335,9666,3609,43568,926,829,1198,2953,46521
22-10-2017,14,14968,15180,9678,3557,43383,923,823,1187,2933,46316
22-10-2017,15,15057,15259,9626,3507,43449,948,833,1189,2970,46419
22-10-2017,16,15046,15491,9824,3660,44021,980,854,1218,3052,47073
22-10-2017,17,15189,16307,10435,4082,46013,1067,934,1309,3310,49323
22-10-2017,18,15576,16743,10507,4285,47111,1074,965,1350,3389,50500
22-10-2017,19,15660,16505,10362,4048,46575,1031,947,1303,3281,49856
22-10-2017,20,15503,16025,9936,3778,45242,978,891,1216,3085,48327
22-10-2017,21,15136,15157,10132,3527,43952,907,808,1099,2814,46766
22-10-2017,22,14706,14290,10022,3246,42264,835,727,980,2542,44806
22-10-2017,23,14140,13618,9611,2972,40341,783,654,906,2343,42684
23-10-2017,0,13539,12971,9220,2775,38505,761,627,839,2227,40732
23-10-2017,1,13263,12893,9085,2682,37923,750,614,820,2184,40107
23-10-2017,2,13230,12818,9075,2662,37785,744,614,816,2174,39959
23-10-2017,3,13284,12938,9251,2690,38163,750,630,833,2213,40376
23-10-2017,4,13521,13162,9663,2769,39115,785,677,903,2365,41480
23-10-2017,5,14155,14141,10469,2948,41713,910,784,1162,2856,44569
23-10-2017,6,15498,15664,11064,3705,45931,1061,932,1374,3367,49298
23-10-2017,7,17137,17891,10970,4397,50395,1155,1032,1502,3689,54084
23-10-2017,8,17595,18361,11034,4604,51594,1204,1087,1529,3820,55414
23-10-2017,9,17628,18478,11089,4632,51827,1212,1095,1535,3842,55669
23-10-2017,10,17286,18325,11143,4696,51450,1193,1073,1547,3813,55263
23-10-2017,11,17109,18211,11088,4649,51057,1164,1047,1513,3724,54781
23-10-2017,12,16857,17737,10814,4591,49999,1174,1050,1518,3742,53741
23-10-2017,13,16928,17576,10787,4535,49826,1157,1042,1493,3692,53518
23-10-2017,14,16875,17655,10785,4473,49788,1149,1025,1490,3664,53452
23-10-2017,15,16875,17774,10787,4360,49796,1126,1007,1440,3573,53369
23-10-2017,16,16846,17820,10959,4337,49962,1119,978,1406,3503,53465
23-10-2017,17,16996,18432,11244,4715,51387,1180,1040,1479,3699,55086
23-10-2017,18,17224,18831,11323,4757,52135,1185,1051,1473,3709,55844
23-10-2017,19,16884,18359,11150,4450,50843,1147,1011,1452,3610,54453
23-10-2017,20,16692,17325,10948,4149,49114,1095,943,1341,3379,52493
23-10-2017,21,16346,16539,10911,3847,47643,1010,857,1181,3048,50691
23-10-2017,22,15815,15735,10666,3509,45725,920,768,1049,2737,48462
23-10-2017,23,14939,14815,10213,3181,43148,866,688,976,2530,45678
24-10-2017,0,14324,13701,9927,2959,40911,838,660,934,2432,43343
24-10-2017,1,14090,13681,9728,2848,40347,823,638,905,2366,42713
24-10-2017,2,13985,13588,9699,2809,40081,819,629,893,2341,42422
24-10-2017,3,13995,13805,9814,2821,40435,822,640,907,2369,42804
24-10-2017,4,14005,13551,10140,2866,40562,859,684,983,2526,43088
24-10-2017,5,14493,14030,10981,3122,42626,968,793,1209,2970,45596
24-10-2017,6,15797,16266,11292,3799,47154,1122,940,1415,3477,50631
24-10-2017,7,17317,17882,11334,4485,51018,1213,1042,1516,3771,54789
24-10-2017,8,17817,18046,11383,4640,51886,1261,1100,1548,3909,55795
24-10-2017,9,17519,17912,11367,4660,51458,1253,1104,1534,3891,55349
24-10-2017,10,17333,18000,11289,4681,51303,1232,1084,1500,3816,55119
24-10-2017,11,17357,17951,11275,4682,51265,1198,1036,1474,3708,54973
24-10-2017,12,17240,17820,11048,4617,50725,1202,1048,1432,3682,54407
24-10-2017,13,17175,17768,10925,4618,50486,1178,1046,1462,3686,54172
24-10-2017,14,17094,17650,10806,4643,50193,1174,1011,1448,3633,53826
24-10-2017,15,17010,17503,10836,4554,49903,1150,993,1419,3562,53465
24-10-2017,16,17075,17349,11028,4605,50057,1154,970,1410,3534,53591
24-10-2017,17,17200,18025,11341,4978,51544,1219,1043,1487,3749,55293
24-10-2017,18,17469,18083,11439,4951,51942,1211,1055,1505,3771,55713
24-10-2017,19,17671,17626,11229,4644,51170,1169,1011,1482,3662,54832
24-10-2017,20,16962,17040,10657,4362,49021,1111,941,1358,3410,52431
24-10-2017,21,16497,15910,10583,4034,47024,1025,856,1198,3079,50103
24-10-2017,22,15774,14708,10433,3655,44570,933,770,1063,2766,47336
24-10-2017,23,14916,13860,9981,3289,42046,877,711,979,2567,44613
25-10-2017,0,14283,12714,9506,3072,39575,849,661,936,2446,42021
25-10-2017,1,13974,13189,9346,2900,39409,832,640,909,2381,41790
25-10-2017,2,13792,13131,9317,2897,39137,827,631,901,2359,41496
25-10-2017,3,13676,13106,9365,2862,39009,834,639,915,2388,41397
25-10-2017,4,13660,13198,9687,2944,39489,870,680,988,2538,42027
25-10-2017,5,14045,14034,10433,3247,41759,994,800,1211,3005,44764
25-10-2017,6,15280,16057,10948,3878,46163,1138,944,1417,3499,49662
25-10-2017,7,16796,17888,10990,4528,50202,1225,1049,1516,3790,53992
25-10-2017,8,16997,17865,10888,4727,50477,1261,1103,1558,3922,54399
25-10-2017,9,16748,17941,10881,4782,50352,1255,1104,1573,3932,54284
25-10-2017,10,16660,18103,10902,4728,50393,1230,1091,1560,3881,54274
25-10-2017,11,16662,18085,10908,4721,50376,1197,1054,1528,3779,54155
25-10-2017,12,16613,17484,10951,4605,49653,1206,1079,1546,3831,53484
25-10-2017,13,16366,17321,10966,4660,49313,1183,1075,1532,3790,53103
25-10-2017,14,16209,17562,10964,4508,49243,1200,1047,1517,3764,53007
25-10-2017,15,16139,17282,10956,4349,48726,1180,1017,1492,3689,52415
25-10-2017,16,16290,16919,11030,4384,48623,1188,1030,1481,3699,52322
25-10-2017,17,16491,17390,11367,4698,49946,1243,1076,1553,3872,53818
25-10-2017,18,16714,17745,11350,4832,50641,1221,1066,1541,3828,54469
25-10-2017,19,16860,17388,11076,4530,49854,1182,1029,1488,3699,53553
25-10-2017,20,16466,16678,10548,4192,47884,1119,967,1365,3451,51335
25-10-2017,21,15961,15779,10458,3922,46120,1032,868,1195,3095,49215
25-10-2017,22,15275,14693,10370,3621,43959,949,780,1036,2765,46724
25-10-2017,23,14607,14018,9953,3267,41845,895,704,948,2547,44392
26-10-2017,0,13952,13326,9633,3070,39981,852,658,898,2408,42389
26-10-2017,1,13597,13355,9450,2971,39373,837,635,870,2342,41715
26-10-2017,2,13546,13085,9393,2900,38924,829,623,858,2310,41234
26-10-2017,3,13498,13067,9458,2919,38942,840,624,865,2329,41271
26-10-2017,4,13585,13219,9734,2932,39470,872,664,928,2464,41934
26-10-2017,5,14148,14018,10597,3200,41963,988,778,1165,2931,44894
26-10-2017,6,15452,16126,11053,3894,46525,1128,920,1376,3424,49949
26-10-2017,7,17091,17764,11098,4643,50596,1221,1022,1504,3747,54343
26-10-2017,8,17348,17795,11073,4825,51041,1262,1077,1556,3895,54936
26-10-2017,9,17029,17582,11107,4831,50549,1275,1089,1542,3906,54455
26-10-2017,10,16518,17548,11110,4822,49998,1271,1081,1530,3882,53880
26-10-2017,11,16278,17277,11171,4727,49453,1246,1049,1494,3789,53242
26-10-2017,12,15993,17166,11129,4595,48883,1258,1070,1489,3817,52700
26-10-2017,13,15838,17126,10908,4575,48447,1242,1062,1458,3762,52209
26-10-2017,14,15909,16910,10772,4521,48112,1221,1045,1436,3702,51814
26-10-2017,15,15941,16911,10714,4370,47936,1188,1026,1409,3623,51559
26-10-2017,16,15998,17005,10814,4398,48215,1187,1000,1400,3587,51802
26-10-2017,17,16135,17502,11179,4736,49552,1240,1051,1477,3768,53320
26-10-2017,18,16458,17846,11251,4867,50422,1210,1037,1484,3731,54153
26-10-2017,19,16336,17431,11055,4566,49388,1161,996,1443,3600,52988
26-10-2017,20,16162,16735,10471,4278,47646,1099,916,1331,3346,50992
26-10-2017,21,15748,16003,10358,3977,46086,1008,824,1181,3013,49099
26-10-2017,22,15102,14985,10224,3618,43929,922,739,1043,2704,46633
26-10-2017,23,14342,14119,9713,3272,41446,866,675,941,2482,43928
27-10-2017,0,13850,13163,9403,3011,39427,832,635,899,2366,41793
27-10-2017,1,13691,13209,9219,2883,39002,816,618,885,2319,41321
27-10-2017,2,13545,12909,9201,2843,38498,805,606,880,2291,40789
27-10-2017,3,13600,12989,9289,2870,38748,808,615,890,2313,41061
27-10-2017,4,13565,13126,9689,2969,39349,837,656,960,2453,41802
27-10-2017,5,14072,13991,10506,3258,41827,966,769,1186,2921,44748
27-10-2017,6,15433,15970,11039,3914,46356,1111,906,1397,3414,49770
27-10-2017,7,17039,17623,11099,4638,50399,1208,1004,1497,3709,54108
27-10-2017,8,17360,17862,11012,4820,51054,1240,1052,1543,3835,54889
27-10-2017,9,17231,18013,10970,4750,50964,1250,1065,1536,3851,54815
27-10-2017,10,17029,17998,10910,4733,50670,1243,1059,1525,3827,54497
27-10-2017,11,16858,17677,10844,4670,50049,1216,1022,1483,3721,53770
27-10-2017,12,16436,17294,10749,4516,48995,1241,1046,1487,3774,52769
27-10-2017,13,16270,16771,10585,4397,48023,1228,1039,1467,3734,51757
27-10-2017,14,15930,16417,10514,4310,47171,1224,1027,1435,3686,50857
27-10-2017,15,16002,16491,10534,4179,47206,1192,1000,1395,3587,50793
27-10-2017,16,16063,16677,10732,4251,47723,1182,981,1394,3557,51280
27-10-2017,17,16265,17138,11107,4557,49067,1224,1033,1464,3721,52788
27-10-2017,18,16269,17310,11107,4614,49300,1193,1016,1454,3663,52963
27-10-2017,19,15837,16368,10766,4314,47285,1145,970,1405,3520,50805
27-10-2017,20,15398,15387,10170,4002,44957,1090,905,1305,3300,48257
27-10-2017,21,15141,14801,10158,3711,43811,1011,831,1169,3011,46822
27-10-2017,22,14583,14239,9982,3432,42236,926,754,1046,2726,44962
27-10-2017,23,13955,13423,9512,3203,40093,871,691,969,2531,42624
28-10-2017,0,13593,12471,9160,2994,38218,834,651,913,2398,40616
28-10-2017,1,13385,12805,8968,2836,37994,812,629,881,2322,40316
28-10-2017,2,13125,12442,8849,2767,37183,801,617,871,2289,39472
28-10-2017,3,12979,12406,8830,2756,36971,795,615,860,2270,39241
28-10-2017,4,12985,12464,8911,2750,37110,800,636,883,2319,39429
28-10-2017,5,13172,12690,9164,2795,37821,837,677,959,2473,40294
28-10-2017,6,13465,13351,9373,3036,39225,866,744,1060,2670,41895
28-10-2017,7,14009,14100,9550,3360,41019,927,797,1151,2875,43894
28-10-2017,8,14518,14362,9639,3652,42171,986,863,1231,3080,45251
28-10-2017,9,15166,14837,9758,3849,43610,1021,892,1266,3179,46789
28-10-2017,10,15458,15219,9805,4004,44486,1030,907,1277,3214,47700
28-10-2017,11,15346,15216,9834,3962,44358,1027,898,1286,3211,47569
28-10-2017,12,15144,14947,9795,3846,43732,1019,898,1280,3197,46929
28-10-2017,13,14841,14726,9735,3782,43084,1009,893,1253,3155,46239
28-10-2017,14,14881,14584,9754,3713,42932,994,881,1235,3110,46042
28-10-2017,15,14916,14670,9862,3691,43139,997,876,1229,3102,46241
28-10-2017,16,15182,14901,10268,3805,44156,1016,892,1245,3153,47309
28-10-2017,17,15583,15808,10611,4153,46155,1068,945,1314,3327,49482
28-10-2017,18,15818,16166,10518,4325,46827,1051,937,1317,3305,50132
28-10-2017,19,15533,15629,10193,4012,45367,1014,896,1261,3171,48538
28-10-2017,20,15110,15131,9625,3781,43647,964,843,1181,2988,46635
28-10-2017,21,14726,14802,9739,3586,42853,899,781,1057,2737,45590
28-10-2017,22,14539,14392,9638,3358,41927,842,717,955,2514,44441
28-10-2017,23,14123,13838,9301,3107,40369,766,659,882,2307,42676
29-10-2017,0,13904,12780,8949,2955,38588,753,624,832,2209,40797
29-10-2017,1,13565,12893,8742,2773,37973,737,607,807,2151,40124
29-10-2017,2,13168,12663,8552,2653,37036,730,601,794,2125,39161
29-10-2017,2,13108,12398,8530,2653,36689,709,598,793,2100,38789
29-10-2017,3,13411,12535,8662,2646,37254,703,601,803,2107,39361
29-10-2017,4,13515,13041,8729,2693,37978,720,627,843,2190,40168
29-10-2017,5,13574,13338,8969,2785,38666,770,660,926,2356,41022
29-10-2017,6,14087,13879,8966,3001,39933,818,696,998,2512,42445
29-10-2017,7,14382,14272,9040,3264,40958,882,760,1089,2731,43689
29-10-2017,8,14850,14974,9256,3627,42707,928,819,1153,2900,45607
29-10-2017,9,15206,15547,9467,3727,43947,946,847,1187,2980,46927
29-10-2017,10,15347,15636,9657,3717,44357,949,842,1190,2981,47338
29-10-2017,11,15308,15607,9648,3718,44281,954,834,1184,2972,47253
29-10-2017,12,15151,15571,9595,3679,43996,949,835,1172,2956,46952
29-10-2017,13,15120,15590,9542,3598,43850,947,832,1159,2938,46788
29-10-2017,14,15235,15572,9601,3610,44018,962,832,1162,2956,46974
29-10-2017,15,15418,15708,9906,3612,44644,1010,859,1189,3058,47702
29-10-2017,16,15831,16499,10278,3900,46508,1075,939,1298,3312,49820
29-10-2017,17,16282,17473,10306,4558,48619,1077,950,1314,3341,51960
29-10-2017,18,16372,17260,10177,4442,48251,1056,928,1277,3261,51512
29-10-2017,19,16298,17024,9866,4153,47341,1008,903,1212,3123,50464
29-10-2017,20,16157,16303,9450,3874,45784,963,842,1121,2926,48710
29-10-2017,21,15849,15932,9645,3639,45065,897,761,1004,2662,47727
29-10-2017,22,15381,15315,9586,3363,43645,832,689,909,2430,46075
29-10-2017,23,14922,14675,9297,3070,41964,779,635,846,2260,44224
30-10-2017,0,14529,13958,9021,2918,40426,762,612,817,2191,42617
30-10-2017,1,14305,14600,8922,2854,40681,747,605,797,2149,42830
30-10-2017,2,14230,14455,8888,2863,40436,747,606,794,2147,42583
30-10-2017,3,14346,14600,8954,2887,40787,757,615,813,2185,42972
30-10-2017,4,14459,14747,9369,3066,41641,801,666,881,2348,43989
30-10-2017,5,15190,15568,10289,3253,44300,944,808,1107,2859,47159
30-10-2017,6,16768,17616,10762,3948,49094,1092,941,1280,3313,52407
30-10-2017,7,18065,18878,10803,4526,52272,1190,1037,1424,3651,55923
30-10-2017,8,18334,19059,10899,4716,53008,1241,1093,1487,3821,56829
30-10-2017,9,18162,18778,10909,4751,52600,1244,1095,1503,3842,56442
30-10-2017,10,17828,18797,10876,4717,52218,1239,1089,1494,3822,56040
30-10-2017,11,17652,18555,10908,4653,51768,1222,1051,1476,3749,55517
30-10-2017,12,17633,18175,10864,4565,51237,1252,1077,1500,3829,55066
30-10-2017,13,17733,18075,10783,4616,51207,1243,1075,1489,3807,55014
30-10-2017,14,17602,18273,10745,4621,51241,1250,1072,1461,3783,55024
30-10-2017,15,17804,18666,10916,4531,51917,1236,1081,1446,3763,55680
30-10-2017,16,18133,19277,11212,4628,53250,1265,1098,1496,3859,57109
30-10-2017,17,18391,19888,11128,5185,54592,1238,1086,1497,3821,58413
30-10-2017,18,18316,19600,11104,4949,53969,1185,1045,1447,3677,57646
30-10-2017,19,18104,19073,10813,4611,52601,1140,1006,1387,3533,56134
30-10-2017,20,17838,18520,10252,4315,50925,1071,931,1272,3274,54199
30-10-2017,21,17495,17807,10227,4009,49538,985,832,1128,2945,52483
30-10-2017,22,16642,16840,9983,3615,47080,889,733,1000,2622,49702
30-10-2017,23,15644,16011,9605,3307,44567,835,665,923,2423,46990
31-10-2017,0,15194,15264,9303,3110,42871,808,637,878,2323,45194
31-10-2017,1,14856,15336,9087,3015,42294,796,628,859,2283,44577
31-10-2017,2,14624,15173,9154,2971,41922,790,626,857,2273,44195
31-10-2017,3,14542,15330,9260,3006,42138,798,629,864,2291,44429
31-10-2017,4,14639,15235,9647,3098,42619,853,680,941,2474,45093
31-10-2017,5,15177,15874,10558,3380,44989,986,820,1154,2960,47949
31-10-2017,6,16487,17766,10902,4060,49215,1123,941,1311,3375,52590
31-10-2017,7,17940,19106,10910,4623,52579,1217,1028,1438,3683,56262
31-10-2017,8,18095,19177,10992,4779,53043,1247,1076,1478,3801,56844
31-10-2017,9,17993,19055,10923,4773,52744,1236,1069,1471,3776,56520
31-10-2017,10,17742,18948,10939,4793,52422,1219,1055,1451,3725,56147
31-10-2017,11,17338,18790,10843,4763,51734,1197,1021,1428,3646,55380
31-10-2017,12,17035,18282,10646,4669,50632,1211,1053,1444,3708,54340
31-10-2017,13,16705,18294,10627,4667,50293,1198,1045,1434,3677,53970
31-10-2017,14,16882,18218,10636,4622,50358,1191,1032,1406,3629,53987
31-10-2017,15,17197,18303,10856,4517,50873,1197,1035,1404,3636,54509
31-10-2017,16,17526,18782,11328,4679,52315,1265,1079,1498,3842,56157
31-10-2017,17,17727,19212,11400,5136,53475,1248,1079,1488,3815,57290
31-10-2017,18,17166,18610,11377,4911,52064,1213,1026,1422,3661,55725
31-10-2017,19,17036,17953,11171,4572,50732,1172,988,1363,3523,54255
31-10-2017,20,16947,17381,10593,4272,49193,1117,919,1250,3286,52479
31-10-2017,21,16575,16516,10647,3996,47734,1026,822,1127,2975,50709
31-10-2017,22,15840,15290,10408,3613,45151,935,736,1008,2679,47830
31-10-2017,23,15040,14270,9876,3296,42482,884,671,934,2489,44971
01-11-2017,0,14463,13596,9642,3032,40733,857,629,891,2377,43110
01-11-2017,1,14099,13707,9464,2940,40210,838,614,866,2318,42528
01-11-2017,2,13791,13564,9494,2893,39742,832,605,859,2296,42038
01-11-2017,3,13750,13795,9566,2924,40035,836,613,864,2313,42348
01-11-2017,4,13930,14055,9943,2993,40921,877,664,891,2432,43353
01-11-2017,5,14474,14859,10867,3249,43449,1019,812,960,2791,46240
01-11-2017,6,15832,16649,11213,3958,47652,1156,951,1011,3118,50770
01-11-2017,7,17298,17705,11178,4569,50750,1240,1055,1083,3378,54128
01-11-2017,8,17409,17880,11289,4621,51199,1279,1113,1130,3522,54721
01-11-2017,9,17126,17944,11344,4763,51177,1274,1112,1139,3525,54702
01-11-2017,10,17055,18132,11222,4802,51211,1262,1095,1129,3486,54697
01-11-2017,11,16877,18175,11112,4794,50958,1238,1051,1126,3415,54373
01-11-2017,12,16603,18011,11004,4711,50329,1259,1079,1121,3459,53788
01-11-2017,13,16699,17731,10974,4681,50085,1246,1078,1127,3451,53536
01-11-2017,14,16656,17582,10992,4654,49884,1245,1076,1139,3460,53344
01-11-2017,15,16730,17730,11165,4542,50167,1248,1087,1185,3520,53687
01-11-2017,16,17046,18226,11479,4716,51467,1284,1107,1272,3663,55130
01-11-2017,17,17159,18623,11413,5108,52303,1258,1089,1273,3620,55923
01-11-2017,18,16881,18211,11474,4917,51483,1214,1049,1248,3511,54994
01-11-2017,19,16773,17699,11263,4539,50274,1158,1002,1211,3371,53645
01-11-2017,20,16415,16920,10590,4235,48160,1102,931,1148,3181,51341
01-11-2017,21,16019,15842,10706,3949,46516,1010,836,1020,2866,49382
01-11-2017,22,15104,14772,10475,3622,43973,927,752,929,2608,46581
01-11-2017,23,14331,14029,9937,3289,41586,878,689,872,2439,44025
02-11-2017,0,13709,13496,9644,3120,39969,836,654,838,2328,42297
02-11-2017,1,13300,13296,9477,3039,39112,817,637,817,2271,41383
02-11-2017,2,13365,13253,9422,3002,39042,822,627,813,2262,41304
02-11-2017,3,13582,13221,9511,3026,39340,830,642,823,2295,41635
02-11-2017,4,13696,13269,9857,3106,39928,874,692,893,2459,42387
02-11-2017,5,14186,14212,10749,3310,42457,1007,829,1111,2947,45404
02-11-2017,6,15554,15797,11007,3944,46302,1134,949,1280,3363,49665
02-11-2017,7,16901,16925,11046,4485,49357,1222,1046,1431,3699,53056
02-11-2017,8,17015,16895,11059,4646,49615,1257,1093,1493,3843,53458
02-11-2017,9,16879,17064,11029,4632,49604,1253,1103,1529,3885,53489
02-11-2017,10,16597,17194,10951,4649,49391,1244,1098,1542,3884,53275
02-11-2017,11,16386,17153,10834,4656,49029,1216,1067,1524,3807,52836
02-11-2017,12,16082,17384,10838,4588,48892,1226,1095,1545,3866,52758
02-11-2017,13,16196,17326,10829,4593,48944,1222,1088,1532,3842,52786
02-11-2017,14,16395,17291,10799,4516,49001,1229,1067,1518,3814,52815
02-11-2017,15,16589,17557,11161,4441,49748,1233,1078,1507,3818,53566
02-11-2017,16,17098,18036,11508,4560,51202,1272,1091,1542,3905,55107
02-11-2017,17,17176,18229,11457,5050,51912,1243,1075,1507,3825,55737
02-11-2017,18,17220,18191,11430,4844,51685,1211,1032,1454,3697,55382
02-11-2017,19,17106,17899,11184,4536,50725,1166,987,1391,3544,54269
02-11-2017,20,16888,17530,10600,4267,49285,1111,928,1296,3335,52620
02-11-2017,21,16630,16735,10725,3970,48060,1020,829,1156,3005,51065
02-11-2017,22,16067,15904,10464,3545,45980,934,746,1030,2710,48690
02-11-2017,23,15362,15279,9959,3246,43846,875,687,957,2519,46365
03-11-2017,0,14899,14260,9619,3024,41802,846,645,890,2381,44183
03-11-2017,1,14530,14256,9490,2938,41214,825,625,867,2317,43531
03-11-2017,2,14440,14333,9452,2905,41130,817,619,857,2293,43423
03-11-2017,3,14538,14471,9507,2939,41455,824,630,864,2318,43773
03-11-2017,4,14544,14407,9775,3012,41738,861,680,938,2479,44217
03-11-2017,5,14959,15249,10600,3269,44077,992,810,1142,2944,47021
03-11-2017,6,16219,16962,11015,3925,48121,1124,942,1294,3360,51481
03-11-2017,7,17741,18281,11038,4513,51573,1209,1033,1423,3665,55238
03-11-2017,8,17916,18335,11026,4669,51946,1253,1079,1486,3818,55764
03-11-2017,9,17782,18137,10878,4658,51455,1243,1084,1491,3818,55273
03-11-2017,10,17638,18120,10851,4736,51345,1227,1066,1485,3778,55123
03-11-2017,11,17235,17856,10773,4693,50557,1207,1041,1467,3715,54272
03-11-2017,12,16971,17528,10568,4555,49622,1224,1064,1480,3768,53390
03-11-2017,13,16734,17084,10431,4436,48685,1209,1044,1455,3708,52393
03-11-2017,14,16594,17017,10476,4284,48371,1205,1036,1429,3670,52041
03-11-2017,15,16837,17342,10666,4214,49059,1206,1045,1439,3690,52749
03-11-2017,16,17078,17715,11036,4396,50225,1250,1093,1521,3864,54089
03-11-2017,17,17347,17884,10943,4819,50993,1223,1070,1504,3797,54790
03-11-2017,18,17211,17422,10890,4617,50140,1177,1022,1445,3644,53784
03-11-2017,19,16835,16790,10670,4268,48563,1125,977,1383,3485,52048
03-11-2017,20,16321,15928,10079,3933,46261,1069,920,1281,3270,49531
03-11-2017,21,15832,15079,10099,3711,44721,995,826,1147,2968,47689
03-11-2017,22,15324,14226,9858,3421,42829,911,746,1027,2684,45513
03-11-2017,23,14807,13737,9325,3161,41030,860,695,936,2491,43521
04-11-2017,0,14250,13317,8908,2931,39406,822,658,898,2378,41784
04-11-2017,1,14038,13200,8641,2767,38646,800,637,865,2302,40948
04-11-2017,2,13804,13118,8531,2690,38143,790,621,848,2259,40402
04-11-2017,3,13848,13035,8571,2749,38203,765,621,845,2231,40434
04-11-2017,4,13728,13179,8634,2682,38223,791,642,877,2310,40533
04-11-2017,5,13898,13360,8861,2765,38884,823,690,950,2463,41347
04-11-2017,6,14299,13970,8968,2987,40224,865,739,1036,2640,42864
04-11-2017,7,14744,14373,9058,3296,41471,928,803,1133,2864,44335
04-11-2017,8,15262,14782,9266,3607,42917,996,864,1220,3080,45997
04-11-2017,9,15966,15321,9385,3874,44546,1023,900,1256,3179,47725
04-11-2017,10,16176,15617,9428,3920,45141,1025,902,1270,3197,48338
04-11-2017,11,16083,15621,9366,3888,44958,1015,896,1260,3171,48129
04-11-2017,12,15810,15560,9333,3888,44591,1012,898,1249,3159,47750
04-11-2017,13,15683,15374,9301,3838,44196,1004,889,1232,3125,47321
04-11-2017,14,15715,15328,9397,3747,44187,1008,887,1211,3106,47293
04-11-2017,15,15850,15507,9735,3762,44854,1052,927,1247,3226,48080
04-11-2017,16,16396,16087,10090,3971,46544,1097,980,1354,3431,49975
04-11-2017,17,16577,16336,10198,4451,47562,1079,968,1333,3380,50942
04-11-2017,18,16392,16029,10043,4303,46767,1044,933,1297,3274,50041
04-11-2017,19,16114,15731,9777,3945,45567,996,901,1240,3137,48704
04-11-2017,20,15498,14961,9326,3662,43447,943,839,1171,2953,46400
04-11-2017,21,15091,14539,9517,3434,42581,884,764,1039,2687,45268
04-11-2017,22,14727,13915,9359,3195,41196,828,702,954,2484,43680
04-11-2017,23,14293,13505,8848,3031,39677,779,643,894,2316,41993
05-11-2017,0,13938,13128,8518,2860,38444,744,613,853,2210,40654
05-11-2017,1,13515,12969,8245,2738,37467,720,597,829,2146,39613
05-11-2017,2,13382,12841,8197,2674,37094,710,589,818,2117,39211
05-11-2017,3,13277,12742,8182,2620,36821,706,597,817,2120,38941
05-11-2017,4,13167,12815,8181,2659,36822,715,616,843,2174,38996
05-11-2017,5,13213,12864,8406,2697,37180,752,650,903,2305,39485
05-11-2017,6,13415,13380,8481,2848,38124,790,683,939,2412,40536
05-11-2017,7,13712,13596,8522,3103,38933,842,743,1023,2608,41541
05-11-2017,8,14231,13883,8717,3461,40292,907,813,1112,2832,43124
05-11-2017,9,14893,14728,8871,3630,42122,937,846,1190,2973,45095
05-11-2017,10,15215,15278,9031,3734,43258,946,853,1200,2999,46257
05-11-2017,11,15435,15586,9090,3779,43890,944,849,1192,2985,46875
05-11-2017,12,15437,15724,9063,3775,43999,949,850,1187,2986,46985
05-11-2017,13,15465,15695,9044,3771,43975,943,851,1181,2975,46950
05-11-2017,14,15529,15730,9125,3773,44157,978,854,1179,3011,47168
05-11-2017,15,15750,16072,9472,3786,45080,1034,887,1224,3145,48225
05-11-2017,16,16020,16817,9650,4028,46515,1074,967,1365,3406,49921
05-11-2017,17,16129,16972,9739,4575,47415,1062,964,1366,3392,50807
05-11-2017,18,16124,16758,9641,4442,46965,1044,946,1336,3326,50291
05-11-2017,19,15985,16298,9402,4124,45809,1005,921,1276,3202,49011
05-11-2017,20,15946,15737,8978,3841,44502,955,864,1193,3012,47514
05-11-2017,21,15874,15161,9157,3577,43769,881,773,1076,2730,46499
05-11-2017,22,15273,14292,9013,3289,41867,812,699,959,2470,44337
05-11-2017,23,14627,13533,8550,3057,39767,768,637,873,2278,42045
06-11-2017,0,14288,12872,8228,2902,38290,739,601,828,2168,40458
06-11-2017,1,13907,12877,8046,2810,37640,730,588,814,2132,39772
06-11-2017,2,13669,12950,7990,2796,37405,726,586,810,2122,39527
06-11-2017,3,13771,12989,8037,2804,37601,732,597,827,2156,39757
06-11-2017,4,14056,13211,8481,2909,38657,776,645,903,2324,40981
06-11-2017,5,14653,14080,9422,3213,41368,910,783,1163,2856,44224
06-11-2017,6,16176,15984,10017,3933,46110,1057,923,1351,3331,49441
06-11-2017,7,17821,17632,10203,4625,50281,1156,1019,1487,3662,53943
06-11-2017,8,18252,18049,10234,4790,51325,1203,1081,1542,3826,55151
06-11-2017,9,17939,17898,10228,4694,50759,1203,1078,1535,3816,54575
06-11-2017,10,17655,18131,10270,4696,50752,1195,1062,1529,3786,54538
06-11-2017,11,17344,18013,10286,4643,50286,1173,1042,1522,3737,54023
06-11-2017,12,17263,17912,10292,4533,50000,1199,1075,1564,3838,53838
06-11-2017,13,17166,17851,10321,4539,49877,1190,1070,1562,3822,53699
06-11-2017,14,17111,17689,10377,4507,49684,1198,1073,1568,3839,53523
06-11-2017,15,17348,17973,10514,4417,50252,1206,1085,1574,3865,54117
06-11-2017,16,17947,18533,10597,4614,51691,1214,1097,1604,3915,55606
06-11-2017,17,18152,19038,10514,5179,52883,1185,1079,1546,3810,56693
06-11-2017,18,18214,18732,10493,4997,52436,1147,1033,1518,3698,56134
06-11-2017,19,18077,18511,10281,4662,51531,1097,987,1454,3538,55069
06-11-2017,20,17777,17892,9825,4334,49828,1035,921,1348,3304,53132
06-11-2017,21,17279,17289,9824,4013,48405,940,821,1187,2948,51353
06-11-2017,22,16599,16110,9526,3683,45918,853,735,1042,2630,48548
06-11-2017,23,15798,14912,9138,3352,43200,801,665,1437,2903,46103
07-11-2017,0,15336,14386,8933,3173,41828,776,629,928,2333,44161
07-11-2017,1,14915,13975,8778,3071,40739,750,614,1339,2703,43442
07-11-2017,2,14734,14040,8777,3050,40601,739,610,904,2253,42854
07-11-2017,3,14738,14136,8896,3064,40834,743,627,1384,2754,43588
07-11-2017,4,14874,14549,9256,3151,41830,779,673,1005,2457,44287
07-11-2017,5,15464,16039,10228,3423,45154,916,802,1247,2965,48119
07-11-2017,6,16916,18090,10706,4163,49875,1054,941,1439,3434,53309
07-11-2017,7,18427,19090,10693,4706,52916,1138,1044,1526,3708,56624
07-11-2017,8,18764,18760,10758,4841,53123,1163,1094,1564,3821,56944
07-11-2017,9,18635,18649,10680,4823,52787,1165,1086,1558,3809,56596
07-11-2017,10,18469,18691,10610,4833,52603,1125,1061,1555,3741,56344
07-11-2017,11,18152,18511,10521,4728,51912,1092,1021,1531,3644,55556
07-11-2017,12,17871,18221,10389,4593,51074,1111,1038,1557,3706,54780
07-11-2017,13,17782,17991,10420,4629,50822,1100,1029,1540,3669,54491
07-11-2017,14,17685,18191,10436,4657,50969,1107,1019,1545,3671,54640
07-11-2017,15,17871,18554,10742,4552,51719,1133,1048,1543,3724,55443
07-11-2017,16,18250,18948,10947,4685,52830,1183,1092,1582,3857,56687
07-11-2017,17,18244,19344,10944,5201,53733,1156,1077,1561,3794,57527
07-11-2017,18,17976,19020,10980,4969,52945,1125,1040,1510,3675,56620
07-11-2017,19,17797,18685,10740,4702,51924,1088,1005,1454,3547,55471
07-11-2017,20,17467,18155,10217,4372,50211,1031,938,1352,3321,53532
07-11-2017,21,17060,17283,10223,4020,48586,941,841,1194,2976,51562
07-11-2017,22,16404,15888,9950,3642,45884,856,763,1063,2682,48566
07-11-2017,23,15484,15024,9458,3316,43282,801,699,981,2481,45763
08-11-2017,0,14663,14185,9076,3139,41063,779,664,932,2375,43438
08-11-2017,1,14337,14088,8927,3042,40394,777,649,895,2321,42715
08-11-2017,2,14097,14009,8933,3014,40053,776,638,886,2300,42353
08-11-2017,3,14087,14124,8990,3026,40227,792,650,895,2337,42564
08-11-2017,4,14248,14263,9349,3110,40970,836,695,967,2498,43468
08-11-2017,5,14707,15372,10201,3374,43654,970,825,1183,2978,46632
08-11-2017,6,16107,17770,10594,4049,48520,1105,956,1370,3431,51951
08-11-2017,7,17705,19104,10564,4670,52043,1200,1048,1480,3728,55771
08-11-2017,8,17943,18990,10537,4807,52277,1235,1096,1514,3845,56122
08-11-2017,9,17734,18978,10492,4828,52032,1225,1088,1515,3828,55860
08-11-2017,10,17613,19079,10386,4771,51849,1215,1065,1520,3800,55649
08-11-2017,11,17461,18922,10443,4711,51537,1191,1040,1485,3716,55253
08-11-2017,12,17234,18467,10439,4607,50747,1214,1057,1511,3782,54529
08-11-2017,13,16958,18416,10402,4662,50438,1211,1050,1488,3749,54187
08-11-2017,14,17186,18413,10465,4621,50685,1218,1040,1483,3741,54426
08-11-2017,15,17424,19116,10774,4540,51854,1241,1062,1491,3794,55648
08-11-2017,16,17838,20709,11041,4703,54291,1255,1095,1542,3892,58183
08-11-2017,17,17889,20940,10984,5102,54915,1231,1082,1521,3834,58749
08-11-2017,18,17613,19453,11128,4901,53095,1195,1043,1470,3708,56803
08-11-2017,19,17211,19073,10741,4648,51673,1143,1001,1419,3563,55236
08-11-2017,20,16826,18490,10106,4329,49751,1083,936,1312,3331,53082
08-11-2017,21,16441,17379,10116,3992,47928,987,836,1166,2989,50917
08-11-2017,22,15703,16284,9790,3632,45409,894,751,1021,2666,48075
08-11-2017,23,14769,15244,9314,3300,42627,835,684,952,2471,45098
09-11-2017,0,14183,14150,8980,3107,40420,803,644,894,2341,42761
09-11-2017,1,13957,13895,8790,3003,39645,787,630,868,2285,41930
09-11-2017,2,13847,13726,8769,2959,39301,779,622,870,2271,41572
09-11-2017,3,13849,13784,8856,2976,39465,787,635,880,2302,41767
09-11-2017,4,13878,13727,9154,3051,39810,828,684,954,2466,42276
09-11-2017,5,14082,14184,9952,3303,41521,959,818,1194,2971,44492
09-11-2017,6,15447,16344,10503,4058,46352,1111,964,1419,3494,49846
09-11-2017,7,16600,18085,10558,4669,49912,1198,1072,1518,3788,53700
09-11-2017,8,16919,18058,10529,4871,50377,1239,1120,1566,3925,54302
09-11-2017,9,17006,17860,10444,4875,50185,1235,1116,1556,3907,54092
09-11-2017,10,17104,18393,10384,4925,50806,1225,1097,1557,3879,54685
09-11-2017,11,17069,18297,10145,4888,50399,1214,1073,1536,3823,54222
09-11-2017,12,17004,18222,10154,4819,50199,1244,1097,1571,3912,54111
09-11-2017,13,16942,18323,10257,4837,50359,1246,1102,1564,3912,54271
09-11-2017,14,16846,18278,10327,4744,50195,1252,1102,1564,3918,54113
09-11-2017,15,17056,18417,10645,4633,50751,1274,1116,1575,3965,54716
09-11-2017,16,17516,18897,10625,4808,51846,1268,1112,1604,3984,55830
09-11-2017,17,17553,19143,10538,5222,52456,1234,1086,1566,3886,56342
09-11-2017,18,17299,18658,10528,4984,51469,1184,1045,1512,3741,55210
09-11-2017,19,17368,18189,10261,4668,50486,1133,998,1442,3573,54059
09-11-2017,20,17088,17818,9643,4380,48929,1076,931,1333,3340,52269
09-11-2017,21,16729,16852,9663,4052,47296,993,842,1177,3012,50308
09-11-2017,22,16076,15813,9476,3648,45013,909,756,1045,2710,47723
09-11-2017,23,15294,14839,8970,3332,42435,846,682,952,2480,44915
10-11-2017,0,14881,14238,8665,3100,40884,817,645,899,2361,43245
10-11-2017,1,14474,14200,8564,2989,40227,798,628,874,2300,42527
10-11-2017,2,14280,14092,8545,2939,39856,789,621,868,2278,42134
10-11-2017,3,14333,13895,8611,2966,39805,792,630,884,2306,42111
10-11-2017,4,14489,13906,8991,3071,40457,831,674,949,2454,42911
10-11-2017,5,15026,14912,9826,3308,43072,956,796,1192,2944,46016
10-11-2017,6,16336,16865,10379,4011,47591,1097,939,1376,3412,51003
10-11-2017,7,17951,18542,10494,4674,51661,1187,1031,1497,3715,55376
10-11-2017,8,18466,18829,10537,4845,52677,1219,1084,1561,3864,56541
10-11-2017,9,18105,18827,10615,4839,52386,1212,1088,1553,3853,56239
10-11-2017,10,18161,18911,10557,4891,52520,1197,1074,1542,3813,56333
10-11-2017,11,18039,18700,10441,4836,52016,1166,1033,1517,3716,55732
10-11-2017,12,18067,18621,10414,4708,51810,1185,1047,1539,3771,55581
10-11-2017,13,18009,18330,10364,4728,51431,1171,1036,1515,3722,55153
10-11-2017,14,17851,18290,10419,4622,51182,1173,1047,1512,3732,54914
10-11-2017,15,17841,18455,10640,4630,51566,1196,1071,1517,3784,55350
10-11-2017,16,18181,19003,10833,4856,52873,1213,1094,1552,3859,56732
10-11-2017,17,18385,19122,10832,5170,53509,1182,1063,1521,3766,57275
10-11-2017,18,18197,18450,10777,4858,52282,1138,1017,1468,3623,55905
10-11-2017,19,17764,17956,10447,4400,50567,1093,977,1404,3474,54041
10-11-2017,20,17266,17098,9865,4092,48321,1031,910,1299,3240,51561
10-11-2017,21,16815,16413,9969,3868,47065,959,829,1137,2925,49990
10-11-2017,22,16157,15623,9693,3646,45119,876,752,1018,2646,47765
10-11-2017,23,15679,15077,9200,3352,43308,818,682,933,2433,45741
11-11-2017,0,15489,14226,8818,3054,41587,780,643,888,2311,43898
11-11-2017,1,15175,14157,8554,2988,40874,762,622,860,2244,43118
11-11-2017,2,15006,14143,8525,2925,40599,749,607,850,2206,42805
11-11-2017,3,14975,14025,8517,2862,40379,747,607,848,2202,42581
11-11-2017,4,15102,13707,8605,2875,40289,764,628,873,2265,42554
11-11-2017,5,15178,13763,8934,2914,40789,806,681,953,2440,43229
11-11-2017,6,15605,14410,9080,3233,42328,858,737,1042,2637,44965
11-11-2017,7,16143,14821,9266,3522,43752,909,799,1114,2822,46574
11-11-2017,8,16788,15451,9416,3733,45388,978,861,1198,3037,48425
11-11-2017,9,17261,16254,9569,3908,46992,1016,894,1236,3146,50138
11-11-2017,10,17512,16534,9653,3958,47657,1023,893,1254,3170,50827
11-11-2017,11,17401,16540,9681,3905,47527,1021,886,1251,3158,50685
11-11-2017,12,16953,16754,9690,3835,47232,1018,879,1248,3145,50377
11-11-2017,13,16731,16721,9773,3745,46970,1004,874,1227,3105,50075
11-11-2017,14,16793,16618,9982,3720,47113,998,881,1218,3097,50210
11-11-2017,15,17184,16944,10356,3839,48323,1053,929,1289,3271,51594
11-11-2017,16,17761,17549,10468,4143,49921,1085,976,1384,3445,53366
11-11-2017,17,18135,17681,10487,4571,50874,1070,962,1364,3396,54270
11-11-2017,18,18013,17620,10399,4399,50431,1034,927,1316,3277,53708
11-11-2017,19,17800,17259,10040,4054,49153,996,903,1259,3158,52311
11-11-2017,20,17288,16856,9537,3842,47523,955,854,1184,2993,50516
11-11-2017,21,16874,16063,9711,3590,46238,898,784,1074,2756,48994
11-11-2017,22,16391,15523,9575,3409,44898,848,715,970,2533,47431
11-11-2017,23,15976,15212,9172,3225,43585,801,655,877,2333,45918
12-11-2017,0,15733,14611,8811,2943,42098,767,617,832,2216,44314
12-11-2017,1,15381,14483,8569,2800,41233,748,597,804,2149,43382
12-11-2017,2,15168,14533,8482,2716,40899,743,592,791,2126,43025
12-11-2017,3,15183,14379,8469,2691,40722,742,596,791,2129,42851
12-11-2017,4,15219,14459,8486,2747,40911,743,612,812,2167,43078
12-11-2017,5,15285,14686,8655,2766,41392,775,646,877,2298,43690
12-11-2017,6,15397,15086,8795,2931,42209,822,692,933,2447,44656
12-11-2017,7,15737,15580,8888,3187,43392,866,740,1004,2610,46002
12-11-2017,8,16473,16090,9096,3472,45131,940,807,1099,2846,47977
12-11-2017,9,17112,16794,9362,3679,46947,971,850,1156,2977,49924
12-11-2017,10,17200,17026,9470,3782,47478,984,859,1179,3022,50500
12-11-2017,11,17126,17068,9476,3797,47467,994,858,1211,3063,50530
12-11-2017,12,16963,16967,9391,3779,47100,995,856,1219,3070,50170
12-11-2017,13,16764,16797,9380,3747,46688,994,849,1221,3064,49752
12-11-2017,14,16823,16862,9526,3763,46974,1000,848,1226,3074,50048
12-11-2017,15,17179,17580,9902,3794,48455,1061,900,1288,3249,51704
12-11-2017,16,17614,18330,10061,4131,50136,1096,969,1384,3449,53585
12-11-2017,17,17707,18523,10166,4667,51063,1085,971,1377,3433,54496
12-11-2017,18,17705,18478,10160,4576,50919,1070,948,1352,3370,54289
12-11-2017,19,17579,18257,10018,4251,50105,1033,924,1299,3256,53361
12-11-2017,20,17400,17881,9592,3985,48858,993,861,1214,3068,51926
12-11-2017,21,17044,17259,9866,3727,47896,924,779,1099,2802,50698
12-11-2017,22,16501,16455,9732,3435,46123,853,703,982,2538,48661
12-11-2017,23,15832,15513,9317,3167,43829,803,644,901,2348,46177
13-11-2017,0,15250,15132,8985,2984,42351,774,606,838,2218,44569
13-11-2017,1,15032,15121,8829,2912,41894,763,599,819,2181,44075
13-11-2017,2,15022,14974,8709,2913,41618,758,598,822,2178,43796
13-11-2017,3,14933,14906,8793,2937,41569,765,609,841,2215,43784
13-11-2017,4,15151,15159,9172,3035,42517,807,664,921,2392,44909
13-11-2017,5,15981,16152,10093,3330,45556,936,800,1188,2924,48480
13-11-2017,6,17610,18186,10628,4039,50463,1098,941,1389,3428,53891
13-11-2017,7,19140,19862,10697,4795,54494,1195,1036,1498,3729,58223
13-11-2017,8,19373,20149,10709,4949,55180,1243,1091,1558,3892,59072
13-11-2017,9,19288,20185,10682,4875,55030,1239,1107,1571,3917,58947
13-11-2017,10,19026,20070,10707,4873,54676,1218,1099,1569,3886,58562
13-11-2017,11,18773,19784,10752,4807,54116,1191,1068,1557,3816,57932
13-11-2017,12,18587,19372,10711,4717,53387,1218,1086,1597,3901,57288
13-11-2017,13,18648,19409,10743,4744,53544,1206,1081,1601,3888,57432
13-11-2017,14,18670,19375,10749,4680,53474,1212,1080,1597,3889,57363
13-11-2017,15,19108,19935,10980,4627,54650,1247,1105,1598,3950,58600
13-11-2017,16,19456,20862,11027,4862,56207,1255,1102,1597,3954,60161
13-11-2017,17,19512,21093,10932,5323,56860,1221,1073,1580,3874,60734
13-11-2017,18,19231,20595,10963,5118,55907,1182,1030,1552,3764,59671
13-11-2017,19,19048,20257,10755,4772,54832,1149,1010,1477,3636,58468
13-11-2017,20,18842,19529,10249,4469,53089,1096,947,1372,3415,56504
13-11-2017,21,18569,18810,10392,4139,51910,1010,850,1203,3063,54973
13-11-2017,22,17849,18056,10165,3784,49854,916,752,1063,2731,52585
13-11-2017,23,16948,17284,9701,3429,47362,859,688,987,2534,49896
14-11-2017,0,16197,16544,9313,3216,45270,836,655,923,2414,47684
14-11-2017,1,15911,16164,9119,3104,44298,827,639,903,2369,46667
14-11-2017,2,15741,15977,9090,3027,43835,817,632,902,2351,46186
14-11-2017,3,15755,16046,9104,3066,43971,819,633,924,2376,46347
14-11-2017,4,15870,16396,9510,3228,45004,856,679,997,2532,47536
14-11-2017,5,16289,17226,10473,3485,47473,981,811,1238,3030,50503
14-11-2017,6,17846,19105,10937,4223,52111,1135,954,1447,3536,55647
14-11-2017,7,19566,20434,10942,4902,55844,1209,1040,1568,3817,59661
14-11-2017,8,19912,20269,10834,5009,56024,1240,1090,1614,3944,59968
14-11-2017,9,19552,20377,10767,5055,55751,1229,1089,1562,3880,59631
14-11-2017,10,19553,20463,10705,4970,55691,1219,1068,1539,3826,59517
14-11-2017,11,19335,20177,10659,5054,55225,1188,1025,1516,3729,58954
14-11-2017,12,19112,20172,10615,4888,54787,1214,1046,1525,3785,58572
14-11-2017,13,18838,20175,10634,4898,54545,1207,1048,1525,3780,58325
14-11-2017,14,18776,20368,10725,4754,54623,1213,1048,1539,3800,58423
14-11-2017,15,18949,20538,11107,4681,55275,1247,1082,1569,3898,59173
14-11-2017,16,19529,20953,11174,4859,56515,1261,1101,1604,3966,60481
14-11-2017,17,19565,21195,11124,5293,57177,1228,1087,1575,3890,61067
14-11-2017,18,19353,20657,11147,5067,56224,1199,1048,1526,3773,59997
14-11-2017,19,18981,20081,10937,4743,54742,1154,1009,1457,3620,58362
14-11-2017,20,18654,19251,10298,4385,52588,1101,940,1351,3392,55980
14-11-2017,21,18229,18465,10454,4075,51223,1011,844,1180,3035,54258
14-11-2017,22,17373,17503,10208,3742,48826,920,761,1059,2740,51566
14-11-2017,23,16550,16681,9730,3407,46368,859,691,967,2517,48885
15-11-2017,0,15916,15740,9321,3166,44143,832,654,923,2409,46552
15-11-2017,1,15483,15513,9126,3046,43168,818,638,894,2350,45518
15-11-2017,2,15151,15408,8892,2984,42435,815,632,893,2340,44775
15-11-2017,3,15260,15424,8945,3005,42634,819,639,903,2361,44995
15-11-2017,4,15398,15513,9285,3070,43266,851,685,981,2517,45783
15-11-2017,5,16020,16277,10264,3331,45892,980,821,1217,3018,48910
15-11-2017,6,17534,18490,10725,4024,50773,1128,963,1420,3511,54284
15-11-2017,7,18882,20229,10755,4704,54570,1209,1063,1533,3805,58375
15-11-2017,8,19021,19946,10800,4777,54544,1244,1109,1601,3954,58498
15-11-2017,9,18858,19940,10736,4861,54395,1241,1115,1591,3947,58342
15-11-2017,10,18916,19811,10733,4908,54368,1223,1100,1575,3898,58266
15-11-2017,11,18504,19730,10613,4774,53621,1197,1087,1536,3820,57441
15-11-2017,12,18222,19349,10624,4721,52916,1220,1055,1553,3828,56744
15-11-2017,13,18035,19260,10576,4784,52655,1207,1101,1548,3856,56511
15-11-2017,14,18127,19248,10695,4675,52745,1219,1059,1546,3824,56569
15-11-2017,15,18411,19557,11012,4603,53583,1257,1088,1570,3915,57498
15-11-2017,16,18970,20155,11074,4837,55036,1269,1112,1606,3987,59023
15-11-2017,17,19038,20646,11127,5254,56065,1237,1090,1567,3894,59959
15-11-2017,18,18879,20135,11204,5046,55264,1206,1056,1527,3789,59053
15-11-2017,19,18666,19641,10939,4716,53962,1162,1015,1463,3640,57602
15-11-2017,20,18387,19203,10358,4395,52343,1098,950,1349,3397,55740
15-11-2017,21,18025,18392,10336,4082,50835,1015,850,1198,3063,53898
15-11-2017,22,17269,17199,10086,3730,48284,925,759,1068,2752,51036
15-11-2017,23,16521,16266,9621,3419,45827,867,697,980,2544,48371
16-11-2017,0,16005,15612,9337,3225,44179,834,653,917,2404,46583
16-11-2017,1,15551,15452,9133,3121,43257,812,637,895,2344,45601
16-11-2017,2,15394,15550,9128,3074,43146,808,632,891,2331,45477
16-11-2017,3,15565,15625,9255,3088,43533,810,649,902,2361,45894
16-11-2017,4,15770,15535,9641,3169,44115,850,693,974,2517,46632
16-11-2017,5,16109,16919,10524,3432,46984,983,827,1215,3025,50009
16-11-2017,6,17622,18992,11026,4163,51803,1130,965,1413,3508,55311
16-11-2017,7,19256,20297,11062,4811,55426,1208,1053,1516,3777,59203
16-11-2017,8,19257,20488,10979,4950,55674,1239,1095,1557,3891,59565
16-11-2017,9,18983,20204,10859,4968,55014,1231,1082,1539,3852,58866
16-11-2017,10,18883,19941,10877,5032,54733,1219,1059,1521,3799,58532
16-11-2017,11,18720,19629,10868,4998,54215,1192,1021,1497,3710,57925
16-11-2017,12,18797,19272,10813,4926,53808,1211,1051,1518,3780,57588
16-11-2017,13,18777,19085,10811,4912,53585,1204,1045,1510,3759,57344
16-11-2017,14,18768,19152,10723,4865,53508,1214,1041,1492,3747,57255
16-11-2017,15,18938,19580,11203,4817,54538,1257,1096,1528,3881,58419
16-11-2017,16,19153,20107,11238,4996,55494,1270,1114,1570,3954,59448
16-11-2017,17,18862,20082,11138,5313,55395,1242,1091,1540,3873,59268
16-11-2017,18,18577,19604,11129,5065,54375,1206,1048,1483,3737,58112
16-11-2017,19,18372,19244,10875,4716,53207,1158,1013,1419,3590,56797
16-11-2017,20,18149,18493,10370,4391,51403,1109,956,1320,3385,54788
16-11-2017,21,17630,17617,10447,4087,49781,1030,860,1164,3054,52835
16-11-2017,22,16911,16485,10222,3755,47373,934,767,1032,2733,50106
16-11-2017,23,16058,15667,9658,3463,44846,887,707,959,2553,47399
17-11-2017,0,15678,15199,9314,3240,43431,848,659,913,2420,45851
17-11-2017,1,15431,14898,9116,3129,42574,829,633,885,2347,44921
17-11-2017,2,15221,14730,9034,3060,42045,819,626,880,2325,44370
17-11-2017,3,15250,14679,9115,3071,42115,820,634,891,2345,44460
17-11-2017,4,15391,15224,9422,3127,43164,860,681,961,2502,45666
17-11-2017,5,15867,15909,10325,3360,45461,980,809,1189,2978,48439
17-11-2017,6,17168,17891,10819,4015,49893,1135,959,1386,3480,53373
17-11-2017,7,18825,19688,11034,4738,54285,1223,1051,1498,3772,58057
17-11-2017,8,19257,19792,10868,4875,54792,1268,1092,1544,3904,58696
17-11-2017,9,19028,19592,10783,4766,54169,1265,1100,1551,3916,58085
17-11-2017,10,18885,19415,10826,4798,53924,1246,1087,1537,3870,57794
17-11-2017,11,18620,19047,10809,4709,53185,1219,1044,1508,3771,56956
17-11-2017,12,18436,18595,10657,4527,52215,1232,1050,1510,3792,56007
17-11-2017,13,18312,18542,10635,4482,51971,1211,1040,1496,3747,55718
17-11-2017,14,18251,18386,10772,4354,51763,1214,1010,1478,3702,55465
17-11-2017,15,18320,18457,11107,4420,52304,1246,1044,1503,3793,56097
17-11-2017,16,18676,19242,11126,4647,53691,1251,1076,1550,3877,57568
17-11-2017,17,18612,19200,10995,4957,53764,1215,1065,1515,3795,57559
17-11-2017,18,18450,18653,10843,4773,52719,1177,1023,1461,3661,56380
17-11-2017,19,18106,18078,10636,4437,51257,1128,963,1398,3489,54746
17-11-2017,20,17753,17448,10145,4076,49422,1066,936,1306,3308,52730
17-11-2017,21,17303,16708,10222,3836,48069,979,849,1170,2998,51067
17-11-2017,22,16647,15744,9926,3580,45897,897,742,1037,2676,48573
17-11-2017,23,16121,15063,9439,3321,43944,843,674,948,2465,46409
18-11-2017,0,15834,14390,9087,3136,42447,822,640,900,2362,44809
18-11-2017,1,15356,13994,8905,2976,41231,788,622,869,2279,43510
18-11-2017,2,15320,13956,8848,2912,41036,777,615,858,2250,43286
18-11-2017,3,15474,14120,8887,2895,41376,778,619,865,2262,43638
18-11-2017,4,15574,14119,9023,2890,41606,793,636,888,2317,43923
18-11-2017,5,15623,13128,9265,2945,40961,842,671,974,2487,43448
18-11-2017,6,15925,14782,9433,3128,43268,875,723,1074,2672,45940
18-11-2017,7,16623,15332,9655,3462,45072,936,775,1155,2866,47938
18-11-2017,8,17269,16130,9806,3783,46988,1011,840,1260,3111,50099
18-11-2017,9,17823,16912,9952,4054,48741,1045,882,1306,3233,51974
18-11-2017,10,18094,17162,10020,4189,49465,1049,892,1316,3257,52722
18-11-2017,11,18039,17214,10076,4162,49491,1051,886,1317,3254,52745
18-11-2017,12,17962,17410,10053,4041,49466,1052,880,1307,3239,52705
18-11-2017,13,17854,17141,10048,3948,48991,1049,866,1292,3207,52198
18-11-2017,14,17783,17126,10358,3935,49202,1051,871,1278,3200,52402
18-11-2017,15,17960,17494,10775,3931,50160,1106,914,1336,3356,53516
18-11-2017,16,18485,18172,10868,4238,51763,1116,936,1407,3459,55222
18-11-2017,17,18600,18346,10893,4625,52464,1092,906,1376,3374,55838
18-11-2017,18,18429,17979,10764,4443,51615,1068,873,1330,3271,54886
18-11-2017,19,17999,17333,10363,4147,49842,1016,844,1276,3136,52978
18-11-2017,20,17692,16763,9920,3914,48289,978,800,1198,2976,51265
18-11-2017,21,17115,16151,10049,3773,47088,921,752,1090,2763,49851
18-11-2017,22,16583,15740,9904,3442,45669,852,700,989,2541,48210
18-11-2017,23,16309,15168,9496,3357,44330,813,649,912,2374,46704
19-11-2017,0,16081,14848,9066,3205,43200,787,611,862,2260,45460
19-11-2017,1,15885,14702,8804,3038,42429,764,594,838,2196,44625
19-11-2017,2,15695,14508,8673,2979,41855,759,586,828,2173,44028
19-11-2017,3,15530,14666,8658,2955,41809,760,589,826,2175,43984
19-11-2017,4,15587,14721,8716,2932,41956,766,626,855,2247,44203
19-11-2017,5,15663,14879,8930,2990,42462,800,651,922,2373,44835
19-11-2017,6,15946,15396,9067,3159,43568,836,694,992,2522,46090
19-11-2017,7,16330,15874,9302,3344,44850,882,733,1054,2669,47519
19-11-2017,8,16830,16497,9372,3555,46254,953,803,1151,2907,49161
19-11-2017,9,17435,17111,9659,3753,47958,1002,843,1214,3059,51017
19-11-2017,10,17828,17758,9907,3829,49322,1021,862,1240,3123,52445
19-11-2017,11,17820,18018,9951,3864,49653,1027,864,1249,3140,52793
19-11-2017,12,17718,18347,9942,3847,49854,1029,863,1249,3141,52995
19-11-2017,13,17688,18627,9909,3842,50066,1035,860,1247,3142,53208
19-11-2017,14,17805,18379,10130,3847,50161,1058,870,1256,3184,53345
19-11-2017,15,18153,19029,10440,3941,51563,1126,927,1335,3388,54951
19-11-2017,16,18676,19825,10501,4322,53324,1151,950,1400,3501,56825
19-11-2017,17,18944,20356,10559,4769,54628,1143,935,1390,3468,58096
19-11-2017,18,18858,19893,10505,4636,53892,1117,908,1363,3388,57280
19-11-2017,19,18723,19423,10239,4346,52731,1071,887,1305,3263,55994
19-11-2017,20,18509,18956,9832,4045,51342,1027,843,1219,3089,54431
19-11-2017,21,18187,18471,10025,3804,50487,940,773,1084,2797,53284
19-11-2017,22,17687,17592,9892,3507,48678,876,710,961,2547,51225
19-11-2017,23,17067,17104,9481,3248,46900,834,657,886,2377,49277
20-11-2017,0,16577,16715,9216,3131,45639,808,621,846,2275,47914
20-11-2017,1,16433,16582,9016,3217,45248,790,601,828,2219,47467
20-11-2017,2,16462,16372,8990,2997,44821,783,591,820,2194,47015
20-11-2017,3,16558,16561,9126,3034,45279,790,598,837,2225,47504
20-11-2017,4,16702,16823,9491,3128,46144,836,626,914,2376,48520
20-11-2017,5,17326,17669,10385,3415,48795,969,679,1172,2820,51615
20-11-2017,6,19014,19829,10931,4078,53852,1121,738,1390,3249,57101
20-11-2017,7,20864,21800,11095,4732,58491,1208,792,1465,3465,61956
20-11-2017,8,21251,21645,10941,4854,58691,1246,866,1520,3632,62323
20-11-2017,9,21018,21665,10902,4896,58481,1240,916,1563,3719,62200
20-11-2017,10,20834,21602,10876,4856,58168,1226,921,1559,3706,61874
20-11-2017,11,20469,21437,10925,4877,57708,1207,910,1534,3651,61359
20-11-2017,12,20209,21271,10883,4794,57157,1226,910,1561,3697,60854
20-11-2017,13,20113,21326,10930,4818,57187,1223,911,1559,3693,60880
20-11-2017,14,20227,21341,11143,4785,57496,1242,917,1564,3723,61219
20-11-2017,15,20612,22132,11306,4700,58750,1275,972,1591,3838,62588
20-11-2017,16,21219,22472,11256,4939,59886,1266,1005,1599,3870,63756
20-11-2017,17,20989,22713,11199,5352,60253,1237,987,1565,3789,64042
20-11-2017,18,20476,22185,11270,5157,59088,1198,961,1506,3665,62753
20-11-2017,19,20379,21646,11133,4838,57996,1162,937,1455,3554,61550
20-11-2017,20,19968,20835,10589,4492,55884,1108,884,1356,3348,59232
20-11-2017,21,19695,19999,10621,4217,54532,1019,799,1206,3024,57556
20-11-2017,22,18945,19009,10355,3821,52130,930,718,1074,2722,54852
20-11-2017,23,18361,18021,9902,3501,49785,880,656,992,2528,52313
21-11-2017,0,17416,16983,9634,3284,47317,839,616,937,2392,49709
21-11-2017,1,17051,16908,9379,3174,46512,826,606,916,2348,48860
21-11-2017,2,16979,16854,9313,3136,46282,819,598,911,2328,48610
21-11-2017,3,17010,16895,9426,3151,46482,821,606,925,2352,48834
21-11-2017,4,17211,16866,9784,3237,47098,863,653,991,2507,49605
21-11-2017,5,17697,17946,10606,3518,49767,1001,797,1237,3035,52802
21-11-2017,6,19202,19951,11103,4194,54450,1161,963,1455,3579,58029
21-11-2017,7,20845,21512,11264,4896,58517,1233,1042,1554,3829,62346
21-11-2017,8,21217,21591,11206,5013,59027,1260,1092,1610,3962,62989
21-11-2017,9,21118,21636,11152,5003,58909,1250,1095,1589,3934,62843
21-11-2017,10,21054,21814,11305,5040,59213,1239,1084,1568,3891,63104
21-11-2017,11,20935,21614,11304,4983,58836,1218,1048,1545,3811,62647
21-11-2017,12,20793,21363,11072,4887,58115,1245,1077,1567,3889,62004
21-11-2017,13,20717,21404,11074,4875,58070,1254,1076,1567,3897,61967
21-11-2017,14,20871,21413,11247,4828,58359,1270,1084,1575,3929,62288
21-11-2017,15,21278,21824,11528,5509,60139,1305,1120,1611,4036,64175
21-11-2017,16,21725,22446,11493,5568,61232,1300,1119,1632,4051,65283
21-11-2017,17,21564,22533,11409,5321,60827,1267,1092,1595,3954,64781
21-11-2017,18,21482,22276,11476,5062,60296,1219,1049,1534,3802,64098
21-11-2017,19,21243,21761,11389,4752,59145,1188,1011,1487,3686,62831
21-11-2017,20,20967,21280,10810,4446,57503,1129,947,1380,3456,60959
21-11-2017,21,20431,20445,10980,4125,55981,1043,860,1227,3130,59111
21-11-2017,22,19833,19366,10575,3791,53565,961,768,1092,2821,56386
21-11-2017,23,18914,18598,10060,3472,51044,897,698,1005,2600,53644
22-11-2017,0,18327,17427,9680,3354,48788,865,664,941,2470,51258
22-11-2017,1,17876,17295,9536,3217,47924,850,649,920,2419,50343
22-11-2017,2,17742,17304,9462,3147,47655,848,638,912,2398,50053
22-11-2017,3,17854,17292,9443,3161,47750,855,650,923,2428,50178
22-11-2017,4,18067,17513,9686,3234,48500,901,700,997,2598,51098
22-11-2017,5,18669,18232,10364,3507,50772,1032,833,1236,3101,53873
22-11-2017,6,20138,19761,10518,4060,54477,1185,996,1450,3631,58108
22-11-2017,7,21689,21850,11236,4727,59502,1273,1085,1562,3920,63422
22-11-2017,8,22025,22002,11305,4962,60294,1303,1133,1611,4047,64341
22-11-2017,9,21871,21635,11195,4996,59697,1312,1143,1624,4079,63776
22-11-2017,10,22009,21816,11153,5095,60073,1304,1132,1616,4052,64125
22-11-2017,11,22491,21831,11210,5047,60579,1279,1108,1589,3976,64555
22-11-2017,12,21629,21762,11251,4955,59597,1302,1136,1608,4046,63643
22-11-2017,13,21464,21717,11205,4956,59342,1296,1117,1592,4005,63347
22-11-2017,14,21466,21767,11422,4941,59596,1310,1113,1592,4015,63611
22-11-2017,15,21854,21913,11680,4863,60310,1344,1153,1621,4118,64428
22-11-2017,16,21982,21783,11689,5063,60517,1336,1147,1633,4116,64633
22-11-2017,17,21566,21711,11699,5304,60280,1307,1124,1597,4028,64308
22-11-2017,18,21131,21055,11644,5069,58899,1267,1075,1522,3864,62763
22-11-2017,19,20704,20372,11358,4721,57155,1220,1032,1470,3722,60877
22-11-2017,20,20334,19397,10804,4413,54948,1175,961,1364,3500,58448
22-11-2017,21,19768,18366,10808,4165,53107,1081,860,1212,3153,56260
22-11-2017,22,18884,17247,10597,3801,50529,992,772,1075,2839,53368
22-11-2017,23,17902,16233,10123,3482,47740,929,703,978,2610,50350
23-11-2017,0,17184,15504,9735,3274,45697,899,663,923,2485,48182
23-11-2017,1,16762,15225,9594,3145,44726,879,644,900,2423,47149
23-11-2017,2,16536,14881,9530,3117,44064,874,637,897,2408,46472
23-11-2017,3,16225,14972,9627,3133,43957,878,647,911,2436,46393
23-11-2017,4,16252,15084,9976,3223,44535,913,693,981,2587,47122
23-11-2017,5,16726,15599,10887,3498,46710,1050,829,1211,3090,49800
23-11-2017,6,17897,17210,11570,4132,50809,1209,995,1423,3627,54436
23-11-2017,7,19414,19048,11827,4781,55070,1307,1090,1536,3933,59003
23-11-2017,8,19665,19085,11650,4915,55315,1336,1142,1599,4077,59392
23-11-2017,9,19481,18986,11582,4907,54956,1341,1147,1605,4093,59049
23-11-2017,10,19374,19124,11569,5019,55086,1322,1129,1600,4051,59137
23-11-2017,11,19209,19126,11483,4991,54809,1304,1097,1561,3962,58771
23-11-2017,12,18879,19242,11390,4931,54442,1328,1130,1575,4033,58475
23-11-2017,13,18761,19054,11424,4949,54188,1315,1125,1554,3994,58182
23-11-2017,14,18724,18837,11475,4834,53870,1329,1141,1560,4030,57900
23-11-2017,15,18762,19436,11644,4701,54543,1353,1172,1594,4119,58662
23-11-2017,16,19149,19531,11526,4962,55168,1332,1148,1587,4067,59235
23-11-2017,17,19072,19602,11401,5195,55270,1301,1115,1569,3985,59255
23-11-2017,18,18827,19217,11418,5005,54467,1258,1072,1524,3854,58321
23-11-2017,19,18587,18563,11306,4671,53127,1208,1024,1461,3693,56820
23-11-2017,20,18473,17954,10718,4397,51542,1146,959,1350,3455,54997
23-11-2017,21,18070,17276,10775,4086,50207,1054,860,1188,3102,53309
23-11-2017,22,17319,16341,10519,3687,47866,964,773,1067,2804,50670
23-11-2017,23,16344,15427,9984,3411,45166,904,708,985,2597,47763
24-11-2017,0,15964,14586,9673,3181,43404,870,663,945,2478,45882
24-11-2017,1,15649,14142,9420,3045,42256,849,642,921,2412,44668
24-11-2017,2,15637,14156,9387,3014,42194,840,633,919,2392,44586
24-11-2017,3,15662,14168,9459,3010,42299,843,643,933,2419,44718
24-11-2017,4,15800,14435,9766,3067,43068,883,695,1004,2582,45650
24-11-2017,5,16421,15356,10571,3355,45703,1006,820,1236,3062,48765
24-11-2017,6,17773,17409,11091,4032,50305,1151,976,1431,3558,53863
24-11-2017,7,19460,19068,11286,4690,54504,1252,1067,1546,3865,58369
24-11-2017,8,19765,19231,11189,4866,55051,1287,1118,1591,3996,59047
24-11-2017,9,19437,19159,11034,4901,54531,1283,1123,1594,4000,58531
24-11-2017,10,19248,19320,10854,4915,54337,1280,1108,1579,3967,58304
24-11-2017,11,19004,18842,10777,4884,53507,1251,1072,1544,3867,57374
24-11-2017,12,18896,18639,10669,4722,52926,1268,1098,1560,3926,56852
24-11-2017,13,18797,18518,10613,4634,52562,1246,1086,1536,3868,56430
24-11-2017,14,18756,18633,10772,4481,52642,1251,1093,1516,3860,56502
24-11-2017,15,19119,18656,10977,4437,53189,1272,1129,1557,3958,57147
24-11-2017,16,19467,19208,10958,4659,54292,1256,1110,1575,3941,58233
24-11-2017,17,19177,19227,10863,4915,54182,1214,1082,1540,3836,58018
24-11-2017,18,18961,18498,10807,4721,52987,1166,1038,1475,3679,56666
24-11-2017,19,18667,17886,10546,4453,51552,1126,1005,1412,3543,55095
24-11-2017,20,18321,17157,10059,4172,49709,1071,949,1312,3332,53041
24-11-2017,21,17785,16436,10154,3915,48290,1008,863,1188,3059,51349
24-11-2017,22,17197,15743,9931,3672,46543,925,777,1070,2772,49315
24-11-2017,23,16688,15102,9471,3432,44693,866,700,981,2547,47240
25-11-2017,0,16560,14943,9119,3186,43808,847,663,930,2440,46248
25-11-2017,1,16197,14659,8903,3021,42780,819,642,899,2360,45140
25-11-2017,2,15921,14498,8789,2948,42156,803,627,892,2322,44478
25-11-2017,3,15898,14474,8776,2942,42090,801,625,896,2322,44412
25-11-2017,4,15881,14470,8881,2967,42199,813,645,923,2381,44580
25-11-2017,5,15972,14727,9156,3032,42887,846,690,1015,2551,45438
25-11-2017,6,16401,15503,9321,3254,44479,904,759,1133,2796,47275
25-11-2017,7,16845,16165,9569,3586,46165,971,819,1213,3003,49168
25-11-2017,8,17370,16981,9658,3888,47897,1014,882,1297,3193,51090
25-11-2017,9,18054,17581,9787,4092,49514,1045,917,1330,3292,52806
25-11-2017,10,18496,18006,9892,4158,50552,1057,924,1349,3330,53882
25-11-2017,11,18466,18065,9887,4135,50553,1060,918,1350,3328,53881
25-11-2017,12,18298,18001,9901,4069,50269,1055,916,1346,3317,53586
25-11-2017,13,18002,17730,9951,4054,49737,1050,911,1331,3292,53029
25-11-2017,14,17953,17611,10238,4062,49864,1062,921,1335,3318,53182
25-11-2017,15,18404,18197,10692,4090,51383,1137,985,1405,3527,54910
25-11-2017,16,18866,18888,10857,4437,53048,1151,1001,1419,3571,56619
25-11-2017,17,18964,18967,10897,4758,53586,1129,981,1376,3486,57072
25-11-2017,18,18758,18829,10763,4601,52951,1106,954,1321,3381,56332
25-11-2017,19,18387,18324,10443,4284,51438,1068,923,1251,3242,54680
25-11-2017,20,17983,17795,9928,4022,49728,1024,882,1181,3087,52815
25-11-2017,21,17415,17174,10083,3746,48418,955,809,1073,2837,51255
25-11-2017,22,17048,16597,9937,3569,47151,900,743,977,2620,49771
25-11-2017,23,16828,15848,9569,3341,45586,857,684,899,2440,48026
26-11-2017,0,16396,14915,9237,3181,43729,834,651,845,2330,46059
26-11-2017,1,15956,14771,8997,3084,42808,799,632,823,2254,45062
26-11-2017,2,15645,14624,8877,3035,42181,797,618,807,2222,44403
26-11-2017,3,15498,14628,8855,3023,42004,799,611,811,2221,44225
26-11-2017,4,15500,14762,8903,2940,42105,812,623,832,2267,44372
26-11-2017,5,15431,14894,9129,2982,42436,832,651,895,2378,44814
26-11-2017,6,15624,15245,9174,3147,43190,870,703,968,2541,45731
26-11-2017,7,15895,15721,9381,3434,44431,944,754,1025,2723,47154
26-11-2017,8,16506,16090,9453,3732,45781,983,809,1132,2924,48705
26-11-2017,9,16979,16876,9748,3922,47525,1016,856,1196,3068,50593
26-11-2017,10,17431,17279,9925,4085,48720,1022,878,1218,3118,51838
26-11-2017,11,17647,17576,9947,4103,49273,1044,873,1227,3144,52417
26-11-2017,12,17627,17641,9869,4094,49231,1042,863,1232,3137,52368
26-11-2017,13,17634,17732,9885,4044,49295,1045,865,1235,3145,52440
26-11-2017,14,17802,17636,10114,4037,49589,1061,875,1230,3166,52755
26-11-2017,15,18049,18196,10403,4048,50696,1126,945,1325,3396,54092
26-11-2017,16,18400,18733,10466,4385,51984,1153,985,1415,3553,55537
26-11-2017,17,18402,18979,10491,4786,52658,1137,970,1405,3512,56170
26-11-2017,18,18268,18593,10438,4657,51956,1115,950,1374,3439,55395
26-11-2017,19,18177,18259,10197,4351,50984,1086,929,1322,3337,54321
26-11-2017,20,17922,17650,9829,4080,49481,1031,878,1220,3129,52610
26-11-2017,21,17689,16800,10061,3740,48290,965,794,1086,2845,51135
26-11-2017,22,17291,16047,10040,3449,46827,889,721,975,2585,49412
26-11-2017,23,16635,15167,9688,3226,44716,841,655,895,2391,47107
27-11-2017,0,16254,14825,9400,3070,43549,811,624,851,2286,45835
27-11-2017,1,15978,14588,9254,2975,42795,799,609,829,2237,45032
27-11-2017,2,15893,14502,9205,2941,42541,793,607,826,2226,44767
27-11-2017,3,15939,14522,9234,2976,42671,799,619,842,2260,44931
27-11-2017,4,16137,14486,9590,3105,43318,838,668,927,2433,45751
27-11-2017,5,16743,15508,10497,3345,46093,971,799,1186,2956,49049
27-11-2017,6,18330,17680,11071,4078,51159,1136,963,1412,3511,54670
27-11-2017,7,20155,19460,11298,4705,55618,1239,1051,1529,3819,59437
27-11-2017,8,20683,20042,11133,4927,56785,1266,1096,1584,3946,60731
27-11-2017,9,20406,19776,10997,4982,56161,1276,1093,1573,3942,60103
27-11-2017,10,20159,19760,10946,5074,55939,1265,1074,1553,3892,59831
27-11-2017,11,19997,19839,10939,5058,55833,1247,1041,1537,3825,59658
27-11-2017,12,19862,19766,10883,5023,55534,1261,1069,1565,3895,59429
27-11-2017,13,20027,19604,10944,5002,55577,1243,1072,1558,3873,59450
27-11-2017,14,20177,19929,11089,4980,56175,1258,1084,1560,3902,60077
27-11-2017,15,20477,20561,11176,4976,57190,1298,1128,1601,4027,61217
27-11-2017,16,20772,20723,11148,5200,57843,1277,1116,1614,4007,61850
27-11-2017,17,20526,20998,11028,5499,58051,1241,1089,1567,3897,61948
27-11-2017,18,20277,20485,10987,5267,57016,1195,1050,1504,3749,60765
27-11-2017,19,20012,19782,10752,4923,55469,1143,1012,1462,3617,59086
27-11-2017,20,19601,19164,10230,4518,53513,1090,943,1342,3375,56888
27-11-2017,21,19029,18299,10321,4155,51804,1004,846,1180,3030,54834
27-11-2017,22,18403,17178,10119,3821,49521,913,761,1039,2713,52234
27-11-2017,23,17671,16367,9633,3504,47175,853,684,955,2492,49667
28-11-2017,0,17073,15733,9248,3292,45346,822,652,913,2387,47733
28-11-2017,1,16695,15504,9047,3177,44423,807,638,882,2327,46750
28-11-2017,2,16536,15078,8998,3143,43755,797,626,875,2298,46053
28-11-2017,3,16535,14891,9072,3089,43587,802,633,891,2326,45913
28-11-2017,4,16654,15598,9399,3183,44834,841,674,957,2472,47306
28-11-2017,5,17122,16421,10297,3460,47300,967,804,1206,2977,50277
28-11-2017,6,18788,18489,10795,4155,52227,1126,980,1428,3534,55761
28-11-2017,7,20479,20473,11075,4872,56899,1228,1072,1536,3836,60735
28-11-2017,8,20922,20456,10923,5058,57359,1261,1114,1568,3943,61302
28-11-2017,9,20576,20246,10891,5042,56755,1262,1117,1581,3960,60715
28-11-2017,10,20512,20526,10924,5085,57047,1250,1104,1571,3925,60972
28-11-2017,11,20471,20804,10993,5059,57327,1227,1073,1549,3849,61176
28-11-2017,12,20242,20700,11012,4975,56929,1254,1091,1574,3919,60848
28-11-2017,13,20386,20802,11085,4939,57212,1249,1094,1564,3907,61119
28-11-2017,14,20375,20825,11312,4944,57456,1276,1107,1584,3967,61423
28-11-2017,15,20600,21436,11475,4887,58398,1302,1150,1618,4070,62468
28-11-2017,16,20858,21461,11427,5122,58868,1286,1124,1615,4025,62893
28-11-2017,17,20741,21474,11360,5406,58981,1262,1101,1568,3931,62912
28-11-2017,18,20469,21089,11345,5202,58105,1220,1063,1534,3817,61922
28-11-2017,19,20305,20921,11156,4889,57271,1176,1026,1488,3690,60961
28-11-2017,20,20105,20401,10617,4584,55707,1116,964,1383,3463,59170
28-11-2017,21,19666,19255,10629,4249,53799,1029,869,1224,3122,56921
28-11-2017,22,18907,18278,10406,3896,51487,942,779,1083,2804,54291
28-11-2017,23,18028,17302,9906,3577,48813,885,702,1000,2587,51400
29-11-2017,0,17383,16444,9556,3321,46704,854,671,930,2455,49159
29-11-2017,1,16889,16274,9348,3186,45697,837,651,907,2395,48092
29-11-2017,2,16753,16237,9299,3146,45435,838,637,900,2375,47810
29-11-2017,3,16834,16288,9307,3163,45592,846,641,916,2403,47995
29-11-2017,4,17030,16467,9662,3258,46417,884,689,987,2560,48977
29-11-2017,5,17576,17392,10553,3549,49070,1009,821,1232,3062,52132
29-11-2017,6,18969,19349,11154,4258,53730,1166,981,1448,3595,57325
29-11-2017,7,20635,20906,11381,4936,57858,1262,1081,1570,3913,61771
29-11-2017,8,21133,21156,11244,5093,58626,1284,1121,1611,4016,62642
29-11-2017,9,20930,20919,11177,5096,58122,1287,1130,1627,4044,62166
29-11-2017,10,20703,21170,11154,5137,58164,1282,1122,1624,4028,62192
29-11-2017,11,20464,20979,11139,5083,57665,1263,1091,1595,3949,61614
29-11-2017,12,20560,20953,10986,4992,57491,1284,1120,1613,4017,61508
29-11-2017,13,20330,20866,11030,5004,57230,1251,1108,1602,3961,61191
29-11-2017,14,20395,20987,11254,4973,57609,1282,1117,1611,4010,61619
29-11-2017,15,20744,21516,11384,4897,58541,1306,1156,1621,4083,62624
29-11-2017,16,21031,21765,11301,5195,59292,1294,1127,1609,4030,63322
29-11-2017,17,20779,21830,11170,5522,59301,1267,1104,1590,3961,63262
29-11-2017,18,20750,21393,11205,5303,58651,1230,1062,1571,3863,62514
29-11-2017,19,20611,20893,11021,5024,57549,1193,1028,1521,3742,61291
29-11-2017,20,20289,20290,10464,4716,55759,1141,962,1405,3508,59267
29-11-2017,21,19826,19404,10493,4394,54117,1048,865,1248,3161,57278
29-11-2017,22,19181,18106,10261,4030,51578,963,781,1119,2863,54441
29-11-2017,23,18368,17398,9736,3681,49183,905,711,1037,2653,51836
30-11-2017,0,17717,16426,9313,3463,46919,878,686,982,2546,49465
30-11-2017,1,17366,16095,9152,3343,45956,859,669,958,2486,48442
30-11-2017,2,17169,15998,9036,3312,45515,852,658,937,2447,47962
30-11-2017,3,17275,16102,9069,3320,45766,849,672,946,2467,48233
30-11-2017,4,17411,16265,9431,3416,46523,883,716,1012,2611,49134
30-11-2017,5,18078,17241,10388,3700,49407,1005,836,1247,3088,52495
30-11-2017,6,20032,18969,10839,4408,54248,1154,993,1466,3613,57861
30-11-2017,7,21950,20909,11162,5054,59075,1257,1089,1591,3937,63012
30-11-2017,8,22243,21201,11029,5181,59654,1271,1136,1648,4055,63709
30-11-2017,9,21580,21010,10979,5237,58806,1274,1142,1656,4072,62878
30-11-2017,10,21202,21097,10867,5283,58449,1260,1132,1647,4039,62488
30-11-2017,11,20972,21178,10916,5219,58285,1240,1107,1620,3967,62252
30-11-2017,12,20999,20953,10927,5097,57976,1266,1126,1643,4035,62011
30-11-2017,13,20945,20924,10969,5092,57930,1252,1118,1638,4008,61938
30-11-2017,14,21061,20917,11229,5006,58213,1273,1126,1638,4037,62250
30-11-2017,15,21232,21458,11299,4936,58925,1297,1167,1675,4139,63064
30-11-2017,16,21550,21641,11280,5187,59658,1282,1147,1670,4099,63757
30-11-2017,17,21427,21838,11157,5463,59885,1249,1108,1637,3994,63879
30-11-2017,18,21184,21543,11146,5272,59145,1217,1071,1584,3872,63017
30-11-2017,19,20882,21163,11040,5001,58086,1163,1041,1517,3721,61807
30-11-2017,20,20566,20460,10574,4725,56325,1112,983,1411,3506,59831
30-11-2017,21,20279,19481,10584,4403,54747,1037,893,1264,3194,57941
30-11-2017,22,19659,18554,10287,4034,52534,948,802,1133,2883,55417
30-11-2017,23,18645,17614,9776,3685,49720,883,722,1014,2619,52339
01-12-2017,0,18063,16757,9428,3429,47677,866,699,972,2537,50214
01-12-2017,1,17616,16541,9226,3296,46679,853,683,948,2484,49163
01-12-2017,2,17429,16390,9262,3236,46317,854,672,949,2475,48792
01-12-2017,3,17399,16301,9364,3250,46314,876,677,961,2514,48828
01-12-2017,4,17557,16419,9785,3333,47094,923,722,1030,2675,49769
01-12-2017,5,18105,17580,10677,3599,49961,1040,844,1257,3141,53102
01-12-2017,6,19504,19430,11255,4278,54467,1188,999,1458,3645,58112
01-12-2017,7,21306,21337,11541,4921,59105,1295,1083,1580,3958,63063
01-12-2017,8,21988,21450,11445,5119,60002,1313,1123,1625,4061,64063
01-12-2017,9,21725,21330,11331,5116,59502,1314,1127,1618,4059,63561
01-12-2017,10,21574,21241,11346,5179,59340,1303,1099,1609,4011,63351
01-12-2017,11,21308,21083,11301,5068,58760,1272,1076,1587,3935,62695
01-12-2017,12,21227,21025,11239,4868,58359,1289,1098,1603,3990,62349
01-12-2017,13,20900,20969,11285,4767,57921,1262,1094,1595,3951,61872
01-12-2017,14,20919,20796,11530,4654,57899,1287,1091,1577,3955,61854
01-12-2017,15,21095,21235,11692,4620,58642,1314,1130,1610,4054,62696
01-12-2017,16,21389,21475,11624,4902,59390,1297,1112,1623,4032,63422
01-12-2017,17,21306,21653,11459,5133,59551,1265,1080,1566,3911,63462
01-12-2017,18,21057,21188,11430,4966,58641,1223,1032,1505,3760,62401
01-12-2017,19,20798,20391,11196,4655,57040,1174,993,1445,3612,60652
01-12-2017,20,20281,19737,10697,4364,55079,1113,927,1348,3388,58467
01-12-2017,21,19777,18986,10807,4112,53682,1036,846,1224,3106,56788
01-12-2017,22,19117,18251,10547,3835,51750,951,763,1088,2802,54552
01-12-2017,23,18468,17370,10022,3579,49439,895,706,995,2596,52035
02-12-2017,0,17938,16615,9612,3374,47539,849,666,947,2462,50001
02-12-2017,1,17550,16397,9381,3231,46559,823,640,902,2365,48924
02-12-2017,2,17344,16289,9311,3154,46098,816,627,896,2339,48437
02-12-2017,3,17158,16158,9267,3127,45710,818,636,894,2348,48058
02-12-2017,4,17079,16120,9325,3152,45676,834,654,923,2411,48087
02-12-2017,5,17171,16415,9633,3217,46436,873,700,1015,2588,49024
02-12-2017,6,17566,17045,9792,3430,47833,931,768,1128,2827,50660
02-12-2017,7,18121,17522,10101,3762,49506,991,830,1206,3027,52533
02-12-2017,8,18820,18027,10207,4034,51088,1058,888,1304,3250,54338
02-12-2017,9,19471,18549,10346,4200,52566,1097,929,1359,3385,55951
02-12-2017,10,19845,18876,10405,4278,53404,1101,940,1366,3407,56811
02-12-2017,11,19865,18730,10383,4234,53212,1095,932,1359,3386,56598
02-12-2017,12,19758,18585,10383,4117,52843,1094,927,1353,3374,56217
02-12-2017,13,19628,18303,10408,4054,52393,1099,924,1338,3361,55754
02-12-2017,14,19658,18164,10731,4069,52622,1117,930,1340,3387,56009
02-12-2017,15,19692,18591,11042,4133,53458,1177,989,1420,3586,57044
02-12-2017,16,19720,19080,11179,4429,54408,1187,1005,1451,3643,58051
02-12-2017,17,19759,19008,11128,4673,54568,1165,978,1412,3555,58123
02-12-2017,18,19478,18445,10961,4522,53406,1135,950,1372,3457,56863
02-12-2017,19,18983,17788,10595,4236,51602,1082,915,1316,3313,54915
02-12-2017,20,18471,17192,10044,3994,49701,1040,870,1238,3148,52849
02-12-2017,21,18014,16317,10239,3793,48363,976,801,1135,2912,51275
02-12-2017,22,17555,15898,10071,3530,47054,912,742,1022,2676,49730
02-12-2017,23,17089,15282,9602,3339,45312,857,683,943,2483,47795
03-12-2017,0,16706,14638,9219,3125,43688,840,649,906,2395,46083
03-12-2017,1,16352,14720,8867,3094,43033,815,628,879,2322,45355
03-12-2017,2,16126,14514,8740,3020,42400,799,616,859,2274,44674
03-12-2017,3,16118,14233,8732,2940,42023,801,614,849,2264,44287
03-12-2017,4,16207,14342,8746,2980,42275,816,633,874,2323,44598
03-12-2017,5,16262,14504,8938,2995,42699,851,671,936,2458,45157
03-12-2017,6,16459,15116,9055,3231,43861,885,721,1010,2616,46477
03-12-2017,7,16801,15434,9320,3479,45034,919,756,1069,2744,47778
03-12-2017,8,17501,15887,9417,3795,46600,979,820,1191,2990,49590
03-12-2017,9,18063,16577,9550,4020,48210,1031,867,1255,3153,51363
03-12-2017,10,18664,17278,9710,4104,49756,1041,881,1275,3197,52953
03-12-2017,11,18759,17556,9823,4134,50272,1051,876,1274,3201,53473
03-12-2017,12,18581,17641,9808,4065,50095,1056,880,1266,3202,53297
03-12-2017,13,18593,17527,9773,4022,49915,1063,853,1259,3175,53090
03-12-2017,14,18602,17660,10043,4025,50330,1094,900,1272,3266,53596
03-12-2017,15,18974,18149,10276,4077,51476,1153,971,1384,3508,54984
03-12-2017,16,19370,18806,10330,4409,52915,1157,995,1449,3601,56516
03-12-2017,17,19401,18959,10426,4749,53535,1155,988,1425,3568,57103
03-12-2017,18,19302,18895,10377,4646,53220,1124,963,1407,3494,56714
03-12-2017,19,19163,18679,10133,4404,52379,1089,944,1361,3394,55773
03-12-2017,20,19031,18268,9743,4146,51188,1041,887,1270,3198,54386
03-12-2017,21,18724,17457,10005,3917,50103,971,807,1149,2927,53030
03-12-2017,22,18284,16762,9863,3648,48557,904,747,1022,2673,51230
03-12-2017,23,17541,16131,9482,3424,46578,859,694,916,2469,49047
04-12-2017,0,17086,15719,9170,3207,45182,840,659,877,2376,47558
04-12-2017,1,16762,15524,9055,3163,44504,803,645,862,2310,46814
04-12-2017,2,16690,15453,9030,3128,44301,797,644,866,2307,46608
04-12-2017,3,16841,15570,9100,3150,44661,812,660,884,2356,47017
04-12-2017,4,17083,15838,9509,3234,45664,860,703,973,2536,48200
04-12-2017,5,17442,17084,10365,3521,48412,988,825,1235,3048,51460
04-12-2017,6,18942,19444,10980,4215,53581,1144,981,1469,3594,57175
04-12-2017,7,20616,21491,11356,4996,58459,1247,1077,1614,3938,62397
04-12-2017,8,21260,21917,11200,5185,59562,1268,1124,1659,4051,63613
04-12-2017,9,21124,21686,11138,5197,59145,1266,1129,1655,4050,63195
04-12-2017,10,21045,21490,11116,5123,58774,1268,1124,1662,4054,62828
04-12-2017,11,20597,21399,11119,5123,58238,1245,1088,1639,3972,62210
04-12-2017,12,20492,21038,11064,4998,57592,1258,1102,1633,3993,61585
04-12-2017,13,20479,20953,11104,4966,57502,1253,1095,1611,3959,61461
04-12-2017,14,20567,20936,11406,4998,57907,1280,1111,1608,3999,61906
04-12-2017,15,20868,21651,11560,4904,58983,1312,1154,1650,4116,63099
04-12-2017,16,21029,22202,11505,5180,59916,1300,1136,1640,4076,63992
04-12-2017,17,20925,22358,11389,5441,60113,1272,1104,1598,3974,64087
04-12-2017,18,20687,21969,11410,5217,59283,1232,1053,1543,3828,63111
04-12-2017,19,20409,21582,11262,4895,58148,1203,1019,1488,3710,61858
04-12-2017,20,20045,20923,10789,4580,56337,1140,948,1390,3478,59815
04-12-2017,21,19559,20072,10844,4316,54791,1045,851,1227,3123,57914
04-12-2017,22,18596,18991,10553,3910,52050,954,766,1084,2804,54854
04-12-2017,23,17701,18018,10060,3595,49374,894,702,1005,2601,51975
05-12-2017,0,17228,17246,9737,3390,47601,867,666,941,2474,50075
05-12-2017,1,16839,16979,9535,3220,46573,848,638,920,2406,48979
05-12-2017,2,16745,16798,9483,3162,46188,848,632,913,2393,48581
05-12-2017,3,16806,16746,9563,3177,46292,855,642,931,2428,48720
05-12-2017,4,16840,16699,9990,3179,46708,891,692,1012,2595,49303
05-12-2017,5,17318,17486,10940,3471,49215,1019,817,1241,3077,52292
05-12-2017,6,18592,19563,11594,4126,53875,1178,983,1457,3618,57493
05-12-2017,7,20114,21402,11786,4725,58027,1274,1079,1576,3929,61956
05-12-2017,8,20688,21489,11636,4917,58730,1284,1111,1617,4012,62742
05-12-2017,9,20428,21207,11611,4973,58219,1279,1105,1598,3982,62201
05-12-2017,10,20277,20888,11569,4996,57730,1271,1082,1572,3925,61655
05-12-2017,11,20176,20666,11511,4908,57261,1250,1059,1536,3845,61106
05-12-2017,12,20045,20431,11454,4881,56811,1276,1087,1550,3913,60724
05-12-2017,13,19961,20421,11463,4880,56725,1271,1084,1547,3902,60627
05-12-2017,14,19991,20621,11665,4909,57186,1302,1097,1571,3970,61156
05-12-2017,15,20028,21042,11800,4823,57693,1323,1149,1633,4105,61798
05-12-2017,16,20454,21325,11708,5033,58520,1302,1122,1628,4052,62572
05-12-2017,17,20090,21589,11623,5248,58550,1276,1096,1599,3971,62521
05-12-2017,18,19728,20885,11605,5056,57274,1245,1060,1541,3846,61120
05-12-2017,19,19452,20484,11423,4752,56111,1216,1028,1475,3719,59830
05-12-2017,20,19160,19964,10991,4425,54540,1159,968,1353,3480,58020
05-12-2017,21,18546,18869,11083,4129,52627,1078,873,1186,3137,55764
05-12-2017,22,17912,17894,10871,3805,50482,988,781,1044,2813,53295
05-12-2017,23,17116,17089,10345,3412,47962,928,715,956,2599,50561
06-12-2017,0,16449,16069,9931,3234,45683,880,670,913,2463,48146
06-12-2017,1,16126,15811,9740,3121,44798,855,650,893,2398,47196
06-12-2017,2,15961,15654,9658,3114,44387,848,643,886,2377,46764
06-12-2017,3,15988,15746,9624,3093,44451,847,652,910,2409,46860
06-12-2017,4,16101,15862,9754,3216,44933,888,703,995,2586,47519
06-12-2017,5,16544,16878,10019,3528,46969,1005,829,1243,3077,50046
06-12-2017,6,18124,19000,10192,4139,51455,1163,991,1462,3616,55071
06-12-2017,7,19681,21032,10533,4848,56094,1272,1086,1581,3939,60033
06-12-2017,8,20166,21345,10592,5020,57123,1295,1122,1641,4058,61181
06-12-2017,9,19913,21205,10729,4981,56828,1287,1113,1636,4036,60864
06-12-2017,10,19822,21320,10769,5036,56947,1278,1091,1638,4007,60954
06-12-2017,11,19672,21335,10780,4949,56736,1262,1057,1611,3930,60666
06-12-2017,12,19624,21190,10745,4876,56435,1270,1076,1619,3965,60400
06-12-2017,13,19721,21005,10814,4905,56445,1262,1073,1617,3952,60397
06-12-2017,14,19827,20988,11125,4869,56809,1272,1086,1618,3976,60785
06-12-2017,15,20038,21586,11357,4901,57882,1314,1142,1663,4119,62001
06-12-2017,16,20208,21800,11408,5116,58532,1308,1121,1660,4089,62621
06-12-2017,17,19964,21960,11341,5296,58561,1281,1099,1622,4002,62563
06-12-2017,18,19666,21499,11026,5035,57226,1244,1063,1565,3872,61098
06-12-2017,19,19444,20817,10848,4764,55873,1211,1026,1505,3742,59615
06-12-2017,20,19154,19871,10686,4418,54129,1148,966,1403,3517,57646
06-12-2017,21,18680,18812,11037,4173,52702,1058,866,1245,3169,55871
06-12-2017,22,17697,17658,10984,3812,50151,964,771,1087,2822,52973
06-12-2017,23,16951,16769,10529,3481,47730,911,703,1004,2618,50348
07-12-2017,0,16260,15905,10256,3247,45668,879,668,960,2507,48175
07-12-2017,1,15797,15588,10059,3112,44556,861,653,940,2454,47010
07-12-2017,2,15517,15483,9998,3055,44053,856,645,933,2434,46487
07-12-2017,3,15543,15491,10032,3042,44108,863,659,943,2465,46573
07-12-2017,4,15695,15757,10367,3122,44941,908,714,1013,2635,47576
07-12-2017,5,16105,16557,11233,3373,47268,1033,847,1269,3149,50417
07-12-2017,6,17420,18110,11809,4021,51360,1194,1003,1476,3673,55033
07-12-2017,7,18638,19913,11969,4750,55270,1303,1115,1591,4009,59279
07-12-2017,8,19187,20143,11886,4965,56181,1319,1146,1625,4090,60271
07-12-2017,9,18992,19987,11753,4951,55683,1306,1135,1610,4051,59734
07-12-2017,10,18895,20247,11801,5065,56008,1295,1117,1612,4024,60032
07-12-2017,11,18731,20286,11822,5108,55947,1274,1091,1587,3952,59899
07-12-2017,12,18641,20185,11706,4977,55509,1295,1118,1599,4012,59521
07-12-2017,13,18612,20009,11752,5033,55406,1297,1124,1595,4016,59422
07-12-2017,14,18529,20259,11981,4943,55712,1334,1135,1599,4068,59780
07-12-2017,15,18865,20767,12079,4938,56649,1369,1178,1645,4192,60841
07-12-2017,16,19191,20578,12053,5114,56936,1343,1139,1623,4105,61041
07-12-2017,17,19183,20735,11920,5300,57138,1306,1111,1593,4010,61148
07-12-2017,18,18856,20152,11877,5131,56016,1271,1067,1551,3889,59905
07-12-2017,19,18423,19704,11697,4791,54615,1221,1028,1476,3725,58340
07-12-2017,20,18260,18888,11171,4477,52796,1156,965,1364,3485,56281
07-12-2017,21,18023,17956,11216,4208,51403,1070,872,1208,3150,54553
07-12-2017,22,17565,16959,10906,3875,49305,976,783,1057,2816,52121
07-12-2017,23,16784,16295,10417,3588,47084,910,708,987,2605,49689
08-12-2017,0,16279,15659,10016,3304,45258,874,670,940,2484,47742
08-12-2017,1,15956,15384,9819,3184,44343,849,653,916,2418,46761
08-12-2017,2,15682,15204,9740,3157,43783,835,644,907,2386,46169
08-12-2017,3,15611,15272,9789,3100,43772,842,651,924,2417,46189
08-12-2017,4,15722,15601,10089,3151,44563,881,705,998,2584,47147
08-12-2017,5,16158,16423,10889,3415,46885,1008,833,1230,3071,49956
08-12-2017,6,17623,18621,11387,4047,51678,1154,984,1439,3577,55255
08-12-2017,7,19220,20220,11697,4736,55873,1270,1093,1579,3942,59815
08-12-2017,8,19776,20474,11650,4977,56877,1276,1130,1620,4026,60903
08-12-2017,9,19698,20324,11475,5042,56539,1273,1132,1615,4020,60559
08-12-2017,10,19636,20364,11409,5072,56481,1267,1123,1605,3995,60476
08-12-2017,11,19466,20194,11317,4966,55943,1244,1090,1588,3922,59865
08-12-2017,12,19303,20017,11229,4814,55363,1260,1110,1610,3980,59343
08-12-2017,13,19245,19847,11274,4697,55063,1241,1101,1584,3926,58989
08-12-2017,14,19414,19890,11503,4579,55386,1254,1096,1569,3919,59305
08-12-2017,15,19745,20368,11568,4556,56237,1272,1133,1603,4008,60245
08-12-2017,16,19737,20706,11512,4816,56771,1257,1109,1597,3963,60734
08-12-2017,17,19388,20614,11470,5080,56552,1220,1084,1552,3856,60408
08-12-2017,18,19345,19983,11474,4920,55722,1178,1042,1493,3713,59435
08-12-2017,19,19004,19368,11249,4608,54229,1140,1005,1433,3578,57807
08-12-2017,20,18670,18444,10645,4341,52100,1093,940,1340,3373,55473
08-12-2017,21,18106,17711,10716,4100,50633,1010,859,1208,3077,53710
08-12-2017,22,17416,16806,10422,3802,48446,929,785,1058,2772,51218
08-12-2017,23,16827,16279,9914,3535,46555,876,717,973,2566,49121
09-12-2017,0,16352,15253,9509,3300,44414,838,676,923,2437,46851
09-12-2017,1,15960,15160,9272,3174,43566,816,660,891,2367,45933
09-12-2017,2,15718,15117,9160,3113,43108,803,646,886,2335,45443
09-12-2017,3,15634,14994,9127,3169,42924,804,651,892,2347,45271
09-12-2017,4,15649,15049,9226,3210,43134,815,672,919,2406,45540
09-12-2017,5,15856,15335,9499,3266,43956,849,717,1006,2572,46528
09-12-2017,6,16131,15884,9606,3385,45006,912,780,1108,2800,47806
09-12-2017,7,16737,16554,9827,3647,46765,985,851,1218,3054,49819
09-12-2017,8,17462,17182,9944,3972,48560,1027,906,1298,3231,51791
09-12-2017,9,18124,17968,10016,4151,50259,1062,939,1344,3345,53604
09-12-2017,10,18572,18503,10073,4253,51401,1067,944,1355,3366,54767
09-12-2017,11,18642,18438,10092,4206,51378,1059,939,1358,3356,54734
09-12-2017,12,18557,18389,10100,4155,51201,1066,934,1349,3349,54550
09-12-2017,13,18554,18362,10147,4111,51174,1069,933,1344,3346,54520
09-12-2017,14,18584,18519,10475,4077,51655,1100,939,1353,3392,55047
09-12-2017,15,18869,19111,10815,4186,52981,1151,1000,1432,3583,56564
09-12-2017,16,19244,19469,10896,4481,54090,1153,1010,1450,3613,57703
09-12-2017,17,19432,19544,10937,4719,54632,1135,993,1417,3545,58177
09-12-2017,18,19294,19254,10850,4610,54008,1105,962,1380,3447,57455
09-12-2017,19,19050,18707,10504,4329,52590,1068,933,1328,3329,55919
09-12-2017,20,18812,18153,10135,4103,51203,1026,893,1250,3169,54372
09-12-2017,21,18291,17754,10320,3876,50241,949,832,1137,2918,53159
09-12-2017,22,17841,16830,10182,3647,48500,903,767,1027,2697,51197
09-12-2017,23,17465,16225,9710,3437,46837,854,702,950,2506,49343
10-12-2017,0,17088,15709,9289,3267,45353,830,668,897,2395,47748
10-12-2017,1,16864,15603,9051,3169,44687,812,645,869,2326,47013
10-12-2017,2,16758,15572,8898,3093,44321,808,635,856,2299,46620
10-12-2017,3,16700,15537,8893,3109,44239,808,637,859,2304,46543
10-12-2017,4,16718,15499,8924,3100,44241,813,653,885,2351,46592
10-12-2017,5,16825,15625,9106,3150,44706,842,691,954,2487,47193
10-12-2017,6,17073,15935,9211,3274,45493,886,742,1023,2651,48144
10-12-2017,7,17534,16703,9453,3547,47237,955,792,1089,2836,50073
10-12-2017,8,18169,17313,9540,3835,48857,996,845,1175,3016,51873
10-12-2017,9,18965,17924,9695,4033,50617,1045,885,1238,3168,53785
10-12-2017,10,19444,18832,9814,4180,52270,1041,894,1262,3197,55467
10-12-2017,11,19365,18991,9861,4213,52430,1039,896,1266,3201,55631
10-12-2017,12,19391,19034,9931,4196,52552,1053,899,1276,3228,55780
10-12-2017,13,19490,19058,10038,4181,52767,1062,901,1282,3245,56012
10-12-2017,14,19643,19098,10383,4209,53333,1091,920,1276,3287,56620
10-12-2017,15,19983,19752,10526,4289,54550,1163,987,1381,3531,58081
10-12-2017,16,20360,20322,10535,4577,55794,1178,1003,1454,3635,59429
10-12-2017,17,20260,20531,10566,4893,56250,1157,996,1424,3577,59827
10-12-2017,18,19973,19913,10565,4769,55220,1138,978,1394,3510,58730
10-12-2017,19,19861,19587,10325,4504,54277,1104,954,1345,3403,57680
10-12-2017,20,19602,19259,9965,4238,53064,1059,906,1257,3222,56286
10-12-2017,21,19336,18671,10210,4004,52221,976,821,1138,2935,55156
10-12-2017,22,18808,17869,10051,3753,50481,899,742,1011,2652,53133
10-12-2017,23,18255,17107,9634,3468,48464,856,668,930,2454,50918
11-12-2017,0,17530,16573,9309,3282,46694,828,632,884,2344,49038
11-12-2017,1,17199,16453,9158,3171,45981,814,619,860,2293,48274
11-12-2017,2,17047,16334,9131,3136,45648,807,609,858,2274,47922
11-12-2017,3,17106,16373,9194,3163,45836,818,624,867,2309,48145
11-12-2017,4,17271,16483,9564,3247,46565,869,672,945,2486,49051
11-12-2017,5,17859,17297,10508,3524,49188,1005,817,1197,3019,52207
11-12-2017,6,19260,19628,11148,4246,54282,1162,978,1426,3566,57848
11-12-2017,7,20944,21545,11495,4985,58969,1276,1086,1563,3925,62894
11-12-2017,8,21502,21890,11340,5170,59902,1300,1125,1606,4031,63933
11-12-2017,9,21326,21467,11227,5211,59231,1297,1125,1606,4028,63259
11-12-2017,10,21495,21437,11242,5340,59514,1287,1115,1618,4020,63534
11-12-2017,11,21172,21645,11278,5321,59416,1267,1087,1593,3947,63363
11-12-2017,12,20961,21747,11152,5226,59086,1284,1109,1618,4011,63097
11-12-2017,13,21027,21731,11266,5249,59273,1279,1113,1613,4005,63278
11-12-2017,14,21161,21565,11523,5224,59473,1307,1126,1619,4052,63525
11-12-2017,15,21337,21852,11516,5140,59845,1340,1170,1640,4150,63995
11-12-2017,16,21497,21889,11430,5308,60124,1325,1130,1620,4075,64199
11-12-2017,17,21333,21912,11407,5559,60211,1290,1102,1579,3971,64182
11-12-2017,18,21173,21452,11431,5316,59372,1260,1057,1531,3848,63220
11-12-2017,19,20937,21213,11264,5084,58498,1237,1025,1479,3741,62239
11-12-2017,20,20647,20354,10758,4822,56581,1168,959,1372,3499,60080
11-12-2017,21,20232,19707,10877,4502,55318,1082,866,1212,3160,58478
11-12-2017,22,19537,18417,10647,4144,52745,975,768,1052,2795,55540
11-12-2017,23,18574,17256,10148,3740,49718,923,691,968,2582,52300
12-12-2017,0,17931,16577,9774,3510,47792,895,659,921,2475,50267
12-12-2017,1,17557,16357,9536,3412,46862,871,640,897,2408,49270
12-12-2017,2,17446,16225,9443,3385,46499,866,631,889,2386,48885
12-12-2017,3,17574,16419,9580,3389,46962,875,645,905,2425,49387
12-12-2017,4,17749,16508,9929,3490,47676,916,683,983,2582,50258
12-12-2017,5,18289,17356,10776,3698,50119,1047,824,1219,3090,53209
12-12-2017,6,19837,19738,11321,4389,55285,1192,1004,1425,3621,58906
12-12-2017,7,21530,21337,11559,5023,59449,1316,1100,1566,3982,63431
12-12-2017,8,22020,21777,11562,5194,60553,1341,1136,1602,4079,64632
12-12-2017,9,21840,21510,11415,5174,59939,1330,1144,1603,4077,64016
12-12-2017,10,21696,21531,11376,5240,59843,1324,1134,1590,4048,63891
12-12-2017,11,21526,21555,11407,5206,59694,1306,1103,1565,3974,63668
12-12-2017,12,21353,21471,11383,5073,59280,1338,1134,1564,4036,63316
12-12-2017,13,21234,21453,11412,5053,59152,1333,1131,1538,4002,63154
12-12-2017,14,21299,21618,11578,4997,59492,1358,1122,1530,4010,63502
12-12-2017,15,21667,22145,11596,4969,60377,1350,1151,1574,4075,64452
12-12-2017,16,21920,22337,11586,5279,61122,1316,1106,1549,3971,65093
12-12-2017,17,22068,22450,11363,5532,61413,1275,1083,1507,3865,65278
12-12-2017,18,21630,22103,11428,5310,60471,1240,1036,1457,3733,64204
12-12-2017,19,21498,21539,11272,5023,59332,1204,993,1408,3605,62937
12-12-2017,20,21346,21210,10769,4684,58009,1130,938,1316,3384,61393
12-12-2017,21,20868,20698,10909,4382,56857,1039,846,1152,3037,59894
12-12-2017,22,20006,19184,10722,4002,53914,949,755,1023,2727,56641
12-12-2017,23,19281,18168,10151,3619,51219,894,687,937,2518,53737
13-12-2017,0,18574,17256,9796,3385,49011,869,650,887,2406,51417
13-12-2017,1,18217,17242,9600,3268,48327,866,635,861,2362,50689
13-12-2017,2,18016,17178,9498,3188,47880,866,631,859,2356,50236
13-12-2017,3,17923,17422,9545,3184,48074,869,641,882,2392,50466
13-12-2017,4,17976,17449,9897,3277,48599,906,690,968,2564,51163
13-12-2017,5,18554,18090,10760,3516,50920,1038,825,1219,3082,54002
13-12-2017,6,20117,20119,11245,4210,55691,1191,984,1437,3612,59303
13-12-2017,7,21468,21974,11546,4899,59887,1307,1096,1585,3988,63875
13-12-2017,8,21722,22121,11505,5098,60446,1322,1124,1616,4062,64508
13-12-2017,9,21622,21392,11330,5102,59446,1306,1113,1595,4014,63460
13-12-2017,10,21568,21331,11368,5129,59396,1285,1089,1567,3941,63337
13-12-2017,11,21573,21383,11316,5170,59442,1267,1060,1542,3869,63311
13-12-2017,12,21479,21505,11295,5122,59401,1291,1094,1576,3961,63362
13-12-2017,13,21571,21341,11411,5178,59501,1282,1096,1580,3958,63459
13-12-2017,14,21736,21558,11729,5141,60164,1316,1108,1599,4023,64187
13-12-2017,15,21841,22310,11840,5098,61089,1347,1157,1651,4155,65244
13-12-2017,16,22012,22645,11883,5286,61826,1334,1132,1645,4111,65937
13-12-2017,17,22030,22173,11827,5485,61515,1305,1111,1603,4019,65534
13-12-2017,18,21530,21709,11659,5238,60136,1262,1065,1545,3872,64008
13-12-2017,19,21162,20731,11384,4957,58234,1197,1024,1485,3706,61940
13-12-2017,20,20783,20201,10875,4696,56555,1145,967,1380,3492,60047
13-12-2017,21,20387,19586,10882,4407,55262,1062,879,1210,3151,58413
13-12-2017,22,19454,18457,10541,4064,52516,963,787,1075,2825,55341
13-12-2017,23,18657,17555,10064,3745,50021,902,714,990,2606,52627
14-12-2017,0,18076,16912,9741,3538,48267,874,670,940,2484,50751
14-12-2017,1,17766,16575,9542,3383,47266,855,652,922,2429,49695
14-12-2017,2,17526,16642,9485,3335,46988,850,643,922,2415,49403
14-12-2017,3,17492,16636,9466,3367,46961,856,655,938,2449,49410
14-12-2017,4,17898,16656,9924,3469,47947,908,697,1003,2608,50555
14-12-2017,5,18393,17268,10825,3723,50209,1033,828,1229,3090,53299
14-12-2017,6,19858,19406,11384,4323,54971,1188,988,1454,3630,58601
14-12-2017,7,21600,21356,11769,4991,59716,1308,1096,1578,3982,63698
14-12-2017,8,22041,21664,11751,5297,60753,1322,1136,1609,4067,64820
14-12-2017,9,21745,21845,11647,5254,60491,1307,1130,1618,4055,64546
14-12-2017,10,21670,21611,11587,5316,60184,1309,1115,1601,4025,64209
14-12-2017,11,21596,21659,11497,5198,59950,1276,1079,1586,3941,63891
14-12-2017,12,21340,21475,11502,5106,59423,1297,1105,1639,4041,63464
14-12-2017,13,21325,21368,11546,5126,59365,1288,1115,1639,4042,63407
14-12-2017,14,21459,21934,11746,5062,60201,1321,1142,1646,4109,64310
14-12-2017,15,21808,22278,11882,5000,60968,1359,1172,1683,4214,65182
14-12-2017,16,21898,22378,11803,5202,61281,1340,1148,1655,4143,65424
14-12-2017,17,21662,22235,11708,5448,61053,1305,1129,1610,4044,65097
14-12-2017,18,21316,21795,11706,5215,60032,1269,1089,1562,3920,63952
14-12-2017,19,20901,21207,11522,4910,58540,1236,1047,1503,3786,62326
14-12-2017,20,20587,20435,10942,4589,56553,1180,978,1414,3572,60125
14-12-2017,21,20245,19507,11007,4280,55039,1088,885,1261,3234,58273
14-12-2017,22,19540,18598,10810,3908,52856,1006,799,1111,2916,55772
14-12-2017,23,18689,17403,10339,3538,49969,937,733,1019,2689,52658
15-12-2017,0,18132,16765,9958,3308,48163,900,691,954,2545,50708
15-12-2017,1,17704,16443,9747,3206,47100,877,672,920,2469,49569
15-12-2017,2,17478,16392,9653,3181,46704,866,663,905,2434,49138
15-12-2017,3,17533,16242,9782,3184,46741,875,681,925,2481,49222
15-12-2017,4,17716,16314,10146,3290,47466,919,719,994,2632,50098
15-12-2017,5,18265,17249,11002,3559,50075,1053,845,1234,3132,53207
15-12-2017,6,19697,19289,11633,4232,54851,1211,994,1462,3667,58518
15-12-2017,7,21457,21160,11942,4950,59509,1325,1102,1591,4018,63527
15-12-2017,8,22018,21521,11823,5222,60584,1338,1127,1604,4069,64653
15-12-2017,9,22076,21509,11684,5190,60459,1327,1127,1593,4047,64506
15-12-2017,10,21743,21827,11638,5243,60451,1312,1119,1592,4023,64474
15-12-2017,11,21684,21904,11499,5171,60258,1306,1099,1565,3970,64228
15-12-2017,12,21430,21553,11427,5031,59441,1316,1109,1563,3988,63429
15-12-2017,13,21368,21341,11473,4926,59108,1281,1105,1554,3940,63048
15-12-2017,14,21319,21165,11679,4778,58941,1303,1114,1535,3952,62893
15-12-2017,15,21591,21375,11778,4769,59513,1320,1152,1588,4060,63573
15-12-2017,16,21737,21605,11701,5024,60067,1296,1123,1592,4011,64078
15-12-2017,17,21591,21768,11602,5208,60169,1265,1096,1544,3905,64074
15-12-2017,18,21269,21132,11595,5022,59018,1230,1061,1499,3790,62808
15-12-2017,19,20943,20431,11372,4711,57457,1195,1032,1465,3692,61149
15-12-2017,20,20500,19617,10901,4380,55398,1141,965,1384,3490,58888
15-12-2017,21,19982,18956,11011,4112,54061,1045,880,1261,3186,57247
15-12-2017,22,19409,17985,10808,3829,52031,972,804,1123,2899,54930
15-12-2017,23,18898,17356,10276,3576,50106,913,736,1032,2681,52787
16-12-2017,0,18368,16494,9878,3362,48102,875,695,988,2558,50660
16-12-2017,1,18014,16158,9687,3186,47045,855,669,930,2454,49499
16-12-2017,2,17794,15969,9569,3116,46448,840,659,922,2421,48869
16-12-2017,3,17694,15805,9534,3106,46139,837,660,920,2417,48556
16-12-2017,4,17767,15932,9693,3152,46544,854,680,944,2478,49022
16-12-2017,5,17923,16264,9993,3236,47416,894,727,1026,2647,50063
16-12-2017,6,18318,16704,10145,3505,48672,946,803,1155,2904,51576
16-12-2017,7,18871,17425,10550,3843,50689,1016,874,1251,3141,53830
16-12-2017,8,19607,18374,10637,4190,52808,1067,921,1327,3315,56123
16-12-2017,9,20430,19191,10642,4369,54632,1107,954,1379,3440,58072
16-12-2017,10,20926,19487,10694,4430,55537,1116,963,1392,3471,59008
16-12-2017,11,20952,19489,10633,4381,55455,1114,959,1397,3470,58925
16-12-2017,12,20681,19620,10632,4281,55214,1110,962,1383,3455,58669
16-12-2017,13,20507,19604,10668,4217,54996,1111,959,1369,3439,58435
16-12-2017,14,20489,19652,11007,4221,55369,1143,971,1377,3491,58860
16-12-2017,15,20691,20208,11291,4310,56500,1189,1041,1459,3689,60189
16-12-2017,16,21041,20743,11372,4645,57801,1190,1042,1468,3700,61501
16-12-2017,17,21135,20733,11401,4935,58204,1160,1018,1434,3612,61816
16-12-2017,18,20928,20388,11415,4836,57567,1139,989,1401,3529,61096
16-12-2017,19,20620,19797,11070,4508,55995,1103,962,1355,3420,59415
16-12-2017,20,20346,19204,10576,4227,54353,1055,911,1284,3250,57603
16-12-2017,21,20023,18694,10752,3993,53462,988,838,1190,3016,56478
16-12-2017,22,19579,17846,10595,3759,51779,930,768,1057,2755,54534
16-12-2017,23,19097,17289,10108,3511,50005,884,703,973,2560,52565
17-12-2017,0,18698,16624,9792,3351,48465,850,664,927,2441,50906
17-12-2017,1,18351,16546,9609,3216,47722,826,647,898,2371,50093
17-12-2017,2,18070,16541,9457,3137,47205,813,639,886,2338,49543
17-12-2017,3,17879,16719,9486,3147,47231,810,645,882,2337,49568
17-12-2017,4,17844,16674,9534,3182,47234,819,665,906,2390,49624
17-12-2017,5,18277,16965,9636,3260,48138,846,699,972,2517,50655
17-12-2017,6,18565,17719,9757,3461,49502,899,749,1051,2699,52201
17-12-2017,7,19009,18513,9959,3713,51194,968,801,1118,2887,54081
17-12-2017,8,19545,19632,10112,4015,53304,1008,849,1192,3049,56353
17-12-2017,9,20160,20192,10270,4248,54870,1067,902,1260,3229,58099
17-12-2017,10,20737,20747,10421,4348,56253,1075,920,1282,3277,59530
17-12-2017,11,20900,20850,10485,4353,56588,1070,923,1293,3286,59874
17-12-2017,12,20908,20750,10498,4311,56467,1072,922,1295,3289,59756
17-12-2017,13,20970,20380,10543,4258,56151,1072,916,1288,3276,59427
17-12-2017,14,21072,20362,10854,4262,56550,1113,935,1300,3348,59898
17-12-2017,15,21312,21034,10999,4341,57686,1174,1010,1397,3581,61267
17-12-2017,16,21609,21355,11060,4662,58686,1183,1026,1446,3655,62341
17-12-2017,17,21483,21536,11038,4966,59023,1169,1013,1441,3623,62646
17-12-2017,18,21055,21435,11025,4897,58412,1157,992,1405,3554,61966
17-12-2017,19,20907,21099,10856,4645,57507,1129,975,1362,3466,60973
17-12-2017,20,20615,20565,10548,4322,56050,1084,923,1293,3300,59350
17-12-2017,21,20209,20038,10791,4085,55123,1001,838,1174,3013,58136
17-12-2017,22,19641,19234,10618,3763,53256,921,756,1058,2735,55991
17-12-2017,23,19060,18107,10121,3519,50807,873,690,976,2539,53346
18-12-2017,0,18278,17529,9773,3298,48878,844,657,907,2408,51286
18-12-2017,1,17856,17426,9547,3203,48032,825,640,887,2352,50384
18-12-2017,2,17880,17392,9526,3174,47972,819,635,886,2340,50312
18-12-2017,3,17842,17417,9605,3197,48061,827,656,905,2388,50449
18-12-2017,4,17758,17564,10042,3300,48664,886,705,979,2570,51234
18-12-2017,5,18340,18465,10992,3688,51485,1017,831,1237,3085,54570
18-12-2017,6,19662,20610,11555,4350,56177,1172,987,1457,3616,59793
18-12-2017,7,21186,22588,11822,4984,60580,1291,1105,1597,3993,64573
18-12-2017,8,21789,22870,11756,5272,61687,1299,1145,1630,4074,65761
18-12-2017,9,21744,22508,11638,5237,61127,1316,1145,1644,4105,65232
18-12-2017,10,21448,22216,11585,5330,60579,1298,1133,1646,4077,64656
18-12-2017,11,21302,22218,11489,5333,60342,1277,1094,1618,3989,64331
18-12-2017,12,21133,22141,11568,5266,60108,1297,1115,1633,4045,64153
18-12-2017,13,21131,21753,11625,5279,59788,1288,1112,1626,4026,63814
18-12-2017,14,21244,21853,11864,5210,60171,1309,1114,1626,4049,64220
18-12-2017,15,21409,22560,11879,5129,60977,1338,1161,1668,4167,65144
18-12-2017,16,21551,22438,11754,5283,61026,1316,1133,1647,4096,65122
18-12-2017,17,21315,22478,11640,5497,60930,1285,1109,1575,3969,64899
18-12-2017,18,20980,22304,11618,5310,60212,1246,1071,1558,3875,64087
18-12-2017,19,20894,21686,11480,4978,59038,1208,1036,1512,3756,62794
18-12-2017,20,20753,20841,11013,4645,57252,1161,976,1410,3547,60799
18-12-2017,21,20415,20024,11097,4310,55846,1065,885,1260,3210,59056
18-12-2017,22,19738,18894,10846,3964,53442,970,795,1116,2881,56323
18-12-2017,23,18866,17717,10346,3623,50552,914,717,1022,2653,53205
19-12-2017,0,18340,16730,9914,3370,48354,881,686,981,2548,50902
19-12-2017,1,17750,16433,9786,3233,47202,868,673,940,2481,49683
19-12-2017,2,17528,16627,9662,3212,47029,860,663,936,2459,49488
19-12-2017,3,17658,16709,9723,3231,47321,861,664,948,2473,49794
19-12-2017,4,17926,16917,10073,3314,48230,894,718,1027,2639,50869
19-12-2017,5,18327,17775,10949,3608,50659,1004,843,1269,3116,53775
19-12-2017,6,19734,19704,11574,4299,55311,1149,1007,1490,3646,58957
19-12-2017,7,21287,21447,11894,4994,59622,1261,1120,1615,3996,63618
19-12-2017,8,21582,21868,11720,5211,60381,1280,1145,1617,4042,64423
19-12-2017,9,21302,21672,11558,5209,59741,1268,1145,1603,4016,63757
19-12-2017,10,21164,21668,11526,5242,59600,1258,1127,1619,4004,63604
19-12-2017,11,20987,21207,11536,5181,58911,1242,1099,1596,3937,62848
19-12-2017,12,20761,20861,11484,5103,58209,1260,1124,1594,3978,62187
19-12-2017,13,20800,20910,11519,5129,58358,1254,1114,1605,3973,62331
19-12-2017,14,20901,21083,11665,5051,58700,1284,1123,1597,4004,62704
19-12-2017,15,21021,21748,11673,5009,59451,1310,1171,1655,4136,63587
19-12-2017,16,21135,22281,11667,5211,60294,1286,1139,1622,4047,64341
19-12-2017,17,20809,22319,11518,5431,60077,1260,1117,1584,3961,64038
19-12-2017,18,20492,21911,11487,5254,59144,1235,1080,1558,3873,63017
19-12-2017,19,20174,21412,11287,5005,57878,1201,1057,1504,3762,61640
19-12-2017,20,20036,20592,10786,4685,56099,1124,999,1406,3529,59628
19-12-2017,21,19493,19733,10845,4354,54425,1043,902,1256,3201,57626
19-12-2017,22,18890,18726,10560,3986,52162,950,813,1119,2882,55044
19-12-2017,23,18009,17560,10067,3633,49269,898,734,1026,2658,51927
20-12-2017,0,17329,16838,9629,3394,47190,873,690,966,2529,49719
20-12-2017,1,16918,16521,9388,3266,46093,855,679,930,2464,48557
20-12-2017,2,16502,16062,9267,3193,45024,854,669,931,2454,47478
20-12-2017,3,16513,16086,9308,3201,45108,859,679,948,2486,47594
20-12-2017,4,16583,16345,9684,3295,45907,899,716,1030,2645,48552
20-12-2017,5,16845,17291,10488,3561,48185,1022,843,1281,3146,51331
20-12-2017,6,18241,19202,11012,4208,52663,1168,1002,1489,3659,56322
20-12-2017,7,19762,20950,11293,4860,56865,1306,1112,1618,4036,60901
20-12-2017,8,20312,21350,11263,5128,58053,1315,1141,1643,4099,62152
20-12-2017,9,20150,21070,11172,5095,57487,1317,1132,1631,4080,61567
20-12-2017,10,19945,20883,11229,5152,57209,1308,1119,1621,4048,61257
20-12-2017,11,19833,20651,11200,5100,56784,1283,1081,1583,3947,60731
20-12-2017,12,19754,20566,11113,5020,56453,1299,1102,1606,4007,60460
20-12-2017,13,19716,20410,11165,5007,56298,1298,1097,1601,3996,60294
20-12-2017,14,19717,20405,11371,4921,56414,1308,1104,1608,4020,60434
20-12-2017,15,19827,20921,11444,4858,57050,1338,1153,1665,4156,61206
20-12-2017,16,20074,21018,11434,4997,57523,1319,1129,1656,4104,61627
20-12-2017,17,19946,21062,11369,5166,57543,1281,1104,1603,3988,61531
20-12-2017,18,19750,20658,11351,5004,56763,1251,1062,1553,3866,60629
20-12-2017,19,19514,20071,11242,4741,55568,1214,1027,1512,3753,59321
20-12-2017,20,19254,19414,10614,4443,53725,1165,970,1410,3545,57270
20-12-2017,21,18851,18540,10722,4116,52229,1077,878,1262,3217,55446
20-12-2017,22,18150,17377,10442,3780,49749,999,796,1104,2899,52648
20-12-2017,23,17388,16628,9871,3417,47304,930,720,1009,2659,49963
21-12-2017,0,17043,15998,9356,3128,45525,903,683,951,2537,48062
21-12-2017,1,16591,15647,9145,2987,44370,879,671,926,2476,46846
21-12-2017,2,16367,15651,9081,2953,44052,871,656,924,2451,46503
21-12-2017,3,16390,15606,9135,2946,44077,870,664,932,2466,46543
21-12-2017,4,16589,15506,9516,3053,44664,911,708,1000,2619,47283
21-12-2017,5,17104,16795,10357,3335,47591,1029,840,1233,3102,50693
21-12-2017,6,18394,18616,10864,3942,51816,1176,1001,1464,3641,55457
21-12-2017,7,20029,20386,11221,4618,56254,1290,1127,1600,4017,60271
21-12-2017,8,20691,20910,11184,4927,57712,1325,1168,1620,4113,61825
21-12-2017,9,20622,20935,11026,4900,57483,1321,1164,1624,4109,61592
21-12-2017,10,20499,20832,11015,4901,57247,1291,1145,1659,4095,61342
21-12-2017,11,20379,20653,10910,4850,56792,1269,1117,1606,3992,60784
21-12-2017,12,20254,20556,10888,4783,56481,1280,1133,1601,4014,60495
21-12-2017,13,20303,20471,10895,4782,56451,1268,1131,1597,3996,60447
21-12-2017,14,20211,20673,11112,4668,56664,1292,1135,1621,4048,60712
21-12-2017,15,20542,21320,11279,4543,57684,1324,1168,1672,4164,61848
21-12-2017,16,20755,21476,11256,4769,58256,1299,1142,1672,4113,62369
21-12-2017,17,20310,21873,11102,5007,58292,1269,1119,1614,4002,62294
21-12-2017,18,19971,21494,11118,4901,57484,1228,1077,1571,3876,61360
21-12-2017,19,19845,20767,11005,4597,56214,1190,1037,1523,3750,59964
21-12-2017,20,19810,20146,10627,4246,54829,1135,981,1417,3533,58362
21-12-2017,21,19274,19174,10727,4051,53226,1039,892,1266,3197,56423
21-12-2017,22,18652,17976,10422,3652,50702,960,806,1105,2871,53573
21-12-2017,23,18095,16805,9890,3374,48164,899,723,1001,2623,50787
22-12-2017,0,17561,16114,9526,3051,46252,875,676,950,2501,48753
22-12-2017,1,17049,15992,9293,2960,45294,852,658,932,2442,47736
22-12-2017,2,16790,15911,9217,2884,44802,843,654,931,2428,47230
22-12-2017,3,16830,15824,9298,2875,44827,846,668,946,2460,47287
22-12-2017,4,16849,15941,9653,2922,45365,884,719,1013,2616,47981
22-12-2017,5,17185,16789,10451,3183,47608,995,825,1225,3045,50653
22-12-2017,6,18329,18627,10930,3713,51599,1134,964,1434,3532,55131
22-12-2017,7,19878,20408,11318,4350,55954,1250,1073,1558,3881,59835
22-12-2017,8,20555,21209,11322,4712,57798,1273,1100,1588,3961,61759
22-12-2017,9,20656,21227,11182,4694,57759,1270,1086,1575,3931,61690
22-12-2017,10,20734,21109,11153,4717,57713,1260,1064,1553,3877,61590
22-12-2017,11,20684,20864,11112,4623,57283,1224,1026,1517,3767,61050
22-12-2017,12,20470,20545,11014,4500,56529,1223,1027,1501,3751,60280
22-12-2017,13,20371,20248,10990,4387,55996,1209,1023,1466,3698,59694
22-12-2017,14,20198,20159,11173,4307,55837,1229,1016,1453,3698,59535
22-12-2017,15,20274,20791,11376,4342,56783,1261,1061,1516,3838,60621
22-12-2017,16,20350,21187,11323,4583,57443,1254,1060,1550,3864,61307
22-12-2017,17,20071,21273,11364,4789,57497,1222,1043,1519,3784,61281
22-12-2017,18,19804,20927,11312,4654,56697,1178,999,1467,3644,60341
22-12-2017,19,19342,20191,11080,4295,54908,1140,964,1400,3504,58412
22-12-2017,20,18802,19377,10589,4005,52773,1088,912,1305,3305,56078
22-12-2017,21,18337,18269,10678,3790,51074,1010,830,1179,3019,54093
22-12-2017,22,17761,17177,10426,3517,48881,940,760,1035,2735,51616
22-12-2017,23,16929,16506,9919,3214,46568,890,689,955,2534,49102
23-12-2017,0,16383,15543,9451,3018,44395,868,654,905,2427,46822
23-12-2017,1,15881,15173,9184,2856,43094,834,631,877,2342,45436
23-12-2017,2,15719,15303,9014,2736,42772,824,624,863,2311,45083
23-12-2017,3,15523,15356,8882,2734,42495,816,623,867,2306,44801
23-12-2017,4,15468,15241,9024,2756,42489,832,646,895,2373,44862
23-12-2017,5,15571,15168,9229,2812,42780,872,693,982,2547,45327
23-12-2017,6,15967,15679,9354,2995,43995,924,754,1089,2767,46762
23-12-2017,7,16487,16263,9836,3302,45888,969,819,1175,2963,48851
23-12-2017,8,17038,16978,10037,3686,47739,1037,864,1267,3168,50907
23-12-2017,9,17735,17678,10101,3934,49448,1066,901,1320,3287,52735
23-12-2017,10,18136,18240,10114,4066,50556,1079,905,1335,3319,53875
23-12-2017,11,18334,18177,10086,4084,50681,1084,900,1339,3323,54004
23-12-2017,12,18310,17943,10076,4049,50378,1090,905,1348,3343,53721
23-12-2017,13,18177,18007,10094,3992,50270,1112,914,1357,3383,53653
23-12-2017,14,18147,17840,10378,3996,50361,1152,938,1380,3470,53831
23-12-2017,15,18291,18472,10533,4052,51348,1185,994,1437,3616,54964
23-12-2017,16,18310,18861,10586,4289,52046,1167,1001,1478,3646,55692
23-12-2017,17,18207,18540,10668,4455,51870,1124,977,1457,3558,55428
23-12-2017,18,18009,18117,10642,4336,51104,1084,947,1408,3439,54543
23-12-2017,19,17789,17445,10383,4074,49691,1045,918,1350,3313,53004
23-12-2017,20,17452,16828,9932,3821,48033,999,873,1266,3138,51171
23-12-2017,21,16952,16213,10112,3609,46886,934,801,1146,2881,49767
23-12-2017,22,16660,15833,9928,3372,45793,880,728,1019,2627,48420
23-12-2017,23,16121,15175,9445,3113,43854,822,662,922,2406,46260
24-12-2017,0,15893,14879,9030,2919,42721,789,627,846,2262,44983
24-12-2017,1,15458,14394,8785,2785,41422,760,614,808,2182,43604
24-12-2017,2,15214,14432,8632,2695,40973,762,603,788,2153,43126
24-12-2017,3,15086,14404,8642,2657,40789,747,599,788,2134,42923
24-12-2017,4,15178,14202,8773,2617,40770,777,610,809,2196,42966
24-12-2017,5,15378,14364,9023,2684,41449,805,643,881,2329,43778
24-12-2017,6,15669,14821,9244,2834,42568,852,685,956,2493,45061
24-12-2017,7,16008,15470,9719,3069,44266,912,720,1041,2673,46939
24-12-2017,8,16709,16194,9857,3459,46219,962,793,1106,2861,49080
24-12-2017,9,17654,16440,10070,3697,47861,1014,841,1179,3034,50895
24-12-2017,10,18109,17248,10100,3849,49306,1027,859,1238,3124,52430
24-12-2017,11,18366,17298,9974,3952,49590,1024,863,1251,3138,52728
24-12-2017,12,18166,17017,9921,3964,49068,1026,861,1239,3126,52194
24-12-2017,13,18297,16861,9889,3949,48996,1034,861,1245,3140,52136
24-12-2017,14,18608,16542,10051,4065,49266,1067,873,1261,3201,52467
24-12-2017,15,18959,16730,10171,4182,50042,1127,945,1353,3425,53467
24-12-2017,16,19165,16760,10032,4391,50348,1117,943,1343,3403,53751
24-12-2017,17,18257,16502,9846,4518,49123,1064,901,1235,3200,52323
24-12-2017,18,17661,16468,9760,3830,47719,1003,849,1135,2987,50706
24-12-2017,19,17301,16278,9667,3546,46792,970,807,1077,2854,49646
24-12-2017,20,16933,16244,9589,3379,46145,954,780,1054,2788,48933
24-12-2017,21,16817,15928,9997,3241,45983,923,740,1014,2677,48660
24-12-2017,22,16742,15746,9976,3117,45581,889,695,961,2545,48126
24-12-2017,23,16652,15354,9632,3077,44715,849,654,896,2399,47114
25-12-2017,0,16454,14826,9278,2989,43547,813,616,834,2263,45810
25-12-2017,1,16173,14802,9080,2841,42896,790,590,799,2179,45075
25-12-2017,2,15860,14648,8983,2690,42181,778,573,783,2134,44315
25-12-2017,3,15681,14633,8944,2730,41988,780,575,778,2133,44121
25-12-2017,4,15666,14690,9061,2703,42120,793,594,793,2180,44300
25-12-2017,5,15841,14951,9177,2725,42694,819,625,848,2292,44986
25-12-2017,6,16122,15201,9286,2856,43465,862,660,908,2430,45895
25-12-2017,7,16440,15685,9513,2954,44592,908,702,973,2583,47175
25-12-2017,8,16820,16166,9537,3178,45701,941,735,1057,2733,48434
25-12-2017,9,17329,16509,9589,3328,46755,984,779,1127,2890,49645
25-12-2017,10,17891,16890,9715,3515,48011,994,800,1139,2933,50944
25-12-2017,11,18123,16990,9698,3618,48429,994,805,1122,2921,51350
25-12-2017,12,18157,17105,9672,3617,48551,999,800,1088,2887,51438
25-12-2017,13,18157,17145,9739,3555,48596,1000,798,1059,2857,51453
25-12-2017,14,18260,17357,9972,3509,49098,1032,817,1055,2904,52002
25-12-2017,15,18431,17601,10104,3518,49654,1074,874,1125,3073,52727
25-12-2017,16,18391,17643,10072,3686,49792,1068,877,1168,3113,52905
25-12-2017,17,18122,17276,10032,3836,49266,1036,872,1146,3054,52320
25-12-2017,18,17945,16979,10057,3714,48695,1015,853,1120,2988,51683
25-12-2017,19,17724,16675,9952,3549,47900,992,832,1089,2913,50813
25-12-2017,20,17489,16456,9713,3443,47101,975,804,1054,2833,49934
25-12-2017,21,17106,15922,10036,3311,46375,926,742,994,2662,49037
25-12-2017,22,16739,15375,9881,3137,45132,877,679,909,2465,47597
25-12-2017,23,16452,14897,9451,3032,43832,830,621,833,2284,46116
26-12-2017,0,16331,14691,9100,2796,42918,781,587,778,2146,45064
26-12-2017,1,15908,14492,8842,2752,41994,748,571,755,2074,44068
26-12-2017,2,15741,14414,8715,2738,41608,736,561,743,2040,43648
26-12-2017,3,15805,14446,8689,2774,41714,734,561,745,2040,43754
26-12-2017,4,15968,14586,8835,2812,42201,750,578,767,2095,44296
26-12-2017,5,16126,14794,9044,2903,42867,782,621,826,2229,45096
26-12-2017,6,16400,15468,9160,3063,44091,825,674,889,2388,46479
26-12-2017,7,16752,15905,9452,3209,45318,887,726,958,2571,47889
26-12-2017,8,17141,16522,9563,3537,46763,927,765,1027,2719,49482
26-12-2017,9,17715,17003,9688,3708,48114,970,817,1114,2901,51015
26-12-2017,10,17968,17549,9809,3860,49186,987,844,1152,2983,52169
26-12-2017,11,18307,17686,9835,3920,49748,988,841,1158,2987,52735
26-12-2017,12,18804,18072,9841,3911,50628,993,844,1141,2978,53606
26-12-2017,13,18774,18110,9824,3768,50476,993,845,1132,2970,53446
26-12-2017,14,18805,18127,10180,3717,50829,1014,857,1132,3003,53832
26-12-2017,15,18904,18372,10393,3656,51325,1064,908,1223,3195,54520
26-12-2017,16,18863,18764,10441,3807,51875,1063,916,1287,3266,55141
26-12-2017,17,18447,18753,10407,3961,51568,1041,909,1291,3241,54809
26-12-2017,18,18127,18621,10436,3946,51130,1014,888,1263,3165,54295
26-12-2017,19,17928,18318,10329,3800,50375,984,865,1232,3081,53456
26-12-2017,20,17722,17740,10014,3628,49104,952,825,1163,2940,52044
26-12-2017,21,17497,16952,10288,3477,48214,897,759,1047,2703,50917
26-12-2017,22,17177,16381,10160,3287,47005,843,688,950,2481,49486
26-12-2017,23,16744,15963,9665,3082,45454,803,625,880,2308,47762
27-12-2017,0,16493,15427,9244,2890,44054,768,594,826,2188,46242
27-12-2017,1,16179,15313,9071,2783,43346,743,577,802,2122,45468
27-12-2017,2,16102,15293,8986,2812,43193,737,571,794,2102,45295
27-12-2017,3,16118,15297,8986,2900,43301,740,583,800,2123,45424
27-12-2017,4,16276,15437,9246,3011,43970,770,626,858,2254,46224
27-12-2017,5,16789,15887,9950,3232,45858,854,718,1026,2598,48456
27-12-2017,6,17341,17571,10270,3557,48739,965,847,1191,3003,51742
27-12-2017,7,18382,18440,10645,3885,51352,1089,960,1340,3389,54741
27-12-2017,8,18833,19281,10635,4212,52961,1122,998,1401,3521,56482
27-12-2017,9,19447,19381,10535,4488,53851,1134,1019,1444,3597,57448
27-12-2017,10,19846,19495,10607,4630,54578,1132,1008,1443,3583,58161
27-12-2017,11,19977,19823,10590,4638,55028,1127,974,1428,3529,58557
27-12-2017,12,19863,19933,10586,4511,54893,1146,988,1435,3569,58462
27-12-2017,13,19641,19950,10522,4441,54554,1129,980,1426,3535,58089
27-12-2017,14,19839,20086,10740,4508,55173,1151,998,1430,3579,58752
27-12-2017,15,20227,20504,10951,4588,56270,1198,1059,1504,3761,60031
27-12-2017,16,20338,20773,10976,4736,56823,1192,1050,1511,3753,60576
27-12-2017,17,20174,20564,11035,4966,56739,1173,1034,1463,3670,60409
27-12-2017,18,19838,20083,11030,4828,55779,1116,987,1412,3515,59294
27-12-2017,19,19567,19432,10857,4542,54398,1088,955,1347,3390,57788
27-12-2017,20,19046,18703,10396,4256,52401,1041,901,1258,3200,55601
27-12-2017,21,18633,17878,10504,4045,51060,970,819,1142,2931,53991
27-12-2017,22,18114,17007,10364,3813,49298,901,740,1015,2656,51954
27-12-2017,23,17560,16221,9898,3554,47233,842,668,919,2429,49662
28-12-2017,0,17046,15524,9492,3330,45392,800,635,852,2287,47679
28-12-2017,1,16642,15247,9350,3202,44441,786,612,815,2213,46654
28-12-2017,2,16483,15249,9269,3150,44151,780,602,812,2194,46345
28-12-2017,3,16512,15190,9346,3156,44204,785,611,816,2212,46416
28-12-2017,4,16832,15320,9574,3216,44942,814,651,869,2334,47276
28-12-2017,5,17151,16016,10190,3382,46739,889,740,1025,2654,49393
28-12-2017,6,17741,17096,10454,3700,48991,986,862,1189,3037,52028
28-12-2017,7,18661,18431,10738,4134,51964,1091,968,1311,3370,55334
28-12-2017,8,19348,18803,10875,4469,53495,1130,1005,1359,3494,56989
28-12-2017,9,19869,19206,10772,4624,54471,1156,1025,1382,3563,58034
28-12-2017,10,20252,19507,10882,4739,55380,1164,1024,1381,3569,58949
28-12-2017,11,20354,19691,10912,4711,55668,1154,1000,1363,3517,59185
28-12-2017,12,20292,19907,10945,4630,55774,1152,1002,1370,3524,59298
28-12-2017,13,20191,19757,11036,4610,55594,1145,996,1379,3520,59114
28-12-2017,14,20162,19840,11332,4544,55878,1168,1009,1383,3560,59438
28-12-2017,15,20324,20171,11476,4578,56549,1196,1061,1450,3707,60256
28-12-2017,16,20416,20294,11489,4817,57016,1180,1047,1463,3690,60706
28-12-2017,17,20173,20220,11401,5038,56832,1155,1023,1431,3609,60441
28-12-2017,18,19897,19894,11386,4858,56035,1111,981,1387,3479,59514
28-12-2017,19,19401,19264,11221,4547,54433,1082,942,1334,3358,57791
28-12-2017,20,19204,18617,10792,4295,52908,1035,893,1239,3167,56075
28-12-2017,21,18912,17827,10970,4054,51763,964,812,1119,2895,54658
28-12-2017,22,18359,17161,10779,3775,50074,898,737,1014,2649,52723
28-12-2017,23,17791,16384,10265,3508,47948,846,664,922,2432,50380
29-12-2017,0,17399,15699,9864,3285,46247,806,624,855,2285,48532
29-12-2017,1,17016,15318,9676,3086,45096,785,603,831,2219,47315
29-12-2017,2,16885,15104,9601,2998,44588,782,595,829,2206,46794
29-12-2017,3,16764,15159,9591,2951,44465,779,609,844,2232,46697
29-12-2017,4,16735,15196,9766,2998,44695,804,648,902,2354,47049
29-12-2017,5,17121,15598,10260,3139,46118,879,735,1044,2658,48776
29-12-2017,6,17721,16951,10570,3479,48721,975,853,1200,3028,51749
29-12-2017,7,18593,18279,10919,3913,51704,1079,965,1481,3525,55229
29-12-2017,8,19372,18912,11054,4199,53537,1128,1004,1543,3675,57212
29-12-2017,9,19753,18820,10977,4349,53899,1147,1025,1593,3765,57664
29-12-2017,10,20084,19241,10920,4449,54694,1151,1028,1601,3780,58474
29-12-2017,11,20399,19228,10889,4374,54890,1140,1003,1587,3730,58620
29-12-2017,12,20162,19244,10833,4296,54535,1159,1007,1588,3754,58289
29-12-2017,13,20066,19234,10854,4250,54404,1158,1000,1577,3735,58139
29-12-2017,14,20037,19352,11084,4259,54732,1171,999,1588,3758,58490
29-12-2017,15,20228,19668,11220,4333,55449,1196,1045,1646,3887,59336
29-12-2017,16,20515,20087,11160,4644,56406,1191,1045,1659,3895,60301
29-12-2017,17,20393,20105,11143,4964,56605,1154,1024,1618,3796,60401
29-12-2017,18,19996,19675,11081,4906,55658,1109,979,1571,3659,59317
29-12-2017,19,19602,19145,10857,4624,54228,1064,945,1502,3511,57739
29-12-2017,20,19303,18478,10397,4312,52490,1015,901,1424,3340,55830
29-12-2017,21,18894,17860,10560,4075,51389,957,830,1303,3090,54479
29-12-2017,22,18423,17153,10356,3827,49759,923,751,1188,2862,52621
29-12-2017,23,17832,16415,9849,3683,47779,881,676,1106,2663,50442
30-12-2017,0,17587,15935,9438,3477,46437,828,629,1062,2519,48956
30-12-2017,1,17223,15738,9212,3302,45475,794,603,1022,2419,47894
30-12-2017,2,16931,15555,9094,3170,44750,779,593,1006,2378,47128
30-12-2017,3,17037,15555,9101,3126,44819,775,594,996,2365,47184
30-12-2017,4,17002,15632,9207,3130,44971,787,617,1024,2428,47399
30-12-2017,5,16992,15784,9441,3180,45397,818,655,1094,2567,47964
30-12-2017,6,17329,15811,9606,3289,46035,862,717,1175,2754,48789
30-12-2017,7,17753,16540,9937,3521,47751,921,784,1271,2976,50727
30-12-2017,8,18457,17152,10020,3821,49450,959,825,1353,3137,52587
30-12-2017,9,19032,17595,10070,4075,50772,1008,866,1422,3296,54068
30-12-2017,10,19573,18273,10082,4249,52177,1020,879,1450,3349,55526
30-12-2017,11,19793,18597,10051,4252,52693,1018,879,1456,3353,56046
30-12-2017,12,19827,18593,10056,4260,52736,1016,879,1449,3344,56080
30-12-2017,13,19793,18662,10132,4300,52887,1018,884,1445,3347,56234
30-12-2017,14,19717,18829,10463,4333,53342,1040,895,1448,3383,56725
30-12-2017,15,19711,19329,10823,4451,54314,1120,951,1537,3608,57922
30-12-2017,16,19966,19771,10941,4703,55381,1125,974,1598,3697,59078
30-12-2017,17,20129,19720,10992,4952,55793,1105,965,1580,3650,59443
30-12-2017,18,19871,19812,10936,4955,55574,1090,941,1547,3578,59152
30-12-2017,19,19634,19541,10679,4728,54582,1062,920,1505,3487,58069
30-12-2017,20,19222,18662,10285,4515,52684,1019,878,1412,3309,55993
30-12-2017,21,18790,18018,10452,4277,51537,954,811,1317,3082,54619
30-12-2017,22,18373,17428,10283,4036,50120,888,738,1217,2843,52963
30-12-2017,23,18054,16707,9829,3743,48333,837,668,1128,2633,50966
31-12-2017,0,17559,15292,9454,3415,45720,808,624,1063,2495,48215
31-12-2017,1,17017,14942,9168,3256,44383,779,599,1033,2411,46794
31-12-2017,2,16824,14782,9016,3205,43827,765,584,1016,2365,46192
31-12-2017,3,16707,14724,8969,3164,43564,764,579,1009,2352,45916
31-12-2017,4,16656,14766,9049,3178,43649,773,599,1027,2399,46048
31-12-2017,5,16632,14897,9170,3234,43933,798,630,1093,2521,46454
31-12-2017,6,16882,15133,9277,3340,44632,838,678,1146,2662,47294
31-12-2017,7,17190,15814,9508,3540,46052,885,723,1205,2813,48865
31-12-2017,8,17672,16405,9610,3781,47468,926,773,1280,2979,50447
31-12-2017,9,18287,16850,9749,4064,48950,982,825,1371,3178,52128
31-12-2017,10,18840,17536,9910,4269,50555,1012,854,1444,3310,53865
31-12-2017,11,19090,17713,10044,4296,51143,1014,867,1470,3351,54494
31-12-2017,12,19342,17742,10092,4264,51440,1013,870,1477,3360,54800
31-12-2017,13,19456,17958,10191,4174,51779,1032,879,1474,3385,55164
31-12-2017,14,19620,18341,10444,4079,52484,1076,900,1492,3468,55952
31-12-2017,15,19994,18996,10761,4165,53916,1152,962,1579,3693,57609
31-12-2017,16,20469,19432,10746,4443,55090,1155,981,1629,3765,58855
31-12-2017,17,20343,19455,10581,4702,55081,1114,966,1593,3673,58754
31-12-2017,18,19738,18961,10420,4621,53740,1054,921,1511,3486,57226
31-12-2017,19,18993,18340,10318,4215,51866,985,860,1385,3230,55096
31-12-2017,20,18344,17619,10069,3921,49953,943,803,1296,3042,52995
31-12-2017,21,17955,17094,10419,3800,49268,899,755,1235,2889,52157
31-12-2017,22,17500,16608,10436,3701,48245,862,711,1187,2760,51005
31-12-2017,23,17118,16261,10043,3569,46991,834,681,1140,2655,49646
01-01-2018,0,16989,15564,9715,3420,45688,827,663,1102,2592,48280
01-01-2018,1,16762,15229,9410,3306,44707,800,640,1051,2491,47198
01-01-2018,2,16509,15259,9242,3116,44126,783,615,1013,2411,46537
01-01-2018,3,16109,15026,9260,3021,43416,777,595,989,2361,45777
01-01-2018,4,16152,14844,9364,2919,43279,779,599,979,2357,45636
01-01-2018,5,16205,15033,9586,2804,43628,780,613,997,2390,46018
01-01-2018,6,16566,15298,9597,2846,44307,791,628,1015,2434,46741
01-01-2018,7,16866,15538,9813,2945,45162,808,640,1032,2480,47642
01-01-2018,8,17174,15765,9827,3013,45779,804,640,1054,2498,48277
01-01-2018,9,17420,16082,9864,3232,46598,842,684,1122,2648,49246
01-01-2018,10,17805,16602,10047,3435,47889,877,720,1186,2783,50672
01-01-2018,11,18103,16814,10071,3572,48560,898,738,1219,2855,51415
01-01-2018,12,18276,17065,10070,3649,49060,904,747,1219,2870,51930
01-01-2018,13,18408,17160,10173,3607,49348,914,759,1221,2894,52242
01-01-2018,14,18453,17423,10488,3742,50106,946,766,1234,2946,53052
01-01-2018,15,18638,17940,10650,3733,50961,1003,817,1311,3131,54092
01-01-2018,16,18821,18351,10667,3985,51824,1011,840,1374,3225,55049
01-01-2018,17,18723,18433,10754,4271,52181,999,843,1402,3244,55425
01-01-2018,18,18550,18196,10742,4184,51672,977,833,1387,3197,54869
01-01-2018,19,18317,17919,10550,3948,50734,946,817,1345,3108,53842
01-01-2018,20,18121,17445,10184,3727,49477,912,795,1278,2985,52462
01-01-2018,21,17774,16799,10458,3476,48507,870,735,1191,2796,51303
01-01-2018,22,17197,16321,10289,3264,47071,820,669,1100,2589,49660
01-01-2018,23,16690,15495,9856,3068,45109,772,614,1015,2401,47510
02-01-2018,0,16195,14934,9562,2889,43580,742,575,975,2292,45872
02-01-2018,1,15898,14628,9367,2825,42718,724,555,954,2233,44951
02-01-2018,2,15813,14524,9271,2782,42390,719,550,945,2214,44604
02-01-2018,3,15908,14667,9304,2795,42674,725,557,958,2240,44914
02-01-2018,4,16109,15629,9584,2911,44233,765,600,1021,2386,46619
02-01-2018,5,16493,16426,10326,3099,46344,866,700,1205,2771,49115
02-01-2018,6,17890,16858,10758,3642,49148,988,827,1394,3209,52357
02-01-2018,7,19451,18792,11049,4225,53517,1096,917,1517,3530,57047
02-01-2018,8,19979,19285,11113,4596,54973,1137,961,1581,3679,58652
02-01-2018,9,20049,19373,11070,4692,55184,1157,992,1626,3775,58959
02-01-2018,10,20389,19798,11095,4768,56050,1162,997,1642,3801,59851
02-01-2018,11,20420,19915,11166,4730,56231,1155,973,1636,3764,59995
02-01-2018,12,20481,19881,11126,4639,56127,1171,992,1651,3814,59941
02-01-2018,13,20464,19742,11154,4628,55988,1161,993,1645,3799,59787
02-01-2018,14,20147,19846,11322,4613,55928,1182,1001,1648,3831,59759
02-01-2018,15,20420,20361,11514,4593,56888,1215,1055,1701,3971,60859
02-01-2018,16,20709,20539,11507,4913,57668,1195,1055,1719,3969,61637
02-01-2018,17,20644,20741,11489,5273,58147,1172,1042,1681,3895,62042
02-01-2018,18,20330,20642,11451,5018,57441,1132,1005,1627,3764,61205
02-01-2018,19,20119,19918,11262,4638,55937,1084,969,1569,3622,59559
02-01-2018,20,19746,18988,10711,4300,53745,1045,915,1479,3439,57184
02-01-2018,21,19355,18278,10851,4045,52529,977,828,1346,3151,55680
02-01-2018,22,18503,17253,10678,3732,50166,907,751,1219,2877,53043
02-01-2018,23,17875,16480,10094,3446,47895,852,681,1141,2674,50569
03-01-2018,0,17267,15755,9669,3268,45959,812,644,1078,2534,48493
03-01-2018,1,16947,15387,9379,3148,44861,794,621,1039,2454,47315
03-01-2018,2,16877,15361,9338,3002,44578,783,613,1022,2418,46996
03-01-2018,3,16903,15220,9328,2962,44413,780,619,1031,2430,46843
03-01-2018,4,17033,15364,9579,3067,45043,812,661,1092,2565,47608
03-01-2018,5,17492,15869,10330,3454,47145,912,764,1285,2961,50106
03-01-2018,6,18845,17344,10799,3970,50958,1039,904,1503,3446,54404
03-01-2018,7,20429,18561,11165,4636,54791,1162,1022,1651,3835,58626
03-01-2018,8,20925,19286,11199,5024,56434,1191,1063,1702,3956,60390
03-01-2018,9,20865,19485,11008,5071,56429,1206,1081,1713,4000,60429
03-01-2018,10,20939,20175,11110,5167,57391,1209,1090,1725,4024,61415
03-01-2018,11,20870,20147,11131,5119,57267,1200,1069,1715,3984,61251
03-01-2018,12,20777,20369,11071,5057,57274,1230,1087,1731,4048,61322
03-01-2018,13,20744,20484,11179,4982,57389,1222,1083,1725,4030,61419
03-01-2018,14,20982,20884,11467,4985,58318,1237,1083,1728,4048,62366
03-01-2018,15,21167,21123,11576,4911,58777,1270,1120,1767,4157,62934
03-01-2018,16,21342,21419,11573,5113,59447,1256,1099,1770,4125,63572
03-01-2018,17,21219,21465,11512,5445,59641,1223,1076,1742,4041,63682
03-01-2018,18,20855,21104,11497,5260,58716,1186,1034,1691,3911,62627
03-01-2018,19,20614,20550,11321,4915,57400,1150,993,1628,3771,61171
03-01-2018,20,20193,19777,10811,4571,55352,1099,938,1531,3568,58920
03-01-2018,21,19765,18875,10886,4279,53805,1015,853,1374,3242,57047
03-01-2018,22,19062,18172,10638,3968,51840,936,766,1232,2934,54774
03-01-2018,23,18237,17204,10222,3623,49286,874,695,1144,2713,51999
04-01-2018,0,17576,16231,9799,3400,47006,836,648,1097,2581,49587
04-01-2018,1,17055,16075,9632,3248,46010,814,637,1068,2519,48529
04-01-2018,2,16928,15852,9553,3181,45514,803,628,1064,2495,48009
04-01-2018,3,16906,15679,9598,3193,45376,809,637,1074,2520,47896
04-01-2018,4,17002,15797,9835,3243,45877,843,678,1142,2663,48540
04-01-2018,5,17471,16707,10690,3507,48375,949,780,1350,3079,51454
04-01-2018,6,18901,18191,11088,4138,52318,1075,920,1554,3549,55867
04-01-2018,7,20513,20388,11392,4805,57098,1195,1047,1691,3933,61031
04-01-2018,8,20985,20864,11430,5067,58346,1239,1098,1739,4076,62422
04-01-2018,9,20888,20568,11314,5011,57781,1237,1107,1747,4091,61872
04-01-2018,10,20631,21097,11351,5041,58120,1242,1099,1746,4087,62207
04-01-2018,11,20507,21118,11398,4998,58021,1231,1071,1727,4029,62050
04-01-2018,12,20554,21528,11351,4918,58351,1246,1089,1738,4073,62424
04-01-2018,13,20591,21411,11439,4972,58413,1241,1095,1733,4069,62482
04-01-2018,14,20675,21313,11618,4937,58543,1256,1099,1728,4083,62626
04-01-2018,15,20870,21880,11702,4899,59351,1276,1141,1768,4185,63536
04-01-2018,16,21002,21899,11680,5150,59731,1255,1113,1763,4131,63862
04-01-2018,17,20730,22056,11570,5538,59894,1228,1092,1737,4057,63951
04-01-2018,18,20503,21440,11569,5317,58829,1192,1048,1674,3914,62743
04-01-2018,19,20131,21001,11470,4945,57547,1145,1011,1605,3761,61308
04-01-2018,20,19733,20313,10972,4599,55617,1098,957,1511,3566,59183
04-01-2018,21,19362,19374,11071,4305,54112,1011,864,1362,3237,57349
04-01-2018,22,18783,18614,10818,3953,52168,935,785,1247,2967,55135
04-01-2018,23,17759,17505,10325,3625,49214,871,708,1154,2733,51947
05-01-2018,0,17170,16816,9997,3418,47401,832,659,1087,2578,49979
05-01-2018,1,16942,16439,9778,3301,46460,809,640,1063,2512,48972
05-01-2018,2,16774,16310,9671,3249,46004,801,632,1058,2491,48495
05-01-2018,3,16854,16276,9680,3226,46036,806,646,1079,2531,48567
05-01-2018,4,16999,16478,9975,3307,46759,834,681,1140,2655,49414
05-01-2018,5,17307,16810,10707,3544,48368,935,788,1350,3073,51441
05-01-2018,6,18917,18071,11166,4197,52351,1066,920,1546,3532,55883
05-01-2018,7,20476,19826,11543,4830,56675,1189,1036,1680,3905,60580
05-01-2018,8,21138,20508,11577,5109,58332,1218,1078,1722,4018,62350
05-01-2018,9,21107,20681,11447,5112,58347,1221,1091,1728,4040,62387
05-01-2018,10,21171,21172,11434,5174,58951,1219,1091,1737,4047,62998
05-01-2018,11,20864,21095,11328,5125,58412,1210,1063,1728,4001,62413
05-01-2018,12,20704,21049,11353,4978,58084,1227,1091,1742,4060,62144
05-01-2018,13,20752,20825,11370,4871,57818,1215,1088,1730,4033,61851
05-01-2018,14,20781,20683,11525,4721,57710,1223,1102,1719,4044,61754
05-01-2018,15,20999,21182,11641,4625,58447,1247,1135,1755,4137,62584
05-01-2018,16,21247,21501,11587,4881,59216,1239,1131,1772,4142,63358
05-01-2018,17,21112,21495,11599,5228,59434,1212,1116,1720,4048,63482
05-01-2018,18,20951,21049,11559,5035,58594,1174,1042,1662,3878,62472
05-01-2018,19,20688,20280,11231,4668,56867,1129,998,1583,3710,60577
05-01-2018,20,20304,19368,10759,4354,54785,1077,935,1489,3501,58286
05-01-2018,21,19739,18754,10820,4078,53391,1008,851,1362,3221,56612
05-01-2018,22,19235,17889,10587,3818,51529,937,777,1248,2962,54491
05-01-2018,23,18651,17286,10070,3579,49586,877,704,1162,2743,52329
06-01-2018,0,18150,16476,9751,3358,47735,839,654,1101,2594,50329
06-01-2018,1,17801,16211,9464,3198,46674,810,627,1068,2505,49179
06-01-2018,2,17553,16065,9351,3131,46100,794,613,1053,2460,48560
06-01-2018,3,17440,16130,9298,3140,46008,793,613,1050,2456,48464
06-01-2018,4,17481,16256,9377,3168,46282,799,638,1072,2509,48791
06-01-2018,5,17517,16308,9551,3229,46605,831,678,1140,2649,49254
06-01-2018,6,17942,16895,9645,3410,47892,875,745,1224,2844,50736
06-01-2018,7,18397,17620,9985,3674,49676,936,806,1310,3052,52728
06-01-2018,8,19175,18382,10018,3995,51570,977,844,1383,3204,54774
06-01-2018,9,19723,18759,10092,4231,52805,1024,893,1458,3375,56180
06-01-2018,10,20133,19125,10336,4368,53962,1058,918,1504,3480,57442
06-01-2018,11,20233,19401,10444,4350,54428,1057,924,1522,3503,57931
06-01-2018,12,20121,19612,10386,4275,54394,1066,923,1517,3506,57900
06-01-2018,13,20069,19663,10459,4231,54422,1064,919,1497,3480,57902
06-01-2018,14,19984,19679,10726,4202,54591,1075,920,1492,3487,58078
06-01-2018,15,20217,20185,11019,4202,55623,1129,966,1568,3663,59286
06-01-2018,16,20972,20859,11063,4476,57370,1156,1007,1611,3774,61144
06-01-2018,17,21196,20877,11217,4881,58171,1137,990,1574,3701,61872
06-01-2018,18,21064,20658,11251,4814,57787,1115,954,1534,3603,61390
06-01-2018,19,20772,20265,11041,4484,56562,1077,942,1486,3505,60067
06-01-2018,20,20259,19810,10641,4204,54914,1039,901,1420,3360,58274
06-01-2018,21,19754,19171,10850,3960,53735,965,820,1323,3108,56843
06-01-2018,22,19458,18554,10641,3761,52414,915,748,1218,2881,55295
06-01-2018,23,19037,17766,10187,3557,50547,868,685,1141,2694,53241
07-01-2018,0,18618,17449,9822,3354,49243,835,642,1091,2568,51811
07-01-2018,1,18364,17240,9570,3237,48411,817,622,1056,2495,50906
07-01-2018,2,18269,17180,9518,3182,48149,814,608,1024,2446,50595
07-01-2018,3,18143,17140,9491,3202,47976,811,612,1026,2449,50425
07-01-2018,4,18211,17241,9577,3246,48275,823,637,1046,2506,50781
07-01-2018,5,18440,17437,9812,3306,48995,839,674,1103,2616,51611
07-01-2018,6,18625,18042,9900,3466,50033,879,720,1173,2772,52805
07-01-2018,7,18878,18480,10160,3730,51248,924,761,1230,2915,54163
07-01-2018,8,19506,19053,10256,4035,52850,967,805,1307,3079,55929
07-01-2018,9,19888,19580,10421,4234,54123,1011,858,1390,3259,57382
07-01-2018,10,20367,19758,10631,4305,55061,1028,879,1427,3334,58395
07-01-2018,11,20414,19861,10711,4277,55263,1028,875,1430,3333,58596
07-01-2018,12,20343,19854,10608,4190,54995,1026,870,1428,3324,58319
07-01-2018,13,20401,19537,10577,4117,54632,1024,868,1424,3316,57948
07-01-2018,14,20298,19394,10831,4116,54639,1040,870,1421,3331,57970
07-01-2018,15,20540,20097,11189,4194,56020,1122,934,1500,3556,59576
07-01-2018,16,20920,20906,11381,4576,57783,1160,985,1611,3756,61539
07-01-2018,17,20826,21230,11478,5076,58610,1152,976,1607,3735,62345
07-01-2018,18,20721,21035,11476,4978,58210,1136,963,1587,3686,61896
07-01-2018,19,20485,20544,11273,4697,56999,1112,939,1550,3601,60600
07-01-2018,20,20083,19935,10859,4390,55267,1063,892,1468,3423,58690
07-01-2018,21,19598,19176,11060,4108,53942,991,814,1350,3155,57097
07-01-2018,22,19092,18280,10930,3815,52117,921,727,1227,2875,54992
07-01-2018,23,18091,17613,10558,3566,49828,866,660,1150,2676,52504
08-01-2018,0,17804,16869,10216,3429,48318,833,623,1094,2550,50868
08-01-2018,1,17586,16652,9981,3353,47572,817,606,1072,2495,50067
08-01-2018,2,17439,16632,9976,3352,47399,814,603,1060,2477,49876
08-01-2018,3,17507,16869,10031,3364,47771,823,616,1077,2516,50287
08-01-2018,4,17589,17223,10388,3440,48640,865,660,1140,2665,51305
08-01-2018,5,18333,17793,11344,3708,51178,1000,793,1380,3173,54351
08-01-2018,6,19922,20035,11931,4369,56257,1161,965,1608,3734,59991
08-01-2018,7,21132,21992,12183,5100,60407,1277,1076,1753,4106,64513
08-01-2018,8,21829,22061,12116,5364,61370,1296,1107,1797,4200,65570
08-01-2018,9,21475,21783,12032,5338,60628,1290,1115,1794,4199,64827
08-01-2018,10,21264,21948,12009,5308,60529,1278,1094,1772,4144,64673
08-01-2018,11,21001,21991,11924,5205,60121,1253,1061,1734,4048,64169
08-01-2018,12,20878,21851,11809,5088,59626,1272,1079,1737,4088,63714
08-01-2018,13,20726,21663,11751,5080,59220,1263,1080,1718,4061,63281
08-01-2018,14,20882,21599,11889,5060,59430,1269,1073,1712,4054,63484
08-01-2018,15,21053,22022,12154,5004,60233,1318,1113,1749,4180,64413
08-01-2018,16,21435,22381,12228,5242,61286,1323,1134,1808,4265,65551
08-01-2018,17,21428,22476,12213,5675,61792,1295,1107,1780,4182,65974
08-01-2018,18,21166,22283,12161,5421,61031,1252,1067,1717,4036,65067
08-01-2018,19,20898,21782,11971,5029,59680,1213,1029,1660,3902,63582
08-01-2018,20,20588,20777,11468,4689,57522,1154,961,1561,3676,61198
08-01-2018,21,20101,20119,11435,4338,55993,1070,866,1412,3348,59341
08-01-2018,22,19435,19027,11246,3966,53674,981,772,1283,3036,56710
08-01-2018,23,18537,18069,10642,3621,50869,915,694,1198,2807,53676
09-01-2018,0,17975,17202,10247,3407,48831,878,657,1146,2681,51512
09-01-2018,1,17652,16916,10048,3275,47891,856,637,1109,2602,50493
09-01-2018,2,17478,16860,9904,3201,47443,850,631,1099,2580,50023
09-01-2018,3,17556,16917,9969,3190,47632,859,642,1102,2603,50235
09-01-2018,4,17789,17076,10437,3195,48497,896,688,1170,2754,51251
09-01-2018,5,18483,17738,11280,3406,50907,1022,813,1403,3238,54145
09-01-2018,6,19846,19637,11834,4002,55319,1178,979,1621,3778,59097
09-01-2018,7,21325,21393,12153,4696,59567,1293,1086,1753,4132,63699
09-01-2018,8,21793,22015,12061,4899,60768,1298,1110,1801,4209,64977
09-01-2018,9,21674,21583,11878,4865,60000,1286,1116,1802,4204,64204
09-01-2018,10,21629,21666,11787,5029,60111,1275,1102,1799,4176,64287
09-01-2018,11,21489,21517,11752,4918,59676,1251,1072,1772,4095,63771
09-01-2018,12,21254,21240,11648,4804,58946,1283,1100,1782,4165,63111
09-01-2018,13,21214,21077,11601,4822,58714,1275,1096,1771,4142,62856
09-01-2018,14,21218,21061,11660,4738,58677,1273,1095,1762,4130,62807
09-01-2018,15,21517,21483,11896,4669,59565,1304,1124,1789,4217,63782
09-01-2018,16,21868,22255,12018,4883,61024,1305,1119,1820,4244,65268
09-01-2018,17,21789,22493,12047,5265,61594,1281,1101,1783,4165,65759
09-01-2018,18,21618,22039,12082,5058,60797,1241,1059,1728,4028,64825
09-01-2018,19,21354,21676,11896,4724,59650,1201,1028,1673,3902,63552
09-01-2018,20,21051,21238,11275,4380,57944,1147,970,1566,3683,61627
09-01-2018,21,20789,20597,11343,4073,56802,1055,871,1398,3324,60126
09-01-2018,22,19887,19131,11132,3736,53886,967,777,1262,3006,56892
09-01-2018,23,19219,18371,10682,3420,51692,907,707,1185,2799,54491
10-01-2018,0,18459,17253,10366,3207,49285,875,667,1138,2680,51965
10-01-2018,1,18158,17330,10174,3093,48755,855,646,1119,2620,51375
10-01-2018,2,17982,17157,10084,3065,48288,848,644,1113,2605,50893
10-01-2018,3,17988,17245,10211,3103,48547,854,653,1132,2639,51186
10-01-2018,4,18168,17626,10634,3204,49632,891,695,1211,2797,52429
10-01-2018,5,18630,18406,11492,3491,52019,1020,819,1452,3291,55310
10-01-2018,6,20169,20945,11911,4169,57194,1183,983,1672,3838,61032
10-01-2018,7,21722,23087,12173,4872,61854,1298,1100,1828,4226,66080
10-01-2018,8,22129,23138,11934,5095,62296,1313,1131,1860,4304,66600
10-01-2018,9,22046,22827,11927,5107,61907,1308,1136,1864,4308,66215
10-01-2018,10,21929,22668,12038,5203,61838,1300,1118,1839,4257,66095
10-01-2018,11,21574,22389,12014,5232,61209,1278,1087,1809,4174,65383
10-01-2018,12,21387,22209,11935,5161,60692,1301,1108,1820,4229,64921
10-01-2018,13,21246,22213,11895,5161,60515,1295,1104,1805,4204,64719
10-01-2018,14,21269,22609,12063,5038,60979,1304,1108,1799,4211,65190
10-01-2018,15,21488,23037,12339,4958,61822,1336,1142,1832,4310,66132
10-01-2018,16,21774,23171,12369,5123,62437,1327,1132,1867,4326,66763
10-01-2018,17,21702,23077,12392,5470,62641,1300,1108,1835,4243,66884
10-01-2018,18,21419,22556,12412,5212,61599,1267,1067,1780,4114,65713
10-01-2018,19,21191,22280,12236,4886,60593,1224,1038,1708,3970,64563
10-01-2018,20,20772,21525,11754,4601,58652,1166,983,1597,3746,62398
10-01-2018,21,20278,20252,11791,4289,56610,1082,883,1441,3406,60016
10-01-2018,22,19551,19464,11468,3937,54420,990,797,1309,3096,57516
10-01-2018,23,18724,18443,11000,3618,51785,931,728,1236,2895,54680
11-01-2018,0,18046,17512,10722,3407,49687,907,692,1185,2784,52471
11-01-2018,1,17546,17126,10476,3291,48439,891,672,1163,2726,51165
11-01-2018,2,17258,16833,10460,3240,47791,880,667,1147,2694,50485
11-01-2018,3,17364,16732,10563,3241,47900,889,680,1162,2731,50631
11-01-2018,4,17457,17131,11001,3302,48891,931,724,1231,2886,51777
11-01-2018,5,17914,18005,11874,3541,51334,1060,851,1463,3374,54708
11-01-2018,6,19153,19961,12373,4221,55708,1225,1015,1684,3924,59632
11-01-2018,7,20679,21589,12514,4921,59703,1339,1126,1817,4282,63985
11-01-2018,8,21336,21890,12309,5152,60687,1357,1157,1846,4360,65047
11-01-2018,9,21274,21496,12270,5155,60195,1350,1164,1852,4366,64561
11-01-2018,10,21155,21755,12246,5222,60378,1337,1153,1865,4355,64733
11-01-2018,11,21101,21739,12244,5189,60273,1310,1120,1848,4278,64551
11-01-2018,12,20902,21910,12206,5096,60114,1331,1140,1857,4328,64442
11-01-2018,13,20851,21977,12212,5096,60136,1316,1134,1849,4299,64435
11-01-2018,14,21002,22009,12285,5040,60336,1320,1130,1844,4294,64630
11-01-2018,15,21058,22440,12552,4967,61017,1349,1152,1860,4361,65378
11-01-2018,16,21320,22720,12574,5146,61760,1339,1140,1877,4356,66116
11-01-2018,17,21179,22805,12565,5450,61999,1307,1120,1877,4304,66303
11-01-2018,18,20967,22310,12566,5176,61019,1271,1081,1770,4122,65141
11-01-2018,19,20771,21880,12462,4878,59991,1229,1054,1707,3990,63981
11-01-2018,20,20491,20992,11919,4541,57943,1168,994,1607,3769,61712
11-01-2018,21,20068,20139,12028,4187,56422,1087,895,1446,3428,59850
11-01-2018,22,19313,19257,11796,3847,54213,998,810,1315,3123,57336
11-01-2018,23,18629,18245,11347,3531,51752,943,736,1238,2917,54669
12-01-2018,0,17898,17312,10996,3309,49515,915,694,1180,2789,52304
12-01-2018,1,17562,17034,10772,3207,48575,898,676,1165,2739,51314
12-01-2018,2,17440,16838,10735,3148,48161,893,673,1154,2720,50881
12-01-2018,3,17444,16889,10852,3138,48323,903,681,1165,2749,51072
12-01-2018,4,17424,17240,11253,3211,49128,944,723,1227,2894,52022
12-01-2018,5,17995,18234,12202,3453,51884,1080,847,1471,3398,55282
12-01-2018,6,19382,20150,12630,4130,56292,1241,1009,1687,3937,60229
12-01-2018,7,21168,22399,12732,4836,61135,1357,1114,1832,4303,65438
12-01-2018,8,21628,22609,12750,5076,62063,1365,1148,1872,4385,66448
12-01-2018,9,21522,22383,12638,5045,61588,1361,1140,1869,4370,65958
12-01-2018,10,21435,22662,12617,5105,61819,1350,1130,1863,4343,66162
12-01-2018,11,21380,22515,12555,5065,61515,1334,1098,1827,4259,65774
12-01-2018,12,21081,22264,12488,4945,60778,1349,1115,1834,4298,65076
12-01-2018,13,20902,22162,12473,4864,60401,1327,1107,1811,4245,64646
12-01-2018,14,20871,21865,12555,4736,60027,1323,1093,1790,4206,64233
12-01-2018,15,20895,21740,12783,4681,60099,1358,1112,1798,4268,64367
12-01-2018,16,21070,21939,12801,4876,60686,1363,1134,1842,4339,65025
12-01-2018,17,21078,22095,12755,5204,61132,1331,1118,1800,4249,65381
12-01-2018,18,20975,21802,12677,5037,60491,1297,1078,1750,4125,64616
12-01-2018,19,20659,20874,12423,4645,58601,1253,1040,1676,3969,62570
12-01-2018,20,20034,19841,11876,4287,56038,1202,991,1572,3765,59803
12-01-2018,21,19459,19217,11917,4006,54599,1126,912,1437,3475,58074
12-01-2018,22,18958,18205,11622,3753,52538,1049,840,1318,3207,55745
12-01-2018,23,18451,17769,11131,3459,50810,996,765,1237,2998,53808
13-01-2018,0,17910,16915,10699,3253,48777,963,723,1166,2852,51629
13-01-2018,1,17521,16639,10401,3103,47664,936,706,1135,2777,50441
13-01-2018,2,17222,16497,10342,3012,47073,925,690,1121,2736,49809
13-01-2018,3,17143,16495,10339,2984,46961,924,696,1125,2745,49706
13-01-2018,4,17033,16455,10472,3000,46960,942,718,1151,2811,49771
13-01-2018,5,17281,16690,10713,3082,47766,979,762,1235,2976,50742
13-01-2018,6,17678,17244,10807,3295,49024,1035,830,1334,3199,52223
13-01-2018,7,18368,18180,11199,3617,51364,1104,894,1413,3411,54775
13-01-2018,8,19020,18957,11144,3973,53094,1162,965,1529,3656,56750
13-01-2018,9,19754,19566,11236,4213,54769,1198,1001,1586,3785,58554
13-01-2018,10,20228,20198,11309,4370,56105,1203,1008,1594,3805,59910
13-01-2018,11,20333,20371,11328,4397,56429,1192,995,1575,3762,60191
13-01-2018,12,20296,20395,11368,4330,56389,1179,984,1544,3707,60096
13-01-2018,13,20127,20270,11334,4269,56000,1168,977,1528,3673,59673
13-01-2018,14,19995,20068,11549,4248,55860,1181,970,1519,3670,59530
13-01-2018,15,20075,20263,11844,4282,56464,1235,1013,1562,3810,60274
13-01-2018,16,20477,20861,12038,4474,57850,1272,1054,1671,3997,61847
13-01-2018,17,20670,20948,12092,4834,58544,1260,1051,1674,3985,62529
13-01-2018,18,20552,20717,11979,4680,57928,1226,1026,1631,3883,61811
13-01-2018,19,20143,20019,11610,4300,56072,1185,997,1579,3761,59833
13-01-2018,20,19568,19303,11099,4022,53992,1141,953,1507,3601,57593
13-01-2018,21,19057,18653,11210,3795,52715,1083,881,1399,3363,56078
13-01-2018,22,18623,17954,11034,3586,51197,1010,812,1270,3092,54289
13-01-2018,23,18101,17325,10579,3348,49353,963,752,1194,2909,52262
14-01-2018,0,17620,16791,10182,3189,47782,926,706,1143,2775,50557
14-01-2018,1,17372,16614,9927,3100,47013,906,684,1113,2703,49716
14-01-2018,2,17205,16416,9789,3050,46460,899,682,1104,2685,49145
14-01-2018,3,17210,16462,9808,3054,46534,898,683,1102,2683,49217
14-01-2018,4,17205,16573,9871,3071,46720,910,702,1125,2737,49457
14-01-2018,5,17240,16624,10044,3111,47019,937,739,1197,2873,49892
14-01-2018,6,17444,17030,10103,3253,47830,982,792,1264,3038,50868
14-01-2018,7,17825,17550,10380,3504,49259,1038,852,1338,3228,52487
14-01-2018,8,18310,18280,10466,3790,50846,1090,896,1431,3417,54263
14-01-2018,9,18925,19013,10629,4015,52582,1148,949,1531,3628,56210
14-01-2018,10,19425,19536,10754,4219,53934,1157,973,1565,3695,57629
14-01-2018,11,19702,19933,10801,4263,54699,1161,969,1577,3707,58406
14-01-2018,12,19746,19912,10810,4204,54672,1163,967,1565,3695,58367
14-01-2018,13,19767,19788,10786,4180,54521,1162,966,1549,3677,58198
14-01-2018,14,19955,19891,10930,4158,54934,1177,971,1545,3693,58627
14-01-2018,15,20158,20274,11276,4167,55875,1244,1018,1601,3863,59738
14-01-2018,16,20572,20929,11367,4440,57308,1279,1072,1700,4051,61359
14-01-2018,17,20541,21187,11363,4872,57963,1271,1073,1700,4044,62007
14-01-2018,18,20347,20920,11351,4709,57327,1255,1052,1675,3982,61309
14-01-2018,19,20068,20504,11170,4418,56160,1217,1028,1620,3865,60025
14-01-2018,20,19948,19541,10622,4108,54219,1164,981,1536,3681,57900
14-01-2018,21,19544,18816,10916,3860,53136,1095,890,1420,3405,56541
14-01-2018,22,19057,18232,10841,3595,51725,1014,809,1295,3118,54843
14-01-2018,23,18518,17410,10514,3356,49798,968,741,1192,2901,52699
15-01-2018,0,18147,16931,10211,3172,48461,947,696,1152,2795,51256
15-01-2018,1,17794,16754,10005,3037,47590,931,682,1132,2745,50335
15-01-2018,2,17850,16778,9959,2990,47577,930,679,1128,2737,50314
15-01-2018,3,17848,16863,10099,3021,47831,936,691,1143,2770,50601
15-01-2018,4,18087,16942,10551,3150,48730,993,739,1225,2957,51687
15-01-2018,5,18629,17767,11540,3328,51264,1124,870,1481,3475,54739
15-01-2018,6,19987,20168,12056,4068,56279,1286,1038,1705,4029,60308
15-01-2018,7,21694,22004,12443,4792,60933,1416,1155,1869,4440,65373
15-01-2018,8,22191,22317,12441,5020,61969,1439,1201,1918,4558,66527
15-01-2018,9,22065,22130,12359,4999,61553,1434,1211,1932,4577,66130
15-01-2018,10,21927,22363,12429,5102,61821,1435,1200,1913,4548,66369
15-01-2018,11,21868,22455,12451,5099,61873,1415,1156,1850,4421,66294
15-01-2018,12,21492,22342,12348,4958,61140,1438,1178,1860,4476,65616
15-01-2018,13,21370,22436,12337,5016,61159,1400,1172,1847,4419,65578
15-01-2018,14,21324,22440,12340,4999,61103,1358,1164,1839,4361,65464
15-01-2018,15,21605,22863,12461,4961,61890,1373,1184,1851,4408,66298
15-01-2018,16,21773,22975,12466,5142,62356,1388,1202,1909,4499,66855
15-01-2018,17,21674,23013,12371,5456,62514,1405,1184,1881,4470,66984
15-01-2018,18,21297,22506,12320,5243,61366,1308,1138,1828,4274,65640
15-01-2018,19,20996,21866,12102,4938,59902,1329,1106,1762,4197,64099
15-01-2018,20,20577,21181,11648,4633,58039,1355,1047,1653,4055,62094
15-01-2018,21,20058,20334,11816,4357,56565,1233,942,1499,3674,60239
15-01-2018,22,19329,19126,11649,3997,54101,1243,854,1366,3463,57564
15-01-2018,23,18593,18191,11205,3679,51668,1147,778,1273,3198,54866
16-01-2018,0,18101,17672,10910,3433,50116,935,734,1232,2901,53017
16-01-2018,1,17570,17547,10797,3347,49261,887,717,1211,2815,52076
16-01-2018,2,17551,17374,10770,3228,48923,859,709,1208,2776,51699
16-01-2018,3,17412,17444,10887,3244,48987,839,721,1214,2774,51761
16-01-2018,4,17410,17529,11234,3347,49520,843,770,1276,2889,52409
16-01-2018,5,17918,18117,12106,3676,51817,859,893,1515,3267,55084
16-01-2018,6,19275,19918,12614,4272,56079,1164,1060,1735,3959,60038
16-01-2018,7,20997,21918,12855,4916,60686,1433,1171,1877,4481,65167
16-01-2018,8,21234,22060,12703,5112,61109,1451,1210,1916,4577,65686
16-01-2018,9,21086,21902,12656,5110,60754,1434,1205,1895,4534,65288
16-01-2018,10,21002,22038,12583,5166,60789,1414,1180,1871,4465,65254
16-01-2018,11,20945,21947,12538,5173,60603,1382,1144,1832,4358,64961
16-01-2018,12,20670,21817,12382,5091,59960,1404,1161,1835,4400,64360
16-01-2018,13,20692,21825,12334,5050,59901,1389,1152,1809,4350,64251
16-01-2018,14,20600,21775,12344,5029,59748,1394,1143,1813,4350,64098
16-01-2018,15,20611,21899,12561,4944,60015,1423,1173,1833,4429,64444
16-01-2018,16,20944,22226,12722,5109,61001,1452,1201,1903,4556,65557
16-01-2018,17,20771,22556,12757,5443,61527,1421,1190,1890,4501,66028
16-01-2018,18,20778,21978,12814,5243,60813,1388,1149,1835,4372,65185
16-01-2018,19,20426,21733,12578,4918,59655,1349,1099,1768,4216,63871
16-01-2018,20,20119,20913,12080,4577,57689,1285,1044,1661,3990,61679
16-01-2018,21,19606,19978,12127,4253,55964,1198,943,1503,3644,59608
16-01-2018,22,18966,18763,11851,3908,53488,1106,854,1376,3336,56824
16-01-2018,23,18092,17970,11352,3597,51011,1054,783,1285,3122,54133
17-01-2018,0,17420,17527,11071,3439,49457,1030,749,1240,3019,52476
17-01-2018,1,16965,17095,10859,3355,48274,1019,731,1214,2964,51238
17-01-2018,2,16924,16961,10812,3307,48004,1014,727,1208,2949,50953
17-01-2018,3,16905,16948,10908,3305,48066,1024,737,1219,2980,51046
17-01-2018,4,17076,17132,11320,3383,48911,1070,790,1293,3153,52064
17-01-2018,5,17581,17895,12215,3635,51326,1203,917,1520,3640,54966
17-01-2018,6,18973,20132,12709,4264,56078,1356,1077,1733,4166,60244
17-01-2018,7,20894,21733,13045,4950,60622,1466,1185,1868,4519,65141
17-01-2018,8,21120,22223,12838,5159,61340,1476,1219,1910,4605,65945
17-01-2018,9,20963,21974,12700,5187,60824,1480,1235,1905,4620,65444
17-01-2018,10,20905,22292,12685,5280,61162,1469,1221,1897,4587,65749
17-01-2018,11,21008,21956,12716,5230,60910,1453,1183,1868,4504,65414
17-01-2018,12,20922,21749,12642,5127,60440,1474,1201,1878,4553,64993
17-01-2018,13,20382,21804,12517,5121,59824,1463,1197,1861,4521,64345
17-01-2018,14,20510,21922,12588,5064,60084,1465,1187,1859,4511,64595
17-01-2018,15,20683,22339,12701,4963,60686,1484,1210,1868,4562,65248
17-01-2018,16,21154,22503,12908,5143,61708,1485,1214,1909,4608,66316
17-01-2018,17,21242,22835,12881,5520,62478,1457,1196,1876,4529,67007
17-01-2018,18,21011,22505,12902,5313,61731,1405,1156,1828,4389,66120
17-01-2018,19,20676,21912,12656,4973,60217,1355,1123,1771,4249,64466
17-01-2018,20,20327,21178,12056,4680,58241,1294,1070,1673,4037,62278
17-01-2018,21,19879,20192,11992,4342,56405,1198,973,1516,3687,60092
17-01-2018,22,19232,19090,11711,3981,54014,1107,879,1370,3356,57370
17-01-2018,23,18509,17830,11186,3680,51205,1042,797,1277,3116,54321
18-01-2018,0,17828,17245,10939,3436,49448,997,749,1221,2967,52415
18-01-2018,1,17571,17003,10705,3326,48605,981,737,1190,2908,51513
18-01-2018,2,17432,16998,10646,3293,48369,981,733,1177,2891,51260
18-01-2018,3,17424,17167,10686,3304,48581,994,743,1188,2925,51506
18-01-2018,4,17555,17417,11011,3357,49340,1035,787,1260,3082,52422
18-01-2018,5,18142,18178,11907,3606,51833,1163,912,1494,3569,55402
18-01-2018,6,19662,19947,12443,4247,56299,1316,1073,1712,4101,60400
18-01-2018,7,21439,22006,12624,4930,60999,1422,1179,1835,4436,65435
18-01-2018,8,21899,22105,12375,5204,61583,1440,1211,1866,4517,66100
18-01-2018,9,21662,21864,12319,5191,61036,1425,1209,1856,4490,65526
18-01-2018,10,21590,21875,12351,5294,61110,1405,1199,1837,4441,65551
18-01-2018,11,21472,21648,12382,5297,60799,1385,1161,1798,4344,65143
18-01-2018,12,21324,21702,12329,5195,60550,1406,1177,1808,4391,64941
18-01-2018,13,21312,21533,12313,5203,60361,1396,1175,1795,4366,64727
18-01-2018,14,21307,21668,12353,5129,60457,1403,1172,1782,4357,64814
18-01-2018,15,21433,22053,12601,5041,61128,1426,1187,1793,4406,65534
18-01-2018,16,21783,22524,12673,5167,62147,1437,1194,1843,4474,66621
18-01-2018,17,21756,22751,12571,5536,62614,1403,1172,1815,4390,67004
18-01-2018,18,21441,22423,12564,5329,61757,1364,1123,1762,4249,66006
18-01-2018,19,21270,22087,12380,5002,60739,1318,1081,1702,4101,64840
18-01-2018,20,21035,21334,11934,4676,58979,1261,1020,1601,3882,62861
18-01-2018,21,20320,20337,12003,4362,57022,1171,922,1452,3545,60567
18-01-2018,22,19602,19277,11749,3998,54626,1080,827,1312,3219,57845
18-01-2018,23,18763,18312,11228,3668,51971,1020,748,1227,2995,54966
19-01-2018,0,18203,17604,10918,3483,50208,987,718,1183,2888,53096
19-01-2018,1,17762,17352,10684,3379,49177,966,698,1159,2823,52000
19-01-2018,2,17639,17283,10707,3309,48938,956,688,1154,2798,51736
19-01-2018,3,17551,17121,10852,3311,48835,965,704,1166,2835,51670
19-01-2018,4,17696,17604,11279,3399,49978,1007,748,1241,2996,52974
19-01-2018,5,18384,18119,12192,3652,52347,1137,879,1472,3488,55835
19-01-2018,6,19856,20817,12670,4295,57638,1279,1032,1688,3999,61637
19-01-2018,7,21493,22480,12956,4970,61899,1374,1132,1821,4327,66226
19-01-2018,8,22114,22670,12781,5194,62759,1384,1161,1860,4405,67164
19-01-2018,9,21952,22556,12764,5167,62439,1360,1168,1860,4388,66827
19-01-2018,10,21788,22449,12736,5206,62179,1372,1149,1851,4372,66551
19-01-2018,11,21532,22190,12674,5073,61469,1352,1116,1818,4286,65755
19-01-2018,12,21484,21970,12589,4951,60994,1373,1134,1822,4329,65323
19-01-2018,13,21494,21532,12500,4840,60366,1351,1125,1798,4274,64640
19-01-2018,14,21497,21452,12507,4712,60168,1340,1118,1763,4221,64389
19-01-2018,15,21736,21644,12716,4636,60732,1356,1136,1762,4254,64986
19-01-2018,16,21943,22224,12757,4817,61741,1375,1155,1838,4368,66109
19-01-2018,17,21585,22437,12686,5207,61915,1344,1134,1814,4292,66207
19-01-2018,18,21383,21906,12743,5040,61072,1306,1085,1748,4139,65211
19-01-2018,19,21060,21502,12556,4633,59751,1264,1048,1684,3996,63747
19-01-2018,20,20500,20502,12079,4326,57407,1207,988,1593,3788,61195
19-01-2018,21,19848,19489,12093,4051,55481,1127,910,1457,3494,58975
19-01-2018,22,19284,18718,11831,3790,53623,1046,827,1339,3212,56835
19-01-2018,23,18671,17792,11344,3551,51358,992,761,1263,3016,54374
20-01-2018,0,18131,17480,11012,3300,49923,957,726,1213,2896,52819
20-01-2018,1,17743,17201,10784,3145,48873,932,697,1178,2807,51680
20-01-2018,2,17533,16941,10663,3075,48212,925,687,1165,2777,50989
20-01-2018,3,17434,16890,10674,3069,48067,921,689,1167,2777,50844
20-01-2018,4,17524,17023,10793,3074,48414,937,709,1191,2837,51251
20-01-2018,5,17695,17380,11090,3153,49318,973,755,1274,3002,52320
20-01-2018,6,17961,17985,11260,3355,50561,1029,825,1368,3222,53783
20-01-2018,7,18507,18665,11641,3648,52461,1092,890,1447,3429,55890
20-01-2018,8,19371,19341,11707,3974,54393,1146,942,1535,3623,58016
20-01-2018,9,19881,19903,11792,4216,55792,1182,978,1596,3756,59548
20-01-2018,10,20338,20193,11844,4334,56709,1191,985,1607,3783,60492
20-01-2018,11,20348,20199,11870,4339,56756,1178,975,1596,3749,60505
20-01-2018,12,20277,19942,11842,4274,56335,1178,973,1577,3728,60063
20-01-2018,13,20185,19817,11743,4221,55966,1171,969,1546,3686,59652
20-01-2018,14,20079,19703,11859,4179,55820,1165,950,1519,3634,59454
20-01-2018,15,20241,20120,12234,4192,56787,1208,981,1557,3746,60533
20-01-2018,16,20653,20833,12569,4410,58465,1252,1037,1667,3956,62421
20-01-2018,17,20856,21129,12727,4793,59505,1233,1020,1663,3916,63421
20-01-2018,18,20843,20876,12608,4675,59002,1197,992,1623,3812,62814
20-01-2018,19,20463,20400,12219,4344,57426,1161,961,1562,3684,61110
20-01-2018,20,20048,19868,11792,4075,55783,1120,921,1486,3527,59310
20-01-2018,21,19569,19302,12019,3839,54729,1059,851,1378,3288,58017
20-01-2018,22,19127,18394,11881,3629,53031,1004,787,1277,3068,56099
20-01-2018,23,18718,17744,11395,3420,51277,952,724,1201,2877,54154
21-01-2018,0,18297,17064,11061,3218,49640,909,679,1147,2735,52375
21-01-2018,1,17896,17091,10852,3072,48911,852,663,1125,2640,51551
21-01-2018,2,17424,16858,10773,3016,48071,850,651,1117,2618,50689
21-01-2018,3,17258,16982,10788,3011,48039,853,652,1115,2620,50659
21-01-2018,4,17257,17140,10880,3033,48310,869,673,1136,2678,50988
21-01-2018,5,17419,17388,11027,3096,48930,902,713,1201,2816,51746
21-01-2018,6,17886,17752,11107,3276,50021,963,758,1270,2991,53012
21-01-2018,7,18254,18238,11414,3554,51460,1006,812,1330,3148,54608
21-01-2018,8,18888,18930,11484,3827,53129,1068,872,1422,3362,56491
21-01-2018,9,19458,19872,11703,4055,55088,1130,919,1491,3540,58628
21-01-2018,10,19787,20068,11793,4200,55848,1125,924,1519,3568,59416
21-01-2018,11,19823,20289,11855,4201,56168,1121,916,1518,3555,59723
21-01-2018,12,19764,20160,11790,4136,55850,1122,907,1504,3533,59383
21-01-2018,13,19547,19955,11746,4096,55344,1117,898,1490,3505,58849
21-01-2018,14,19634,19965,11745,4082,55426,1121,900,1482,3503,58929
21-01-2018,15,19854,20433,12130,4103,56520,1171,937,1523,3631,60151
21-01-2018,16,20481,21373,12448,4374,58676,1238,1014,1655,3907,62583
21-01-2018,17,20643,22024,12505,4918,60090,1229,1017,1668,3914,64004
21-01-2018,18,20643,21674,12598,4756,59671,1207,999,1643,3849,63520
21-01-2018,19,20463,21430,12399,4433,58725,1183,986,1590,3759,62484
21-01-2018,20,20326,20844,11985,4199,57354,1124,942,1511,3577,60931
21-01-2018,21,20022,19843,12301,3970,56136,1049,859,1386,3294,59430
21-01-2018,22,19502,19099,12151,3678,54430,859,794,1274,2927,57357
21-01-2018,23,18882,18411,11747,3427,52467,810,734,1203,2747,55214
22-01-2018,0,18287,17939,11408,3266,50900,908,694,1163,2765,53665
22-01-2018,1,17900,17648,11251,3171,49970,899,686,1144,2729,52699
22-01-2018,2,17786,17694,11243,3121,49844,893,683,1143,2719,52563
22-01-2018,3,17857,17759,11357,3136,50109,906,692,1161,2759,52868
22-01-2018,4,18058,18298,11790,3231,51377,949,741,1243,2933,54310
22-01-2018,5,18594,19015,12692,3514,53815,1093,874,1498,3465,57280
22-01-2018,6,20157,21005,13009,4186,58357,1251,1038,1721,4010,62367
22-01-2018,7,21974,23100,13231,4866,63171,1364,1142,1850,4356,67527
22-01-2018,8,22556,23492,13047,5115,64210,1382,1189,1901,4472,68682
22-01-2018,9,22375,23315,12979,5125,63794,1373,1191,1895,4459,68253
22-01-2018,10,22323,23207,13109,5230,63869,1352,1177,1889,4418,68287
22-01-2018,11,22156,23104,13150,5231,63641,1325,1139,1854,4318,67959
22-01-2018,12,22051,22869,13056,5138,63114,1343,1158,1854,4355,67469
22-01-2018,13,21952,22755,13052,5160,62919,1327,1159,1835,4321,67240
22-01-2018,14,21984,22720,13098,5082,62884,1333,1147,1817,4297,67181
22-01-2018,15,21993,22919,13272,4932,63116,1341,1151,1808,4300,67416
22-01-2018,16,22278,23208,13468,5049,64003,1356,1174,1866,4396,68399
22-01-2018,17,22262,23622,13392,5472,64748,1329,1158,1847,4334,69082
22-01-2018,18,22040,23413,13466,5266,64185,1297,1116,1793,4206,68391
22-01-2018,19,21889,22739,13330,4908,62866,1259,1074,1726,4059,66925
22-01-2018,20,21633,22129,12867,4558,61187,1203,1022,1623,3848,65035
22-01-2018,21,21092,21263,12956,4229,59540,1121,936,1465,3522,63062
22-01-2018,22,20239,19736,12747,3923,56645,1024,844,1340,3208,59853
22-01-2018,23,19317,18748,12265,3628,53958,966,765,1267,2998,56956
23-01-2018,0,18576,18301,11829,3398,52104,934,742,1229,2905,55009
23-01-2018,1,18258,18122,11740,3294,51414,919,718,1211,2848,54262
23-01-2018,2,18125,17969,11780,3244,51118,914,701,1210,2825,53943
23-01-2018,3,18178,18074,11932,3251,51435,929,721,1221,2871,54306
23-01-2018,4,18380,18541,12319,3329,52569,970,769,1302,3041,55610
23-01-2018,5,18923,19192,13231,3580,54926,1099,892,1537,3528,58454
23-01-2018,6,20349,21164,13494,4232,59239,1260,1046,1751,4057,63296
23-01-2018,7,21849,22942,13669,4922,63382,1355,1157,1883,4395,67777
23-01-2018,8,22254,23047,13528,5102,63931,1379,1191,1923,4493,68424
23-01-2018,9,21985,23130,13471,5069,63655,1368,1196,1921,4485,68140
23-01-2018,10,21808,23012,13475,5124,63419,1351,1177,1903,4431,67850
23-01-2018,11,21466,22941,13473,5103,62983,1331,1145,1862,4338,67321
23-01-2018,12,21394,23033,13402,5064,62893,1354,1161,1860,4375,67268
23-01-2018,13,21351,22736,13347,5100,62534,1334,1172,1840,4346,66880
23-01-2018,14,21430,22807,13329,5030,62596,1336,1157,1827,4320,66916
23-01-2018,15,21544,23036,13387,4964,62931,1350,1170,1817,4337,67268
23-01-2018,16,21919,23257,13517,5064,63757,1380,1196,1892,4468,68225
23-01-2018,17,21642,23643,13427,5404,64116,1345,1185,1892,4422,68538
23-01-2018,18,21181,22988,13460,5208,62837,1311,1144,1844,4299,67136
23-01-2018,19,20831,21970,13298,4850,60949,1272,1103,1783,4158,65107
23-01-2018,20,20505,21143,12692,4532,58872,1223,1045,1684,3952,62824
23-01-2018,21,19713,20600,12619,4238,57170,1139,958,1506,3603,60773
23-01-2018,22,19017,19230,12391,3870,54508,1033,855,1372,3260,57768
23-01-2018,23,18127,18141,11929,3599,51796,968,782,1282,3032,54828
24-01-2018,0,17283,17658,11576,3382,49899,934,739,1239,2912,52811
24-01-2018,1,16870,17370,11410,3268,48918,924,722,1223,2869,51787
24-01-2018,2,16634,17240,11442,3187,48503,926,720,1215,2861,51364
24-01-2018,3,16624,17029,11506,3154,48313,936,735,1227,2898,51211
24-01-2018,4,16738,17195,11838,3229,49000,978,779,1299,3056,52056
24-01-2018,5,17318,17655,12576,3379,50928,1106,909,1531,3546,54474
24-01-2018,6,18752,19422,12802,4022,54998,1276,1070,1750,4096,59094
24-01-2018,7,20493,21290,12949,4701,59433,1385,1185,1903,4473,63906
24-01-2018,8,20666,21251,12854,4963,59734,1403,1233,1949,4585,64319
24-01-2018,9,20430,20798,12814,4938,58980,1401,1243,1964,4608,63588
24-01-2018,10,20449,20841,12774,4950,59014,1393,1229,1955,4577,63591
24-01-2018,11,20418,20581,12700,4963,58662,1392,1194,1901,4487,63149
24-01-2018,12,20327,20237,12586,4851,58001,1411,1212,1909,4532,62533
24-01-2018,13,20272,19876,12459,4830,57437,1387,1200,1887,4474,61911
24-01-2018,14,20472,19913,12411,4748,57544,1378,1185,1872,4435,61979
24-01-2018,15,20304,20095,12639,4671,57709,1382,1181,1876,4439,62148
24-01-2018,16,20342,20573,12692,4796,58403,1385,1189,1913,4487,62890
24-01-2018,17,20386,20813,12694,5219,59112,1356,1168,1897,4421,63533
24-01-2018,18,20208,20169,12626,4990,57993,1314,1126,1842,4282,62275
24-01-2018,19,19929,19419,12360,4704,56412,1266,1087,1768,4121,60533
24-01-2018,20,19614,18863,11769,4401,54647,1195,1025,1658,3878,58525
24-01-2018,21,18813,18124,11771,4085,52793,1095,928,1486,3509,56302
24-01-2018,22,18642,17124,11503,3747,51016,1002,835,1343,3180,54196
24-01-2018,23,18015,16130,11044,3401,48590,940,765,1263,2968,51558
25-01-2018,0,17381,15661,10632,3179,46853,907,725,1216,2848,49701
25-01-2018,1,16922,15541,10385,3067,45915,882,702,1194,2778,48693
25-01-2018,2,16741,15678,10351,3029,45799,868,692,1186,2746,48545
25-01-2018,3,16345,15529,10387,3038,45299,875,703,1195,2773,48072
25-01-2018,4,16431,15783,10678,3130,46022,920,750,1266,2936,48958
25-01-2018,5,17021,16445,11434,3348,48248,1046,870,1495,3411,51659
25-01-2018,6,18121,18351,11840,3938,52250,1194,1019,1699,3912,56162
25-01-2018,7,19763,20105,11940,4628,56436,1309,1122,1822,4253,60689
25-01-2018,8,20105,20218,11615,4883,56821,1341,1160,1876,4377,61198
25-01-2018,9,19735,19959,11527,4915,56136,1336,1163,1875,4374,60510
25-01-2018,10,19549,19842,11528,4950,55869,1327,1161,1871,4359,60228
25-01-2018,11,19380,19698,11522,4912,55512,1310,1129,1846,4285,59797
25-01-2018,12,19632,19336,11512,4799,55279,1335,1148,1852,4335,59614
25-01-2018,13,19559,19322,11490,4781,55152,1331,1141,1831,4303,59455
25-01-2018,14,19571,19508,11464,4742,55285,1324,1124,1817,4265,59550
25-01-2018,15,19625,19859,11629,4666,55779,1329,1135,1810,4274,60053
25-01-2018,16,19939,20419,11808,4831,56997,1352,1143,1852,4347,61344
25-01-2018,17,20102,20608,11864,5262,57836,1322,1124,1829,4275,62111
25-01-2018,18,19806,20471,11837,5091,57205,1277,1080,1768,4125,61330
25-01-2018,19,19667,19975,11603,4753,55998,1220,1047,1708,3975,59973
25-01-2018,20,19287,19351,11099,4408,54145,1152,978,1608,3738,57883
25-01-2018,21,18984,18414,11164,4102,52664,1054,888,1450,3392,56056
25-01-2018,22,18228,17117,10858,3752,49955,964,800,1320,3084,53039
25-01-2018,23,17616,16437,10313,3468,47834,904,736,1236,2876,50710
26-01-2018,0,17026,15879,9998,3248,46151,876,704,1189,2769,48920
26-01-2018,1,16663,15531,9907,3127,45228,853,686,1154,2693,47921
26-01-2018,2,16517,15344,9880,3088,44829,846,671,1141,2658,47487
26-01-2018,3,16627,15521,9911,3100,45159,840,679,1156,2675,47834
26-01-2018,4,16755,15764,10333,3191,46043,884,724,1226,2834,48877
26-01-2018,5,17161,16556,11214,3458,48389,1012,855,1448,3315,51704
26-01-2018,6,18647,18480,11776,4113,53016,1167,1005,1652,3824,56840
26-01-2018,7,20285,20316,11945,4872,57418,1268,1109,1777,4154,61572
26-01-2018,8,20852,20503,11720,5014,58089,1294,1146,1815,4255,62344
26-01-2018,9,20711,20394,11673,4995,57773,1295,1160,1821,4276,62049
26-01-2018,10,20526,20395,11672,5065,57658,1285,1150,1813,4248,61906
26-01-2018,11,20305,20277,11624,4984,57190,1268,1121,1789,4178,61368
26-01-2018,12,19887,19933,11602,4830,56252,1286,1138,1807,4231,60483
26-01-2018,13,19841,19590,11551,4726,55708,1269,1126,1776,4171,59879
26-01-2018,14,20097,19407,11497,4597,55598,1261,1109,1743,4113,59711
26-01-2018,15,20010,19524,11698,4529,55761,1259,1108,1739,4106,59867
26-01-2018,16,20287,20071,11772,4689,56819,1276,1125,1804,4205,61024
26-01-2018,17,20651,20449,11737,5107,57944,1253,1110,1781,4144,62088
26-01-2018,18,20477,20164,11707,4887,57235,1217,1066,1698,3981,61216
26-01-2018,19,20171,19612,11520,4500,55803,1175,1037,1646,3858,59661
26-01-2018,20,19700,18531,11017,4182,53430,1121,977,1553,3651,57081
26-01-2018,21,19198,17885,11018,3909,52010,1036,887,1430,3353,55363
26-01-2018,22,18758,17081,10806,3661,50306,947,808,1320,3075,53381
26-01-2018,23,18189,16552,10246,3404,48391,890,740,1238,2868,51259
27-01-2018,0,17766,15616,9924,3193,46499,858,700,1189,2747,49246
27-01-2018,1,17485,15407,9612,3051,45555,830,680,1138,2648,48203
27-01-2018,2,17265,15264,9547,2971,45047,835,675,1125,2635,47682
27-01-2018,3,17302,15272,9626,2954,45154,832,679,1125,2636,47790
27-01-2018,4,17445,15306,9726,2980,45457,841,699,1154,2694,48151
27-01-2018,5,17618,15419,10034,3077,46148,872,748,1239,2859,49007
27-01-2018,6,17950,16423,10167,3291,47831,933,813,1360,3106,50937
27-01-2018,7,18581,17090,10443,3607,49721,988,871,1438,3297,53018
27-01-2018,8,19335,17914,10517,3907,51673,1046,924,1527,3497,55170
27-01-2018,9,19948,18668,10678,4132,53426,1090,958,1576,3624,57050
27-01-2018,10,20352,18831,10796,4211,54190,1098,968,1581,3647,57837
27-01-2018,11,20190,18771,10770,4248,53979,1094,958,1574,3626,57605
27-01-2018,12,19920,18519,10753,4120,53312,1088,941,1571,3600,56912
27-01-2018,13,19715,18055,10780,4087,52637,1081,929,1544,3554,56191
27-01-2018,14,19688,17838,10855,4025,52406,1082,915,1526,3523,55929
27-01-2018,15,19907,18131,11219,4050,53307,1108,934,1548,3590,56897
27-01-2018,16,20466,18997,11662,4208,55333,1167,997,1636,3800,59133
27-01-2018,17,20841,19580,11781,4618,56820,1152,998,1640,3790,60610
27-01-2018,18,20612,19000,11652,4471,55735,1121,970,1595,3686,59421
27-01-2018,19,20206,18334,11248,4158,53946,1085,943,1536,3564,57510
27-01-2018,20,19745,17715,10800,3900,52160,1045,901,1457,3403,55563
27-01-2018,21,19332,17231,10914,3727,51204,981,843,1336,3160,54364
27-01-2018,22,18709,16683,10738,3565,49695,918,781,1231,2930,52625
27-01-2018,23,18226,16333,10340,3357,48256,873,723,1160,2756,51012
28-01-2018,0,17707,16098,9995,3233,47033,846,691,1112,2649,49682
28-01-2018,1,17215,15727,9745,3133,45820,822,667,1082,2571,48391
28-01-2018,2,17001,15504,9714,3019,45238,814,653,1068,2535,47773
28-01-2018,3,16837,15576,9736,2971,45120,807,654,1069,2530,47650
28-01-2018,4,16734,15715,9770,2931,45150,820,669,1092,2581,47731
28-01-2018,5,16847,15953,9980,2989,45769,846,700,1158,2704,48473
28-01-2018,6,17200,16264,10102,3140,46706,894,746,1233,2873,49579
28-01-2018,7,17484,16499,10322,3388,47693,941,791,1295,3027,50720
28-01-2018,8,17965,17063,10422,3595,49045,998,859,1398,3255,52300
28-01-2018,9,18431,17711,10548,3666,50356,1055,907,1487,3449,53805
28-01-2018,10,18741,18193,10610,3745,51289,1076,930,1533,3539,54828
28-01-2018,11,18829,18368,10663,3772,51632,1076,929,1549,3554,55186
28-01-2018,12,18769,18492,10638,3758,51657,1076,928,1533,3537,55194
28-01-2018,13,18735,18541,10648,3699,51623,1078,926,1516,3520,55143
28-01-2018,14,18658,18347,10709,3689,51403,1083,923,1502,3508,54911
28-01-2018,15,18746,18461,10968,3746,51921,1123,949,1520,3592,55513
28-01-2018,16,19096,19147,11282,3903,53428,1193,1005,1637,3835,57263
28-01-2018,17,19408,19398,11343,4511,54660,1190,1004,1647,3841,58501
28-01-2018,18,19397,19410,11384,4382,54573,1170,984,1623,3777,58350
28-01-2018,19,19185,19006,11106,4105,53402,1130,963,1573,3666,57068
28-01-2018,20,18973,18582,10706,3888,52149,1079,909,1466,3454,55603
28-01-2018,21,18696,17923,10999,3663,51281,991,835,1342,3168,54449
28-01-2018,22,18211,17082,10881,3431,49605,921,763,1226,2910,52515
28-01-2018,23,17612,16452,10471,3216,47751,870,705,1139,2714,50465
29-01-2018,0,17141,15903,10162,3059,46265,843,667,1087,2597,48862
29-01-2018,1,16794,15702,10032,2904,45432,827,650,1063,2540,47972
29-01-2018,2,16648,15673,9957,2796,45074,820,647,1059,2526,47600
29-01-2018,3,16672,15675,10023,2820,45190,826,654,1072,2552,47742
29-01-2018,4,16748,16152,10439,2886,46225,869,695,1153,2717,48942
29-01-2018,5,17437,16842,11314,3169,48762,1000,817,1389,3206,51968
29-01-2018,6,19020,18585,11869,3804,53278,1163,969,1605,3737,57015
29-01-2018,7,20861,20357,11945,4441,57604,1266,1073,1729,4068,61672
29-01-2018,8,21239,20651,11828,4764,58482,1287,1117,1783,4187,62669
29-01-2018,9,20933,20701,11798,4783,58215,1285,1123,1782,4190,62405
29-01-2018,10,20867,20890,11806,4906,58469,1272,1105,1787,4164,62633
29-01-2018,11,20701,20952,11801,4853,58307,1263,1076,1774,4113,62420
29-01-2018,12,20541,20766,11724,4781,57812,1278,1098,1800,4176,61988
29-01-2018,13,20460,20712,11767,4816,57755,1269,1093,1786,4148,61903
29-01-2018,14,20432,20536,11670,4841,57479,1274,1088,1785,4147,61626
29-01-2018,15,20504,20850,11789,4765,57908,1274,1091,1781,4146,62054
29-01-2018,16,20816,21379,11958,4765,58918,1296,1118,1820,4234,63152
29-01-2018,17,20875,21862,11862,5169,59768,1273,1106,1813,4192,63960
29-01-2018,18,20877,21677,11890,5088,59532,1234,1070,1744,4048,63580
29-01-2018,19,20385,20763,11669,4627,57444,1193,1021,1690,3904,61348
29-01-2018,20,20075,19908,11146,4325,55454,1128,952,1560,3640,59094
29-01-2018,21,19738,19176,11237,4328,54479,1051,868,1394,3313,57792
29-01-2018,22,19016,18135,11043,3782,51976,959,784,1256,2999,54975
29-01-2018,23,18227,17375,10665,3685,49952,906,725,1179,2810,52762
30-01-2018,0,17919,16790,10291,3470,48470,869,688,1143,2700,51170
30-01-2018,1,17437,16582,10093,3460,47572,855,660,1117,2632,50204
30-01-2018,2,17258,16646,10044,3434,47382,847,655,1109,2611,49993
30-01-2018,3,17377,16625,10182,3549,47733,861,661,1120,2642,50375
30-01-2018,4,17572,16745,10525,3687,48529,906,699,1192,2797,51326
30-01-2018,5,18186,17381,11374,4006,50947,1036,832,1431,3299,54246
30-01-2018,6,19552,19787,11920,4427,55686,1195,981,1637,3813,59499
30-01-2018,7,21064,21668,12051,5190,59973,1295,1076,1753,4124,64097
30-01-2018,8,21519,21612,11909,5361,60401,1323,1130,1806,4259,64660
30-01-2018,9,21281,21712,11968,5454,60415,1323,1135,1802,4260,64675
30-01-2018,10,21034,21582,11977,5449,60042,1318,1122,1794,4234,64276
30-01-2018,11,20750,21374,11940,5341,59405,1301,1091,1771,4163,63568
30-01-2018,12,20579,20892,11886,5115,58472,1317,1102,1785,4204,62676
30-01-2018,13,20365,20502,11847,5187,57901,1307,1093,1768,4168,62069
30-01-2018,14,20442,20428,11866,5023,57759,1303,1085,1750,4138,61897
30-01-2018,15,20534,20700,12024,4857,58115,1299,1085,1744,4128,62243
30-01-2018,16,20819,21263,12429,5016,59527,1339,1115,1790,4244,63771
30-01-2018,17,21036,22073,12446,5506,61061,1320,1110,1791,4221,65282
30-01-2018,18,20845,21828,12466,5364,60503,1281,1068,1733,4082,64585
30-01-2018,19,20480,21012,12247,5001,58740,1235,1029,1673,3937,62677
30-01-2018,20,20205,20541,11624,4674,57044,1179,967,1577,3723,60767
30-01-2018,21,19732,19575,11605,4413,55325,1116,881,1415,3412,58737
30-01-2018,22,18789,18322,11386,4098,52595,1081,799,1280,3160,55755
30-01-2018,23,17893,17188,10933,3741,49755,936,731,1187,2854,52609
31-01-2018,0,16920,16461,10608,3506,47495,905,696,1135,2736,50231
31-01-2018,1,16937,16314,10437,3305,46993,883,674,1114,2671,49664
31-01-2018,2,16702,16133,10380,3279,46494,871,664,1116,2651,49145
31-01-2018,3,16750,16031,10468,3306,46555,885,678,1139,2702,49257
31-01-2018,4,16871,16579,10920,3377,47747,922,726,1202,2850,50597
31-01-2018,5,17410,17295,11739,3676,50120,1053,845,1428,3326,53446
31-01-2018,6,18562,19312,12225,4215,54314,1213,995,1636,3844,58158
31-01-2018,7,20145,21142,12393,4909,58589,1307,1076,1738,4121,62710
31-01-2018,8,20628,21125,12272,5059,59084,1343,1122,1789,4254,63338
31-01-2018,9,20467,20905,12256,5019,58647,1332,1121,1796,4249,62896
31-01-2018,10,20439,21056,12128,5124,58747,1313,1107,1782,4202,62949
31-01-2018,11,20366,20965,12066,5082,58479,1286,1070,1759,4115,62594
31-01-2018,12,20382,20928,11995,5020,58325,1295,1087,1775,4157,62482
31-01-2018,13,20418,21010,11991,5046,58465,1272,1084,1752,4108,62573
31-01-2018,14,20363,20991,11960,4924,58238,1278,1081,1742,4101,62339
31-01-2018,15,20443,21333,12106,4813,58695,1283,1083,1731,4097,62792
31-01-2018,16,20700,21715,12379,4837,59631,1335,1118,1777,4230,63861
31-01-2018,17,20848,22108,12506,5239,60701,1311,1116,1783,4210,64911
31-01-2018,18,20625,21617,12567,5074,59883,1276,1077,1737,4090,63973
31-01-2018,19,20445,20776,12310,4731,58262,1230,1034,1679,3943,62205
31-01-2018,20,20033,20092,11753,4430,56308,1177,973,1577,3727,60035
31-01-2018,21,19443,18960,11761,4160,54324,1077,882,1404,3363,57687
31-01-2018,22,18815,17797,11556,3862,52030,993,794,1269,3056,55086
31-01-2018,23,17961,17043,11058,3521,49583,935,730,1191,2856,52439
01-02-2018,0,17389,16260,10734,3310,47693,908,694,1151,2753,50446
01-02-2018,1,16953,16073,10572,3194,46792,887,675,1140,2702,49494
01-02-2018,2,16859,15950,10519,3157,46485,883,670,1140,2693,49178
01-02-2018,3,16862,15864,10558,3212,46496,890,682,1152,2724,49220
01-02-2018,4,16963,16255,11021,3273,47512,930,732,1214,2876,50388
01-02-2018,5,17424,17114,11907,3512,49957,1058,853,1445,3356,53313
01-02-2018,6,18852,19239,12361,4150,54602,1221,1014,1653,3888,58490
01-02-2018,7,20571,20756,12522,4892,58741,1313,1120,1781,4214,62955
01-02-2018,8,20907,20976,12422,5004,59309,1347,1158,1830,4335,63644
01-02-2018,9,20687,20995,12460,5071,59213,1333,1159,1840,4332,63545
01-02-2018,10,20656,21087,12625,5101,59469,1343,1149,1835,4327,63796
01-02-2018,11,20479,21099,12586,4983,59147,1307,1116,1804,4227,63374
01-02-2018,12,20288,21153,12473,4887,58801,1310,1123,1814,4247,63048
01-02-2018,13,19998,20581,12387,4921,57887,1294,1111,1792,4197,62084
01-02-2018,14,20101,20734,12353,4880,58068,1298,1101,1774,4173,62241
01-02-2018,15,20134,21052,12407,4749,58342,1274,1095,1756,4125,62467
01-02-2018,16,20511,21411,12724,4809,59455,1310,1121,1797,4228,63683
01-02-2018,17,20810,21918,12701,5226,60655,1296,1117,1797,4210,64865
01-02-2018,18,20733,21797,12712,5054,60296,1258,1076,1741,4075,64371
01-02-2018,19,20523,21153,12419,4767,58862,1209,1034,1682,3925,62787
01-02-2018,20,20183,20194,11840,4464,56681,1143,972,1578,3693,60374
01-02-2018,21,19780,19140,11939,4173,55032,1067,888,1425,3380,58412
01-02-2018,22,19332,18315,11657,3830,53134,969,806,1293,3068,56202
01-02-2018,23,18493,17357,11202,3493,50545,910,736,1200,2846,53391
02-02-2018,0,17962,16902,10920,3357,49141,872,696,1143,2711,51852
02-02-2018,1,17713,16574,10684,3264,48235,851,679,1114,2644,50879
02-02-2018,2,17728,16367,10617,3226,47938,845,670,1116,2631,50569
02-02-2018,3,17824,16431,10653,3264,48172,850,683,1133,2666,50838
02-02-2018,4,18010,16907,10879,3292,49088,892,727,1207,2826,51914
02-02-2018,5,18663,18071,11475,3549,51758,1019,846,1446,3311,55069
02-02-2018,6,20227,19985,11813,4221,56246,1170,1002,1657,3829,60075
02-02-2018,7,22036,21709,11913,4930,60588,1256,1098,1757,4111,64699
02-02-2018,8,22542,22299,11824,5145,61810,1295,1147,1821,4263,66073
02-02-2018,9,22539,22511,11868,5137,62055,1290,1143,1814,4247,66302
02-02-2018,10,22536,22684,11903,5190,62313,1277,1120,1799,4196,66509
02-02-2018,11,22232,22599,11802,5152,61785,1264,1077,1761,4102,65887
02-02-2018,12,21809,22373,11702,4978,60862,1281,1087,1762,4130,64992
02-02-2018,13,21505,22092,11611,4903,60111,1271,1072,1737,4080,64191
02-02-2018,14,21380,21821,11597,4727,59525,1268,1053,1722,4043,63568
02-02-2018,15,21245,21798,11610,4615,59268,1241,1054,1707,4002,63270
02-02-2018,16,21400,21778,11976,4729,59883,1292,1103,1756,4151,64034
02-02-2018,17,21925,22744,11925,5168,61762,1263,1101,1757,4121,65883
02-02-2018,18,21983,22481,12035,5054,61553,1229,1058,1703,3990,65543
02-02-2018,19,21885,21961,11840,4678,60364,1188,1027,1632,3847,64211
02-02-2018,20,21364,20985,11286,4331,57966,1125,961,1534,3620,61586
02-02-2018,21,20735,20272,11494,4080,56581,1044,880,1395,3319,59900
02-02-2018,22,20462,19297,11283,3816,54858,952,801,1277,3030,57888
02-02-2018,23,19784,18686,10864,3566,52900,906,733,1183,2822,55722
03-02-2018,0,19277,18308,10515,3377,51477,872,694,1132,2698,54175
03-02-2018,1,18859,17897,10325,3259,50340,859,675,1102,2636,52976
03-02-2018,2,18729,17769,10251,3201,49950,845,662,1089,2596,52546
03-02-2018,3,18736,17734,10258,3195,49923,843,665,1093,2601,52524
03-02-2018,4,18757,17737,10365,3224,50083,855,686,1120,2661,52744
03-02-2018,5,18901,17925,10869,3298,50993,898,729,1198,2825,53818
03-02-2018,6,19213,18646,11114,3482,52455,959,790,1288,3037,55492
03-02-2018,7,19925,19316,11328,3806,54375,1017,847,1373,3237,57612
03-02-2018,8,20573,20080,11530,4173,56356,1080,913,1468,3461,59817
03-02-2018,9,21241,20774,11720,4425,58160,1113,951,1530,3594,61754
03-02-2018,10,21577,21354,11717,4532,59180,1119,954,1553,3626,62806
03-02-2018,11,21361,21413,11685,4541,59000,1118,942,1554,3614,62614
03-02-2018,12,21096,21214,11711,4491,58512,1119,942,1544,3605,62117
03-02-2018,13,20805,20934,11677,4436,57852,1113,938,1512,3563,61415
03-02-2018,14,20652,20675,11736,4421,57484,1116,931,1489,3536,61020
03-02-2018,15,20696,20598,11921,4398,57613,1137,939,1496,3572,61185
03-02-2018,16,21071,21179,12554,4518,59322,1204,995,1579,3778,63100
03-02-2018,17,21628,21676,12777,4956,61037,1212,1010,1599,3821,64858
03-02-2018,18,21780,21271,12701,4900,60652,1185,984,1563,3732,64384
03-02-2018,19,21637,20775,12382,4534,59328,1144,950,1515,3609,62937
03-02-2018,20,21183,20181,11957,4255,57576,1103,896,1445,3444,61020
03-02-2018,21,20748,19624,12190,4020,56582,1043,829,1343,3215,59797
03-02-2018,22,20256,18840,12123,3784,55003,973,766,1242,2981,57984
03-02-2018,23,19818,18628,11732,3527,53705,923,706,1157,2786,56491
04-02-2018,0,19428,18025,11418,3288,52159,888,672,1097,2657,54816
04-02-2018,1,19128,17807,11278,3156,51369,868,651,1076,2595,53964
04-02-2018,2,19067,17487,11226,3097,50877,859,637,1067,2563,53440
04-02-2018,3,19008,17522,11216,3116,50862,858,636,1066,2560,53422
04-02-2018,4,19048,17667,11352,3129,51196,873,653,1086,2612,53808
04-02-2018,5,19231,17769,11616,3164,51780,906,688,1154,2748,54528
04-02-2018,6,19592,18257,11600,3261,52710,953,742,1209,2904,55614
04-02-2018,7,19863,18800,11687,3559,53909,992,780,1268,3040,56949
04-02-2018,8,20417,19473,11934,3859,55683,1077,857,1380,3314,58997
04-02-2018,9,20777,20180,12183,4114,57254,1121,902,1459,3482,60736
04-02-2018,10,20646,20586,12224,4232,57688,1121,921,1491,3533,61221
04-02-2018,11,20604,20796,12081,4202,57683,1119,919,1505,3543,61226
04-02-2018,12,20270,20526,11947,4159,56902,1111,919,1496,3526,60428
04-02-2018,13,20113,20243,11825,4126,56307,1105,915,1476,3496,59803
04-02-2018,14,20164,20182,11869,4156,56371,1112,908,1471,3491,59862
04-02-2018,15,20429,20455,12000,4170,57054,1131,913,1494,3538,60592
04-02-2018,16,20916,21352,12531,4305,59104,1217,986,1598,3801,62905
04-02-2018,17,21497,22578,12789,4877,61741,1240,1027,1648,3915,65656
04-02-2018,18,21580,22571,12787,4892,61830,1225,1013,1622,3860,65690
04-02-2018,19,21597,22351,12542,4584,61074,1195,994,1578,3767,64841
04-02-2018,20,21483,21744,12115,4293,59635,1145,947,1494,3586,63221
04-02-2018,21,21057,21092,12403,4057,58609,1067,872,1356,3295,61904
04-02-2018,22,20549,20255,12370,3816,56990,995,794,1235,3024,60014
04-02-2018,23,20005,19582,12016,3592,55195,945,729,1169,2843,58038
05-02-2018,0,19331,19241,11738,3409,53719,914,702,1150,2766,56485
05-02-2018,1,19087,19109,11578,3371,53145,899,683,1110,2692,55837
05-02-2018,2,18868,19086,11523,3340,52817,901,679,1109,2689,55506
05-02-2018,3,18859,19210,11617,3357,53043,916,686,1131,2733,55776
05-02-2018,4,18629,19760,12113,3468,53970,953,737,1195,2885,56855
05-02-2018,5,19187,20902,13083,3735,56907,1082,861,1458,3401,60308
05-02-2018,6,20621,23049,13583,4430,61683,1246,1021,1667,3934,65617
05-02-2018,7,22342,24883,13548,5103,65876,1330,1116,1789,4235,70111
05-02-2018,8,22660,24826,13536,5317,66339,1364,1169,1841,4374,70713
05-02-2018,9,22757,24662,13492,5341,66252,1353,1167,1834,4354,70606
05-02-2018,10,22830,24606,13410,5322,66168,1349,1156,1825,4330,70498
05-02-2018,11,22478,24113,13225,5220,65036,1321,1108,1788,4217,69253
05-02-2018,12,22331,23521,13011,5081,63944,1332,1131,1817,4280,68224
05-02-2018,13,22098,22819,12906,5084,62907,1316,1123,1791,4230,67137
05-02-2018,14,22233,22667,12828,5025,62753,1324,1119,1767,4210,66963
05-02-2018,15,22292,23100,12801,4909,63102,1323,1110,1741,4174,67276
05-02-2018,16,22393,23462,13195,4985,64035,1371,1138,1786,4295,68330
05-02-2018,17,22497,24358,13278,5558,65691,1378,1148,1829,4355,70046
05-02-2018,18,22283,24263,13286,5513,65345,1346,1106,1777,4229,69574
05-02-2018,19,22065,24036,13126,5172,64399,1311,1073,1724,4108,68507
05-02-2018,20,21731,23530,12617,4845,62723,1253,1015,1623,3891,66614
05-02-2018,21,21331,22748,12779,4515,61373,1176,928,1478,3582,64955
05-02-2018,22,20546,21865,12597,4210,59218,1081,846,1325,3252,62470
05-02-2018,23,19577,21028,12170,3893,56668,1030,771,1257,3058,59726
06-02-2018,0,18774,19944,11873,3690,54281,999,732,1219,2950,57231
06-02-2018,1,18311,19718,11669,3601,53299,991,719,1188,2898,56197
06-02-2018,2,18398,19612,11607,3563,53180,985,714,1180,2879,56059
06-02-2018,3,18414,19658,11719,3575,53366,973,731,1195,2899,56265
06-02-2018,4,18731,19871,12129,3654,54385,1012,783,1270,3065,57450
06-02-2018,5,19282,20917,13011,3910,57120,1148,907,1499,3554,60674
06-02-2018,6,20703,23006,13452,4564,61725,1294,1054,1708,4056,65781
06-02-2018,7,22420,24443,13327,5245,65435,1362,1135,1818,4315,69750
06-02-2018,8,22670,24270,13234,5416,65590,1391,1164,1864,4419,70009
06-02-2018,9,22432,24060,13149,5446,65087,1382,1174,1848,4404,69491
06-02-2018,10,22393,23859,13166,5453,64871,1361,1148,1839,4348,69219
06-02-2018,11,22086,23723,13186,5369,64364,1334,1103,1807,4244,68608
06-02-2018,12,21969,23308,13165,5231,63673,1354,1120,1828,4302,67975
06-02-2018,13,21847,23189,13181,5276,63493,1325,1114,1801,4240,67733
06-02-2018,14,21838,23346,13133,5207,63524,1328,1112,1786,4226,67750
06-02-2018,15,22012,23384,13100,5118,63614,1324,1102,1759,4185,67799
06-02-2018,16,22082,23564,13378,5154,64178,1378,1130,1779,4287,68465
06-02-2018,17,22289,24287,13440,5668,65684,1377,1150,1827,4354,70038
06-02-2018,18,22088,24159,13377,5589,65213,1342,1110,1779,4231,69444
06-02-2018,19,21913,23636,13173,5237,63959,1290,1075,1711,4076,68035
06-02-2018,20,21707,23014,12510,4931,62162,1227,1008,1605,3840,66002
06-02-2018,21,21227,22186,12552,4606,60571,1144,914,1439,3497,64068
06-02-2018,22,20312,20752,12250,4241,57555,1061,822,1310,3193,60748
06-02-2018,23,19406,19889,11757,3912,54964,995,758,1249,3002,57966
07-02-2018,0,18962,18980,11438,3685,53065,954,721,1197,2872,55937
07-02-2018,1,18502,18810,11214,3592,52118,948,702,1181,2831,54949
07-02-2018,2,18372,18867,11217,3544,52000,923,696,1164,2783,54783
07-02-2018,3,18357,18938,11312,3575,52182,931,708,1178,2817,54999
07-02-2018,4,18483,19181,11691,3646,53001,979,758,1258,2995,55996
07-02-2018,5,18940,20130,12542,3886,55498,1116,885,1472,3473,58971
07-02-2018,6,20358,22582,12906,4564,60410,1276,1030,1660,3966,64376
07-02-2018,7,22107,24022,12841,5252,64222,1346,1121,1773,4240,68462
07-02-2018,8,22559,24012,12875,5385,64831,1377,1169,1819,4365,69196
07-02-2018,9,22582,24001,12850,5331,64764,1371,1172,1810,4353,69117
07-02-2018,10,22386,23784,12818,5386,64374,1356,1154,1800,4310,68684
07-02-2018,11,22103,23462,12759,5331,63655,1358,1124,1771,4253,67908
07-02-2018,12,21789,22709,12749,5229,62476,1366,1133,1772,4271,66747
07-02-2018,13,21527,22818,12760,5216,62321,1340,1124,1758,4222,66543
07-02-2018,14,21613,22593,12774,5112,62092,1336,1110,1715,4161,66253
07-02-2018,15,21645,22664,12775,4976,62060,1314,1095,1694,4103,66163
07-02-2018,16,21782,23064,13196,4999,63041,1371,1121,1743,4235,67276
07-02-2018,17,22049,23917,13328,5511,64805,1376,1155,1821,4352,69157
07-02-2018,18,22008,23720,13392,5483,64603,1339,1118,1776,4233,68836
07-02-2018,19,21803,22881,13149,5120,62953,1295,1076,1707,4078,67031
07-02-2018,20,21494,22391,12581,4818,61284,1239,1022,1612,3873,65157
07-02-2018,21,20971,21460,12628,4525,59584,1147,930,1462,3539,63123
07-02-2018,22,20242,20289,12478,4173,57182,1047,841,1322,3210,60392
07-02-2018,23,19539,19024,11991,3870,54424,998,777,1254,3029,57453
08-02-2018,0,19077,18582,11662,3671,52992,962,737,1199,2898,55890
08-02-2018,1,18683,18476,11493,3573,52225,944,718,1184,2846,55071
08-02-2018,2,18483,18026,11362,3516,51387,936,716,1177,2829,54216
08-02-2018,3,18475,18075,11480,3543,51573,949,729,1194,2872,54445
08-02-2018,4,18654,18387,11936,3634,52611,992,780,1256,3028,55639
08-02-2018,5,19045,19095,12681,3887,54708,1116,903,1476,3495,58203
08-02-2018,6,20405,21253,13039,4585,59282,1270,1055,1674,3999,63281
08-02-2018,7,21978,22780,13037,5235,63030,1354,1159,1797,4310,67340
08-02-2018,8,22358,22599,12962,5362,63281,1396,1210,1856,4462,67743
08-02-2018,9,22186,22482,12843,5336,62847,1395,1210,1865,4470,67317
08-02-2018,10,21996,22529,12773,5334,62632,1383,1192,1858,4433,67065
08-02-2018,11,21678,22267,12680,5244,61869,1356,1150,1824,4330,66199
08-02-2018,12,21538,22050,12548,5090,61226,1370,1161,1826,4357,65583
08-02-2018,13,21441,21867,12519,5055,60882,1354,1152,1808,4314,65196
08-02-2018,14,21410,21673,12513,4940,60536,1353,1143,1782,4278,64814
08-02-2018,15,21314,21858,12388,4819,60379,1346,1136,1739,4221,64600
08-02-2018,16,21422,21963,12647,4914,60946,1397,1150,1771,4318,65264
08-02-2018,17,21700,22938,12607,5442,62687,1412,1169,1822,4403,67090
08-02-2018,18,21428,22801,12656,5416,62301,1379,1124,1773,4276,66577
08-02-2018,19,21054,22311,12439,5092,60896,1345,1086,1708,4139,65035
08-02-2018,20,20696,21452,11962,4813,58923,1285,1023,1602,3910,62833
08-02-2018,21,20272,20780,12027,4523,57602,1197,929,1459,3585,61187
08-02-2018,22,19496,19573,11739,4167,54975,1107,841,1325,3273,58248
08-02-2018,23,18771,18667,11221,3861,52520,1043,765,1258,3066,55586
09-02-2018,0,18110,18048,10903,3651,50712,1011,729,1214,2954,53666
09-02-2018,1,17699,17910,10735,3535,49879,995,711,1188,2894,52773
09-02-2018,2,17549,17764,10740,3482,49535,992,706,1184,2882,52417
09-02-2018,3,17551,17958,10831,3498,49838,1003,716,1207,2926,52764
09-02-2018,4,17655,18089,11263,3591,50598,1045,764,1281,3090,53688
09-02-2018,5,18136,18886,12173,3860,53055,1175,890,1486,3551,56606
09-02-2018,6,19443,21159,12577,4491,57670,1324,1039,1682,4045,61715
09-02-2018,7,21043,22635,12590,5150,61418,1415,1139,1810,4364,65782
09-02-2018,8,21435,22736,12657,5305,62133,1465,1193,1898,4556,66689
09-02-2018,9,21380,22628,12668,5264,61940,1456,1189,1906,4551,66491
09-02-2018,10,21233,22399,12655,5225,61512,1440,1168,1891,4499,66011
09-02-2018,11,20972,21765,12674,5091,60502,1411,1138,1850,4399,64901
09-02-2018,12,20663,21154,12593,4900,59310,1415,1140,1847,4402,63712
09-02-2018,13,20694,20922,12465,4788,58869,1383,1130,1813,4326,63195
09-02-2018,14,20767,20573,12497,4621,58458,1372,1106,1773,4251,62709
09-02-2018,15,20714,20689,12480,4573,58456,1357,1094,1724,4175,62631
09-02-2018,16,20762,21114,12788,4746,59410,1397,1114,1759,4270,63680
09-02-2018,17,21007,21861,12884,5199,60951,1417,1146,1802,4365,65316
09-02-2018,18,20968,21954,12802,5216,60940,1384,1111,1760,4255,65195
09-02-2018,19,20486,21318,12558,4829,59191,1338,1076,1695,4109,63300
09-02-2018,20,20057,20411,11973,4503,56944,1276,1019,1601,3896,60840
09-02-2018,21,19534,19487,11997,4244,55262,1199,942,1469,3610,58872
09-02-2018,22,18831,18834,11755,3974,53394,1112,872,1348,3332,56726
09-02-2018,23,18379,18229,11254,3727,51589,1054,797,1262,3113,54702
10-02-2018,0,17807,17820,10862,3535,50024,1014,754,1214,2982,53006
10-02-2018,1,17499,17553,10633,3406,49091,994,737,1189,2920,52011
10-02-2018,2,17180,17352,10533,3355,48420,983,726,1174,2883,51303
10-02-2018,3,17009,17298,10501,3349,48157,981,727,1182,2890,51047
10-02-2018,4,17033,17369,10603,3381,48386,997,752,1218,2967,51353
10-02-2018,5,17225,17568,10873,3479,49145,1055,798,1311,3164,52309
10-02-2018,6,17545,18004,11022,3655,50226,1089,856,1398,3343,53569
10-02-2018,7,18049,18901,11163,3949,52062,1138,912,1484,3534,55596
10-02-2018,8,18925,19385,11398,4242,53950,1207,982,1584,3773,57723
10-02-2018,9,19408,20057,11514,4431,55410,1231,1019,1633,3883,59293
10-02-2018,10,19757,20322,11534,4528,56141,1233,1019,1641,3893,60034
10-02-2018,11,19870,20170,11494,4472,56006,1220,1005,1627,3852,59858
10-02-2018,12,19802,20002,11364,4428,55596,1207,995,1602,3804,59400
10-02-2018,13,19497,20051,11344,4368,55260,1187,980,1563,3730,58990
10-02-2018,14,19621,19632,11374,4323,54950,1184,968,1540,3692,58642
10-02-2018,15,19570,19612,11558,4314,55054,1193,966,1536,3695,58749
10-02-2018,16,19718,20066,12067,4462,56313,1251,1010,1581,3842,60155
10-02-2018,17,20055,20786,12367,4924,58132,1275,1039,1645,3959,62091
10-02-2018,18,20040,20464,12202,4872,57578,1247,1019,1615,3881,61459
10-02-2018,19,19700,19956,11824,4455,55935,1206,988,1569,3763,59698
10-02-2018,20,19281,19326,11451,4156,54214,1156,941,1494,3591,57805
10-02-2018,21,18809,18679,11646,3946,53080,1088,875,1381,3344,56424
10-02-2018,22,18437,17697,11516,3738,51388,1031,817,1283,3131,54519
10-02-2018,23,17992,17292,11214,3515,50013,969,759,1195,2923,52936
11-02-2018,0,17590,16875,10830,3327,48622,943,725,1156,2824,51446
11-02-2018,1,17260,16565,10621,3214,47660,923,703,1141,2767,50427
11-02-2018,2,17038,16515,10522,3175,47250,920,694,1127,2741,49991
11-02-2018,3,16998,16431,10491,3111,47031,919,693,1117,2729,49760
11-02-2018,4,17143,16700,10556,3100,47499,939,713,1143,2795,50294
11-02-2018,5,17136,16765,10747,3170,47818,961,755,1212,2928,50746
11-02-2018,6,17440,17158,10805,3359,48762,990,791,1282,3063,51825
11-02-2018,7,17855,17678,10902,3583,50018,1040,839,1352,3231,53249
11-02-2018,8,18173,18223,11067,3867,51330,1110,908,1465,3483,54813
11-02-2018,9,18826,18891,11317,4086,53120,1142,947,1538,3627,56747
11-02-2018,10,19228,19431,11403,4202,54264,1148,955,1559,3662,57926
11-02-2018,11,19404,19603,11415,4265,54687,1142,950,1558,3650,58337
11-02-2018,12,19255,19684,11377,4277,54593,1137,947,1543,3627,58220
11-02-2018,13,19146,19577,11309,4205,54237,1126,940,1523,3589,57826
11-02-2018,14,19350,19692,11282,4252,54576,1127,935,1509,3571,58147
11-02-2018,15,19476,19845,11332,4252,54905,1129,940,1505,3574,58479
11-02-2018,16,19549,20190,11747,4359,55845,1221,998,1584,3803,59648
11-02-2018,17,19902,21002,11988,4746,57638,1250,1044,1659,3953,61591
11-02-2018,18,19987,21274,11961,4689,57911,1240,1032,1639,3911,61822
11-02-2018,19,19918,20860,11774,4351,56903,1205,1012,1596,3813,60716
11-02-2018,20,19548,20193,11283,4050,55074,1155,955,1510,3620,58694
11-02-2018,21,19288,19375,11543,3809,54015,1063,866,1370,3299,57314
11-02-2018,22,18815,18595,11453,3656,52519,990,787,1259,3036,55555
11-02-2018,23,18216,17967,11054,3415,50652,930,727,1172,2829,53481
12-02-2018,0,17676,17236,10695,3223,48830,903,695,1133,2731,51561
12-02-2018,1,17436,17193,10552,3147,48328,888,684,1113,2685,51013
12-02-2018,2,17386,17108,10508,3112,48114,896,674,1104,2674,50788
12-02-2018,3,17475,17192,10575,3116,48358,906,688,1119,2713,51071
12-02-2018,4,17628,17425,10963,3181,49197,946,740,1196,2882,52079
12-02-2018,5,18120,18206,11953,3344,51623,1081,867,1438,3386,55009
12-02-2018,6,19503,20155,12479,3943,56080,1228,1009,1637,3874,59954
12-02-2018,7,21151,21332,12402,4617,59502,1316,1099,1769,4184,63686
12-02-2018,8,21569,21615,12373,4972,60529,1358,1155,1828,4341,64870
12-02-2018,9,21528,21720,12382,5091,60721,1357,1156,1835,4348,65069
12-02-2018,10,21401,21906,12459,5191,60957,1330,1143,1820,4293,65250
12-02-2018,11,21257,21874,12427,5080,60638,1293,1119,1798,4210,64848
12-02-2018,12,21046,21961,12370,4952,60329,1347,1137,1825,4309,64638
12-02-2018,13,20871,21888,12377,4910,60046,1327,1131,1808,4266,64312
12-02-2018,14,20703,21604,12240,4903,59450,1333,1121,1786,4240,63690
12-02-2018,15,20704,21663,12148,4750,59265,1307,1105,1752,4164,63429
12-02-2018,16,20678,21846,12424,4723,59671,1337,1113,1747,4197,63868
12-02-2018,17,21119,22301,12447,5183,61050,1353,1139,1811,4303,65353
12-02-2018,18,21147,22018,12413,5245,60823,1316,1098,1771,4185,65008
12-02-2018,19,20893,21383,12202,4862,59340,1277,1052,1713,4042,63382
12-02-2018,20,20478,20740,11689,4493,57400,1215,988,1617,3820,61220
12-02-2018,21,20082,19907,11782,4281,56052,1132,899,1457,3488,59540
12-02-2018,22,19367,18721,11496,3978,53562,1044,808,1308,3160,56722
12-02-2018,23,18486,17463,10983,3624,50556,987,737,1229,2953,53509
13-02-2018,0,18043,17240,10634,3454,49371,946,695,1174,2815,52186
13-02-2018,1,17856,16841,10456,3380,48533,933,682,1149,2764,51297
13-02-2018,2,17807,16554,10388,3332,48081,922,670,1143,2735,50816
13-02-2018,3,17771,16551,10478,3333,48133,929,682,1157,2768,50901
13-02-2018,4,17802,16875,10843,3436,48956,967,730,1226,2923,51879
13-02-2018,5,18550,17401,11688,3676,51315,1104,862,1477,3443,54758
13-02-2018,6,20117,19546,12154,4244,56061,1240,1004,1663,3907,59968
13-02-2018,7,21606,21083,12076,4909,59674,1318,1097,1762,4177,63851
13-02-2018,8,21748,21330,12131,5109,60318,1359,1153,1824,4336,64654
13-02-2018,9,21699,21406,12086,5198,60389,1343,1146,1823,4312,64701
13-02-2018,10,21326,21366,12084,5275,60051,1333,1134,1805,4272,64323
13-02-2018,11,20896,21178,12078,5226,59378,1306,1105,1763,4174,63552
13-02-2018,12,20487,20869,11917,5111,58384,1312,1108,1775,4195,62579
13-02-2018,13,20294,20696,11764,5107,57861,1296,1096,1754,4146,62007
13-02-2018,14,20279,20737,11685,4986,57687,1304,1092,1741,4137,61824
13-02-2018,15,20329,20818,11617,4827,57591,1286,1079,1711,4076,61667
13-02-2018,16,20467,20926,11987,4823,58203,1314,1097,1721,4132,62335
13-02-2018,17,20917,21703,12078,5293,59991,1340,1148,1790,4278,64269
13-02-2018,18,20941,21871,12095,5293,60200,1295,1102,1756,4153,64353
13-02-2018,19,20743,21486,11840,5019,59088,1259,1056,1697,4012,63100
13-02-2018,20,20448,20803,11234,4713,57198,1198,994,1602,3794,60992
13-02-2018,21,20106,20051,11376,4366,55899,1118,901,1450,3469,59368
13-02-2018,22,19431,18868,11082,4050,53431,1024,806,1307,3137,56568
13-02-2018,23,18628,17961,10553,3760,50902,963,738,1223,2924,53826
14-02-2018,0,18084,17305,10167,3572,49128,927,703,1185,2815,51943
14-02-2018,1,17607,16922,10056,3492,48077,906,685,1165,2756,50833
14-02-2018,2,17356,16985,9969,3448,47758,900,678,1157,2735,50493
14-02-2018,3,17339,17099,9966,3460,47864,917,681,1169,2767,50631
14-02-2018,4,17607,17485,10333,3559,48984,958,729,1259,2946,51930
14-02-2018,5,17960,18352,11235,3799,51346,1094,865,1474,3433,54779
14-02-2018,6,19227,19970,11595,4339,55131,1241,1006,1641,3888,59019
14-02-2018,7,20868,21632,11513,4935,58948,1328,1104,1758,4190,63138
14-02-2018,8,21126,21624,11534,5130,59414,1358,1146,1818,4322,63736
14-02-2018,9,20694,21106,11464,5134,58398,1341,1143,1822,4306,62704
14-02-2018,10,20564,21078,11418,5150,58210,1321,1121,1816,4258,62468
14-02-2018,11,20361,21078,11375,5020,57834,1299,1081,1770,4150,61984
14-02-2018,12,20098,20699,11322,4883,57002,1315,1088,1782,4185,61187
14-02-2018,13,19724,20601,11276,4878,56479,1291,1075,1752,4118,60597
14-02-2018,14,19738,20193,11258,4793,55982,1286,1066,1740,4092,60074
14-02-2018,15,19809,20190,11248,4652,55899,1266,1063,1717,4046,59945
14-02-2018,16,20029,20370,11644,4657,56700,1283,1064,1709,4056,60756
14-02-2018,17,20454,21388,11871,5097,58810,1320,1112,1786,4218,63028
14-02-2018,18,20573,21383,11942,5154,59052,1295,1083,1748,4126,63178
14-02-2018,19,20365,20754,11698,4832,57649,1256,1052,1685,3993,61642
14-02-2018,20,20083,20351,11179,4526,56139,1201,989,1591,3781,59920
14-02-2018,21,19600,19253,11201,4267,54321,1122,899,1460,3481,57802
14-02-2018,22,18775,18384,11021,4003,52183,1040,811,1326,3177,55360
14-02-2018,23,17991,17324,10526,3743,49584,984,748,1225,2957,52541
15-02-2018,0,17707,17114,10169,3545,48535,950,710,1203,2863,51398
15-02-2018,1,17431,16924,10049,3481,47885,943,697,1191,2831,50716
15-02-2018,2,17271,16864,9990,3434,47559,944,693,1187,2824,50383
15-02-2018,3,17212,16784,10115,3451,47562,962,708,1198,2868,50430
15-02-2018,4,17486,17065,10541,3504,48596,1013,760,1263,3036,51632
15-02-2018,5,18000,17740,11398,3715,50853,1131,887,1468,3486,54339
15-02-2018,6,19497,19775,11921,4246,55439,1267,1026,1653,3946,59385
15-02-2018,7,20923,21719,11908,4849,59399,1360,1117,1786,4263,63662
15-02-2018,8,21297,21697,11928,5090,60012,1397,1173,1842,4412,64424
15-02-2018,9,21066,21582,11881,5111,59640,1393,1170,1836,4399,64039
15-02-2018,10,20983,21437,11850,5085,59355,1376,1144,1823,4343,63698
15-02-2018,11,20747,21262,11769,5078,58856,1344,1099,1774,4217,63073
15-02-2018,12,20613,21169,11629,4928,58339,1355,1115,1765,4235,62574
15-02-2018,13,20444,21047,11652,4926,58069,1335,1109,1736,4180,62249
15-02-2018,14,20504,20936,11656,4885,57981,1342,1100,1703,4145,62126
15-02-2018,15,20561,20683,11672,4787,57703,1322,1090,1673,4085,61788
15-02-2018,16,20688,20879,11995,4830,58392,1346,1095,1692,4133,62525
15-02-2018,17,20916,21535,12215,5190,59856,1378,1140,1768,4286,64142
15-02-2018,18,20847,21662,12264,5119,59892,1342,1105,1721,4168,64060
15-02-2018,19,20739,21117,12048,4775,58679,1314,1067,1653,4034,62713
15-02-2018,20,20609,20604,11512,4520,57245,1242,1004,1555,3801,61046
15-02-2018,21,20053,19893,11611,4285,55842,1155,905,1429,3489,59331
15-02-2018,22,19459,19024,11372,3998,53853,1070,865,1309,3244,57097
15-02-2018,23,18502,18046,10894,3712,51154,1005,743,1205,2953,54107
16-02-2018,0,18001,17476,10534,3513,49524,987,705,1154,2846,52370
16-02-2018,1,17527,17138,10389,3388,48442,968,690,1124,2782,51224
16-02-2018,2,17362,16952,10405,3318,48037,957,684,1112,2753,50790
16-02-2018,3,17332,16757,10544,3290,47923,962,700,1112,2774,50697
16-02-2018,4,17507,17306,11011,3348,49172,996,747,1137,2880,52052
16-02-2018,5,18034,18390,11934,3620,51978,1121,877,1212,3210,55188
16-02-2018,6,19359,20349,12341,4122,56171,1262,1013,1280,3555,59726
16-02-2018,7,21048,21471,12387,4665,59571,1348,1107,1359,3814,63385
16-02-2018,8,21409,21550,12491,4893,60343,1388,1153,1470,4011,64354
16-02-2018,9,21320,21607,12461,4940,60328,1374,1155,1520,4049,64377
16-02-2018,10,21222,21974,12429,4944,60569,1360,1142,1526,4028,64597
16-02-2018,11,20889,21721,12342,4848,59800,1337,1110,1527,3974,63774
16-02-2018,12,20464,21463,12211,4730,58868,1348,1125,1515,3988,62856
16-02-2018,13,20126,21252,12123,4551,58052,1324,1114,1494,3932,61984
16-02-2018,14,20093,20796,12130,4421,57440,1311,1094,1464,3869,61309
16-02-2018,15,20094,20478,12117,4280,56969,1298,1085,1455,3838,60807
16-02-2018,16,20113,20762,12373,4366,57614,1316,1092,1490,3898,61512
16-02-2018,17,20515,21366,12603,4713,59197,1350,1125,1559,4034,63231
16-02-2018,18,20588,21228,12595,4730,59141,1310,1092,1533,3935,63076
16-02-2018,19,20484,20562,12348,4464,57858,1268,1048,1507,3823,61681
16-02-2018,20,19870,19829,11844,4180,55723,1208,985,1446,3639,59362
16-02-2018,21,19310,19021,11930,3950,54211,1129,896,1339,3364,57575
16-02-2018,22,18751,18082,11745,3685,52263,1042,810,1226,3078,55341
16-02-2018,23,18299,17451,11251,3482,50483,987,742,1149,2878,53361
17-02-2018,0,17864,16466,10924,3295,48549,948,704,1108,2760,51309
17-02-2018,1,17536,16241,10774,3142,47693,932,689,1077,2698,50391
17-02-2018,2,17480,16213,10696,3084,47473,921,679,1067,2667,50140
17-02-2018,3,17462,16281,10695,3068,47506,930,681,1074,2685,50191
17-02-2018,4,17554,16301,10830,3103,47788,941,703,1099,2743,50531
17-02-2018,5,17736,16527,11132,3196,48591,989,753,1178,2920,51511
17-02-2018,6,18174,17319,11209,3369,50071,1032,800,1243,3075,53146
17-02-2018,7,18739,17766,11340,3649,51494,1095,870,1332,3297,54791
17-02-2018,8,19294,18583,11520,3961,53358,1169,941,1452,3562,56920
17-02-2018,9,19905,19062,11653,4176,54796,1189,967,1499,3655,58451
17-02-2018,10,20079,19285,11621,4250,55235,1182,963,1510,3655,58890
17-02-2018,11,19830,19155,11478,4249,54712,1173,952,1503,3628,58340
17-02-2018,12,19487,18948,11396,4166,53997,1171,947,1496,3614,57611
17-02-2018,13,19227,18639,11299,4077,53242,1156,938,1477,3571,56813
17-02-2018,14,19158,18355,11324,4009,52846,1152,925,1469,3546,56392
17-02-2018,15,19140,18449,11515,3984,53088,1145,926,1481,3552,56640
17-02-2018,16,19374,19029,12037,4116,54556,1200,960,1509,3669,58225
17-02-2018,17,19852,20021,12565,4559,56997,1262,1015,1600,3877,60874
17-02-2018,18,20126,19886,12520,4685,57217,1213,992,1572,3777,60994
17-02-2018,19,19677,19424,12089,4358,55548,1185,972,1522,3679,59227
17-02-2018,20,19218,18803,11675,4080,53776,1133,923,1445,3501,57277
17-02-2018,21,18736,18174,11904,3842,52656,1056,844,1342,3242,55898
17-02-2018,22,18402,17673,11765,3602,51442,999,778,1250,3027,54469
17-02-2018,23,17928,16946,11329,3391,49594,951,718,1170,2839,52433
18-02-2018,0,17308,16344,11025,3206,47883,919,683,1112,2714,50597
18-02-2018,1,17169,16191,10823,3095,47278,898,670,1085,2653,49931
18-02-2018,2,17013,16155,10711,3028,46907,893,660,1075,2628,49535
18-02-2018,3,17000,16124,10744,3008,46876,896,663,1075,2634,49510
18-02-2018,4,17106,16111,10869,3019,47105,911,685,1099,2695,49800
18-02-2018,5,17193,16249,11057,3084,47583,947,723,1172,2842,50425
18-02-2018,6,17506,16521,11012,3248,48287,969,759,1228,2956,51243
18-02-2018,7,17848,16925,11160,3471,49404,1023,817,1303,3143,52547
18-02-2018,8,18215,17585,11390,3733,50923,1086,881,1398,3365,54288
18-02-2018,9,18856,18384,11598,3980,52818,1121,915,1462,3498,56316
18-02-2018,10,19163,18710,11581,4058,53512,1122,921,1474,3517,57029
18-02-2018,11,19074,18822,11445,4050,53391,1121,916,1478,3515,56906
18-02-2018,12,18806,18733,11349,3971,52859,1111,908,1471,3490,56349
18-02-2018,13,18626,18573,11243,3912,52354,1100,900,1463,3463,55817
18-02-2018,14,18698,18533,11256,3913,52400,1099,900,1450,3449,55849
18-02-2018,15,18680,18636,11392,3953,52661,1111,907,1456,3474,56135
18-02-2018,16,18910,19127,11857,4076,53970,1172,948,1511,3631,57601
18-02-2018,17,19237,20325,12335,4608,56505,1245,1014,1636,3895,60400
18-02-2018,18,19503,20484,12427,4772,57186,1234,1004,1619,3857,61043
18-02-2018,19,19405,20108,12270,4469,56252,1195,982,1584,3761,60013
18-02-2018,20,19306,19534,11906,4155,54901,1147,938,1492,3577,58478
18-02-2018,21,18882,18485,12204,3898,53469,1068,854,1348,3270,56739
18-02-2018,22,18273,17882,12168,3600,51923,999,785,1237,3021,54944
18-02-2018,23,17847,17109,11803,3373,50132,949,726,1152,2827,52959
19-02-2018,0,17437,16732,11638,3226,49033,926,693,1105,2724,51757
19-02-2018,1,17274,16569,11513,3126,48482,910,685,1087,2682,51164
19-02-2018,2,17229,16500,11507,3097,48333,908,681,1083,2672,51005
19-02-2018,3,17254,16590,11665,3140,48649,919,693,1100,2712,51361
19-02-2018,4,17408,17127,12104,3203,49842,964,742,1178,2884,52726
19-02-2018,5,17987,18049,13016,3498,52550,1102,874,1404,3380,55930
19-02-2018,6,19486,20300,13239,4192,57217,1241,1008,1569,3818,61035
19-02-2018,7,20828,21512,13298,4837,60475,1335,1107,1715,4157,64632
19-02-2018,8,21257,21801,13323,5039,61420,1373,1164,1793,4330,65750
19-02-2018,9,21376,21769,13050,5072,61267,1369,1164,1810,4343,65610
19-02-2018,10,21148,21682,13004,5120,60954,1355,1138,1805,4298,65252
19-02-2018,11,20880,21687,12838,5112,60517,1336,1098,1776,4210,64727
19-02-2018,12,20653,21662,12682,5029,60026,1344,1116,1788,4248,64274
19-02-2018,13,20366,21471,12609,5055,59501,1329,1116,1762,4207,63708
19-02-2018,14,20225,21377,12507,4980,59089,1326,1105,1730,4161,63250
19-02-2018,15,20239,21396,12380,4858,58873,1307,1095,1677,4079,62952
19-02-2018,16,20264,21659,12618,4887,59428,1326,1093,1676,4095,63523
19-02-2018,17,20635,22365,12993,5276,61269,1364,1144,1780,4288,65557
19-02-2018,18,20878,22321,13002,5221,61422,1331,1105,1749,4185,65607
19-02-2018,19,20763,22001,12960,4863,60587,1292,1064,1681,4037,64624
19-02-2018,20,20514,21292,12634,4575,59015,1235,999,1589,3823,62838
19-02-2018,21,20079,20302,12774,4263,57418,1149,899,1430,3478,60896
19-02-2018,22,19397,19377,12638,3915,55327,1075,809,1287,3171,58498
19-02-2018,23,18647,18600,12234,3584,53065,1023,740,1209,2972,56037
20-02-2018,0,18055,17928,12033,3387,51403,994,703,1172,2869,54272
20-02-2018,1,17762,17733,11926,3278,50699,981,690,1150,2821,53520
20-02-2018,2,17698,17550,11950,3249,50447,983,684,1142,2809,53256
20-02-2018,3,17745,17629,12050,3255,50679,986,701,1157,2844,53523
20-02-2018,4,17939,18147,12443,3338,51867,1030,752,1235,3017,54884
20-02-2018,5,18443,19137,13247,3579,54406,1170,881,1439,3490,57896
20-02-2018,6,19786,20987,13481,4226,58480,1309,1025,1601,3935,62415
20-02-2018,7,21233,22490,13593,4841,62157,1401,1133,1748,4282,66439
20-02-2018,8,21571,22608,13614,5013,62806,1417,1176,1814,4407,67213
20-02-2018,9,21650,22546,13452,5055,62703,1402,1163,1810,4375,67078
20-02-2018,10,21542,22655,13262,5087,62546,1384,1141,1809,4334,66880
20-02-2018,11,21251,22392,13011,5001,61655,1361,1107,1782,4250,65905
20-02-2018,12,20936,22045,12755,4919,60655,1366,1124,1792,4282,64937
20-02-2018,13,20746,21892,12687,4944,60269,1346,1113,1770,4229,64498
20-02-2018,14,20619,21872,12628,4850,59969,1347,1106,1742,4195,64164
20-02-2018,15,20706,22192,12612,4724,60234,1328,1096,1709,4133,64367
20-02-2018,16,20866,22287,12821,4759,60733,1347,1098,1699,4144,64877
20-02-2018,17,21128,23093,13273,5191,62685,1406,1156,1791,4353,67038
20-02-2018,18,21084,23191,13411,5250,62936,1388,1128,1765,4281,67217
20-02-2018,19,20950,22534,13302,4925,61711,1351,1084,1706,4141,65852
20-02-2018,20,20679,21973,12833,4624,60109,1289,1032,1598,3919,64028
20-02-2018,21,20302,20963,12949,4317,58531,1211,936,1447,3594,62125
20-02-2018,22,19667,20072,12839,3977,56555,1130,855,1320,3305,59860
20-02-2018,23,18770,19282,12418,3662,54132,1082,792,1247,3121,57253
21-02-2018,0,18286,18595,12155,3480,52516,1058,765,1196,3019,55535
21-02-2018,1,18109,18275,11982,3367,51733,1052,752,1179,2983,54716
21-02-2018,2,18067,18323,12016,3336,51742,1049,752,1180,2981,54723
21-02-2018,3,17937,18447,12174,3348,51906,1059,765,1197,3021,54927
21-02-2018,4,18005,18785,12600,3429,52819,1086,810,1249,3145,55964
21-02-2018,5,18628,19502,13489,3678,55297,1233,941,1469,3643,58940
21-02-2018,6,20342,21924,13667,4314,60247,1381,1070,1632,4083,64330
21-02-2018,7,21621,23132,13726,4927,63406,1487,1179,1775,4441,67847
21-02-2018,8,21842,23181,13768,5116,63907,1496,1218,1837,4551,68458
21-02-2018,9,21853,22973,13591,5046,63463,1461,1201,1820,4482,67945
21-02-2018,10,21574,22853,13324,5027,62778,1421,1160,1810,4391,67169
21-02-2018,11,21180,22558,13153,5066,61957,1381,1112,1798,4291,66248
21-02-2018,12,20760,22218,12951,4955,60884,1391,1123,1805,4319,65203
21-02-2018,13,20546,22013,12783,4957,60299,1376,1114,1785,4275,64574
21-02-2018,14,20515,21844,12688,4892,59939,1364,1102,1750,4216,64155
21-02-2018,15,20429,22093,12663,4999,60184,1355,1092,1715,4162,64346
21-02-2018,16,20647,22500,12968,4824,60939,1369,1087,1712,4168,65107
21-02-2018,17,20905,23272,13508,5224,62909,1440,1156,1819,4415,67324
21-02-2018,18,20968,23470,13628,5276,63342,1424,1139,1807,4370,67712
21-02-2018,19,20748,23062,13439,4921,62170,1385,1103,1761,4249,66419
21-02-2018,20,20540,22593,12904,4636,60673,1330,1049,1654,4033,64706
21-02-2018,21,20171,21581,13042,4305,59099,1240,958,1510,3708,62807
21-02-2018,22,19484,20608,12889,3935,56916,1169,872,1398,3439,60355
21-02-2018,23,18845,19786,12506,3652,54789,1121,808,1330,3259,58048
22-02-2018,0,18196,19215,12258,3435,53104,1101,781,1275,3157,56261
22-02-2018,1,17880,19065,12210,3327,52482,1099,772,1258,3129,55611
22-02-2018,2,17866,18955,12179,3287,52287,1091,775,1252,3118,55405
22-02-2018,3,17838,18956,12386,3298,52478,1098,787,1268,3153,55631
22-02-2018,4,17941,19410,12796,3390,53537,1127,833,1331,3291,56828
22-02-2018,5,18833,20080,13648,3653,56214,1235,963,1542,3740,59954
22-02-2018,6,20282,22303,13786,4319,60690,1392,1090,1704,4186,64876
22-02-2018,7,21450,23548,13785,4924,63707,1488,1186,1847,4521,68228
22-02-2018,8,22136,23459,13782,5112,64489,1504,1234,1914,4652,69141
22-02-2018,9,21854,23159,13665,5108,63786,1470,1225,1894,4589,68375
22-02-2018,10,21510,22798,13395,5180,62883,1428,1182,1849,4459,67342
22-02-2018,11,20823,22506,13218,5146,61693,1398,1131,1814,4343,66036
22-02-2018,12,20726,21947,13021,5027,60721,1408,1139,1818,4365,65086
22-02-2018,13,20500,21516,12875,4980,59871,1383,1123,1796,4302,64173
22-02-2018,14,20278,21434,12753,4889,59354,1368,1108,1762,4238,63592
22-02-2018,15,20305,21785,12679,4756,59525,1350,1095,1731,4176,63701
22-02-2018,16,20422,21636,12882,4719,59659,1360,1091,1722,4173,63832
22-02-2018,17,20719,22461,13423,5071,61674,1424,1166,1831,4421,66095
22-02-2018,18,21045,22725,13595,5269,62634,1407,1146,1825,4378,67012
22-02-2018,19,21021,22559,13401,4991,61972,1377,1100,1763,4240,66212
22-02-2018,20,20798,21979,12972,4668,60417,1319,1049,1677,4045,64462
22-02-2018,21,20372,20999,13135,4364,58870,1230,963,1543,3736,62606
22-02-2018,22,19766,20020,12900,4058,56744,1147,876,1420,3443,60187
22-02-2018,23,19055,19058,12534,3744,54391,1086,809,1355,3250,57641
23-02-2018,0,18490,18326,12297,3550,52663,1057,779,1316,3152,55815
23-02-2018,1,18209,18172,12152,3441,51974,1044,764,1292,3100,55074
23-02-2018,2,18085,18088,12118,3413,51704,1050,760,1292,3102,54806
23-02-2018,3,18055,17975,12275,3441,51746,1058,773,1307,3138,54884
23-02-2018,4,18232,18241,12703,3557,52733,1096,826,1364,3286,56019
23-02-2018,5,18747,19472,13522,3804,55545,1213,955,1568,3736,59281
23-02-2018,6,20070,21438,13688,4475,59671,1322,1079,1725,4126,63797
23-02-2018,7,21382,22458,13713,5025,62578,1417,1190,1878,4485,67063
23-02-2018,8,21836,22793,13668,5191,63488,1445,1252,1954,4651,68139
23-02-2018,9,21897,22754,13528,5176,63355,1425,1225,1934,4584,67939
23-02-2018,10,21709,22791,13383,5197,63080,1390,1193,1901,4484,67564
23-02-2018,11,21285,22500,13246,5093,62124,1350,1146,1867,4363,66487
23-02-2018,12,20966,22260,12997,4937,61160,1327,1150,1857,4334,65494
23-02-2018,13,20495,21693,12859,4781,59828,1296,1145,1829,4270,64098
23-02-2018,14,20209,21464,12771,4569,59013,1278,1132,1774,4184,63197
23-02-2018,15,20028,21331,12642,4426,58427,1272,1130,1745,4147,62574
23-02-2018,16,20067,21468,12871,4496,58902,1288,1121,1750,4159,63061
23-02-2018,17,20398,22252,13390,4871,60911,1338,1160,1834,4332,65243
23-02-2018,18,20718,22626,13484,5072,61900,1312,1132,1821,4265,66165
23-02-2018,19,20547,22124,13221,4720,60612,1275,1092,1761,4128,64740
23-02-2018,20,20072,21337,12807,4344,58560,1226,1027,1674,3927,62487
23-02-2018,21,19384,20239,12955,3994,56572,1159,949,1523,3631,60203
23-02-2018,22,18816,19732,12882,3763,55193,1105,867,1408,3380,58573
23-02-2018,23,18240,19165,12538,3538,53481,1059,800,1336,3195,56676
24-02-2018,0,17718,18564,12332,3356,51970,1018,761,1297,3076,55046
24-02-2018,1,17649,18672,12214,3234,51769,1014,742,1259,3015,54784
24-02-2018,2,17465,18701,12174,3160,51500,1010,738,1246,2994,54494
24-02-2018,3,17408,18591,12220,3159,51378,1030,748,1244,3022,54400
24-02-2018,4,17565,18753,12369,3180,51867,1051,776,1266,3093,54960
24-02-2018,5,17829,19134,12759,3259,52981,1099,828,1346,3273,56254
24-02-2018,6,18390,19723,12656,3453,54222,1131,878,1411,3420,57642
24-02-2018,7,18839,20154,12864,3734,55591,1190,965,1524,3679,59270
24-02-2018,8,19364,20672,13053,4061,57150,1239,1023,1623,3885,61035
24-02-2018,9,19937,21159,13158,4068,58322,1240,1039,1655,3934,62256
24-02-2018,10,20132,20969,12946,4147,58194,1213,1030,1666,3909,62103
24-02-2018,11,19887,20453,12641,3926,56907,1195,1012,1659,3866,60773
24-02-2018,12,19790,20107,12439,3853,56189,1185,1004,1633,3822,60011
24-02-2018,13,19729,19915,12261,3925,55830,1173,992,1585,3750,59580
24-02-2018,14,19538,19784,12307,3953,55582,1170,976,1540,3686,59268
24-02-2018,15,19536,19759,12500,3926,55721,1174,971,1540,3685,59406
24-02-2018,16,19735,20129,12799,4042,56705,1199,990,1564,3753,60458
24-02-2018,17,20198,21220,13432,4551,59401,1262,1058,1674,3994,63395
24-02-2018,18,20522,21555,13459,4774,60310,1250,1052,1687,3989,64299
24-02-2018,19,20125,21081,13045,4482,58733,1215,1033,1645,3893,62626
24-02-2018,20,19692,20748,12563,4209,57212,1188,984,1574,3746,60958
24-02-2018,21,19247,20067,12690,3991,55995,1145,912,1458,3515,59510
24-02-2018,22,18864,19688,12600,3770,54922,1084,849,1364,3297,58219
24-02-2018,23,18481,19145,12209,3565,53400,1045,795,1296,3136,56536
25-02-2018,0,18039,18708,11895,3404,52046,1015,765,1267,3047,55093
25-02-2018,1,17786,18654,11755,3286,51481,1006,751,1235,2992,54473
25-02-2018,2,17770,18680,11679,3225,51354,997,746,1230,2973,54327
25-02-2018,3,17739,18727,11603,3215,51284,994,746,1240,2980,54264
25-02-2018,4,17799,18865,11634,3242,51540,1007,771,1260,3038,54578
25-02-2018,5,18006,19161,11810,3309,52286,1043,817,1332,3192,55478
25-02-2018,6,18393,19585,11602,3477,53057,1059,856,1371,3286,56343
25-02-2018,7,18787,20131,11752,3677,54347,1131,939,1476,3546,57893
25-02-2018,8,19103,20497,11887,3958,55445,1205,997,1559,3761,59206
25-02-2018,9,19634,21165,12092,4166,57057,1224,999,1592,3815,60872
25-02-2018,10,19790,21122,12164,4226,57302,1217,988,1598,3803,61105
25-02-2018,11,19553,20898,11992,4209,56652,1208,982,1592,3782,60434
25-02-2018,12,19324,20518,11885,4193,55920,1195,975,1576,3746,59666
25-02-2018,13,19115,20011,11771,4123,55020,1191,965,1547,3703,58723
25-02-2018,14,19166,19869,11680,4081,54796,1189,965,1529,3683,58479
25-02-2018,15,19246,19790,11633,4049,54718,1195,957,1533,3685,58403
25-02-2018,16,19521,20302,11837,4192,55852,1231,981,1574,3786,59638
25-02-2018,17,19913,21163,12366,4715,58157,1299,1068,1704,4071,62228
25-02-2018,18,20803,22016,12469,4976,60264,1290,1074,1738,4102,64366
25-02-2018,19,20854,21965,12262,4695,59776,1260,1054,1697,4011,63787
25-02-2018,20,20730,21613,11816,4344,58503,1222,1006,1629,3857,62360
25-02-2018,21,20339,20853,12063,4083,57338,1150,924,1474,3548,60886
25-02-2018,22,19936,20144,11968,3797,55845,1085,856,1361,3302,59147
25-02-2018,23,19305,19788,11623,3624,54340,1043,797,1287,3127,57467
26-02-2018,0,19103,19477,11363,3530,53473,1019,768,1248,3035,56508
26-02-2018,1,18913,19623,11232,3477,53245,1010,765,1232,3007,56252
26-02-2018,2,18809,19596,11189,3444,53038,1007,778,1235,3020,56058
26-02-2018,3,18934,19538,11324,3461,53257,1028,785,1252,3065,56322
26-02-2018,4,19191,19843,11743,3543,54320,1068,822,1333,3223,57543
26-02-2018,5,19841,20504,12603,3775,56723,1184,947,1595,3726,60449
26-02-2018,6,21409,22693,12644,4432,61178,1304,1058,1763,4125,65303
26-02-2018,7,23027,24293,12793,4989,65102,1430,1170,1915,4515,69617
26-02-2018,8,23604,24477,12904,5151,66136,1477,1216,1976,4669,70805
26-02-2018,9,23328,24348,12895,5143,65714,1472,1204,1938,4614,70328
26-02-2018,10,23034,24042,12960,5122,65158,1458,1175,1919,4552,69710
26-02-2018,11,22524,23567,12820,5046,63957,1439,1139,1888,4466,68423
26-02-2018,12,21896,23106,12366,4907,62275,1457,1154,1890,4501,66776
26-02-2018,13,21333,22766,12489,4906,61494,1437,1153,1866,4456,65950
26-02-2018,14,21222,22781,12671,4817,61491,1433,1142,1848,4423,65914
26-02-2018,15,21110,22519,12639,4746,61014,1406,1126,1818,4350,65364
26-02-2018,16,21193,22490,12781,4781,61245,1399,1116,1802,4317,65562
26-02-2018,17,21383,23492,13152,5217,63244,1458,1174,1900,4532,67776
26-02-2018,18,21809,23689,13289,5392,64179,1435,1164,1899,4498,68677
26-02-2018,19,21776,23462,13120,5085,63443,1396,1125,1837,4358,67801
26-02-2018,20,21599,22654,12557,4782,61592,1342,1053,1737,4132,65724
26-02-2018,21,21111,21809,12645,4495,60060,1261,956,1569,3786,63846
26-02-2018,22,20652,21119,12457,4141,58369,1175,871,1431,3477,61846
26-02-2018,23,20035,20328,12080,3820,56263,1118,800,1354,3272,59535
27-02-2018,0,19453,19865,11880,3656,54854,1097,771,1308,3176,58030
27-02-2018,1,19106,19464,11804,3553,53927,1082,760,1295,3137,57064
27-02-2018,2,19183,19294,11858,3497,53832,1077,754,1299,3130,56962
27-02-2018,3,19176,19564,12018,3535,54293,1092,770,1315,3177,57470
27-02-2018,4,19323,20003,12447,3614,55387,1126,818,1383,3327,58714
27-02-2018,5,19658,21078,13415,3876,58027,1249,944,1622,3815,61842
27-02-2018,6,21118,23481,13476,4557,62632,1351,1053,1796,4200,66832
27-02-2018,7,22673,24576,13608,5112,65969,1468,1162,1924,4554,70523
27-02-2018,8,22958,24804,13808,5276,66846,1506,1209,1969,4684,71530
27-02-2018,9,22726,24575,13752,5292,66345,1500,1205,1950,4655,71000
27-02-2018,10,22491,24497,13622,5337,65947,1487,1186,1933,4606,70553
27-02-2018,11,22166,24340,13424,5336,65266,1467,1144,1910,4521,69787
27-02-2018,12,21904,24211,13283,5215,64613,1481,1157,1920,4558,69171
27-02-2018,13,21844,24126,13233,5230,64433,1453,1151,1888,4492,68925
27-02-2018,14,21856,23959,13235,5161,64211,1450,1135,1866,4451,68662
27-02-2018,15,21830,24170,13171,5008,64179,1437,1120,1838,4395,68574
27-02-2018,16,22076,24386,13298,5036,64796,1446,1109,1816,4371,69167
27-02-2018,17,22376,25152,13833,5414,66775,1509,1181,1911,4601,71376
27-02-2018,18,22759,25499,13990,5528,67776,1488,1180,1910,4578,72354
27-02-2018,19,22676,25331,13887,5269,67163,1452,1130,1851,4433,71596
27-02-2018,20,22430,24860,13379,5015,65684,1393,1061,1744,4198,69882
27-02-2018,21,22123,24079,13497,4719,64418,1298,965,1583,3846,68264
27-02-2018,22,21797,23150,13365,4420,62732,1223,880,1454,3557,66289
27-02-2018,23,20896,22492,13018,4065,60471,1169,822,1374,3365,63836
28-02-2018,0,20718,21612,12780,3919,59029,1132,782,1340,3254,62283
28-02-2018,1,20421,21879,12676,3763,58739,1123,774,1318,3215,61954
28-02-2018,2,20293,21832,12705,3787,58617,1120,766,1312,3198,61815
28-02-2018,3,20294,21936,12896,3736,58862,1129,783,1321,3233,62095
28-02-2018,4,20371,22428,13237,3836,59872,1175,829,1397,3401,63273
28-02-2018,5,20660,23279,13883,4082,61904,1326,960,1632,3918,65822
28-02-2018,6,22277,25294,13920,4652,66143,1403,1079,1794,4276,70419
28-02-2018,7,23404,26373,14000,5206,68983,1520,1190,1933,4643,73626
28-02-2018,8,23882,26558,14062,5401,69903,1549,1245,1984,4778,74681
28-02-2018,9,23708,26279,13804,5434,69225,1536,1237,1977,4750,73975
28-02-2018,10,23392,26011,13663,5573,68639,1514,1214,1965,4693,73332
28-02-2018,11,23067,25518,13561,5501,67647,1490,1181,1946,4617,72264
28-02-2018,12,22693,24945,13398,5323,66359,1509,1184,1943,4636,70995
28-02-2018,13,22446,24693,13292,5312,65743,1473,1185,1917,4575,70318
28-02-2018,14,22329,24209,13216,5296,65050,1463,1172,1885,4520,69570
28-02-2018,15,22177,24064,13103,5159,64503,1429,1157,1851,4437,68940
28-02-2018,16,22369,24243,13223,5154,64989,1442,1143,1832,4417,69406
28-02-2018,17,22507,25415,13740,5483,67145,1503,1207,1919,4629,71774
28-02-2018,18,22856,25836,13966,5643,68301,1499,1192,1922,4613,72914
28-02-2018,19,22865,25404,13778,5418,67465,1452,1149,1883,4484,71949
28-02-2018,20,22710,24744,13315,5126,65895,1390,1078,1779,4247,70142
28-02-2018,21,22315,24025,13379,4812,64531,1300,985,1623,3908,68439
28-02-2018,22,21829,22891,13224,4446,62390,1214,892,1462,3568,65958
28-02-2018,23,21093,22070,12799,4116,60078,1156,828,1377,3361,63439
01-03-2018,0,20578,21019,12519,3990,58106,1127,787,1325,3239,61345
01-03-2018,1,20346,20934,12448,3863,57591,1118,774,1308,3200,60791
01-03-2018,2,20294,21107,12434,3858,57693,1113,765,1299,3177,60870
01-03-2018,3,20197,21216,12606,3858,57877,1121,776,1319,3216,61093
01-03-2018,4,20328,21437,13045,3897,58707,1165,826,1392,3383,62090
01-03-2018,5,20779,22135,13782,4105,60801,1264,959,1621,3844,64645
01-03-2018,6,22207,23896,13810,4774,64687,1371,1077,1780,4228,68915
01-03-2018,7,23650,24746,13798,5365,67559,1493,1183,1919,4595,72154
01-03-2018,8,24108,24974,13699,5537,68318,1532,1226,1969,4727,73045
01-03-2018,9,24010,24800,13521,5541,67872,1507,1224,1951,4682,72554
01-03-2018,10,23616,24361,13292,5610,66879,1481,1205,1941,4627,71506
01-03-2018,11,23152,23916,13174,5565,65807,1448,1172,1919,4539,70346
01-03-2018,12,22880,23479,12951,5387,64697,1440,1187,1943,4570,69267
01-03-2018,13,22461,23064,12844,5288,63657,1407,1175,1927,4509,68166
01-03-2018,14,22266,22724,12717,5183,62890,1397,1163,1908,4468,67358
01-03-2018,15,21925,22837,12623,5059,62444,1385,1160,1875,4420,66864
01-03-2018,16,22074,22827,12711,5095,62707,1388,1147,1834,4369,67076
01-03-2018,17,22229,23624,13151,5390,64394,1453,1203,1905,4561,68955
01-03-2018,18,22736,24109,13405,5549,65799,1450,1180,1898,4528,70327
01-03-2018,19,22650,23889,13305,5306,65150,1400,1131,1856,4387,69537
01-03-2018,20,22530,23185,12903,5011,63629,1344,1066,1756,4166,67795
01-03-2018,21,22125,22168,13116,4730,62139,1262,973,1567,3802,65941
01-03-2018,22,21582,21194,12982,4331,60089,1190,881,1429,3500,63589
01-03-2018,23,21028,20399,12624,3975,58026,1133,811,1358,3302,61328
02-03-2018,0,20504,20105,12367,3810,56786,1097,774,1306,3177,59963
02-03-2018,1,20295,20135,12243,3702,56375,1083,754,1280,3117,59492
02-03-2018,2,20178,20117,12220,3697,56212,1076,747,1274,3097,59309
02-03-2018,3,20158,20204,12370,3729,56461,1082,762,1286,3130,59591
02-03-2018,4,20126,20545,12762,3826,57259,1125,813,1352,3290,60549
02-03-2018,5,20580,21284,13503,4067,59434,1240,931,1584,3755,63189
02-03-2018,6,22108,22981,13526,4685,63300,1326,1039,1735,4100,67400
02-03-2018,7,23384,24353,13661,5195,66593,1430,1147,1868,4445,71038
02-03-2018,8,23650,24412,13592,5400,67054,1468,1189,1918,4575,71629
02-03-2018,9,23730,24269,13323,5396,66718,1456,1175,1899,4530,71248
02-03-2018,10,23510,24048,13030,5521,66109,1426,1152,1881,4459,70568
02-03-2018,11,22711,23717,12766,5527,64721,1400,1124,1847,4371,69092
02-03-2018,12,22490,23280,12709,5336,63815,1398,1126,1840,4364,68179
02-03-2018,13,22321,22963,12602,5299,63185,1366,1115,1813,4294,67479
02-03-2018,14,22110,22425,12574,5124,62233,1351,1097,1769,4217,66450
02-03-2018,15,21805,22409,12557,4973,61744,1330,1085,1740,4155,65899
02-03-2018,16,21822,22513,12669,4953,61957,1328,1073,1731,4132,66089
02-03-2018,17,21983,23056,13085,5219,63343,1383,1130,1810,4323,67666
02-03-2018,18,22382,23472,13218,5337,64409,1374,1123,1828,4325,68734
02-03-2018,19,22170,23008,13026,4978,63182,1333,1085,1757,4175,67357
02-03-2018,20,21537,22080,12659,4689,60965,1276,1024,1667,3967,64932
02-03-2018,21,20942,21286,12760,4407,59395,1184,936,1544,3664,63059
02-03-2018,22,20508,20668,12601,4168,57945,1102,855,1427,3384,61329
02-03-2018,23,19730,19984,12196,3946,55856,1045,788,1361,3194,59050
03-03-2018,0,19391,18980,11935,3777,54083,1011,752,1321,3084,57167
03-03-2018,1,19061,18634,11781,3668,53144,988,735,1294,3017,56161
03-03-2018,2,18920,18600,11641,3602,52763,980,729,1292,3001,55764
03-03-2018,3,18872,18654,11704,3588,52818,980,736,1299,3015,55833
03-03-2018,4,18909,18862,11876,3586,53233,992,764,1337,3093,56326
03-03-2018,5,19138,19082,12224,3651,54095,1033,813,1408,3254,57349
03-03-2018,6,19546,19863,12049,3842,55300,1062,866,1481,3409,58709
03-03-2018,7,19956,20242,12362,4117,56677,1139,957,1621,3717,60394
03-03-2018,8,20651,20957,12573,4441,58622,1199,1008,1720,3927,62549
03-03-2018,9,21181,21518,12508,4594,59801,1217,1004,1736,3957,63758
03-03-2018,10,21422,21425,12307,4620,59774,1206,987,1704,3897,63671
03-03-2018,11,21255,21193,12026,4586,59060,1176,969,1686,3831,62891
03-03-2018,12,20995,20921,11865,4525,58306,1156,961,1656,3773,62079
03-03-2018,13,20715,20336,11803,4411,57265,1140,948,1613,3701,60966
03-03-2018,14,20523,19909,11823,4381,56636,1128,936,1581,3645,60281
03-03-2018,15,20470,20166,11917,4319,56872,1138,935,1574,3647,60519
03-03-2018,16,20616,20521,12189,4435,57761,1170,943,1567,3680,61441
03-03-2018,17,20963,21218,12848,4777,59806,1244,1013,1661,3918,63724
03-03-2018,18,21397,21914,12934,5008,61253,1246,1032,1713,3991,65244
03-03-2018,19,21276,21312,12634,4698,59920,1204,1005,1664,3873,63793
03-03-2018,20,20737,20678,12222,4398,58035,1167,957,1552,3676,61711
03-03-2018,21,20262,19921,12410,4174,56767,1106,884,1441,3431,60198
03-03-2018,22,19791,19426,12297,3939,55453,1057,823,1361,3241,58694
03-03-2018,23,19181,18831,12017,3719,53748,1017,769,1286,3072,56820
04-03-2018,0,18804,18281,11731,3572,52388,989,736,1220,2945,55333
04-03-2018,1,18622,18141,11542,3475,51780,988,721,1202,2911,54691
04-03-2018,2,18522,18045,11527,3412,51506,986,715,1205,2906,54412
04-03-2018,3,18535,18084,11551,3405,51575,991,723,1209,2923,54498
04-03-2018,4,18561,18141,11670,3408,51780,1012,747,1237,2996,54776
04-03-2018,5,18607,18369,11893,3445,52314,1045,780,1295,3120,55434
04-03-2018,6,18878,18641,11606,3602,52727,1068,814,1339,3221,55948
04-03-2018,7,19059,19047,11803,3844,53753,1123,896,1449,3468,57221
04-03-2018,8,19595,19433,11976,4116,55120,1186,951,1530,3667,58787
04-03-2018,9,20075,19989,12031,4291,56386,1188,963,1558,3709,60095
04-03-2018,10,20117,20023,11924,4353,56417,1154,954,1558,3666,60083
04-03-2018,11,19815,19951,11755,4269,55790,1144,937,1549,3630,59420
04-03-2018,12,19504,19627,11546,4219,54896,1123,923,1527,3573,58469
04-03-2018,13,19216,19582,11408,4136,54342,1111,913,1503,3527,57869
04-03-2018,14,19111,19528,11435,4095,54169,1113,905,1490,3508,57677
04-03-2018,15,19181,19614,11471,4107,54373,1126,912,1490,3528,57901
04-03-2018,16,19362,19798,11664,4254,55078,1165,929,1516,3610,58688
04-03-2018,17,19736,20621,12158,4657,57172,1262,1004,1642,3908,61080
04-03-2018,18,20358,21237,12362,4882,58839,1282,1028,1710,4020,62859
04-03-2018,19,20477,21159,12192,4643,58471,1249,1014,1676,3939,62410
04-03-2018,20,20307,20573,11811,4322,57013,1202,953,1574,3729,60742
04-03-2018,21,20025,19770,12136,4051,55982,1129,869,1414,3412,59394
04-03-2018,22,19529,18946,12161,3774,54410,1071,796,1301,3168,57578
04-03-2018,23,18957,18396,11880,3537,52770,1032,741,1254,3027,55797
05-03-2018,0,18445,18209,11681,3411,51746,1014,717,1212,2943,54689
05-03-2018,1,18316,18162,11589,3341,51408,1010,706,1206,2922,54330
05-03-2018,2,18187,18047,11543,3309,51086,1013,706,1210,2929,54015
05-03-2018,3,18231,18065,11729,3293,51318,1032,725,1232,2989,54307
05-03-2018,4,18433,18303,12210,3390,52336,1082,777,1318,3177,55513
05-03-2018,5,18952,19512,13119,3662,55245,1188,906,1565,3659,58904
05-03-2018,6,20443,21291,13255,4288,59277,1305,1033,1735,4073,63350
05-03-2018,7,22199,22344,13371,4910,62824,1426,1154,1900,4480,67304
05-03-2018,8,22652,22630,13354,5187,63823,1437,1196,1958,4591,68414
05-03-2018,9,22523,22521,13125,4870,63039,1419,1171,1924,4514,67553
05-03-2018,10,22313,22504,12891,5115,62823,1387,1139,1887,4413,67236
05-03-2018,11,22098,22540,12692,5356,62686,1335,1104,1841,4280,66966
05-03-2018,12,21886,22373,12514,5294,62067,1350,1114,1826,4290,66357
05-03-2018,13,21551,22147,12464,5253,61415,1332,1099,1794,4225,65640
05-03-2018,14,21506,21955,12466,5196,61123,1330,1082,1774,4186,65309
05-03-2018,15,21477,21879,12432,5038,60826,1312,1068,1747,4127,64953
05-03-2018,16,21532,22016,12466,5038,61052,1288,1051,1718,4057,65109
05-03-2018,17,21576,22548,12803,5394,62321,1355,1108,1806,4269,66590
05-03-2018,18,21813,22854,12967,5438,63072,1365,1106,1829,4300,67372
05-03-2018,19,21767,22559,12715,5147,62188,1320,1067,1763,4150,66338
05-03-2018,20,21531,21682,12241,4781,60235,1271,1001,1658,3930,64165
05-03-2018,21,21042,20635,12462,4469,58608,1184,911,1485,3580,62188
05-03-2018,22,20256,19745,12321,4077,56399,1095,822,1346,3263,59662
05-03-2018,23,19499,18696,11907,3760,53862,1050,759,1284,3093,56955
06-03-2018,0,18942,17839,11660,3549,51990,1020,723,1226,2969,54959
06-03-2018,1,18595,17698,11513,3465,51271,1009,704,1202,2915,54186
06-03-2018,2,18400,17486,11459,3424,50769,1003,701,1202,2906,53675
06-03-2018,3,18440,17440,11609,3463,50952,1013,713,1221,2947,53899
06-03-2018,4,18632,17804,12014,3552,52002,1046,757,1274,3077,55079
06-03-2018,5,19420,18678,12815,3811,54724,1170,878,1507,3555,58279
06-03-2018,6,20925,20722,12862,4461,58970,1286,987,1667,3940,62910
06-03-2018,7,22283,22078,12960,4994,62315,1385,1102,1802,4289,66604
06-03-2018,8,22580,22071,13010,5181,62842,1421,1145,1842,4408,67250
06-03-2018,9,22340,21847,12931,5188,62306,1404,1136,1843,4383,66689
06-03-2018,10,22025,21630,12740,5199,61594,1384,1116,1814,4314,65908
06-03-2018,11,21784,21591,12579,5107,61061,1359,1078,1776,4213,65274
06-03-2018,12,21684,21432,12478,4959,60553,1369,1090,1771,4230,64783
06-03-2018,13,21498,21150,12423,4905,59976,1346,1078,1743,4167,64143
06-03-2018,14,21289,20941,12369,4815,59414,1333,1063,1711,4107,63521
06-03-2018,15,21302,21037,12276,4670,59285,1309,1044,1668,4021,63306
06-03-2018,16,21237,20912,12384,4682,59215,1302,1029,1651,3982,63197
06-03-2018,17,21223,21659,12701,5054,60637,1356,1086,1736,4178,64815
06-03-2018,18,21461,22042,12901,5178,61582,1360,1091,1788,4239,65821
06-03-2018,19,21439,21931,12671,4983,61024,1319,1059,1730,4108,65132
06-03-2018,20,21215,21088,12188,4634,59125,1268,998,1625,3891,63016
06-03-2018,21,20672,20028,12288,4333,57321,1179,908,1461,3548,60869
06-03-2018,22,20003,19030,12197,3994,55224,1088,824,1322,3234,58458
06-03-2018,23,19135,18176,11814,3659,52784,1034,760,1249,3043,55827
07-03-2018,0,18577,17568,11549,3504,51198,1007,729,1206,2942,54140
07-03-2018,1,18237,17493,11330,3392,50452,991,710,1198,2899,53351
07-03-2018,2,18063,17301,11290,3351,50005,994,708,1188,2890,52895
07-03-2018,3,18065,17309,11466,3379,50219,1010,721,1211,2942,53161
07-03-2018,4,18125,17814,11853,3463,51255,1051,768,1271,3090,54345
07-03-2018,5,18708,18904,12654,3751,54017,1179,890,1492,3561,57578
07-03-2018,6,20178,20666,12688,4385,57917,1298,1011,1660,3969,61886
07-03-2018,7,21655,21901,12790,4907,61253,1387,1117,1788,4292,65545
07-03-2018,8,21993,22156,12887,5128,62164,1405,1166,1846,4417,66581
07-03-2018,9,21775,21952,12720,5037,61484,1378,1155,1834,4367,65851
07-03-2018,10,21449,21811,12673,5101,61034,1358,1122,1826,4306,65340
07-03-2018,11,21315,21367,12489,5127,60298,1320,1092,1798,4210,64508
07-03-2018,12,20984,21065,12359,5087,59495,1331,1100,1814,4245,63740
07-03-2018,13,20797,20983,12236,5073,59089,1309,1093,1807,4209,63298
07-03-2018,14,20762,21086,12064,5001,58913,1296,1087,1788,4171,63084
07-03-2018,15,20840,21233,12065,4914,59052,1289,1079,1744,4112,63164
07-03-2018,16,20959,21151,12154,4975,59239,1267,1059,1734,4060,63299
07-03-2018,17,21485,21756,12591,5284,61116,1303,1111,1801,4215,65331
07-03-2018,18,21157,22134,12829,5353,61473,1346,1102,1822,4270,65743
07-03-2018,19,21146,22041,12651,5115,60953,1321,1070,1753,4144,65097
07-03-2018,20,20687,21349,12095,4778,58909,1272,1008,1651,3931,62840
07-03-2018,21,20236,20366,12172,4426,57200,1169,921,1485,3575,60775
07-03-2018,22,19490,19155,12132,4076,54853,1086,840,1348,3274,58127
07-03-2018,23,18493,18421,11763,3751,52428,1024,772,1269,3065,55493
08-03-2018,0,18097,17663,11481,3561,50802,992,734,1204,2930,53732
08-03-2018,1,17742,17546,11339,3481,50108,975,716,1192,2883,52991
08-03-2018,2,17573,17484,11301,3467,49825,964,707,1189,2860,52685
08-03-2018,3,17610,17561,11443,3464,50078,976,715,1203,2894,52972
08-03-2018,4,17793,17647,11840,3538,50818,1007,764,1278,3049,53867
08-03-2018,5,18272,18607,12559,3796,53234,1094,884,1488,3466,56700
08-03-2018,6,19770,20099,12712,4417,56998,1229,998,1642,3869,60867
08-03-2018,7,21231,21556,12891,4991,60669,1337,1098,1787,4222,64891
08-03-2018,8,21646,21825,12993,5224,61688,1411,1150,1840,4401,66089
08-03-2018,9,21499,21885,12907,5221,61512,1400,1146,1846,4392,65904
08-03-2018,10,21382,21933,12815,5267,61397,1394,1133,1839,4366,65763
08-03-2018,11,21065,21752,12721,5210,60748,1343,1097,1804,4244,64992
08-03-2018,12,20837,21544,12577,5106,60064,1366,1112,1810,4288,64352
08-03-2018,13,20760,21456,12556,5051,59823,1346,1104,1794,4244,64067
08-03-2018,14,20418,21319,12453,5003,59193,1343,1089,1773,4205,63398
08-03-2018,15,20434,21351,12276,4911,58972,1319,1081,1729,4129,63101
08-03-2018,16,20635,21441,12269,4941,59286,1315,1056,1694,4065,63351
08-03-2018,17,20723,21703,12599,5244,60269,1354,1092,1740,4186,64455
08-03-2018,18,20977,21811,12806,5304,60898,1356,1088,1752,4196,65094
08-03-2018,19,20893,21848,12553,5025,60319,1303,1052,1703,4058,64377
08-03-2018,20,20501,21070,12005,4713,58289,1240,990,1607,3837,62126
08-03-2018,21,20051,20139,11986,4414,56590,1157,902,1445,3504,60094
08-03-2018,22,19395,18978,11739,4053,54165,1073,816,1286,3175,57340
08-03-2018,23,18531,18091,11332,3747,51701,1022,755,1211,2988,54689
09-03-2018,0,18029,17336,10974,3542,49881,985,713,1172,2870,52751
09-03-2018,1,17773,17163,10808,3439,49183,970,691,1147,2808,51991
09-03-2018,2,17648,16922,10762,3409,48741,962,683,1144,2789,51530
09-03-2018,3,17647,16886,10781,3413,48727,969,700,1159,2828,51555
09-03-2018,4,17840,17159,11133,3474,49606,1010,746,1220,2976,52582
09-03-2018,5,18423,18037,11932,3706,52098,1110,855,1435,3400,55498
09-03-2018,6,19890,19852,12042,4316,56100,1216,967,1603,3786,59886
09-03-2018,7,21352,21133,12233,4859,59577,1325,1079,1750,4154,63731
09-03-2018,8,21761,21529,12344,5099,60733,1368,1126,1775,4269,65002
09-03-2018,9,21438,21498,12346,5135,60417,1356,1126,1776,4258,64675
09-03-2018,10,21126,21343,12277,5230,59976,1341,1105,1750,4196,64172
09-03-2018,11,20586,21251,12217,5164,59218,1313,1074,1712,4099,63317
09-03-2018,12,20487,20989,12100,5009,58585,1328,1092,1700,4120,62705
09-03-2018,13,20193,20813,11977,4861,57844,1312,1076,1670,4058,61902
09-03-2018,14,20204,20423,11864,4732,57223,1292,1068,1640,4000,61223
09-03-2018,15,19959,20404,11858,4670,56891,1263,1051,1614,3928,60819
09-03-2018,16,19979,20544,11954,4767,57244,1250,1030,1617,3897,61141
09-03-2018,17,19999,21125,12190,5045,58359,1284,1068,1676,4028,62387
09-03-2018,18,20488,21615,12337,5144,59584,1284,1067,1700,4051,63635
09-03-2018,19,20549,21150,12034,4884,58617,1243,1031,1643,3917,62534
09-03-2018,20,20215,20349,11531,4546,56641,1193,967,1537,3697,60338
09-03-2018,21,19670,19588,11567,4241,55066,1113,887,1399,3399,58465
09-03-2018,22,19153,18585,11278,3967,52983,1032,813,1281,3126,56109
09-03-2018,23,18670,17959,10811,3710,51150,975,744,1203,2922,54072
10-03-2018,0,17987,17189,10485,3491,49152,926,697,1137,2760,51912
10-03-2018,1,17732,17127,10254,3380,48493,912,678,1115,2705,51198
10-03-2018,2,17443,16921,10133,3322,47819,901,668,1100,2669,50488
10-03-2018,3,17545,16894,10074,3315,47828,898,670,1103,2671,50499
10-03-2018,4,17635,16995,10184,3327,48141,913,690,1132,2735,50876
10-03-2018,5,17915,17375,10419,3416,49125,943,730,1185,2858,51983
10-03-2018,6,18160,17739,10298,3599,49796,972,777,1261,3010,52806
10-03-2018,7,18652,18358,10584,3865,51459,1060,859,1396,3315,54774
10-03-2018,8,19322,19162,10842,4129,53455,1126,922,1494,3542,56997
10-03-2018,9,19816,19627,11013,4284,54740,1147,952,1531,3630,58370
10-03-2018,10,19952,19601,11029,4344,54926,1134,951,1538,3623,58549
10-03-2018,11,19663,19534,10999,4276,54472,1134,938,1526,3598,58070
10-03-2018,12,19235,19094,10902,4146,53377,1131,938,1508,3577,56954
10-03-2018,13,19018,18878,10879,4090,52865,1115,927,1477,3519,56384
10-03-2018,14,18783,18760,10892,4032,52467,1108,918,1458,3484,55951
10-03-2018,15,18585,18707,10975,4047,52314,1109,912,1452,3473,55787
10-03-2018,16,18626,18931,11197,4167,52921,1128,910,1464,3502,56423
10-03-2018,17,18981,19679,11627,4496,54783,1171,951,1526,3648,58431
10-03-2018,18,19696,20228,11782,4716,56422,1185,971,1568,3724,60146
10-03-2018,19,19825,20071,11345,4497,55738,1144,946,1520,3610,59348
10-03-2018,20,19253,19185,10903,4194,53535,1098,895,1440,3433,56968
10-03-2018,21,18807,18443,11036,3984,52270,1026,834,1302,3162,55432
10-03-2018,22,18452,17881,10887,3754,50974,969,772,1213,2954,53928
10-03-2018,23,18159,17410,10468,3548,49585,921,713,1139,2773,52358
11-03-2018,0,17771,16778,10191,3362,48102,884,682,1097,2663,50765
11-03-2018,1,17484,16894,10002,3274,47654,870,663,1073,2606,50260
11-03-2018,2,17343,16861,9899,3218,47321,861,657,1058,2576,49897
11-03-2018,3,17327,16919,9911,3221,47378,862,656,1057,2575,49953
11-03-2018,4,17324,16966,9962,3251,47503,871,679,1083,2633,50136
11-03-2018,5,17468,16939,10101,3303,47811,890,697,1125,2712,50523
11-03-2018,6,17635,17148,9955,3458,48196,913,731,1166,2810,51006
11-03-2018,7,17819,17402,10160,3672,49053,984,805,1272,3061,52114
11-03-2018,8,18566,18030,10361,3999,50956,1053,864,1370,3287,54243
11-03-2018,9,19249,18605,10506,4247,52607,1075,888,1414,3377,55984
11-03-2018,10,19427,18847,10576,4343,53193,1073,887,1422,3382,56575
11-03-2018,11,19362,18898,10582,4358,53200,1060,879,1427,3366,56566
11-03-2018,12,19279,18797,10473,4320,52869,1044,868,1416,3328,56197
11-03-2018,13,19322,18772,10423,4242,52759,1036,868,1408,3312,56071
11-03-2018,14,19304,18615,10435,4200,52554,1046,864,1398,3308,55862
11-03-2018,15,19327,18649,10415,4167,52558,1057,870,1406,3333,55891
11-03-2018,16,19406,18959,10530,4264,53159,1086,881,1433,3400,56559
11-03-2018,17,19657,19592,10970,4615,54834,1152,939,1518,3609,58443
11-03-2018,18,20019,20238,11313,4755,56325,1187,969,1568,3724,60049
11-03-2018,19,20050,19960,11127,4502,55639,1150,949,1530,3629,59268
11-03-2018,20,19915,19351,10736,4238,54240,1094,896,1441,3431,57671
11-03-2018,21,19656,18737,11033,4004,53430,1030,820,1294,3144,56574
11-03-2018,22,19197,17878,10924,3692,51691,952,749,1190,2891,54582
11-03-2018,23,18524,17269,10561,3473,49827,905,685,1113,2703,52530
12-03-2018,0,17937,16985,10308,3317,48547,888,659,1073,2620,51167
12-03-2018,1,17581,16806,10101,3270,47758,877,644,1055,2576,50334
12-03-2018,2,17498,16673,10095,3240,47506,875,641,1051,2567,50073
12-03-2018,3,17465,16770,10245,3245,47725,878,652,1069,2599,50324
12-03-2018,4,17588,17125,10604,3344,48661,923,695,1135,2753,51414
12-03-2018,5,18228,17727,11292,3613,50860,1038,798,1369,3205,54065
12-03-2018,6,19672,19559,11659,4223,55113,1165,901,1525,3591,58704
12-03-2018,7,21211,20839,11860,4831,58741,1270,1029,1659,3958,62699
12-03-2018,8,21456,21412,11919,5076,59863,1307,1092,1708,4107,63970
12-03-2018,9,21273,21489,11883,5102,59747,1292,1097,1702,4091,63838
12-03-2018,10,21009,21241,11830,5147,59227,1288,1079,1697,4064,63291
12-03-2018,11,20729,21233,11734,5126,58822,1282,1043,1686,4011,62833
12-03-2018,12,20538,20780,11609,5042,57969,1303,1053,1704,4060,62029
12-03-2018,13,20278,20680,11608,5042,57608,1281,1034,1693,4008,61616
12-03-2018,14,20062,20580,11623,4983,57248,1272,1024,1692,3988,61236
12-03-2018,15,20026,20426,11424,4845,56721,1252,1013,1666,3931,60652
12-03-2018,16,20081,20388,11525,4875,56869,1241,990,1647,3878,60747
12-03-2018,17,20083,20763,11767,5210,57823,1272,1034,1690,3996,61819
12-03-2018,18,20247,21358,11986,5220,58811,1272,1036,1689,3997,62808
12-03-2018,19,20396,20968,11797,4921,58082,1243,1005,1633,3881,61963
12-03-2018,20,20092,19995,11302,4604,55993,1171,945,1523,3639,59632
12-03-2018,21,19532,18989,11458,4293,54272,1070,856,1373,3299,57571
12-03-2018,22,18865,17986,11187,3940,51978,973,766,1224,2963,54941
12-03-2018,23,18031,17045,10652,3665,49393,923,705,1152,2780,52173
13-03-2018,0,17542,16225,10345,3444,47556,899,670,1124,2693,50249
13-03-2018,1,17252,16170,10093,3362,46877,885,650,1093,2628,49505
13-03-2018,2,17100,16319,10002,3336,46757,872,640,1102,2614,49371
13-03-2018,3,17099,16343,10060,3348,46850,877,650,1110,2637,49487
13-03-2018,4,17360,16692,10444,3431,47927,915,687,1170,2772,50699
13-03-2018,5,17925,17302,11082,3669,49978,1027,792,1386,3205,53183
13-03-2018,6,19365,19230,11272,4273,54140,1153,903,1539,3595,57735
13-03-2018,7,20816,20747,11432,4834,57829,1264,1029,1698,3991,61820
13-03-2018,8,21181,20977,11477,5116,58751,1285,1086,1753,4124,62875
13-03-2018,9,20829,20978,11467,5143,58417,1267,1097,1765,4129,62546
13-03-2018,10,20264,21069,11469,5494,58296,1279,1099,1764,4142,62438
13-03-2018,11,19854,21231,11429,5190,57704,1263,1068,1749,4080,61784
13-03-2018,12,19543,20798,11384,5091,56816,1279,1086,1754,4119,60935
13-03-2018,13,19241,20758,11374,5107,56480,1270,1083,1726,4079,60559
13-03-2018,14,19191,20442,11325,5044,56002,1265,1067,1720,4052,60054
13-03-2018,15,19121,20474,11298,4904,55797,1241,1051,1682,3974,59771
13-03-2018,16,19299,20659,11308,4879,56145,1233,1019,1648,3900,60045
13-03-2018,17,19435,21268,11611,5182,57496,1267,1036,1687,3990,61486
13-03-2018,18,19756,21585,11822,5202,58365,1256,1039,1709,4004,62369
13-03-2018,19,20073,21468,11620,5001,58162,1222,1000,1643,3865,62027
13-03-2018,20,19831,20574,11105,4635,56145,1156,956,1531,3643,59788
13-03-2018,21,19458,19667,11189,4340,54654,1070,840,1369,3279,57933
13-03-2018,22,18810,18613,10957,3963,52343,976,755,1237,2968,55311
13-03-2018,23,18126,17683,10440,3659,49908,912,694,1158,2764,52672
14-03-2018,0,17719,17123,10130,3503,48475,890,661,1103,2654,51129
14-03-2018,1,17510,17140,9966,3389,48005,876,649,1087,2612,50617
14-03-2018,2,17470,16912,9941,3378,47701,876,647,1082,2605,50306
14-03-2018,3,17581,16852,10067,3407,47907,883,660,1092,2635,50542
14-03-2018,4,17768,17074,10475,3473,48790,930,703,1163,2796,51586
14-03-2018,5,18356,17972,11224,3727,51279,1047,799,1379,3225,54504
14-03-2018,6,19743,19903,11452,4325,55423,1174,924,1544,3642,59065
14-03-2018,7,21232,21335,11728,4879,59174,1274,1044,1674,3992,63166
14-03-2018,8,21409,21557,11870,5096,59932,1321,1096,1731,4148,64080
14-03-2018,9,21037,21641,11826,5104,59608,1313,1099,1748,4160,63768
14-03-2018,10,20461,21622,11805,5163,59051,1302,1090,1755,4147,63198
14-03-2018,11,19974,21342,11721,5137,58174,1297,1066,1727,4090,62264
14-03-2018,12,19480,20719,11573,5044,56816,1322,1098,1756,4176,60992
14-03-2018,13,19214,20412,11599,5066,56291,1307,1089,1742,4138,60429
14-03-2018,14,19190,20129,11586,5006,55911,1297,1080,1724,4101,60012
14-03-2018,15,19115,20071,11543,4903,55632,1260,1056,1677,3993,59625
14-03-2018,16,19269,20272,11567,4912,56020,1247,1030,1626,3903,59923
14-03-2018,17,19407,20794,11809,5196,57206,1275,1058,1665,3998,61204
14-03-2018,18,19787,21269,12299,5232,58587,1293,1063,1707,4063,62650
14-03-2018,19,20154,21252,12120,5014,58540,1257,1032,1649,3938,62478
14-03-2018,20,19903,20757,11625,4658,56943,1184,973,1548,3705,60648
14-03-2018,21,19406,19940,11670,4316,55332,1092,879,1403,3374,58706
14-03-2018,22,18743,19168,11440,3990,53341,1002,793,1253,3048,56389
14-03-2018,23,18269,18553,10967,3711,51500,944,722,1169,2835,54335
15-03-2018,0,17696,17976,10723,3494,49889,917,683,1128,2728,52617
15-03-2018,1,17478,17941,10621,3419,49459,903,668,1110,2681,52140
15-03-2018,2,17449,17852,10608,3373,49282,895,657,1103,2655,51937
15-03-2018,3,17514,17805,10808,3351,49478,909,671,1116,2696,52174
15-03-2018,4,17738,18192,11221,3444,50595,946,716,1186,2848,53443
15-03-2018,5,18218,19058,11876,3782,52934,1053,812,1398,3263,56197
15-03-2018,6,19597,21307,12175,4415,57494,1181,932,1568,3681,61175
15-03-2018,7,21075,23136,12225,4957,61393,1277,1051,1714,4042,65435
15-03-2018,8,21293,22036,12327,5210,60866,1304,1104,1762,4170,65036
15-03-2018,9,21037,21894,12240,5190,60361,1285,1100,1764,4149,64510
15-03-2018,10,20612,21649,12102,5305,59668,1281,1087,1764,4132,63800
15-03-2018,11,20131,21378,12031,5305,58845,1266,1057,1736,4059,62904
15-03-2018,12,19787,21133,11921,5246,58087,1285,1072,1744,4101,62188
15-03-2018,13,19555,20900,11792,5239,57486,1273,1056,1719,4048,61534
15-03-2018,14,19571,20702,11794,5165,57232,1264,1052,1689,4005,61237
15-03-2018,15,19652,20957,11759,5001,57369,1250,1037,1658,3945,61314
15-03-2018,16,19698,20974,11856,5045,57573,1239,1015,1630,3884,61457
15-03-2018,17,19978,21308,12130,5301,58717,1277,1049,1670,3996,62713
15-03-2018,18,20235,22063,12575,5357,60230,1308,1080,1730,4118,64348
15-03-2018,19,20539,22148,12405,5198,60290,1282,1051,1693,4026,64316
15-03-2018,20,20442,21690,11981,4880,58993,1216,985,1595,3796,62789
15-03-2018,21,20200,21058,12083,4570,57911,1137,902,1428,3467,61378
15-03-2018,22,19669,19983,11916,4230,55798,1051,820,1284,3155,58953
15-03-2018,23,18936,19522,11606,3895,53959,993,751,1208,2952,56911
16-03-2018,0,18367,18882,11396,3716,52361,968,716,1162,2846,55207
16-03-2018,1,18187,18882,11351,3641,52061,955,696,1138,2789,54850
16-03-2018,2,18237,19083,11368,3598,52286,950,691,1133,2774,55060
16-03-2018,3,18410,19260,11510,3631,52811,958,707,1152,2817,55628
16-03-2018,4,18701,19632,11962,3697,53992,1003,753,1223,2979,56971
16-03-2018,5,19303,20236,12654,3956,56149,1097,842,1422,3361,59510
16-03-2018,6,20817,22129,12941,4544,60431,1215,958,1579,3752,64183
16-03-2018,7,22273,23526,13062,5034,63895,1314,1067,1714,4095,67990
16-03-2018,8,22663,23425,12986,5301,64375,1340,1109,1771,4220,68595
16-03-2018,9,22179,23032,12831,5330,63372,1318,1120,1772,4210,67582
16-03-2018,10,21499,22450,12534,5358,61841,1297,1116,1759,4172,66013
16-03-2018,11,21043,22031,12274,5245,60593,1293,1080,1744,4117,64710
16-03-2018,12,20675,21608,12150,5098,59531,1309,1096,1768,4173,63704
16-03-2018,13,20298,21327,12036,4972,58633,1283,1083,1740,4106,62739
16-03-2018,14,20057,20898,11931,4812,57698,1264,1065,1706,4035,61733
16-03-2018,15,19815,20767,11854,4710,57146,1245,1044,1674,3963,61109
16-03-2018,16,19774,20823,12011,4762,57370,1239,1023,1655,3917,61287
16-03-2018,17,20037,21559,12171,5047,58814,1269,1048,1671,3988,62802
16-03-2018,18,20616,22437,12660,5175,60888,1317,1088,1733,4138,65026
16-03-2018,19,21166,22301,12460,5009,60936,1278,1061,1688,4027,64963
16-03-2018,20,20983,21331,11956,4715,58985,1213,994,1593,3800,62785
16-03-2018,21,20438,20587,12124,4442,57591,1131,906,1432,3469,61060
16-03-2018,22,19911,19793,11989,4171,55864,1058,832,1341,3231,59095
16-03-2018,23,19510,19285,11673,3940,54408,1008,766,1263,3037,57445
17-03-2018,0,19116,19137,11512,3816,53581,970,723,1195,2888,56469
17-03-2018,1,18941,19004,11402,3654,53001,954,709,1168,2831,55832
17-03-2018,2,18727,18989,11369,3612,52697,946,702,1166,2814,55511
17-03-2018,3,18656,18917,11471,3589,52633,948,706,1168,2822,55455
17-03-2018,4,19104,19072,11634,3626,53436,966,730,1191,2887,56323
17-03-2018,5,19225,19116,11723,3702,53766,982,754,1235,2971,56737
17-03-2018,6,19570,19719,11661,3854,54804,1039,813,1331,3183,57987
17-03-2018,7,20052,20086,11829,4126,56093,1096,892,1437,3425,59518
17-03-2018,8,20551,20501,11840,4368,57260,1133,939,1521,3593,60853
17-03-2018,9,20646,20631,11773,4512,57562,1140,954,1551,3645,61207
17-03-2018,10,20572,20499,11629,4617,57317,1130,956,1554,3640,60957
17-03-2018,11,20287,20241,11442,4562,56532,1123,947,1542,3612,60144
17-03-2018,12,19789,19673,11288,4478,55228,1110,941,1519,3570,58798
17-03-2018,13,19301,19106,11131,4366,53904,1093,933,1483,3509,57413
17-03-2018,14,18994,18894,11164,4315,53367,1078,918,1453,3449,56816
17-03-2018,15,18796,18993,11268,4263,53320,1079,912,1443,3434,56754
17-03-2018,16,18921,19196,11508,4327,53952,1103,913,1452,3468,57420
17-03-2018,17,19202,19613,11862,4645,55322,1144,940,1491,3575,58897
17-03-2018,18,20025,20505,12250,4827,57607,1194,996,1590,3780,61387
17-03-2018,19,19982,20549,12026,4685,57242,1166,980,1551,3697,60939
17-03-2018,20,19974,20016,11507,4449,55946,1117,928,1477,3522,59468
17-03-2018,21,19677,19687,11607,4265,55236,1053,857,1374,3284,58520
17-03-2018,22,19275,19073,11476,4023,53847,996,795,1315,3106,56953
17-03-2018,23,19003,18860,11166,3827,52856,954,744,1248,2946,55802
18-03-2018,0,18665,18231,10839,3682,51417,924,714,1204,2842,54259
18-03-2018,1,18559,18455,10653,3649,51316,910,696,1182,2788,54104
18-03-2018,2,18540,18553,10497,3557,51147,901,691,1172,2764,53911
18-03-2018,3,18602,18745,10438,3513,51298,905,698,1174,2777,54075
18-03-2018,4,18713,18920,10415,3485,51533,920,718,1201,2839,54372
18-03-2018,5,18911,19002,10403,3586,51902,914,718,1222,2854,54756
18-03-2018,6,19130,19079,10323,3711,52243,959,768,1253,2980,55223
18-03-2018,7,19433,19446,10584,3936,53399,1012,835,1351,3198,56597
18-03-2018,8,19680,19404,10720,4167,53971,1060,889,1419,3368,57339
18-03-2018,9,19830,19284,10739,4256,54109,1073,907,1448,3428,57537
18-03-2018,10,19710,19280,10663,4269,53922,1061,903,1447,3411,57333
18-03-2018,11,19493,18916,10508,4214,53131,1048,888,1437,3373,56504
18-03-2018,12,19082,18371,10386,4166,52005,1039,876,1426,3341,55346
18-03-2018,13,18810,18021,10344,4058,51233,1034,873,1404,3311,54544
18-03-2018,14,18493,17771,10390,4004,50658,1032,865,1372,3269,53927
18-03-2018,15,18372,17751,10354,3955,50432,1040,865,1373,3278,53710
18-03-2018,16,18346,18083,10623,4021,51073,1073,873,1400,3346,54419
18-03-2018,17,18711,18684,10930,4389,52714,1112,909,1458,3479,56193
18-03-2018,18,19266,19736,11535,4665,55202,1194,987,1584,3765,58967
18-03-2018,19,19617,20118,11363,4655,55753,1162,988,1561,3711,59464
18-03-2018,20,19544,19666,10847,4378,54435,1107,935,1475,3517,57952
18-03-2018,21,19388,18796,11045,4143,53372,1021,853,1336,3210,56582
18-03-2018,22,18990,18158,10897,3836,51881,946,772,1251,2969,54850
18-03-2018,23,18374,17539,10514,3636,50063,904,711,1175,2790,52853
19-03-2018,0,18014,17126,10206,3504,48850,887,686,1139,2712,51562
19-03-2018,1,17579,17185,10012,3433,48209,874,673,1107,2654,50863
19-03-2018,2,17476,17386,9976,3430,48268,866,670,1118,2654,50922
19-03-2018,3,17531,17390,10099,3478,48498,870,675,1121,2666,51164
19-03-2018,4,17723,17952,10502,3602,49779,910,713,1196,2819,52598
19-03-2018,5,18497,18714,11128,3863,52202,1017,820,1407,3244,55446
19-03-2018,6,19722,20819,11428,4448,56417,1159,951,1570,3680,60097
19-03-2018,7,21335,21818,11669,4923,59745,1269,1063,1699,4031,63776
19-03-2018,8,21725,21310,11619,5062,59716,1294,1107,1731,4132,63848
19-03-2018,9,21365,20990,11543,5041,58939,1289,1097,1731,4117,63056
19-03-2018,10,20942,20588,11557,5086,58173,1272,1090,1715,4077,62250
19-03-2018,11,20492,20435,11512,5022,57461,1247,1056,1690,3993,61454
19-03-2018,12,19908,20129,11424,4883,56344,1256,1073,1701,4030,60374
19-03-2018,13,19651,19963,11394,4850,55858,1252,1067,1685,4004,59862
19-03-2018,14,19541,19778,11271,4720,55310,1259,1054,1656,3969,59279
19-03-2018,15,19468,20085,11256,4568,55377,1241,1040,1619,3900,59277
19-03-2018,16,19345,20140,11272,4593,55350,1243,1014,1589,3846,59196
19-03-2018,17,19204,20750,11338,4900,56192,1268,1035,1630,3933,60125
19-03-2018,18,19422,21058,11828,4959,57267,1297,1068,1715,4080,61347
19-03-2018,19,19951,21139,11673,4881,57644,1250,1032,1673,3955,61599
19-03-2018,20,19906,20470,11164,4544,56084,1189,970,1560,3719,59803
19-03-2018,21,19395,19635,11263,4258,54551,1091,873,1391,3355,57906
19-03-2018,22,18825,18634,10986,3884,52329,1009,789,1272,3070,55399
19-03-2018,23,17892,17673,10555,3649,49769,963,725,1208,2896,52665
20-03-2018,0,17197,17084,10319,3421,48021,936,693,1155,2784,50805
20-03-2018,1,16980,17076,10236,3384,47676,919,680,1136,2735,50411
20-03-2018,2,17124,16920,10216,3283,47543,908,678,1134,2720,50263
20-03-2018,3,17072,16955,10316,3376,47719,904,691,1147,2742,50461
20-03-2018,4,17482,17341,10641,3453,48917,936,727,1217,2880,51797
20-03-2018,5,18138,18273,11226,3707,51344,1035,833,1404,3272,54616
20-03-2018,6,19331,20046,11680,4233,55290,1167,968,1579,3714,59004
20-03-2018,7,20792,21207,11948,4683,58630,1268,1081,1724,4073,62703
20-03-2018,8,20869,21247,11952,4857,58925,1307,1124,1768,4199,63124
20-03-2018,9,20251,20594,11754,4806,57405,1303,1115,1745,4163,61568
20-03-2018,10,19798,20132,11621,4876,56427,1291,1091,1728,4110,60537
20-03-2018,11,19213,19777,11606,4832,55428,1263,1050,1698,4011,59439
20-03-2018,12,18794,19396,11594,4705,54489,1276,1063,1715,4054,58543
20-03-2018,13,18372,19135,11573,4699,53779,1258,1058,1695,4011,57790
20-03-2018,14,18559,19104,11547,4613,53823,1255,1051,1673,3979,57802
20-03-2018,15,18633,18952,11536,4457,53578,1244,1042,1632,3918,57496
20-03-2018,16,18650,19137,11611,4451,53849,1239,1015,1612,3866,57715
20-03-2018,17,18851,19810,11783,4763,55207,1249,1032,1622,3903,59110
20-03-2018,18,19160,20313,12376,4879,56728,1291,1055,1709,4055,60783
20-03-2018,19,19524,20699,12413,4859,57495,1254,1038,1671,3963,61458
20-03-2018,20,19424,19970,11885,4608,55887,1201,971,1557,3729,59616
20-03-2018,21,19120,19408,12001,4297,54826,1121,873,1394,3388,58214
20-03-2018,22,18534,18336,11784,3981,52635,1029,786,1274,3089,55724
20-03-2018,23,17760,17855,11428,3662,50705,976,725,1199,2900,53605
21-03-2018,0,17214,17610,11217,3483,49524,950,699,1140,2789,52313
21-03-2018,1,16857,17283,11059,3406,48605,944,683,1120,2747,51352
21-03-2018,2,16695,17259,10973,3376,48303,947,675,1114,2736,51039
21-03-2018,3,16770,17219,11194,3390,48573,960,683,1131,2774,51347
21-03-2018,4,17051,17241,11652,3460,49404,1008,733,1202,2943,52347
21-03-2018,5,17433,17977,12326,3728,51464,1110,837,1393,3340,54804
21-03-2018,6,18829,19898,12576,4290,55593,1242,968,1569,3779,59372
21-03-2018,7,20329,21117,12567,4873,58886,1336,1080,1702,4118,63004
21-03-2018,8,20312,20812,12488,5013,58625,1346,1123,1748,4217,62842
21-03-2018,9,19909,20202,12260,4974,57345,1328,1114,1743,4185,61530
21-03-2018,10,19404,19710,12135,5027,56276,1299,1095,1735,4129,60405
21-03-2018,11,19154,19204,12049,4998,55405,1272,1060,1700,4032,59437
21-03-2018,12,18990,18588,11889,4903,54370,1296,1073,1711,4080,58450
21-03-2018,13,18772,18514,11810,4855,53951,1250,1065,1685,4000,57951
21-03-2018,14,18903,18256,11683,4729,53571,1245,1047,1664,3956,57527
21-03-2018,15,18987,18398,11678,4666,53729,1228,1046,1635,3909,57638
21-03-2018,16,18961,18759,11698,4753,54171,1229,1013,1588,3830,58001
21-03-2018,17,19205,19268,11723,5057,55253,1239,1029,1628,3896,59149
21-03-2018,18,19366,19744,12124,5083,56317,1285,1076,1723,4084,60401
21-03-2018,19,19489,19807,12030,4916,56242,1252,1040,1685,3977,60219
21-03-2018,20,19276,19136,11466,4620,54498,1195,977,1568,3740,58238
21-03-2018,21,18877,18211,11454,4330,52872,1101,882,1406,3389,56261
21-03-2018,22,18159,17557,11280,3990,50986,1005,789,1275,3069,54055
21-03-2018,23,17335,16867,10798,3739,48739,952,721,1192,2865,51604
22-03-2018,0,16923,16651,10515,3566,47655,927,692,1151,2770,50425
22-03-2018,1,16720,16347,10309,3510,46886,911,673,1123,2707,49593
22-03-2018,2,16502,16142,10254,3440,46338,907,669,1119,2695,49033
22-03-2018,3,16516,16021,10302,3425,46264,915,681,1127,2723,48987
22-03-2018,4,16604,16372,10609,3491,47076,959,725,1208,2892,49968
22-03-2018,5,17188,16854,11249,3683,48974,1050,816,1388,3254,52228
22-03-2018,6,18554,18381,11561,4245,52741,1182,950,1561,3693,56434
22-03-2018,7,19900,19947,11678,4813,56338,1285,1071,1727,4083,60421
22-03-2018,8,19961,20275,11634,5039,56909,1310,1116,1789,4215,61124
22-03-2018,9,19561,20207,11563,5119,56450,1300,1113,1791,4204,60654
22-03-2018,10,19201,19871,11430,5105,55607,1285,1100,1789,4174,59781
22-03-2018,11,18706,19426,11342,5077,54551,1263,1071,1763,4097,58648
22-03-2018,12,18406,19270,11158,4984,53818,1286,1096,1781,4163,57981
22-03-2018,13,18120,19040,11040,4976,53176,1263,1089,1765,4117,57293
22-03-2018,14,18003,18967,11069,4877,52916,1261,1075,1745,4081,56997
22-03-2018,15,18096,18951,11078,4744,52869,1248,1053,1704,4005,56874
22-03-2018,16,18244,19172,11139,4754,53309,1250,1023,1661,3934,57243
22-03-2018,17,18413,19745,11194,4994,54346,1249,1041,1670,3960,58306
22-03-2018,18,18724,20052,11841,5013,55630,1265,1068,1716,4049,59679
22-03-2018,19,19334,20107,11740,4895,56076,1227,1033,1665,3925,60001
22-03-2018,20,19180,19630,11265,4637,54712,1164,965,1558,3687,58399
22-03-2018,21,18804,18975,11361,4328,53468,1076,870,1396,3342,56810
22-03-2018,22,18220,17908,11178,3991,51297,988,790,1279,3057,54354
22-03-2018,23,17403,17203,10714,3674,48994,939,724,1191,2854,51848
23-03-2018,0,16789,16522,10427,3458,47196,909,690,1142,2741,49937
23-03-2018,1,16488,16276,10411,3371,46546,897,674,1116,2687,49233
23-03-2018,2,16403,16477,10403,3326,46609,900,666,1117,2683,49292
23-03-2018,3,16443,16589,10636,3316,46984,907,678,1124,2709,49693
23-03-2018,4,16660,16942,11031,3389,48022,943,718,1190,2851,50873
23-03-2018,5,17295,17836,11615,3681,50427,1035,802,1375,3212,53639
23-03-2018,6,18588,19287,12102,4270,54247,1167,932,1549,3648,57895
23-03-2018,7,19957,20490,12240,4815,57502,1263,1036,1702,4001,61503
23-03-2018,8,20184,20535,12238,5036,57993,1291,1078,1760,4129,62122
23-03-2018,9,20002,20241,12097,5069,57409,1284,1077,1750,4111,61520
23-03-2018,10,19751,20076,11999,5115,56941,1278,1051,1734,4063,61004
23-03-2018,11,19496,19764,11879,5052,56191,1259,1019,1704,3982,60173
23-03-2018,12,19210,19230,11644,4896,54980,1277,1040,1710,4027,59007
23-03-2018,13,19071,18691,11481,4783,54026,1251,1027,1685,3963,57989
23-03-2018,14,18952,18364,11306,4621,53243,1240,999,1635,3874,57117
23-03-2018,15,18880,18276,11236,4498,52890,1199,975,1596,3770,56660
23-03-2018,16,18802,18274,11391,4551,53018,1181,950,1580,3711,56729
23-03-2018,17,18838,18740,11620,4823,54021,1196,963,1594,3753,57774
23-03-2018,18,19037,18951,12204,4836,55028,1252,1019,1669,3940,58968
23-03-2018,19,19079,18889,12133,4683,54784,1223,1003,1630,3856,58640
23-03-2018,20,18676,18151,11676,4348,52851,1170,943,1535,3648,56499
23-03-2018,21,17980,17465,11826,4053,51324,1097,863,1390,3350,54674
23-03-2018,22,17421,16851,11611,3778,49661,1028,792,1275,3095,52756
23-03-2018,23,17021,16231,11228,3500,47980,968,730,1201,2899,50879
24-03-2018,0,16586,15666,10931,3292,46475,936,691,1141,2768,49243
24-03-2018,1,16270,15616,10753,3166,45805,920,673,1121,2714,48519
24-03-2018,2,16075,15831,10665,3135,45706,908,665,1112,2685,48391
24-03-2018,3,15971,15848,10692,3145,45656,912,668,1117,2697,48353
24-03-2018,4,16091,15915,10727,3170,45903,917,691,1150,2758,48661
24-03-2018,5,16210,16169,10712,3249,46340,926,712,1188,2826,49166
24-03-2018,6,16358,16239,10726,3382,46705,986,787,1291,3064,49769
24-03-2018,7,16697,16818,10961,3651,48127,1056,868,1399,3323,51450
24-03-2018,8,17197,17632,11121,3968,49918,1105,914,1482,3501,53419
24-03-2018,9,17574,17827,11133,4152,50686,1111,925,1494,3530,54216
24-03-2018,10,17594,17963,11068,4261,50886,1090,915,1488,3493,54379
24-03-2018,11,17257,18099,10990,4252,50598,1076,900,1472,3448,54046
24-03-2018,12,16935,17821,10922,4185,49863,1066,883,1447,3396,53259
24-03-2018,13,16751,17418,10865,4119,49153,1055,870,1409,3334,52487
24-03-2018,14,16348,17292,10863,4033,48536,1048,857,1380,3285,51821
24-03-2018,15,16443,17406,11003,3998,48850,1049,859,1372,3280,52130
24-03-2018,16,16542,17587,11259,4087,49475,1061,860,1372,3293,52768
24-03-2018,17,16841,17974,11460,4378,50653,1086,876,1406,3368,54021
24-03-2018,18,17293,18234,11806,4491,51824,1145,934,1519,3598,55422
24-03-2018,19,17610,18180,11539,4365,51694,1119,922,1503,3544,55238
24-03-2018,20,17289,17508,10950,4046,49793,1072,880,1421,3373,53166
24-03-2018,21,16993,16800,11054,3794,48641,1006,812,1308,3126,51767
24-03-2018,22,16594,16206,10875,3542,47217,949,746,1211,2906,50123
24-03-2018,23,16229,15948,10459,3361,45997,895,685,1132,2712,48709
25-03-2018,0,15985,15345,10130,3204,44664,867,654,1093,2614,47278
25-03-2018,1,15720,15163,9909,3093,43885,848,642,1070,2560,46445
25-03-2018,2,,15831,,,,908,,,,
25-03-2018,3,15595,15078,9871,3016,43560,847,638,1060,2545,46105
25-03-2018,4,15612,15091,9929,3030,43662,856,652,1076,2584,46246
25-03-2018,5,15840,15194,10007,3098,44139,877,678,1120,2675,46814
25-03-2018,6,16085,15415,9814,3249,44563,879,690,1152,2721,47284
25-03-2018,7,16128,15776,9997,3369,45270,933,749,1229,2911,48181
25-03-2018,8,16312,16228,10276,3640,46456,1001,826,1320,3147,49603
25-03-2018,9,16731,16918,10488,3897,48034,1048,865,1381,3294,51328
25-03-2018,10,16830,17250,10483,4030,48593,1069,872,1380,3321,51914
25-03-2018,11,16489,16997,10325,4046,47857,1076,873,1371,3320,51177
25-03-2018,12,16311,16619,10155,3983,47068,1075,873,1358,3306,50374
25-03-2018,13,16300,16303,10125,3930,46658,1067,866,1348,3281,49939
25-03-2018,14,16071,16092,10023,3894,46080,1064,857,1334,3255,49335
25-03-2018,15,16052,15796,10031,3860,45739,1056,852,1319,3227,48966
25-03-2018,16,16055,15971,10103,3909,46038,1066,854,1323,3243,49281
25-03-2018,17,16175,16173,10363,4187,46898,1077,865,1345,3287,50185
25-03-2018,18,16326,16762,10571,4248,47907,1096,888,1382,3366,51273
25-03-2018,19,16738,17634,10891,4165,49428,1136,946,1522,3604,53032
25-03-2018,20,17292,17809,10684,4081,49866,1112,920,1480,3512,53378
25-03-2018,21,17127,17157,10920,3864,49068,1032,841,1333,3206,52274
25-03-2018,22,16789,16566,10848,3616,47819,948,757,1196,2901,50720
25-03-2018,23,16467,15899,10579,3364,46309,899,685,1109,2693,49002
26-03-2018,0,16169,15348,10334,3183,45034,867,648,1073,2588,47622
26-03-2018,1,15914,15456,10194,3070,44634,851,632,1057,2540,47174
26-03-2018,2,15781,15512,10241,3060,44594,848,627,1049,2524,47118
26-03-2018,3,15883,15606,10398,3088,44975,869,643,1059,2571,47546
26-03-2018,4,16012,16009,10805,3153,45979,915,685,1124,2724,48703
26-03-2018,5,16464,16568,11761,3359,48152,1044,807,1348,3199,51351
26-03-2018,6,17621,18714,12096,3890,52321,1159,916,1515,3590,55911
26-03-2018,7,18599,20155,12287,4410,55451,1279,1030,1666,3975,59426
26-03-2018,8,19515,21158,12332,4737,57742,1329,1081,1732,4142,61884
26-03-2018,9,19731,20948,12155,4825,57659,1316,1078,1745,4139,61798
26-03-2018,10,19562,21217,11942,4884,57605,1311,1064,1715,4090,61695
26-03-2018,11,19327,20790,11754,4807,56678,1306,1031,1680,4017,60695
26-03-2018,12,18935,20326,11510,4714,55485,1252,1056,1692,4000,59485
26-03-2018,13,18508,19915,11315,4723,54461,1233,1058,1671,3962,58423
26-03-2018,14,18465,19641,11154,4616,53876,1228,1047,1657,3932,57808
26-03-2018,15,18265,19599,11081,4448,53393,1084,1037,1611,3732,57125
26-03-2018,16,18026,19375,11155,4385,52941,1163,1002,1570,3735,56676
26-03-2018,17,18139,19575,11196,4647,53557,1150,996,1557,3703,57260
26-03-2018,18,18227,20067,11340,4649,54283,1154,988,1553,3695,57978
26-03-2018,19,18564,20387,11727,4508,55186,1205,1017,1641,3863,59049
26-03-2018,20,18851,20582,11477,4423,55333,1189,978,1570,3737,59070
26-03-2018,21,18566,19682,11562,4193,54003,1103,887,1409,3399,57402
26-03-2018,22,18077,18824,11459,3889,52249,1015,798,1247,3060,55309
26-03-2018,23,17515,18041,11122,3574,50252,959,726,1172,2857,53109
27-03-2018,0,17200,17480,10866,3351,48897,933,688,1139,2760,51657
27-03-2018,1,16894,17437,10662,3253,48246,915,673,1116,2704,50950
27-03-2018,2,16808,17469,10722,3210,48209,914,666,1112,2692,50901
27-03-2018,3,16894,17540,10955,3245,48634,924,674,1126,2724,51358
27-03-2018,4,17077,17826,11429,3309,49641,971,719,1193,2883,52524
27-03-2018,5,17903,18865,12238,3505,52511,1089,838,1399,3326,55837
27-03-2018,6,19088,21141,12559,3948,56736,1205,944,1551,3700,60436
27-03-2018,7,19940,22228,12592,4406,59166,1294,1056,1693,4043,63209
27-03-2018,8,20391,22196,12378,4691,59656,1296,1104,1730,4130,63786
27-03-2018,9,20249,21891,12191,4864,59195,1261,1089,1718,4068,63263
27-03-2018,10,19907,21488,12042,4935,58372,1231,1070,1695,3996,62368
27-03-2018,11,19702,20933,11877,4981,57493,1207,1034,1703,3944,61437
27-03-2018,12,19082,20277,11731,4877,55967,1225,1054,1675,3954,59921
27-03-2018,13,18699,20008,11642,4884,55233,1207,1044,1652,3903,59136
27-03-2018,14,18442,19778,11542,4815,54577,1208,1028,1636,3872,58449
27-03-2018,15,18157,19657,11410,4686,53910,1178,994,1586,3758,57668
27-03-2018,16,17872,19601,11366,4662,53501,1171,966,1545,3682,57183
27-03-2018,17,17812,19855,11437,4834,53938,1168,961,1538,3667,57605
27-03-2018,18,17958,19932,11658,4802,54350,1154,954,1547,3655,58005
27-03-2018,19,18204,20479,11990,4642,55315,1200,1019,1631,3850,59165
27-03-2018,20,18793,20757,11762,4526,55838,1190,999,1585,3774,59612
27-03-2018,21,18555,19969,11720,4282,54526,1109,911,1426,3446,57972
27-03-2018,22,18027,19092,11598,4000,52717,1014,820,1257,3091,55808
27-03-2018,23,17744,18279,11275,3694,50992,959,740,1179,2878,53870
28-03-2018,0,17092,17699,11011,3494,49296,938,698,1154,2790,52086
28-03-2018,1,17014,17677,10834,3344,48869,926,686,1127,2739,51608
28-03-2018,2,16993,17775,10811,3329,48908,921,677,1128,2726,51634
28-03-2018,3,17174,17893,10947,3377,49391,935,689,1141,2765,52156
28-03-2018,4,17378,18260,11341,3430,50409,975,734,1211,2920,53329
28-03-2018,5,17742,19159,12134,3644,52679,1098,848,1427,3373,56052
28-03-2018,6,18795,21128,12324,4072,56319,1207,949,1585,3741,60060
28-03-2018,7,19652,22910,12441,4531,59534,1306,1054,1697,4057,63591
28-03-2018,8,20180,22729,12322,4807,60038,1315,1107,1735,4157,64195
28-03-2018,9,20116,21918,12085,4923,59042,1283,1098,1727,4108,63150
28-03-2018,10,19778,21225,11902,5068,57973,1264,1076,1710,4050,62023
28-03-2018,11,19345,20414,11797,5052,56608,1245,1036,1686,3967,60575
28-03-2018,12,18709,19884,11522,4958,55073,1267,1058,1691,4016,59089
28-03-2018,13,18317,19469,11415,4916,54117,1247,1042,1678,3967,58084
28-03-2018,14,17959,19346,11245,4778,53328,1228,1021,1656,3905,57233
28-03-2018,15,17580,19136,11170,4627,52513,1193,990,1603,3786,56299
28-03-2018,16,17408,18866,11253,4601,52128,1171,961,1553,3685,55813
28-03-2018,17,17255,19117,11367,4743,52482,1164,951,1540,3655,56137
28-03-2018,18,17422,19373,11540,4731,53066,1161,943,1544,3648,56714
28-03-2018,19,17827,19994,11935,4629,54385,1211,1011,1636,3858,58243
28-03-2018,20,18143,20031,11694,4551,54419,1200,988,1610,3798,58217
28-03-2018,21,17738,19379,11635,4363,53115,1105,892,1418,3415,56530
28-03-2018,22,17472,18578,11498,4060,51608,1013,795,1272,3080,54688
28-03-2018,23,17141,17775,11092,3807,49815,964,728,1198,2890,52705
29-03-2018,0,17028,17260,10847,3525,48660,931,698,1164,2793,51453
29-03-2018,1,16768,17176,10739,3373,48056,916,680,1148,2744,50800
29-03-2018,2,16636,17143,10746,3288,47813,909,670,1149,2728,50541
29-03-2018,3,16777,17077,10849,3294,47997,918,681,1158,2757,50754
29-03-2018,4,17134,17252,11215,3272,48873,956,727,1217,2900,51773
29-03-2018,5,17344,17996,12045,3357,50742,1077,839,1429,3345,54087
29-03-2018,6,17937,19877,12303,3506,53623,1192,947,1582,3721,57344
29-03-2018,7,18481,21557,12425,3687,56150,1294,1062,1716,4072,60222
29-03-2018,8,18739,21815,12314,3960,56828,1309,1101,1754,4164,60992
29-03-2018,9,18850,21400,12095,4184,56529,1276,1089,1720,4085,60614
29-03-2018,10,18556,20884,11894,4333,55667,1249,1065,1697,4011,59678
29-03-2018,11,18091,20131,11621,4325,54168,1216,1030,1678,3924,58092
29-03-2018,12,17696,19611,11265,4249,52821,1234,1030,1693,3957,56778
29-03-2018,13,17204,19236,11037,4161,51638,1200,1009,1690,3899,55537
29-03-2018,14,17125,18864,10853,4068,50910,1179,981,1675,3835,54745
29-03-2018,15,16611,18628,10764,4018,50021,1138,957,1631,3726,53747
29-03-2018,16,16800,18559,10750,4034,50143,1117,938,1599,3654,53797
29-03-2018,17,16670,18739,10787,4257,50453,1103,934,1593,3630,54083
29-03-2018,18,16822,18964,11007,4310,51103,1104,924,1602,3630,54733
29-03-2018,19,17091,19294,11417,4190,51992,1149,969,1667,3785,55777
29-03-2018,20,17465,19235,11288,4161,52149,1133,941,1592,3666,55815
29-03-2018,21,17427,18664,11283,3951,51325,1064,853,1429,3346,54671
29-03-2018,22,17264,17932,11152,3747,50095,981,772,1287,3040,53135
29-03-2018,23,17014,17205,10772,3508,48499,929,706,1207,2842,51341
30-03-2018,0,16876,16763,10436,3357,47432,896,666,1147,2709,50141
30-03-2018,1,16761,16574,10267,3255,46857,877,650,1125,2652,49509
30-03-2018,2,16728,16648,10315,3223,46914,868,640,1118,2626,49540
30-03-2018,3,16730,16733,10417,3228,47108,872,643,1127,2642,49750
30-03-2018,4,16922,16825,10610,3265,47622,888,673,1195,2756,50378
30-03-2018,5,17237,16803,10741,3360,48141,916,716,1394,3026,51167
30-03-2018,6,17851,17490,10780,3509,49630,948,758,1564,3270,52900
30-03-2018,7,18295,18150,11011,3685,51141,1014,851,1718,3583,54724
30-03-2018,8,18512,18763,11008,3906,52189,1051,914,1778,3743,55932
30-03-2018,9,18632,18939,10838,4040,52449,1061,946,1770,3777,56226
30-03-2018,10,18397,18686,10702,4095,51880,1056,953,1755,3764,55644
30-03-2018,11,17974,18130,10449,4039,50592,1037,941,1732,3710,54302
30-03-2018,12,17439,17569,10235,3924,49167,1026,933,1720,3679,52846
30-03-2018,13,17025,16988,10079,3792,47884,1010,925,1686,3621,51505
30-03-2018,14,16789,16610,10080,3709,47188,997,914,1653,3564,50752
30-03-2018,15,16615,16618,10089,3603,46925,995,908,1620,3523,50448
30-03-2018,16,16451,16632,10174,3667,46924,998,894,1595,3487,50411
30-03-2018,17,16429,16911,10361,3876,47577,1001,891,1583,3475,51052
30-03-2018,18,16510,17022,10570,3962,48064,1006,890,1582,3478,51542
30-03-2018,19,16875,17203,10929,3914,48921,1057,935,1624,3616,52537
30-03-2018,20,17359,17563,10897,3948,49767,1039,916,1553,3508,53275
30-03-2018,21,17361,17273,11065,3813,49512,979,841,1407,3227,52739
30-03-2018,22,17152,16871,11015,3586,48624,928,762,1250,2940,51564
30-03-2018,23,17015,16655,10733,3391,47794,883,692,1166,2741,50535
31-03-2018,0,16782,16355,10447,3241,46825,853,654,1122,2629,49454
31-03-2018,1,16624,15999,10248,3133,46004,836,638,1092,2566,48570
31-03-2018,2,16618,16122,10205,3079,46024,829,631,1083,2543,48567
31-03-2018,3,16723,16111,10300,3057,46191,831,632,1083,2546,48737
31-03-2018,4,16813,16220,10511,3082,46626,850,645,1105,2600,49226
31-03-2018,5,17065,16675,10606,3169,47515,863,673,1158,2694,50209
31-03-2018,6,17479,17011,10646,3311,48447,899,698,1232,2829,51276
31-03-2018,7,17780,17270,10830,3548,49428,972,777,1369,3118,52546
31-03-2018,8,18099,17794,10863,3852,50608,1029,847,1472,3348,53956
31-03-2018,9,18428,17945,10703,4032,51108,1047,880,1514,3441,54549
31-03-2018,10,18205,17775,10519,4001,50500,1036,886,1528,3450,53950
31-03-2018,11,17717,17222,10227,3936,49102,1020,879,1515,3414,52516
31-03-2018,12,17300,16820,10064,3881,48065,1008,876,1483,3367,51432
31-03-2018,13,16835,16398,9976,3805,47014,996,868,1441,3305,50319
31-03-2018,14,16567,16085,9925,3750,46327,987,858,1413,3258,49585
31-03-2018,15,16353,15849,9947,3713,45862,981,852,1383,3216,49078
31-03-2018,16,16256,15813,10099,3779,45947,984,852,1372,3208,49155
31-03-2018,17,16344,16001,10308,4019,46672,987,853,1370,3210,49882
31-03-2018,18,16462,16082,10489,4079,47112,996,856,1385,3237,50349
31-03-2018,19,16763,16492,10742,3976,47973,1027,906,1459,3392,51365
31-03-2018,20,17099,16862,10691,3940,48592,1025,881,1427,3333,51925
31-03-2018,21,17157,16586,10827,3773,48343,972,821,1310,3103,51446
31-03-2018,22,16900,16243,10820,3597,47560,903,745,1195,2843,50403
31-03-2018,23,16741,15862,10561,3392,46556,862,681,1101,2644,49200
01-04-2018,0,16447,15728,10290,3184,45649,823,637,1039,2499,48148
01-04-2018,1,16384,15642,10147,3078,45251,805,618,1009,2432,47683
01-04-2018,2,16296,15499,10125,3015,44935,800,607,1001,2408,47343
01-04-2018,3,16367,15610,10171,3019,45167,798,608,994,2400,47567
01-04-2018,4,16515,15665,10301,3030,45511,804,623,1016,2443,47954
01-04-2018,5,16629,15941,10322,3078,45970,809,646,1063,2518,48488
01-04-2018,6,16871,16130,10291,3152,46444,820,665,1104,2589,49033
01-04-2018,7,16977,16431,10429,3303,47140,886,737,1200,2823,49963
01-04-2018,8,17373,16530,10439,3592,47934,951,799,1310,3060,50994
01-04-2018,9,17530,16941,10443,3750,48664,977,830,1352,3159,51823
01-04-2018,10,17415,17168,10318,3821,48722,985,830,1345,3160,51882
01-04-2018,11,17175,17118,10133,3838,48264,975,827,1315,3117,51381
01-04-2018,12,16743,16902,9935,3756,47336,955,818,1275,3048,50384
01-04-2018,13,16441,16709,9778,3612,46540,946,816,1238,3000,49540
01-04-2018,14,16080,16713,9691,3534,46018,940,808,1208,2956,48974
01-04-2018,15,15930,16628,9672,3526,45756,948,813,1186,2947,48703
01-04-2018,16,15905,16380,9818,3549,45652,959,824,1196,2979,48631
01-04-2018,17,15929,16690,9977,3781,46377,976,836,1207,3019,49396
01-04-2018,18,16146,16891,10169,3852,47058,1001,859,1223,3083,50141
01-04-2018,19,16446,17166,10451,3778,47841,1051,893,1283,3227,51068
01-04-2018,20,17080,17550,10430,3817,48877,1038,865,1269,3172,52049
01-04-2018,21,17142,17302,10671,3705,48820,977,799,1196,2972,51792
01-04-2018,22,16947,16571,10623,3529,47670,902,735,1118,2755,50425
01-04-2018,23,16806,16262,10235,3339,46642,859,676,1054,2589,49231
02-04-2018,0,16538,15863,9920,3122,45443,835,640,1006,2481,47924
02-04-2018,1,16343,15751,9744,3018,44856,824,626,981,2431,47287
02-04-2018,2,16267,15714,9726,2979,44686,812,622,971,2405,47091
02-04-2018,3,16293,15844,9755,3004,44896,823,629,973,2425,47321
02-04-2018,4,16471,15819,9909,3044,45243,861,654,991,2506,47749
02-04-2018,5,16812,16152,9991,3149,46104,973,679,1041,2693,48797
02-04-2018,6,17302,16568,9824,3274,46968,1103,691,1067,2861,49829
02-04-2018,7,17797,16899,10166,3474,48336,1223,775,1163,3161,51497
02-04-2018,8,18108,17300,10374,3723,49505,1276,841,1268,3385,52890
02-04-2018,9,18298,17621,10514,3849,50282,1282,877,1318,3477,53759
02-04-2018,10,18262,17505,10622,3805,50194,1276,890,1344,3510,53704
02-04-2018,11,17986,17211,10604,3781,49582,1253,879,1343,3475,53057
02-04-2018,12,17607,16605,10493,3658,48363,1268,874,1328,3470,51833
02-04-2018,13,17300,16355,10400,3547,47602,1247,868,1309,3424,51026
02-04-2018,14,17095,16033,10363,3482,46973,1234,863,1300,3397,50370
02-04-2018,15,16874,15742,10390,3459,46465,1204,858,1294,3356,49821
02-04-2018,16,16703,15812,10480,3572,46567,1174,853,1300,3327,49894
02-04-2018,17,16702,16220,10582,3914,47418,1155,855,1304,3314,50732
02-04-2018,18,16725,16636,10637,3978,47976,1140,872,1317,3329,51305
02-04-2018,19,16993,17207,10863,3970,49033,1167,909,1363,3439,52472
02-04-2018,20,17560,17600,10726,3977,49863,1148,896,1339,3383,53246
02-04-2018,21,17610,17282,10848,3721,49461,1056,809,1227,3092,52553
02-04-2018,22,17281,16852,10754,3421,48308,954,723,1124,2801,51109
02-04-2018,23,16948,16434,10360,3221,46963,904,664,1070,2638,49601
03-04-2018,0,16491,15976,10035,3082,45584,866,634,1045,2545,48129
03-04-2018,1,16365,15979,9834,2999,45177,853,622,1027,2502,47679
03-04-2018,2,16407,16217,9751,2958,45333,848,618,1022,2488,47821
03-04-2018,3,16461,16349,9872,2991,45673,857,631,1036,2524,48197
03-04-2018,4,16678,16641,10334,3069,46722,895,674,1099,2668,49390
03-04-2018,5,17140,17391,10923,3300,48754,1004,781,1271,3056,51810
03-04-2018,6,18619,19143,11256,3905,52923,1113,898,1428,3439,56362
03-04-2018,7,20165,20236,11501,4545,56447,1224,1008,1603,3835,60282
03-04-2018,8,20480,20668,11451,4832,57431,1258,1060,1681,3999,61430
03-04-2018,9,20267,20947,11402,4905,57521,1245,1062,1691,3998,61519
03-04-2018,10,20006,20837,11451,5030,57324,1219,1047,1680,3946,61270
03-04-2018,11,19531,19772,11348,4996,55647,1184,1010,1644,3838,59485
03-04-2018,12,19155,18879,11213,4857,54104,1190,1022,1646,3858,57962
03-04-2018,13,18865,18494,11075,4836,53270,1166,1011,1630,3807,57077
03-04-2018,14,18881,18389,10995,4764,53029,1157,987,1619,3763,56792
03-04-2018,15,18787,18291,10843,4632,52553,1113,973,1579,3665,56218
03-04-2018,16,18892,18189,10763,4590,52434,1092,945,1548,3585,56019
03-04-2018,17,18953,18490,10745,4830,53018,1077,938,1538,3553,56571
03-04-2018,18,18997,18782,10921,4726,53426,1077,934,1518,3529,56955
03-04-2018,19,19019,19031,11176,4506,53732,1117,972,1576,3665,57397
03-04-2018,20,19101,18831,11090,4327,53349,1124,947,1517,3588,56937
03-04-2018,21,18913,17973,11082,4065,52033,1044,853,1361,3258,55291
03-04-2018,22,18366,17237,10968,3736,50307,945,753,1193,2891,53198
03-04-2018,23,17640,16514,10588,3427,48169,898,689,1121,2708,50877
04-04-2018,0,17111,15278,10268,3207,45864,873,651,1080,2604,48468
04-04-2018,1,16602,15455,10137,3066,45260,863,632,1057,2552,47812
04-04-2018,2,16458,15328,10177,3065,45028,856,628,1046,2530,47558
04-04-2018,3,16380,15254,10341,3078,45053,867,636,1055,2558,47611
04-04-2018,4,16487,15498,10802,3144,45931,906,673,1118,2697,48628
04-04-2018,5,16898,16090,11378,3373,47739,998,782,1290,3070,50809
04-04-2018,6,18283,17459,11692,3902,51336,1123,909,1454,3486,54822
04-04-2018,7,19571,18915,11730,4402,54618,1213,1021,1616,3850,58468
04-04-2018,8,19814,19028,11615,4614,55071,1233,1080,1670,3983,59054
04-04-2018,9,19780,18947,11436,4550,54713,1212,1086,1660,3958,58671
04-04-2018,10,19487,19341,11245,4462,54535,1195,1069,1649,3913,58448
04-04-2018,11,19151,19276,11081,4304,53812,1170,1031,1617,3818,57630
04-04-2018,12,18774,19034,10899,4321,53028,1200,1048,1628,3876,56904
04-04-2018,13,18623,18985,10798,4375,52781,1185,1029,1596,3810,56591
04-04-2018,14,18578,18712,10784,4336,52410,1171,1012,1572,3755,56165
04-04-2018,15,18455,18544,10772,4229,52000,1155,989,1523,3667,55667
04-04-2018,16,18349,18235,10804,4219,51607,1142,953,1462,3557,55164
04-04-2018,17,18149,18010,10896,4480,51535,1133,938,1447,3518,55053
04-04-2018,18,18040,17823,10989,4420,51272,1121,926,1435,3482,54754
04-04-2018,19,17995,17959,11092,4237,51283,1144,971,1510,3625,54908
04-04-2018,20,18288,18211,10855,4168,51522,1106,952,1495,3553,55075
04-04-2018,21,18075,17661,10786,3924,50446,1025,859,1336,3220,53666
04-04-2018,22,17616,16800,10591,3593,48600,921,771,1185,2877,51477
04-04-2018,23,16818,15577,10131,3330,45856,862,692,1092,2646,48502
05-04-2018,0,16311,14748,9718,3109,43886,834,655,1069,2558,46444
05-04-2018,1,15932,14491,9499,3006,42928,812,636,1040,2488,45416
05-04-2018,2,15755,14407,9412,2983,42557,803,625,1040,2468,45025
05-04-2018,3,15675,14188,9455,2966,42284,808,632,1052,2492,44776
05-04-2018,4,15785,14531,9870,3025,43211,849,673,1106,2628,45839
05-04-2018,5,16283,15127,10521,3261,45192,951,771,1269,2991,48183
05-04-2018,6,17563,16570,10924,3801,48858,1072,885,1422,3379,52237
05-04-2018,7,19120,18197,11028,4371,52716,1184,1003,1570,3757,56473
05-04-2018,8,19529,18676,11167,4581,53953,1211,1044,1628,3883,57836
05-04-2018,9,19402,18711,11100,4655,53868,1195,1040,1630,3865,57733
05-04-2018,10,19235,18762,11153,4720,53870,1171,1027,1610,3808,57678
05-04-2018,11,18752,18793,11044,4684,53273,1133,1000,1595,3728,57001
05-04-2018,12,18471,18524,10906,4612,52513,1153,1021,1598,3772,56285
05-04-2018,13,18438,18252,10882,4623,52195,1131,1008,1574,3713,55908
05-04-2018,14,18201,17951,10822,4584,51558,1130,994,1558,3682,55240
05-04-2018,15,18109,17861,10755,4497,51222,1108,979,1510,3597,54819
05-04-2018,16,18214,17694,10716,4487,51111,1099,955,1464,3518,54629
05-04-2018,17,18035,17658,10675,4620,50988,1091,953,1439,3483,54471
05-04-2018,18,17980,17637,10733,4536,50886,1082,941,1432,3455,54341
05-04-2018,19,18000,17927,10835,4284,51046,1102,965,1487,3554,54600
05-04-2018,20,18220,17849,10608,4210,50887,1073,944,1476,3493,54380
05-04-2018,21,18251,17277,10496,4053,50077,984,853,1321,3158,53235
05-04-2018,22,17760,16569,10229,3741,48299,891,759,1158,2808,51107
05-04-2018,23,17081,15452,9756,3438,45727,837,683,1078,2598,48325
06-04-2018,0,16572,14927,9477,3270,44246,804,648,1039,2491,46737
06-04-2018,1,16227,14859,9359,3186,43631,790,628,1017,2435,46066
06-04-2018,2,16077,14959,9237,3116,43389,782,619,1019,2420,45809
06-04-2018,3,16011,15194,9324,3130,43659,787,625,1032,2444,46103
06-04-2018,4,15957,15420,9725,3189,44291,823,669,1092,2584,46875
06-04-2018,5,16376,16122,10377,3462,46337,937,767,1264,2968,49305
06-04-2018,6,17715,17518,10723,3959,49915,1055,892,1408,3355,53270
06-04-2018,7,19011,19090,10987,4496,53584,1170,1015,1584,3769,57353
06-04-2018,8,19398,19335,11119,4638,54490,1214,1077,1653,3944,58434
06-04-2018,9,18884,19420,11117,4600,54021,1211,1078,1664,3953,57974
06-04-2018,10,18445,19269,11121,4612,53447,1200,1063,1654,3917,57364
06-04-2018,11,17977,18771,11067,4552,52367,1176,1021,1619,3816,56183
06-04-2018,12,17545,18233,10957,4431,51166,1180,1036,1627,3843,55009
06-04-2018,13,17272,17799,10842,4290,50203,1153,1034,1587,3774,53977
06-04-2018,14,16935,17223,10689,4110,48957,1146,1007,1537,3690,52647
06-04-2018,15,16698,16743,10597,3964,48002,1126,998,1497,3621,51623
06-04-2018,16,16603,17142,10614,3961,48320,1104,979,1461,3544,51864
06-04-2018,17,16341,17219,10618,4191,48369,1091,969,1439,3499,51868
06-04-2018,18,16292,16760,10713,4202,47967,1082,941,1431,3454,51421
06-04-2018,19,16264,16999,10948,3989,48200,1101,963,1475,3539,51739
06-04-2018,20,16752,17225,10759,3908,48644,1091,943,1470,3504,52148
06-04-2018,21,16824,16539,10630,3753,47746,1014,850,1335,3199,50945
06-04-2018,22,16541,16377,10378,3556,46852,930,765,1217,2912,49764
06-04-2018,23,16202,15662,9962,3318,45144,875,707,1135,2717,47861
07-04-2018,0,15676,15065,9613,3082,43436,837,670,1074,2581,46017
07-04-2018,1,15461,15085,9403,2936,42885,813,642,1037,2492,45377
07-04-2018,2,15272,14990,9308,2871,42441,805,630,1042,2477,44918
07-04-2018,3,15282,14999,9327,2849,42457,805,631,1036,2472,44929
07-04-2018,4,15333,15213,9487,2900,42933,819,648,1060,2527,45460
07-04-2018,5,15384,14944,9568,2982,42878,826,666,1102,2594,45472
07-04-2018,6,15640,14871,9607,3159,43277,873,730,1181,2784,46061
07-04-2018,7,16131,15329,9847,3368,44675,945,819,1284,3048,47723
07-04-2018,8,16799,15691,9993,3734,46217,994,873,1381,3248,49465
07-04-2018,9,17208,16266,9938,3895,47307,999,879,1401,3279,50586
07-04-2018,10,17478,16039,9800,3913,47230,982,871,1400,3253,50483
07-04-2018,11,17376,15744,9705,3835,46660,950,854,1380,3184,49844
07-04-2018,12,17117,15551,9589,3784,46041,940,845,1357,3142,49183
07-04-2018,13,16959,15140,9471,3653,45223,924,825,1324,3073,48296
07-04-2018,14,16618,14587,9565,3580,44350,911,808,1286,3005,47355
07-04-2018,15,16477,14801,9700,3543,44521,900,796,1264,2960,47481
07-04-2018,16,16498,14886,9831,3628,44843,915,791,1249,2955,47798
07-04-2018,17,16653,15389,10088,3880,46010,928,789,1252,2969,48979
07-04-2018,18,16698,15702,10142,3908,46450,951,793,1258,3002,49452
07-04-2018,19,16635,15863,10097,3684,46279,995,839,1333,3167,49446
07-04-2018,20,16632,15994,10105,3626,46357,1013,859,1356,3228,49585
07-04-2018,21,16513,15539,10136,3527,45715,941,794,1250,2985,48700
07-04-2018,22,16216,15198,10062,3308,44784,884,725,1131,2740,47524
07-04-2018,23,15795,14583,9708,3111,43197,838,660,1054,2552,45749
08-04-2018,0,15432,14120,9344,2955,41851,803,618,1012,2433,44284
08-04-2018,1,15111,13833,9108,2841,40893,767,600,977,2344,43237
08-04-2018,2,14991,13784,9092,2766,40633,754,587,964,2305,42938
08-04-2018,3,14971,14018,9132,2740,40861,753,587,958,2298,43159
08-04-2018,4,15058,14088,9135,2762,41043,761,609,981,2351,43394
08-04-2018,5,15182,14276,9119,2840,41417,764,614,1013,2391,43808
08-04-2018,6,15282,14296,9119,2933,41630,797,651,1073,2521,44151
08-04-2018,7,15497,14641,9359,3157,42654,866,730,1178,2774,45428
08-04-2018,8,15963,15018,9546,3405,43932,930,789,1258,2977,46909
08-04-2018,9,16313,15314,9651,3564,44842,949,804,1286,3039,47881
08-04-2018,10,16586,15378,9623,3635,45222,944,793,1275,3012,48234
08-04-2018,11,16681,15149,9536,3609,44975,924,777,1265,2966,47941
08-04-2018,12,16485,14791,9500,3519,44295,902,761,1238,2901,47196
08-04-2018,13,16427,14585,9343,3454,43809,890,749,1213,2852,46661
08-04-2018,14,16403,14346,9221,3395,43365,886,750,1197,2833,46198
08-04-2018,15,16462,14147,9257,3365,43231,890,749,1186,2825,46056
08-04-2018,16,16442,14388,9397,3434,43661,903,754,1198,2855,46516
08-04-2018,17,16404,14694,9545,3723,44366,925,759,1222,2906,47272
08-04-2018,18,16460,14985,9772,3787,45004,942,776,1241,2959,47963
08-04-2018,19,16614,15295,9917,3679,45505,982,825,1305,3112,48617
08-04-2018,20,16889,15680,9820,3684,46073,992,858,1339,3189,49262
08-04-2018,21,16832,15053,9990,3528,45403,920,781,1200,2901,48304
08-04-2018,22,16397,14352,9886,3231,43866,832,694,1065,2591,46457
08-04-2018,23,15768,13754,9484,2993,41999,789,635,981,2405,44404
09-04-2018,0,15234,13439,9127,2886,40686,765,603,948,2316,43002
09-04-2018,1,15009,13456,8979,2808,40252,758,587,929,2274,42526
09-04-2018,2,14879,13458,8982,2757,40076,744,583,916,2243,42319
09-04-2018,3,14902,13651,9056,2771,40380,852,590,911,2353,42733
09-04-2018,4,15134,13707,9384,2834,41059,791,630,988,2409,43468
09-04-2018,5,15776,14493,10066,3102,43437,881,724,1202,2807,46244
09-04-2018,6,16844,16370,10571,3653,47438,1008,845,1339,3192,50630
09-04-2018,7,18204,17668,10791,4238,50901,1100,963,1458,3521,54422
09-04-2018,8,18727,17797,10858,4463,51845,1128,1008,1491,3627,55472
09-04-2018,9,18537,17690,10824,4515,51566,1116,1015,1482,3613,55179
09-04-2018,10,18373,17298,10794,4593,51058,1089,996,1490,3575,54633
09-04-2018,11,18286,17203,10658,4510,50657,1057,961,1467,3485,54142
09-04-2018,12,18136,16917,10439,4395,49887,1072,974,1473,3519,53406
09-04-2018,13,17891,16686,10306,4380,49263,1049,960,1453,3462,52725
09-04-2018,14,17852,16841,10253,4300,49246,1033,938,1431,3402,52648
09-04-2018,15,17747,16810,10158,4130,48845,1025,926,1405,3356,52201
09-04-2018,16,17819,16825,10147,4102,48893,1040,889,1379,3308,52201
09-04-2018,17,17649,17198,10067,4386,49300,1024,871,1360,3255,52555
09-04-2018,18,17576,17188,10248,4305,49317,1010,859,1356,3225,52542
09-04-2018,19,17582,17269,10366,4122,49339,1029,886,1400,3315,52654
09-04-2018,20,17661,17419,10143,4034,49257,1032,894,1391,3317,52574
09-04-2018,21,17561,16852,10134,3817,48364,965,804,1224,2993,51357
09-04-2018,22,16998,15777,9907,3509,46191,892,721,1065,2678,48869
09-04-2018,23,16092,14724,9484,3201,43501,825,659,1007,2491,45992
10-04-2018,0,15565,13871,9221,3011,41668,800,630,966,2396,44064
10-04-2018,1,15349,13822,9124,2986,41281,785,610,936,2331,43612
10-04-2018,2,15274,13757,9074,2913,41018,770,602,929,2301,43319
10-04-2018,3,15230,13867,9168,2937,41202,888,607,936,2431,43633
10-04-2018,4,15482,14262,9485,3017,42246,895,649,998,2542,44788
10-04-2018,5,15856,15189,10029,3244,44318,901,739,1176,2816,47134
10-04-2018,6,17272,16655,10535,3845,48307,1030,862,1338,3230,51537
10-04-2018,7,18725,18142,10749,4404,52020,1121,981,1487,3589,55609
10-04-2018,8,18881,18563,10688,3972,52104,1190,1026,1527,3743,55847
10-04-2018,9,18390,18179,10550,4188,51307,1177,1026,1519,3722,55029
10-04-2018,10,17866,17685,10452,4237,50240,1168,1022,1519,3709,53949
10-04-2018,11,17472,17411,10336,4255,49474,1148,994,1499,3641,53115
10-04-2018,12,17183,16960,10077,4206,48426,1162,1016,1518,3696,52122
10-04-2018,13,16839,16672,9979,4241,47731,1131,1001,1496,3628,51359
10-04-2018,14,16712,16365,9923,3978,46978,1115,981,1476,3572,50550
10-04-2018,15,16687,16396,9899,3801,46783,1084,960,1423,3467,50250
10-04-2018,16,16645,16115,9889,4070,46719,1060,922,1391,3373,50092
10-04-2018,17,16477,16404,9909,4507,47297,1044,911,1388,3343,50640
10-04-2018,18,16309,16662,10048,4413,47432,1034,884,1389,3307,50739
10-04-2018,19,16378,17047,10265,4154,47844,1051,907,1433,3391,51235
10-04-2018,20,16733,17358,10321,4123,48535,1082,921,1407,3410,51945
10-04-2018,21,16882,16979,10420,4030,48311,996,831,1242,3069,51380
10-04-2018,22,16509,16162,10228,3661,46560,901,739,1083,2723,49283
10-04-2018,23,15795,15429,9869,3332,44425,851,669,1014,2534,46959
11-04-2018,0,15238,15020,9571,3121,42950,822,637,972,2431,45381
11-04-2018,1,14954,14802,9432,3066,42254,808,628,951,2387,44641
11-04-2018,2,14834,15042,9392,3053,42321,812,620,950,2382,44703
11-04-2018,3,15018,15327,9503,3056,42904,818,631,960,2409,45313
11-04-2018,4,15166,15504,9722,3120,43512,852,673,1033,2558,46070
11-04-2018,5,15639,16294,10352,3365,45650,943,765,1205,2913,48563
11-04-2018,6,16831,17683,10774,3926,49214,1063,894,1364,3321,52535
11-04-2018,7,18307,19187,10623,4457,52574,1145,1001,1498,3644,56218
11-04-2018,8,18538,19187,10490,4607,52822,1157,1039,1550,3746,56568
11-04-2018,9,17870,18746,10292,4614,51522,1133,1033,1543,3709,55231
11-04-2018,10,17281,18010,10161,4627,50079,1115,1009,1532,3656,53735
11-04-2018,11,16883,17430,10154,4589,49056,1092,977,1504,3573,52629
11-04-2018,12,16682,17337,9947,4464,48430,1107,987,1503,3597,52027
11-04-2018,13,16382,16979,9833,4511,47705,1090,974,1482,3546,51251
11-04-2018,14,16279,16634,9800,4399,47112,1080,946,1471,3497,50609
11-04-2018,15,16212,16371,9663,4249,46495,1052,924,1415,3391,49886
11-04-2018,16,16078,16272,9701,4196,46247,1034,895,1371,3300,49547
11-04-2018,17,15905,16451,9792,4351,46499,1025,887,1360,3272,49771
11-04-2018,18,15788,16473,9996,4284,46541,1016,866,1349,3231,49772
11-04-2018,19,15871,16771,10120,4054,46816,1028,890,1398,3316,50132
11-04-2018,20,16269,17225,10095,3976,47565,1067,917,1416,3400,50965
11-04-2018,21,16655,16828,10174,3868,47525,977,833,1266,3076,50601
11-04-2018,22,16189,16086,10103,3556,45934,883,744,1124,2751,48685
11-04-2018,23,15591,15132,9720,3232,43675,840,662,1030,2532,46207
12-04-2018,0,15054,14544,9397,3043,42038,819,629,969,2417,44455
12-04-2018,1,14878,14621,9249,2967,41715,809,626,949,2384,44099
12-04-2018,2,14783,14672,9265,2933,41653,808,618,943,2369,44022
12-04-2018,3,14853,14824,9370,2961,42008,812,629,955,2396,44404
12-04-2018,4,15076,15076,9725,3047,42924,851,670,1023,2544,45468
12-04-2018,5,15566,15944,10298,3307,45115,941,762,1206,2909,48024
12-04-2018,6,16956,17226,10705,3839,48726,1067,891,1365,3323,52049
12-04-2018,7,18182,18625,10759,4436,52002,1156,989,1486,3631,55633
12-04-2018,8,18279,18777,10676,4572,52304,1170,1031,1543,3744,56048
12-04-2018,9,17612,18211,10453,4558,50834,1140,1015,1527,3682,54516
12-04-2018,10,16969,17505,10249,4540,49263,1124,986,1510,3620,52883
12-04-2018,11,16525,16981,10120,4506,48132,1100,953,1485,3538,51670
12-04-2018,12,16157,16583,9925,4399,47064,1119,975,1487,3581,50645
12-04-2018,13,15981,16185,9844,4427,46437,1103,958,1469,3530,49967
12-04-2018,14,15866,15952,9731,4308,45857,1089,941,1449,3479,49336
12-04-2018,15,15803,16042,9702,4109,45656,1059,922,1412,3393,49049
12-04-2018,16,15661,15929,9652,4067,45309,1035,891,1377,3303,48612
12-04-2018,17,15454,16004,9651,4280,45389,1028,880,1375,3283,48672
12-04-2018,18,15310,15998,9844,4233,45385,1014,869,1364,3247,48632
12-04-2018,19,15376,16222,10017,4064,45679,1030,891,1408,3329,49008
12-04-2018,20,15682,16526,10123,4018,46349,1069,913,1420,3402,49751
12-04-2018,21,15813,16278,10206,3812,46109,992,828,1242,3062,49171
12-04-2018,22,15601,15333,10096,3494,44524,903,739,1093,2735,47259
12-04-2018,23,14879,14701,9621,3230,42431,854,665,1010,2529,44960
13-04-2018,0,14285,13949,9339,3042,40615,829,631,967,2427,43042
13-04-2018,1,14146,14094,9232,2953,40425,816,619,947,2382,42807
13-04-2018,2,14069,14069,9209,2884,40231,812,610,948,2370,42601
13-04-2018,3,14131,14113,9330,2864,40438,817,618,958,2393,42831
13-04-2018,4,14450,14394,9654,2949,41447,855,659,1026,2540,43987
13-04-2018,5,14717,15343,10295,3205,43560,943,744,1205,2892,46452
13-04-2018,6,15949,16935,10665,3693,47242,1059,869,1375,3303,50545
13-04-2018,7,17343,18118,10762,4242,50465,1142,972,1515,3629,54094
13-04-2018,8,17467,17871,10654,4432,50424,1163,1010,1547,3720,54144
13-04-2018,9,16984,17389,10393,4462,49228,1135,996,1527,3658,52886
13-04-2018,10,16526,16948,10236,4455,48165,1120,983,1515,3618,51783
13-04-2018,11,16152,16369,9964,4413,46898,1097,944,1484,3525,50423
13-04-2018,12,15923,16066,9859,4237,46085,1111,963,1492,3566,49651
13-04-2018,13,15761,15712,9692,4146,45311,1084,954,1464,3502,48813
13-04-2018,14,15469,15191,9546,3961,44167,1065,933,1428,3426,47593
13-04-2018,15,15162,14834,9487,3844,43327,1030,905,1392,3327,46654
13-04-2018,16,15069,14637,9444,3826,42976,1013,879,1373,3265,46241
13-04-2018,17,14909,14604,9512,4043,43068,999,863,1351,3213,46281
13-04-2018,18,14874,14888,9584,3997,43343,985,842,1333,3160,46503
13-04-2018,19,14937,14941,9544,3767,43189,991,854,1355,3200,46389
13-04-2018,20,14851,14613,9505,3678,42647,1023,877,1375,3275,45922
13-04-2018,21,14925,14272,9594,3552,42343,955,803,1250,3008,45351
13-04-2018,22,14660,13736,9371,3287,41054,870,716,1108,2694,43748
13-04-2018,23,14133,13184,8859,3082,39258,819,650,1010,2479,41737
14-04-2018,0,13858,12800,8526,2923,38107,787,615,972,2374,40481
14-04-2018,1,13638,12767,8413,2794,37612,769,598,939,2306,39918
14-04-2018,2,13455,12755,8423,2749,37382,761,592,928,2281,39663
14-04-2018,3,13469,12895,8486,2706,37556,758,598,930,2286,39842
14-04-2018,4,13486,13201,8503,2728,37918,766,613,957,2336,40254
14-04-2018,5,13566,13350,8590,2815,38321,775,627,985,2387,40708
14-04-2018,6,13789,13599,8716,2910,39014,828,697,1089,2614,41628
14-04-2018,7,14204,14043,8880,3241,40368,893,788,1216,2897,43265
14-04-2018,8,14894,14857,8991,3508,42250,942,841,1271,3054,45304
14-04-2018,9,15313,15322,8976,3681,43292,944,847,1288,3079,46371
14-04-2018,10,15305,14993,8892,3765,42955,923,839,1292,3054,46009
14-04-2018,11,14936,14626,8756,3723,42041,908,813,1285,3006,45047
14-04-2018,12,14566,14215,8585,3644,41010,893,805,1264,2962,43972
14-04-2018,13,14207,13783,8524,3633,40147,882,793,1233,2908,43055
14-04-2018,14,13978,13603,8555,3621,39757,863,778,1213,2854,42611
14-04-2018,15,13858,13458,8599,3577,39492,860,774,1193,2827,42319
14-04-2018,16,13684,13567,8689,3667,39607,863,777,1189,2829,42436
14-04-2018,17,13796,13793,8830,3956,40375,866,773,1181,2820,43195
14-04-2018,18,13877,14047,8980,3940,40844,871,769,1181,2821,43665
14-04-2018,19,13923,14121,8982,3737,40763,880,795,1235,2910,43673
14-04-2018,20,13987,14280,9023,3604,40894,932,819,1262,3013,43907
14-04-2018,21,14071,13892,9288,3459,40710,879,758,1149,2786,43496
14-04-2018,22,13832,13339,9188,3257,39616,807,687,1044,2538,42154
14-04-2018,23,13432,12793,8839,3022,38086,760,631,952,2343,40429
15-04-2018,0,13104,12647,8531,2822,37104,736,602,905,2243,39347
15-04-2018,1,12806,12604,8355,2714,36479,720,586,877,2183,38662
15-04-2018,2,12698,12525,8264,2673,36160,713,580,866,2159,38319
15-04-2018,3,12778,12410,8321,2662,36171,714,580,865,2159,38330
15-04-2018,4,12905,12473,8364,2674,36416,716,591,883,2190,38606
15-04-2018,5,13006,12386,8301,2763,36456,711,590,907,2208,38664
15-04-2018,6,13020,12356,8323,2877,36576,755,643,983,2381,38957
15-04-2018,7,13529,12810,8464,3144,37947,818,718,1098,2634,40581
15-04-2018,8,13630,13605,8573,3454,39262,875,779,1184,2838,42100
15-04-2018,9,14014,14189,8599,3661,40463,897,795,1211,2903,43366
15-04-2018,10,14213,14511,8639,3726,41089,887,791,1207,2885,43974
15-04-2018,11,14012,14630,8575,3734,40951,880,774,1202,2856,43807
15-04-2018,12,13874,14471,8490,3694,40529,877,768,1196,2841,43370
15-04-2018,13,13726,14284,8424,3689,40123,868,771,1180,2819,42942
15-04-2018,14,13554,14219,8399,3660,39832,864,757,1163,2784,42616
15-04-2018,15,13470,14230,8444,3652,39796,859,758,1158,2775,42571
15-04-2018,16,13425,14496,8566,3733,40220,869,759,1160,2788,43008
15-04-2018,17,13490,14762,8716,4035,41003,877,763,1172,2812,43815
15-04-2018,18,13650,15055,8936,4029,41670,899,770,1190,2859,44529
15-04-2018,19,13840,15317,8914,3836,41907,910,801,1245,2956,44863
15-04-2018,20,14087,15301,8832,3750,41970,945,836,1316,3097,45067
15-04-2018,21,14224,14709,9118,3582,41633,880,758,1157,2795,44428
15-04-2018,22,13933,14317,8995,3302,40547,800,679,1023,2502,43049
15-04-2018,23,13414,13241,8564,3071,38290,748,615,937,2300,40590
16-04-2018,0,12967,15329,8274,2965,39535,724,583,892,2199,41734
16-04-2018,1,12775,15203,8164,2888,39030,709,571,869,2149,41179
16-04-2018,2,12763,15140,8108,2847,38858,706,565,864,2135,40993
16-04-2018,3,12845,15194,8290,2854,39183,716,567,878,2161,41344
16-04-2018,4,12911,16000,8553,2926,40390,748,600,949,2297,42687
16-04-2018,5,13381,17001,9204,3183,42769,842,687,1148,2677,45446
16-04-2018,6,14560,18692,9693,3721,46666,980,821,1318,3119,49785
16-04-2018,7,16342,20268,9978,4302,50890,1095,932,1446,3473,54363
16-04-2018,8,16626,21262,10123,4575,52586,1126,996,1499,3621,56207
16-04-2018,9,16338,21043,10064,4610,52055,1116,1006,1519,3641,55696
16-04-2018,10,16156,21147,10064,4622,51989,1099,986,1516,3601,55590
16-04-2018,11,15854,20570,9980,4592,50996,1081,949,1487,3517,54513
16-04-2018,12,15688,19854,9737,4500,49779,1098,963,1503,3564,53343
16-04-2018,13,15525,19230,9674,4509,48938,1077,954,1498,3529,52467
16-04-2018,14,15467,18733,9538,4388,48126,1060,936,1470,3466,51592
16-04-2018,15,15423,18628,9418,4271,47740,1030,913,1435,3378,51118
16-04-2018,16,15494,18520,9394,4233,47641,1002,879,1399,3280,50921
16-04-2018,17,15537,19263,9347,4504,48651,981,868,1386,3235,51886
16-04-2018,18,15414,19298,9442,4387,48541,969,862,1375,3206,51747
16-04-2018,19,15417,19288,9491,4159,48355,967,889,1408,3264,51619
16-04-2018,20,15556,19688,9375,4036,48655,993,886,1396,3275,51930
16-04-2018,21,15332,19528,9432,3878,48170,917,803,1220,2940,51110
16-04-2018,22,14958,17964,9304,3542,45768,816,709,1059,2584,48352
16-04-2018,23,14160,16702,8851,3209,42922,766,636,975,2377,45299
17-04-2018,0,13366,13710,8505,2991,38572,743,612,946,2301,40873
17-04-2018,1,13154,13518,8306,2874,37852,730,603,944,2277,40129
17-04-2018,2,12977,13447,8265,2851,37540,722,590,932,2244,39784
17-04-2018,3,13051,13488,8338,2882,37759,730,600,945,2275,40034
17-04-2018,4,13142,13692,8586,2972,38392,762,641,1011,2414,40806
17-04-2018,5,13510,14317,9155,3217,40199,856,735,1184,2775,42974
17-04-2018,6,14760,15771,9555,3740,43826,995,877,1360,3232,47058
17-04-2018,7,16154,17156,9805,4343,47458,1099,993,1500,3592,51050
17-04-2018,8,16361,17467,9959,4582,48369,1144,1041,1553,3738,52107
17-04-2018,9,16202,17492,9995,4552,48241,1140,1048,1579,3767,52008
17-04-2018,10,15999,17383,9979,4590,47951,1135,1037,1577,3749,51700
17-04-2018,11,15780,17209,9949,4535,47473,1121,1004,1553,3678,51151
17-04-2018,12,15565,16889,9819,4437,46710,1137,1018,1567,3722,50432
17-04-2018,13,15233,16564,9743,4428,45968,1122,1008,1537,3667,49635
17-04-2018,14,15091,16389,9707,4325,45512,1113,985,1500,3598,49110
17-04-2018,15,15147,16160,9732,4198,45237,1077,964,1443,3484,48721
17-04-2018,16,15213,15910,9811,4157,45091,1044,911,1413,3368,48459
17-04-2018,17,15146,16100,9756,4389,45391,1028,888,1384,3300,48691
17-04-2018,18,15038,15998,9815,4349,45200,1012,867,1354,3233,48433
17-04-2018,19,15136,16113,9769,4082,45100,1009,879,1363,3251,48351
17-04-2018,20,15153,16353,9611,3972,45089,1031,901,1398,3330,48419
17-04-2018,21,15242,15992,9647,3840,44721,947,819,1245,3011,47732
17-04-2018,22,14600,14886,9462,3470,42418,851,719,1095,2665,45083
17-04-2018,23,13774,13774,8976,3151,39675,796,653,1017,2466,42141
18-04-2018,0,13271,13189,8679,2937,38076,769,617,958,2344,40420
18-04-2018,1,13063,13118,8515,2837,37533,748,601,943,2292,39825
18-04-2018,2,12968,13015,8501,2767,37251,744,593,926,2263,39514
18-04-2018,3,12995,13033,8616,2785,37429,753,601,937,2291,39720
18-04-2018,4,13078,13145,8864,2880,37967,784,630,1003,2417,40384
18-04-2018,5,13331,13546,9417,3116,39410,878,716,1175,2769,42179
18-04-2018,6,14511,15042,9892,3658,43103,1011,855,1391,3257,46360
18-04-2018,7,16177,16528,10047,4148,46900,1119,964,1515,3598,50498
18-04-2018,8,16341,17084,10005,4391,47821,1158,1009,1565,3732,51553
18-04-2018,9,15949,17141,9852,4399,47341,1150,1008,1539,3697,51038
18-04-2018,10,15679,17359,9868,4482,47388,1133,990,1520,3643,51031
18-04-2018,11,15336,17123,9791,4440,46690,1098,955,1492,3545,50235
18-04-2018,12,15185,16809,9583,4339,45916,1112,971,1491,3574,49490
18-04-2018,13,14919,16551,9532,4305,45307,1086,963,1485,3534,48841
18-04-2018,14,14822,16004,9471,4199,44496,1078,937,1455,3470,47966
18-04-2018,15,14742,15815,9357,4037,43951,1040,918,1413,3371,47322
18-04-2018,16,14777,15487,9436,3989,43689,1017,887,1387,3291,46980
18-04-2018,17,14628,15440,9430,4187,43685,1015,886,1380,3281,46966
18-04-2018,18,14555,15523,9609,4120,43807,1002,875,1379,3256,47063
18-04-2018,19,14561,15560,9622,3932,43675,1000,882,1397,3279,46954
18-04-2018,20,14568,15399,9483,3798,43248,1012,890,1403,3305,46553
18-04-2018,21,14746,14958,9431,3763,42898,942,807,1244,2993,45891
18-04-2018,22,14357,14172,9216,3470,41215,841,711,1102,2654,43869
18-04-2018,23,13549,13331,8784,3115,38779,783,635,1017,2435,41214
19-04-2018,0,12986,12909,8399,2920,37214,757,607,982,2346,39560
19-04-2018,1,12632,12794,8196,2837,36459,738,589,941,2268,38727
19-04-2018,2,12574,12934,8167,2804,36479,735,589,938,2262,38741
19-04-2018,3,12674,13009,8247,2807,36737,742,599,944,2285,39022
19-04-2018,4,12706,13122,8471,2904,37203,767,634,1010,2411,39614
19-04-2018,5,13196,13490,9076,3134,38896,865,720,1180,2765,41661
19-04-2018,6,14373,14961,9594,3619,42547,1000,855,1384,3239,45786
19-04-2018,7,15822,16344,9877,4156,46199,1113,969,1496,3578,49777
19-04-2018,8,16118,16764,9828,4381,47091,1152,1007,1524,3683,50774
19-04-2018,9,15793,16577,9683,4440,46493,1143,1008,1507,3658,50151
19-04-2018,10,15430,16379,9553,4486,45848,1133,1000,1518,3651,49499
19-04-2018,11,15137,16189,9481,4422,45229,1094,960,1502,3556,48785
19-04-2018,12,14889,16010,9334,4323,44556,1102,982,1524,3608,48164
19-04-2018,13,14647,15727,9207,4341,43922,1075,966,1505,3546,47468
19-04-2018,14,14592,15499,9083,4260,43434,1058,949,1483,3490,46924
19-04-2018,15,14497,15505,8999,4101,43102,1025,919,1437,3381,46483
19-04-2018,16,14481,15238,9030,4030,42779,1023,883,1405,3311,46090
19-04-2018,17,14274,15433,8987,4150,42844,1005,880,1394,3279,46123
19-04-2018,18,14188,15360,9116,4089,42753,989,863,1375,3227,45980
19-04-2018,19,14396,15299,9236,3963,42894,991,874,1391,3256,46150
19-04-2018,20,14507,15359,9255,3832,42953,1031,901,1427,3359,46312
19-04-2018,21,14519,15045,9456,3735,42755,962,824,1280,3066,45821
19-04-2018,22,13959,13934,9257,3392,40542,865,727,1104,2696,43238
19-04-2018,23,13192,13111,8780,3098,38181,803,653,1020,2476,40657
20-04-2018,0,12928,12588,8480,2880,36876,773,611,976,2360,39236
20-04-2018,1,12640,12470,8303,2757,36170,765,597,948,2310,38480
20-04-2018,2,12543,12289,8250,2720,35802,762,596,940,2298,38100
20-04-2018,3,12527,12427,8398,2722,36074,770,599,959,2328,38402
20-04-2018,4,12629,12577,8625,2784,36615,781,630,1023,2434,39049
20-04-2018,5,12944,12990,9237,2988,38159,877,728,1198,2803,40962
20-04-2018,6,14216,14272,9639,3491,41618,1007,864,1369,3240,44858
20-04-2018,7,15830,15715,9902,4047,45494,1107,970,1458,3535,49029
20-04-2018,8,15697,16241,9939,4302,46179,1133,1006,1487,3626,49805
20-04-2018,9,15675,16160,9809,4280,45924,1113,998,1483,3594,49518
20-04-2018,10,15671,16217,9678,4295,45861,1093,976,1474,3543,49404
20-04-2018,11,15447,16032,9608,4252,45339,1069,943,1443,3455,48794
20-04-2018,12,15213,15499,9503,4143,44358,1074,955,1461,3490,47848
20-04-2018,13,15070,14972,9427,4064,43533,1050,935,1443,3428,46961
20-04-2018,14,14886,14642,9277,3906,42711,1033,914,1433,3380,46091
20-04-2018,15,14569,14375,9207,3758,41909,999,894,1392,3285,45194
20-04-2018,16,14466,14237,9232,3700,41635,984,870,1368,3222,44857
20-04-2018,17,14541,14373,9277,3795,41986,970,857,1341,3168,45154
20-04-2018,18,14480,14490,9332,3735,42037,961,831,1326,3118,45155
20-04-2018,19,14458,14376,9311,3535,41680,941,838,1323,3102,44782
20-04-2018,20,14317,13990,9231,3457,40995,970,866,1361,3197,44192
20-04-2018,21,14321,13752,9308,3439,40820,913,797,1252,2962,43782
20-04-2018,22,13931,13215,9094,3191,39431,832,708,1105,2645,42076
20-04-2018,23,13519,12627,8649,2948,37743,774,635,1031,2440,40183
21-04-2018,0,13245,11936,8267,2717,36165,736,594,977,2307,38472
21-04-2018,1,13039,11829,8077,2589,35534,728,583,941,2252,37786
21-04-2018,2,12881,11787,8001,2567,35236,725,570,922,2217,37453
21-04-2018,3,12692,11924,8015,2533,35164,720,575,919,2214,37378
21-04-2018,4,12859,12032,8041,2550,35482,705,597,929,2231,37713
21-04-2018,5,12870,11930,8147,2612,35559,719,653,971,2343,37902
21-04-2018,6,13049,12084,8285,2724,36142,775,748,1077,2600,38742
21-04-2018,7,13467,12678,8567,2994,37706,857,850,1191,2898,40604
21-04-2018,8,14049,13643,8813,3289,39794,916,896,1284,3096,42890
21-04-2018,9,14438,14103,8953,3526,41020,940,901,1311,3152,44172
21-04-2018,10,14714,14059,8917,3559,41249,940,899,1315,3154,44403
21-04-2018,11,14566,13792,8901,3525,40784,930,880,1306,3116,43900
21-04-2018,12,14392,13696,8859,3448,40395,919,873,1286,3078,43473
21-04-2018,13,14197,13527,8774,3371,39869,889,859,1255,3003,42872
21-04-2018,14,13987,13230,8719,3311,39247,877,833,1237,2947,42194
21-04-2018,15,13813,13124,8854,3262,39053,869,815,1230,2914,41967
21-04-2018,16,13852,13226,9067,3315,39460,872,797,1191,2860,42320
21-04-2018,17,13951,13477,9223,3534,40185,868,789,1183,2840,43025
21-04-2018,18,14016,13781,9264,3553,40614,866,777,1194,2837,43451
21-04-2018,19,13975,13780,9132,3423,40310,868,778,1211,2857,43167
21-04-2018,20,14028,13875,9046,3290,40239,897,807,1269,2973,43212
21-04-2018,21,14133,13890,9271,3339,40633,861,753,1181,2795,43428
21-04-2018,22,13860,13211,9104,3118,39293,795,679,1073,2547,41840
21-04-2018,23,13555,12800,8695,2900,37950,743,614,992,2349,40299
22-04-2018,0,13180,12466,8370,2732,36748,720,571,915,2206,38954
22-04-2018,1,12926,12174,8214,2629,35943,711,554,902,2167,38110
22-04-2018,2,12813,11975,8116,2604,35508,708,547,893,2148,37656
22-04-2018,3,12838,11991,8182,2577,35588,700,557,892,2149,37737
22-04-2018,4,12896,12083,8114,2595,35688,685,559,898,2142,37830
22-04-2018,5,12953,12030,8088,2642,35713,674,566,920,2160,37873
22-04-2018,6,13091,12211,8236,2743,36281,714,621,1007,2342,38623
22-04-2018,7,13440,12578,8443,3002,37463,791,699,1108,2598,40061
22-04-2018,8,13730,13428,8701,3301,39160,882,771,1205,2858,42018
22-04-2018,9,14098,13868,8876,3470,40312,905,790,1236,2931,43243
22-04-2018,10,14188,14118,9020,3517,40843,900,792,1234,2926,43769
22-04-2018,11,14197,14165,8952,3502,40816,896,785,1221,2902,43718
22-04-2018,12,14135,13983,8899,3441,40458,884,771,1215,2870,43328
22-04-2018,13,14071,13750,8834,3367,40022,876,764,1200,2840,42862
22-04-2018,14,13971,13477,8834,3323,39605,874,751,1191,2816,42421
22-04-2018,15,13977,13479,8896,3319,39671,870,744,1200,2814,42485
22-04-2018,16,14144,13652,8930,3395,40121,890,751,1200,2841,42962
22-04-2018,17,14192,13813,9043,3695,40743,903,760,1204,2867,43610
22-04-2018,18,14349,13866,9185,3713,41113,913,764,1226,2903,44016
22-04-2018,19,14391,14103,9174,3559,41227,912,788,1261,2961,44188
22-04-2018,20,14590,14291,9123,3474,41478,954,824,1325,3103,44581
22-04-2018,21,14624,14248,9481,3440,41793,912,760,1207,2879,44672
22-04-2018,22,14293,13588,9429,3204,40514,824,667,1070,2561,43075
22-04-2018,23,13740,12782,9068,2971,38561,772,605,985,2362,40923
23-04-2018,0,13083,12422,8815,2815,37135,749,573,914,2236,39371
23-04-2018,1,12780,12066,8654,2704,36204,744,560,895,2199,38403
23-04-2018,2,12769,11969,8605,2678,36021,739,548,900,2187,38208
23-04-2018,3,12912,12191,8683,2737,36523,746,561,918,2225,38748
23-04-2018,4,12927,12497,8819,2804,37047,765,589,982,2336,39383
23-04-2018,5,13246,13064,9532,3040,38882,872,690,1176,2738,41620
23-04-2018,6,14539,14588,9931,3535,42593,989,823,1360,3172,45765
23-04-2018,7,16003,16472,10183,4113,46771,1099,931,1476,3506,50277
23-04-2018,8,16578,17057,10104,4289,48028,1136,988,1515,3639,51667
23-04-2018,9,16192,17287,9889,4302,47670,1125,980,1507,3612,51282
23-04-2018,10,16340,17380,9870,4325,47915,1108,953,1489,3550,51465
23-04-2018,11,16256,17345,9839,4335,47775,1088,917,1475,3480,51255
23-04-2018,12,16175,16991,9696,4216,47078,1104,951,1512,3567,50645
23-04-2018,13,15843,16895,9610,4214,46562,1071,933,1497,3501,50063
23-04-2018,14,15919,16532,9524,4155,46130,1065,924,1487,3476,49606
23-04-2018,15,15795,16346,9394,4049,45584,1030,903,1456,3389,48973
23-04-2018,16,15775,16382,9401,4069,45627,1013,874,1410,3297,48924
23-04-2018,17,15569,16449,9332,4259,45609,997,862,1404,3263,48872
23-04-2018,18,15285,16392,9473,4131,45281,989,856,1392,3237,48518
23-04-2018,19,15479,16237,9481,3893,45090,986,868,1415,3269,48359
23-04-2018,20,15519,16020,9433,3801,44773,1011,875,1437,3323,48096
23-04-2018,21,15478,15881,9595,3731,44685,951,788,1283,3022,47707
23-04-2018,22,15040,15073,9317,3401,42831,856,696,1111,2663,45494
23-04-2018,23,14289,13831,8770,3092,39982,799,632,1031,2462,42444
24-04-2018,0,13738,13375,8485,2853,38451,759,598,962,2319,40770
24-04-2018,1,13307,13227,8375,2787,37696,738,586,939,2263,39959
24-04-2018,2,13014,13058,8354,2771,37197,730,583,935,2248,39445
24-04-2018,3,13055,13189,8408,2829,37481,731,590,957,2278,39759
24-04-2018,4,13226,13476,8552,2882,38136,742,616,1022,2380,40516
24-04-2018,5,13736,14018,9219,3136,40109,840,709,1206,2755,42864
24-04-2018,6,14831,15366,9754,3636,43587,965,843,1398,3206,46793
24-04-2018,7,16122,16743,10043,4226,47134,1079,957,1527,3563,50697
24-04-2018,8,16386,17149,10194,4483,48212,1126,999,1569,3694,51906
24-04-2018,9,16418,17298,10153,4501,48370,1128,983,1542,3653,52023
24-04-2018,10,16343,17275,10136,4573,48327,1117,965,1541,3623,51950
24-04-2018,11,16081,17092,10083,4566,47822,1093,925,1525,3543,51365
24-04-2018,12,15761,16933,9946,4429,47069,1096,953,1545,3594,50663
24-04-2018,13,15793,16755,9921,4323,46792,1090,953,1533,3576,50368
24-04-2018,14,15699,16532,9797,4239,46267,1082,931,1521,3534,49801
24-04-2018,15,15730,16520,9723,4072,46045,1053,925,1481,3459,49504
24-04-2018,16,15594,16375,9687,4012,45668,1033,898,1435,3366,49034
24-04-2018,17,15314,16583,9602,4202,45701,1015,894,1431,3340,49041
24-04-2018,18,15222,16619,9686,4109,45636,996,879,1428,3303,48939
24-04-2018,19,15296,16453,9652,3919,45320,981,883,1441,3305,48625
24-04-2018,20,15203,16462,9482,3787,44934,996,882,1442,3320,48254
24-04-2018,21,15308,16124,9538,3761,44731,925,788,1305,3018,47749
24-04-2018,22,15029,15224,9320,3466,43039,837,696,1157,2690,45729
24-04-2018,23,14309,14271,8789,3122,40491,786,624,1081,2491,42982
25-04-2018,0,13792,13439,8443,2890,38564,761,592,1030,2383,40947
25-04-2018,1,13367,13199,8247,2819,37632,742,574,1003,2319,39951
25-04-2018,2,13235,13051,8183,2818,37287,736,568,995,2299,39586
25-04-2018,3,13328,13424,8188,2862,37802,737,574,1011,2322,40124
25-04-2018,4,13467,13771,8307,2948,38493,758,596,1059,2413,40906
25-04-2018,5,13889,14272,8898,3185,40244,851,710,1242,2803,43047
25-04-2018,6,15037,15797,9487,3713,44034,972,851,1410,3233,47267
25-04-2018,7,16427,17371,9845,4331,47974,1093,976,1538,3607,51581
25-04-2018,8,16559,17756,9933,4598,48846,1140,1027,1586,3753,52599
25-04-2018,9,16290,17842,9855,4647,48634,1148,1024,1572,3744,52378
25-04-2018,10,16138,17730,9868,4626,48362,1134,1010,1577,3721,52083
25-04-2018,11,15773,17474,9806,4567,47620,1120,979,1561,3660,51280
25-04-2018,12,15608,17112,9662,4434,46816,1131,1008,1588,3727,50543
25-04-2018,13,15465,16752,9568,4407,46192,1120,999,1582,3701,49893
25-04-2018,14,15209,16341,9449,4278,45277,1101,986,1576,3663,48940
25-04-2018,15,15200,16243,9359,4107,44909,1071,962,1553,3586,48495
25-04-2018,16,15131,16013,9368,4075,44587,1047,930,1506,3483,48070
25-04-2018,17,14908,16036,9411,4312,44667,1031,925,1481,3437,48104
25-04-2018,18,14822,15893,9532,4180,44427,1005,908,1452,3365,47792
25-04-2018,19,14868,15641,9526,3911,43946,982,909,1454,3345,47291
25-04-2018,20,15001,15428,9291,3806,43526,1002,903,1452,3357,46883
25-04-2018,21,15219,15175,9374,3760,43528,934,822,1308,3064,46592
25-04-2018,22,14892,14632,9162,3461,42147,847,711,1149,2707,44854
25-04-2018,23,14237,14017,8763,3160,40177,794,648,1067,2509,42686
26-04-2018,0,13778,13509,8425,2926,38638,750,610,1002,2362,41000
26-04-2018,1,13500,13494,8188,2827,38009,739,586,965,2290,40299
26-04-2018,2,13407,13235,8157,2799,37598,729,579,960,2268,39866
26-04-2018,3,13504,13248,8269,2839,37860,737,587,976,2300,40160
26-04-2018,4,13655,13365,8387,2909,38316,745,614,1045,2404,40720
26-04-2018,5,13983,14098,9055,3100,40236,854,716,1237,2807,43043
26-04-2018,6,15333,15694,9615,3596,44238,977,852,1419,3248,47486
26-04-2018,7,16581,17096,9818,4144,47639,1095,966,1547,3608,51247
26-04-2018,8,16695,17188,9873,4335,48091,1129,1005,1597,3731,51822
26-04-2018,9,16356,16959,9798,4377,47490,1120,1000,1589,3709,51199
26-04-2018,10,15935,16686,9779,4408,46808,1117,987,1584,3688,50496
26-04-2018,11,15633,16347,9749,4365,46094,1092,966,1574,3632,49726
26-04-2018,12,15402,16197,9581,4268,45448,1109,987,1579,3675,49123
26-04-2018,13,15224,16342,9548,4204,45318,1092,981,1558,3631,48949
26-04-2018,14,15194,16329,9500,4121,45144,1077,961,1551,3589,48733
26-04-2018,15,15220,16150,9391,4020,44781,1043,941,1525,3509,48290
26-04-2018,16,15182,15980,9422,4024,44608,1025,904,1468,3397,48005
26-04-2018,17,15085,16296,9404,4105,44890,1006,888,1454,3348,48238
26-04-2018,18,15231,16068,9512,4078,44889,993,869,1437,3299,48188
26-04-2018,19,15026,15870,9563,3881,44340,980,875,1408,3263,47603
26-04-2018,20,14961,15732,9362,3738,43793,997,888,1420,3305,47098
26-04-2018,21,15267,15512,9713,3695,44187,949,821,1318,3088,47275
26-04-2018,22,14952,14804,9552,3366,42674,862,719,1175,2756,45430
26-04-2018,23,14316,13874,9044,3039,40273,799,648,1082,2529,42802
27-04-2018,0,13731,13443,8728,2788,38690,762,603,1025,2390,41080
27-04-2018,1,13415,13452,8596,2671,38134,744,589,991,2324,40458
27-04-2018,2,13266,13148,8582,2669,37665,735,573,980,2288,39953
27-04-2018,3,13334,13317,8651,2591,37893,743,584,987,2314,40207
27-04-2018,4,13460,13401,8762,2611,38234,750,607,1057,2414,40648
27-04-2018,5,13765,13884,9409,2648,39706,853,718,1229,2800,42506
27-04-2018,6,14892,15725,9816,2822,43255,972,848,1409,3229,46484
27-04-2018,7,16337,17096,9985,3138,46556,1085,961,1528,3574,50130
27-04-2018,8,16508,17345,9990,3396,47239,1114,1010,1570,3694,50933
27-04-2018,9,16468,17242,9869,3532,47111,1115,1001,1564,3680,50791
27-04-2018,10,16225,17054,9833,3536,46648,1106,981,1563,3650,50298
27-04-2018,11,15808,16799,9738,3517,45862,1090,950,1545,3585,49447
27-04-2018,12,15544,16458,9575,3450,45027,1118,965,1579,3662,48689
27-04-2018,13,15371,16223,9468,3378,44440,1104,957,1548,3609,48049
27-04-2018,14,15383,15936,9367,3336,44022,1078,949,1516,3543,47565
27-04-2018,15,15247,15547,9370,3303,43467,1045,927,1464,3436,46903
27-04-2018,16,15179,15529,9364,3367,43439,1018,892,1441,3351,46790
27-04-2018,17,14998,15546,9325,3634,43503,997,866,1395,3258,46761
27-04-2018,18,14958,15382,9412,3705,43457,973,848,1376,3197,46654
27-04-2018,19,14889,15366,9351,3560,43166,960,845,1353,3158,46324
27-04-2018,20,14780,15300,9255,3444,42779,978,867,1396,3241,46020
27-04-2018,21,14802,15181,9561,3445,42989,946,812,1313,3071,46060
27-04-2018,22,14701,14771,9383,3255,42110,855,721,1180,2756,44866
27-04-2018,23,14163,14270,8883,3021,40337,796,650,1077,2523,42860
28-04-2018,0,13764,13543,8579,2827,38713,749,598,999,2346,41059
28-04-2018,1,13283,13271,8347,2705,37606,739,577,973,2289,39895
28-04-2018,2,13340,13229,8310,2660,37539,720,568,965,2253,39792
28-04-2018,3,13298,13299,8353,2636,37586,718,571,968,2257,39843
28-04-2018,4,13376,13268,8270,2656,37570,703,569,973,2245,39815
28-04-2018,5,13329,13191,8447,2689,37656,728,603,1028,2359,40015
28-04-2018,6,13543,13258,8548,2783,38132,786,677,1143,2606,40738
28-04-2018,7,14047,13798,8770,3035,39650,864,770,1267,2901,42551
28-04-2018,8,14615,14433,8894,3351,41293,924,829,1349,3102,44395
28-04-2018,9,15137,14854,8967,3549,42507,948,844,1376,3168,45675
28-04-2018,10,15368,14902,9031,3592,42893,942,835,1374,3151,46044
28-04-2018,11,15207,14714,8965,3549,42435,927,824,1374,3125,45560
28-04-2018,12,14895,14527,8857,3457,41736,907,821,1361,3089,44825
28-04-2018,13,14620,14245,8748,3411,41024,882,813,1337,3032,44056
28-04-2018,14,14406,14128,8731,3372,40637,860,792,1307,2959,43596
28-04-2018,15,14306,13973,8758,3389,40426,843,781,1283,2907,43333
28-04-2018,16,14283,14135,8860,3468,40746,841,770,1253,2864,43610
28-04-2018,17,14261,14580,9010,3744,41595,835,760,1232,2827,44422
28-04-2018,18,14404,14625,9169,3769,41967,834,748,1218,2800,44767
28-04-2018,19,14397,14345,9047,3564,41353,828,758,1230,2816,44169
28-04-2018,20,14349,14384,8888,3414,41035,864,792,1307,2963,43998
28-04-2018,21,14389,14430,9276,3373,41468,832,761,1238,2831,44299
28-04-2018,22,14416,13980,9207,3168,40771,759,681,1108,2548,43319
28-04-2018,23,14107,13499,8786,2947,39339,714,616,1014,2344,41683
29-04-2018,0,13778,12980,8410,2746,37914,682,577,951,2210,40124
29-04-2018,1,13495,12873,8242,2623,37233,679,563,920,2162,39395
29-04-2018,2,13450,12803,8177,2572,37002,659,555,914,2128,39130
29-04-2018,3,13423,12725,8125,2576,36849,649,561,913,2123,38972
29-04-2018,4,13456,12707,7957,2607,36727,625,553,909,2087,38814
29-04-2018,5,13446,12569,8022,2637,36674,643,574,950,2167,38841
29-04-2018,6,13509,12747,8066,2739,37061,680,628,1058,2366,39427
29-04-2018,7,13741,13190,8268,3007,38206,744,698,1140,2582,40788
29-04-2018,8,13984,13898,8467,3304,39653,812,761,1244,2817,42470
29-04-2018,9,14270,14347,8713,3461,40791,847,777,1287,2911,43702
29-04-2018,10,14446,14615,8804,3528,41393,849,765,1298,2912,44305
29-04-2018,11,14337,14805,8800,3507,41449,844,747,1291,2882,44331
29-04-2018,12,14198,14768,8754,3458,41178,851,739,1284,2874,44052
29-04-2018,13,14046,14673,8648,3395,40762,862,735,1276,2873,43635
29-04-2018,14,13925,14320,8700,3334,40279,863,735,1257,2855,43134
29-04-2018,15,13946,14103,8750,3301,40100,858,731,1243,2832,42932
29-04-2018,16,13823,14107,8783,3405,40118,862,735,1244,2841,42959
29-04-2018,17,13917,14390,8886,3764,40957,865,738,1247,2850,43807
29-04-2018,18,13931,14438,8980,3811,41160,874,733,1261,2868,44028
29-04-2018,19,14038,14506,8981,3658,41183,867,740,1273,2880,44063
29-04-2018,20,14218,14574,8811,3489,41092,884,775,1334,2993,44085
29-04-2018,21,14436,14722,9238,3414,41810,853,745,1258,2856,44666
29-04-2018,22,14451,14249,9216,3132,41048,771,669,1104,2544,43592
29-04-2018,23,14005,13523,8819,2866,39213,713,598,983,2294,41507
30-04-2018,0,13658,12944,8564,2714,37880,693,560,940,2193,40073
30-04-2018,1,13447,12804,8386,2616,37253,683,550,927,2160,39413
30-04-2018,2,13320,12702,8369,2602,36993,671,549,928,2148,39141
30-04-2018,3,13275,12787,8418,2602,37082,675,553,962,2190,39272
30-04-2018,4,13402,13009,8423,2669,37503,674,558,981,2213,39716
30-04-2018,5,13794,13452,9068,2842,39156,750,592,1139,2481,41637
30-04-2018,6,14755,14413,9526,3412,42106,869,681,1331,2881,44987
30-04-2018,7,15971,15542,9729,3893,45135,979,784,1435,3198,48333
30-04-2018,8,16255,16082,9783,4157,46277,1030,850,1484,3364,49641
30-04-2018,9,15845,16054,9657,4160,45716,1031,867,1484,3382,49098
30-04-2018,10,15577,15859,9568,4251,45255,1019,856,1472,3347,48602
30-04-2018,11,15321,15764,9491,4277,44853,1004,829,1451,3284,48137
30-04-2018,12,15220,15545,9364,4247,44376,1011,832,1462,3305,47681
30-04-2018,13,15021,15294,9181,4324,43820,994,823,1450,3267,47087
30-04-2018,14,15030,15386,9058,4264,43738,968,810,1426,3204,46942
30-04-2018,15,15069,15348,8978,4169,43564,938,798,1400,3136,46700
30-04-2018,16,15080,15373,8964,4203,43620,911,782,1372,3065,46685
30-04-2018,17,14906,15359,8915,4462,43642,904,782,1354,3040,46682
30-04-2018,18,14840,15341,8917,4398,43496,890,775,1328,2993,46489
30-04-2018,19,14752,15413,8845,4190,43200,875,776,1312,2963,46163
30-04-2018,20,14759,14984,8705,3940,42388,893,803,1345,3041,45429
30-04-2018,21,14815,14706,9152,3761,42434,866,757,1265,2888,45322
30-04-2018,22,14388,14462,9019,3423,41292,783,671,1123,2577,43869
30-04-2018,23,14002,14813,8642,3075,40532,737,615,1017,2369,42901
01-05-2018,0,13642,13591,8382,2887,38502,696,563,962,2221,40723
01-05-2018,1,13304,13259,8156,2779,37498,679,559,941,2179,39677
01-05-2018,2,13075,12907,8037,2724,36743,666,560,926,2152,38895
01-05-2018,3,13070,12708,7988,2726,36492,669,557,923,2149,38641
01-05-2018,4,13209,12511,7901,2795,36416,663,550,926,2139,38555
01-05-2018,5,13355,12790,7957,2912,37014,672,574,969,2215,39229
01-05-2018,6,13796,13246,8143,3335,38520,730,633,1059,2422,40942
01-05-2018,7,14304,13916,8438,3842,40500,818,727,1203,2748,43248
01-05-2018,8,14794,14414,8663,4100,41971,877,787,1283,2947,44918
01-05-2018,9,15471,14827,8853,4137,43288,903,811,1307,3021,46309
01-05-2018,10,15826,15029,8933,4137,43925,910,815,1309,3034,46959
01-05-2018,11,15902,15312,8919,4090,44223,898,798,1301,2997,47220
01-05-2018,12,15816,15571,8855,4032,44274,900,796,1298,2994,47268
01-05-2018,13,15626,15370,8810,4020,43826,881,783,1279,2943,46769
01-05-2018,14,15492,15113,8899,3967,43471,866,768,1263,2897,46368
01-05-2018,15,15424,14988,8954,3883,43249,851,760,1252,2863,46112
01-05-2018,16,15374,15207,9067,3932,43580,845,757,1250,2852,46432
01-05-2018,17,15329,15406,9127,4242,44104,841,758,1253,2852,46956
01-05-2018,18,15314,15504,9285,4125,44228,849,761,1267,2877,47105
01-05-2018,19,15185,15483,9193,3888,43749,857,779,1294,2930,46679
01-05-2018,20,15187,15311,8940,3689,43127,889,807,1351,3047,46174
01-05-2018,21,15131,15108,9199,3584,43022,856,758,1248,2862,45884
01-05-2018,22,14841,14643,9141,3268,41893,778,663,1109,2550,44443
01-05-2018,23,14247,13996,8744,2996,39983,726,590,1026,2342,42325
02-05-2018,0,13636,13386,8419,2769,38210,689,555,950,2194,40404
02-05-2018,1,13369,13235,8270,2720,37594,678,540,932,2150,39744
02-05-2018,2,13214,13199,8220,2727,37360,677,534,921,2132,39492
02-05-2018,3,13281,13361,8199,2745,37586,682,547,930,2159,39745
02-05-2018,4,13343,13304,8301,2814,37762,690,558,977,2225,39987
02-05-2018,5,13582,13737,9036,3033,39388,805,662,1194,2661,42049
02-05-2018,6,14841,15669,9521,3596,43627,957,807,1386,3150,46777
02-05-2018,7,16099,17047,9858,4150,47154,1077,921,1514,3512,50666
02-05-2018,8,16403,17233,10000,4361,47997,1120,969,1588,3677,51674
02-05-2018,9,16133,17109,10007,4393,47642,1111,978,1576,3665,51307
02-05-2018,10,15966,16941,10020,4504,47431,1103,968,1565,3636,51067
02-05-2018,11,15672,16775,10070,4800,47317,1084,939,1555,3578,50895
02-05-2018,12,15332,16611,10063,4706,46712,1109,955,1573,3637,50349
02-05-2018,13,15098,16180,9999,4662,45939,1095,944,1552,3591,49530
02-05-2018,14,15115,16072,9908,4503,45598,1093,931,1531,3555,49153
02-05-2018,15,15192,15940,9855,4367,45354,1063,912,1500,3475,48829
02-05-2018,16,15031,15912,9939,4417,45299,1038,875,1456,3369,48668
02-05-2018,17,14788,15924,9912,4633,45257,1016,859,1439,3314,48571
02-05-2018,18,14696,15749,9924,4458,44827,1000,835,1423,3258,48085
02-05-2018,19,14600,15708,9769,4150,44227,978,831,1414,3223,47450
02-05-2018,20,14827,15848,9444,3906,44025,979,831,1444,3254,47279
02-05-2018,21,14912,15893,9687,3846,44338,939,796,1346,3081,47419
02-05-2018,22,14639,15204,9432,3643,42918,836,687,1233,2756,45674
02-05-2018,23,13949,14056,8935,3396,40336,765,610,1086,2461,42797
03-05-2018,0,13410,13564,8590,3211,38775,738,573,1040,2351,41126
03-05-2018,1,13129,13444,8421,3031,38025,718,558,1034,2310,40335
03-05-2018,2,12954,13324,8407,2927,37612,715,556,1032,2303,39915
03-05-2018,3,12879,13344,8382,2869,37474,719,567,1028,2314,39788
03-05-2018,4,13045,13299,8448,2875,37667,717,579,1043,2339,40006
03-05-2018,5,13338,13486,9063,3116,39003,823,673,1222,2718,41721
03-05-2018,6,14289,14971,9461,4012,42733,959,804,1428,3191,45924
03-05-2018,7,15585,16385,9649,4674,46293,1069,922,1535,3526,49819
03-05-2018,8,15958,16681,9718,4806,47163,1098,990,1542,3630,50793
03-05-2018,9,15780,16758,9569,4519,46626,1081,954,1536,3571,50197
03-05-2018,10,15667,16762,9551,4417,46397,1069,945,1525,3539,49936
03-05-2018,11,15307,16401,9565,4380,45653,1049,917,1514,3480,49133
03-05-2018,12,15301,16375,9457,4341,45474,1073,924,1540,3537,49011
03-05-2018,13,15596,16354,9441,4754,46145,1073,912,1533,3518,49663
03-05-2018,14,15479,16142,9421,4676,45718,1081,902,1524,3507,49225
03-05-2018,15,15449,16060,9314,4570,45393,1039,880,1483,3402,48795
03-05-2018,16,15381,15979,9350,4349,45059,1030,863,1439,3332,48391
03-05-2018,17,15188,16304,9391,4366,45249,1024,862,1426,3312,48561
03-05-2018,18,15160,16058,9510,4264,44992,1014,837,1414,3265,48257
03-05-2018,19,14970,15952,9499,4059,44480,1002,836,1422,3260,47740
03-05-2018,20,14885,15908,9259,3841,43893,998,837,1443,3278,47171
03-05-2018,21,14985,15781,9407,3743,43916,935,778,1340,3053,46969
03-05-2018,22,14887,14880,9116,3516,42399,834,695,1163,2692,45091
03-05-2018,23,14223,13977,8632,3183,40015,769,619,1077,2465,42480
04-05-2018,0,13740,13214,8317,2950,38221,727,577,1010,2314,40535
04-05-2018,1,13523,13024,8084,2843,37474,701,558,995,2254,39728
04-05-2018,2,13334,13091,8090,2832,37347,697,549,985,2231,39578
04-05-2018,3,13410,13031,8178,2866,37485,705,552,992,2249,39734
04-05-2018,4,13520,13134,8280,2956,37890,713,539,1023,2275,40165
04-05-2018,5,13782,13497,8975,3132,39386,831,575,1208,2614,42000
04-05-2018,6,15019,15010,9573,3624,43226,972,646,1401,3019,46245
04-05-2018,7,16361,16482,9920,4084,46847,1078,730,1510,3318,50165
04-05-2018,8,16757,16900,10082,4433,48172,1107,799,1558,3464,51636
04-05-2018,9,16457,16721,10066,4460,47704,1087,810,1551,3448,51152
04-05-2018,10,16232,16451,10079,4472,47234,1082,807,1532,3421,50655
04-05-2018,11,15924,16133,9986,4371,46414,1073,798,1525,3396,49810
04-05-2018,12,15475,16137,9900,4239,45751,1079,788,1536,3403,49154
04-05-2018,13,15209,15753,9896,4118,44976,1068,770,1518,3356,48332
04-05-2018,14,15015,15411,9831,3948,44205,1045,744,1482,3271,47476
04-05-2018,15,14873,15097,9880,3817,43667,1012,735,1443,3190,46857
04-05-2018,16,14887,14869,9903,3834,43493,977,731,1420,3128,46621
04-05-2018,17,14782,14933,9862,3990,43567,964,729,1386,3079,46646
04-05-2018,18,14731,14707,9771,3944,43153,944,726,1352,3022,46175
04-05-2018,19,14575,14580,9775,3723,42653,934,731,1342,3007,45660
04-05-2018,20,14541,14321,9451,3516,41829,947,750,1371,3068,44897
04-05-2018,21,14370,14139,9626,3494,41629,920,734,1305,2959,44588
04-05-2018,22,14487,13856,9463,3347,41153,835,659,1174,2668,43821
04-05-2018,23,13707,13309,8963,3073,39052,778,594,1080,2452,41504
05-05-2018,0,13382,12693,8618,2842,37535,730,556,1009,2295,39830
05-05-2018,1,12858,12433,8401,2706,36398,712,536,975,2223,38621
05-05-2018,2,12677,12399,8289,2659,36024,695,528,970,2193,38217
05-05-2018,3,12620,12498,8291,2644,36053,690,530,976,2196,38249
05-05-2018,4,12658,12459,8159,2665,35941,671,517,965,2153,38094
05-05-2018,5,12500,12233,8310,2682,35725,694,547,1016,2257,37982
05-05-2018,6,12702,12308,8447,2825,36282,755,605,1128,2488,38770
05-05-2018,7,13066,12858,8606,3139,37669,849,681,1272,2802,40471
05-05-2018,8,13739,13635,8849,3447,39670,890,742,1332,2964,42634
05-05-2018,9,14110,14037,9006,3593,40746,904,764,1350,3018,43764
05-05-2018,10,14282,13925,9032,3628,40867,892,761,1343,2996,43863
05-05-2018,11,13936,13759,8915,3583,40193,875,751,1336,2962,43155
05-05-2018,12,13647,13517,8821,3492,39477,860,752,1325,2937,42414
05-05-2018,13,13523,13358,8717,3414,39012,823,741,1301,2865,41877
05-05-2018,14,13448,12997,8659,3314,38418,812,727,1277,2816,41234
05-05-2018,15,13230,12878,8713,3269,38090,801,717,1262,2780,40870
05-05-2018,16,13063,13000,8801,3317,38181,799,717,1269,2785,40966
05-05-2018,17,13449,13142,8891,3537,39019,816,716,1257,2789,41808
05-05-2018,18,13495,13214,9043,3574,39326,832,716,1244,2792,42118
05-05-2018,19,13524,13094,8975,3433,39026,831,723,1243,2797,41823
05-05-2018,20,13262,12830,8707,3286,38085,838,741,1281,2860,40945
05-05-2018,21,13215,12780,9052,3267,38314,846,735,1282,2863,41177
05-05-2018,22,13034,12549,9024,3143,37750,762,664,1145,2571,40321
05-05-2018,23,12704,13143,8616,2960,37423,711,604,1051,2366,39789
06-05-2018,0,12317,11567,8215,2756,34855,671,564,1015,2250,37105
06-05-2018,1,12019,11492,8001,2615,34127,653,547,977,2177,36304
06-05-2018,2,11932,11438,7925,2570,33865,647,542,956,2145,36010
06-05-2018,3,11856,11497,7766,2586,33705,639,540,954,2133,35838
06-05-2018,4,11816,11566,7645,2604,33631,613,523,922,2058,35689
06-05-2018,5,11707,11317,7793,2520,33337,629,542,965,2136,35473
06-05-2018,6,11846,11562,7801,2650,33859,674,596,1059,2329,36188
06-05-2018,7,12101,12088,7916,2872,34977,742,669,1175,2586,37563
06-05-2018,8,12548,12723,8079,3207,36557,795,732,1257,2784,39341
06-05-2018,9,12953,13054,8256,3380,37643,816,763,1285,2864,40507
06-05-2018,10,13157,13327,8284,3430,38198,804,761,1277,2842,41040
06-05-2018,11,13130,13280,8245,3412,38067,786,748,1258,2792,40859
06-05-2018,12,13154,13030,8107,3367,37658,780,739,1242,2761,40419
06-05-2018,13,13105,12924,8133,3310,37472,776,732,1221,2729,40201
06-05-2018,14,12868,12702,8121,3264,36955,769,727,1212,2708,39663
06-05-2018,15,12968,12674,8165,3266,37073,774,724,1216,2714,39787
06-05-2018,16,12838,12851,8177,3360,37226,784,732,1230,2746,39972
06-05-2018,17,13026,13061,8361,3620,38068,790,734,1231,2755,40823
06-05-2018,18,13177,13170,8401,3652,38400,806,739,1248,2793,41193
06-05-2018,19,13102,13401,8325,3514,38342,802,752,1273,2827,41169
06-05-2018,20,13091,13404,8101,3396,37992,814,773,1305,2892,40884
06-05-2018,21,13073,13298,8546,3348,38265,804,754,1257,2815,41080
06-05-2018,22,13130,13074,8510,3210,37924,724,663,1116,2503,40427
06-05-2018,23,12699,12580,8042,3013,36334,668,586,1022,2276,38610
07-05-2018,0,12317,11824,7787,2850,34778,635,550,947,2132,36910
07-05-2018,1,12026,11609,7692,2713,34040,631,538,926,2095,36135
07-05-2018,2,11944,11525,7678,2656,33803,638,535,926,2099,35902
07-05-2018,3,12094,11342,7704,2703,33843,645,542,938,2125,35968
07-05-2018,4,12207,11415,7814,2760,34196,652,552,971,2175,36371
07-05-2018,5,12291,11902,8514,2945,35652,774,667,1190,2631,38283
07-05-2018,6,13732,13592,8996,3482,39802,930,816,1377,3123,42925
07-05-2018,7,15134,14975,9254,4024,43387,1019,921,1496,3436,46823
07-05-2018,8,15270,15615,9472,4283,44640,1059,968,1548,3575,48215
07-05-2018,9,14939,15497,9373,4307,44116,1056,971,1542,3569,47685
07-05-2018,10,14676,15566,9309,4381,43932,1051,961,1542,3554,47486
07-05-2018,11,14547,15458,9323,4374,43702,1028,934,1542,3504,47206
07-05-2018,12,14513,15340,9223,4341,43417,1041,955,1555,3551,46968
07-05-2018,13,14346,15203,9107,4337,42993,1030,944,1534,3508,46501
07-05-2018,14,14258,15113,8994,4274,42639,1018,921,1509,3448,46087
07-05-2018,15,14046,14937,8832,4156,41971,986,903,1466,3355,45326
07-05-2018,16,14177,14881,8767,4093,41918,961,867,1424,3252,45170
07-05-2018,17,14141,15134,8811,4258,42344,951,861,1403,3215,45559
07-05-2018,18,13866,14799,8887,4198,41750,937,839,1386,3162,44912
07-05-2018,19,13857,14745,8794,3962,41358,919,823,1371,3113,44471
07-05-2018,20,13872,14060,8473,3768,40173,911,820,1386,3117,43290
07-05-2018,21,13881,14022,8716,3705,40324,896,794,1318,3008,43332
07-05-2018,22,13660,13198,8551,3454,38863,792,692,1161,2645,41508
07-05-2018,23,12936,12026,7993,3109,36064,738,617,1068,2423,38487
08-05-2018,0,12611,11866,7604,2914,34995,712,583,1025,2320,37315
08-05-2018,1,12290,11742,7403,2810,34245,694,573,1009,2276,36521
08-05-2018,2,12228,11672,7312,2758,33970,676,564,1004,2244,36214
08-05-2018,3,12220,11746,7252,2781,33999,666,568,1006,2240,36239
08-05-2018,4,12132,11579,7384,2838,33933,657,566,1024,2247,36180
08-05-2018,5,12319,11822,8121,2971,35233,767,669,1223,2659,37892
08-05-2018,6,13328,13349,8753,3471,38901,903,812,1401,3116,42017
08-05-2018,7,14830,14610,8942,4009,42391,984,905,1506,3395,45786
08-05-2018,8,14893,15148,8974,4281,43296,1017,947,1557,3521,46817
08-05-2018,9,14531,15195,8964,4358,43048,1001,942,1553,3496,46544
08-05-2018,10,14606,15336,8903,4426,43271,990,933,1551,3474,46745
08-05-2018,11,14357,15315,8933,4432,43037,979,907,1535,3421,46458
08-05-2018,12,14071,15188,8778,4357,42394,999,931,1553,3483,45877
08-05-2018,13,13899,15020,8764,4357,42040,982,922,1542,3446,45486
08-05-2018,14,13745,14829,8714,4427,41715,972,912,1524,3408,45123
08-05-2018,15,13499,14718,8707,4293,41217,939,894,1487,3320,44537
08-05-2018,16,13699,14502,8678,4254,41133,920,867,1447,3234,44367
08-05-2018,17,13428,14518,8392,4378,40716,910,865,1426,3201,43917
08-05-2018,18,13421,14070,8614,4298,40403,883,831,1398,3112,43515
08-05-2018,19,13555,13925,8697,4055,40232,871,812,1379,3062,43294
08-05-2018,20,13577,13920,8433,3810,39740,874,816,1402,3092,42832
08-05-2018,21,13569,13485,8661,3703,39418,858,790,1341,2989,42407
08-05-2018,22,13490,12682,8592,3534,38298,759,691,1194,2644,40942
08-05-2018,23,12894,11673,8036,3262,35865,710,626,1097,2433,38298
09-05-2018,0,12142,10985,7707,3029,33863,670,590,1041,2301,36164
09-05-2018,1,11816,11144,7539,2891,33390,658,572,1023,2253,35643
09-05-2018,2,11592,11145,7571,2815,33123,655,569,1016,2240,35363
09-05-2018,3,11601,11145,7522,2796,33064,646,571,1019,2236,35300
09-05-2018,4,11538,11395,7697,2883,33513,646,575,1039,2260,35773
09-05-2018,5,11774,11283,8425,3078,34560,756,686,1232,2674,37234
09-05-2018,6,12849,13401,8948,3552,38750,890,811,1401,3102,41852
09-05-2018,7,13995,15078,9210,4078,42361,975,911,1505,3391,45752
09-05-2018,8,14118,15617,9415,4360,43510,1006,955,1548,3509,47019
09-05-2018,9,13912,15676,9387,4368,43343,995,954,1540,3489,46832
09-05-2018,10,13912,15606,9318,4420,43256,989,942,1538,3469,46725
09-05-2018,11,13701,15292,9380,4389,42762,968,919,1525,3412,46174
09-05-2018,12,13586,15020,9210,4365,42181,986,941,1551,3478,45659
09-05-2018,13,13693,14863,9048,4437,42041,970,936,1543,3449,45490
09-05-2018,14,13480,14313,8933,4363,41089,970,921,1531,3422,44511
09-05-2018,15,13213,14312,8887,4274,40686,938,905,1489,3332,44018
09-05-2018,16,13116,14270,8863,4227,40476,920,869,1449,3238,43714
09-05-2018,17,12896,14220,8842,4235,40193,904,862,1420,3186,43379
09-05-2018,18,12726,14237,8931,4126,40020,890,834,1399,3123,43143
09-05-2018,19,12845,14219,8870,3967,39901,871,823,1392,3086,42987
09-05-2018,20,12614,13833,8572,3773,38792,859,807,1406,3072,41864
09-05-2018,21,12652,13433,8804,3711,38600,849,796,1347,2992,41592
09-05-2018,22,12620,13203,8753,3468,38044,763,708,1187,2658,40702
09-05-2018,23,12179,12545,8329,3161,36214,713,631,1083,2427,38641
10-05-2018,0,11599,12152,7992,2984,34727,678,588,1044,2310,37037
10-05-2018,1,11299,11387,7799,2798,33283,663,570,1020,2253,35536
10-05-2018,2,11188,11546,7730,2712,33176,670,562,1014,2246,35422
10-05-2018,3,11095,11690,7612,2709,33106,665,564,1020,2249,35355
10-05-2018,4,11178,11424,7646,2715,32963,678,572,1047,2297,35260
10-05-2018,5,11161,11477,8008,2628,33274,787,684,1236,2707,35981
10-05-2018,6,11343,11971,8248,2765,34327,903,803,1413,3119,37446
10-05-2018,7,11678,13023,8530,3062,36293,998,907,1521,3426,39719
10-05-2018,8,12161,13481,8556,3389,37587,1020,949,1562,3531,41118
10-05-2018,9,12796,14040,8652,3576,39064,1016,948,1556,3520,42584
10-05-2018,10,12997,13898,8641,3650,39186,1006,943,1567,3516,42702
10-05-2018,11,12941,13745,8574,3612,38872,998,919,1552,3469,42341
10-05-2018,12,12943,13503,8476,3502,38424,1014,942,1571,3527,41951
10-05-2018,13,12774,13491,8480,3545,38290,1007,941,1550,3498,41788
10-05-2018,14,12742,13300,8408,3511,37961,999,929,1542,3470,41431
10-05-2018,15,12815,13242,8416,3504,37977,971,903,1508,3382,41359
10-05-2018,16,12876,13290,8445,3499,38110,940,871,1477,3288,41398
10-05-2018,17,12806,13249,8493,3782,38330,918,855,1439,3212,41542
10-05-2018,18,12778,13527,8571,3916,38792,907,826,1412,3145,41937
10-05-2018,19,12896,13633,8546,3814,38889,894,814,1395,3103,41992
10-05-2018,20,12821,13557,8244,3493,38115,883,809,1413,3105,41220
10-05-2018,21,12681,13042,8515,3494,37732,866,795,1364,3025,40757
10-05-2018,22,12723,12634,8362,3341,37060,778,704,1195,2677,39737
10-05-2018,23,12263,12181,7928,3042,35414,723,625,1085,2433,37847
11-05-2018,0,11749,11579,7643,2808,33779,692,592,1046,2330,36109
11-05-2018,1,11388,11054,7472,2606,32520,676,571,1024,2271,34791
11-05-2018,2,11231,10930,7417,2530,32108,670,562,1015,2247,34355
11-05-2018,3,11256,10845,7428,2461,31990,656,562,1020,2238,34228
11-05-2018,4,11322,10764,7563,2474,32123,658,569,1039,2266,34389
11-05-2018,5,11523,11111,8162,2587,33383,767,674,1231,2672,36055
11-05-2018,6,12400,12298,8632,2818,36148,900,809,1410,3119,39267
11-05-2018,7,13311,13456,8954,3250,38971,992,907,1513,3412,42383
11-05-2018,8,14113,14407,9092,3597,41209,1018,948,1549,3515,44724
11-05-2018,9,14464,14617,9077,3785,41943,1000,951,1531,3482,45425
11-05-2018,10,14435,14794,9058,3856,42143,1001,944,1533,3478,45621
11-05-2018,11,14203,14768,9008,3808,41787,987,913,1517,3417,45204
11-05-2018,12,13946,14532,8937,3753,41168,1002,936,1552,3490,44658
11-05-2018,13,13828,14343,8902,3692,40765,986,933,1533,3452,44217
11-05-2018,14,13678,14159,8902,3625,40364,972,912,1508,3392,43756
11-05-2018,15,13413,14166,8903,3561,40043,965,886,1470,3321,43364
11-05-2018,16,13326,14184,8767,3583,39860,946,856,1444,3246,43106
11-05-2018,17,13189,14045,8745,3752,39731,897,845,1411,3153,42884
11-05-2018,18,13212,13866,8733,3739,39550,887,818,1384,3089,42639
11-05-2018,19,13212,13626,8642,3568,39048,876,800,1358,3034,42082
11-05-2018,20,13153,13449,8331,3406,38339,855,792,1356,3003,41342
11-05-2018,21,13021,13375,8561,3357,38314,840,791,1325,2956,41270
11-05-2018,22,12896,12894,8437,3218,37445,769,705,1190,2664,40109
11-05-2018,23,12571,12647,7985,2988,36191,715,632,1084,2431,38622
12-05-2018,0,12038,11823,7650,2757,34268,671,586,1027,2284,36552
12-05-2018,1,11717,11349,7478,2620,33164,654,562,989,2205,35369
12-05-2018,2,11534,11299,7461,2557,32851,644,551,974,2169,35020
12-05-2018,3,11448,11097,7351,2545,32441,620,543,967,2130,34571
12-05-2018,4,11451,10671,7319,2544,31985,597,532,948,2077,34062
12-05-2018,5,11363,10753,7455,2511,32082,631,572,1011,2214,34296
12-05-2018,6,11452,11041,7605,2647,32745,680,640,1130,2450,35195
12-05-2018,7,11893,11455,7835,2925,34108,763,729,1249,2741,36849
12-05-2018,8,12423,12400,8017,3237,36077,825,780,1321,2926,39003
12-05-2018,9,12940,13088,8115,3406,37549,824,799,1343,2966,40515
12-05-2018,10,13185,13344,8171,3445,38145,815,796,1353,2964,41109
12-05-2018,11,13029,13322,8122,3431,37904,800,791,1349,2940,40844
12-05-2018,12,12928,13362,8130,3382,37802,796,796,1335,2927,40729
12-05-2018,13,12689,13325,8049,3377,37440,786,787,1312,2885,40325
12-05-2018,14,12491,13085,8019,3327,36922,783,772,1292,2847,39769
12-05-2018,15,12325,12947,8040,3253,36565,779,761,1274,2814,39379
12-05-2018,16,12242,12978,8100,3320,36640,772,756,1269,2797,39437
12-05-2018,17,12462,13195,8248,3504,37409,777,751,1260,2788,40197
12-05-2018,18,12763,13099,8327,3547,37736,777,740,1258,2775,40511
12-05-2018,19,12656,12775,8262,3364,37057,774,735,1246,2755,39812
12-05-2018,20,12564,12478,7974,3254,36270,768,733,1261,2762,39032
12-05-2018,21,12410,12677,8268,3225,36580,765,741,1247,2753,39333
12-05-2018,22,12367,12455,8290,3085,36197,713,673,1142,2528,38725
12-05-2018,23,12055,12105,7873,2863,34896,653,606,1062,2321,37217
13-05-2018,0,11745,11785,7458,2709,33697,620,567,1009,2196,35893
13-05-2018,1,11600,11574,7220,2552,32946,592,544,962,2098,35044
13-05-2018,2,11377,11271,7099,2498,32245,569,531,938,2038,34283
13-05-2018,3,11298,11300,6935,2458,31991,550,525,936,2011,34002
13-05-2018,4,11222,11085,6943,2419,31669,533,514,913,1960,33629
13-05-2018,5,11056,10627,7036,2425,31144,564,540,964,2068,33212
13-05-2018,6,11091,10677,7080,2516,31364,626,599,1052,2277,33641
13-05-2018,7,11357,11037,7314,2807,32515,690,678,1158,2526,35041
13-05-2018,8,11735,12096,7525,3141,34497,744,744,1242,2730,37227
13-05-2018,9,12175,12814,7679,3301,35969,779,772,1286,2837,38806
13-05-2018,10,12385,13038,7743,3408,36574,773,764,1289,2826,39400
13-05-2018,11,12433,13103,7718,3427,36681,769,745,1283,2797,39478
13-05-2018,12,12373,13210,7626,3445,36654,764,745,1275,2784,39438
13-05-2018,13,12266,13041,7531,3413,36251,761,748,1267,2776,39027
13-05-2018,14,12132,12822,7547,3394,35895,762,737,1262,2761,38656
13-05-2018,15,12115,12682,7516,3376,35689,760,737,1255,2752,38441
13-05-2018,16,12124,12760,7559,3462,35905,764,744,1262,2770,38675
13-05-2018,17,12111,12973,7641,3839,36564,771,749,1266,2786,39350
13-05-2018,18,12179,12942,7760,3779,36660,778,747,1278,2803,39463
13-05-2018,19,12294,13172,7747,3564,36777,776,756,1289,2821,39598
13-05-2018,20,12546,13268,7561,3427,36802,776,762,1303,2841,39643
13-05-2018,21,12504,12974,7911,3295,36684,783,764,1276,2823,39507
13-05-2018,22,12530,12745,7895,3184,36354,723,682,1128,2533,38887
13-05-2018,23,11979,12079,7537,2936,34531,666,610,1023,2299,36830
14-05-2018,0,11446,11232,7271,2785,32734,630,567,974,2171,34905
14-05-2018,1,11188,11091,7059,2698,32036,607,550,953,2110,34146
14-05-2018,2,10916,11197,6971,2630,31714,605,543,948,2096,33810
14-05-2018,3,10837,11195,6878,2649,31559,590,543,949,2082,33641
14-05-2018,4,10800,11138,7071,2680,31689,600,548,978,2126,33815
14-05-2018,5,11121,11563,7861,2845,33390,725,666,1185,2576,35966
14-05-2018,6,12460,13029,8364,3446,37299,867,797,1360,3024,40323
14-05-2018,7,13587,14508,8666,3996,40757,983,899,1478,3360,44117
14-05-2018,8,13945,15277,8837,4259,42318,1032,958,1532,3522,45840
14-05-2018,9,13659,15445,8898,4227,42229,1029,959,1536,3524,45753
14-05-2018,10,13670,15432,8932,4327,42361,1022,953,1524,3499,45860
14-05-2018,11,13617,15219,8810,4401,42047,1012,925,1514,3451,45498
14-05-2018,12,13577,15041,8732,4385,41735,1035,946,1538,3519,45254
14-05-2018,13,13472,15047,8698,4469,41686,1021,945,1525,3491,45177
14-05-2018,14,13303,14951,8695,4449,41398,1018,930,1513,3461,44859
14-05-2018,15,13223,15027,8582,4359,41191,984,907,1486,3377,44568
14-05-2018,16,13516,14842,8505,4251,41114,960,879,1434,3273,44387
14-05-2018,17,13122,14797,8463,4319,40701,942,865,1427,3234,43935
14-05-2018,18,13019,14502,8397,4198,40116,927,845,1406,3178,43294
14-05-2018,19,13025,14432,8413,3944,39814,907,835,1389,3131,42945
14-05-2018,20,12890,13944,8132,3795,38761,892,826,1397,3115,41876
14-05-2018,21,12987,13593,8171,3710,38461,864,809,1334,3007,41468
14-05-2018,22,12836,13078,8142,3535,37591,780,719,1183,2682,40273
14-05-2018,23,12121,12451,7593,3157,35322,710,628,1098,2436,37758
15-05-2018,0,11676,11735,7239,2979,33629,676,596,1054,2326,35955
15-05-2018,1,11268,11505,7054,2828,32655,654,576,1022,2252,34907
15-05-2018,2,11059,11302,6984,2718,32063,651,565,1006,2222,34285
15-05-2018,3,11051,11345,6893,2727,32016,633,559,1011,2203,34219
15-05-2018,4,10952,11383,7077,2785,32197,640,571,1038,2249,34446
15-05-2018,5,11241,11860,7686,2938,33725,760,677,1244,2681,36406
15-05-2018,6,12489,13342,8199,3476,37506,892,807,1405,3104,40610
15-05-2018,7,13529,14770,8481,4054,40834,999,918,1520,3437,44271
15-05-2018,8,13587,15310,8494,4279,41670,1039,962,1573,3574,45244
15-05-2018,9,13550,15358,8591,4317,41816,1032,966,1581,3579,45395
15-05-2018,10,13474,15290,8691,4443,41898,1028,960,1568,3556,45454
15-05-2018,11,13280,15266,8610,4502,41658,1018,938,1545,3501,45159
15-05-2018,12,13474,15008,8544,4376,41402,1040,958,1563,3561,44963
15-05-2018,13,13448,14913,8474,4384,41219,1033,956,1546,3535,44754
15-05-2018,14,13319,14894,8508,4340,41061,1029,946,1525,3500,44561
15-05-2018,15,13111,14925,8498,4239,40773,994,923,1490,3407,44180
15-05-2018,16,13101,14608,8419,4150,40278,972,890,1444,3306,43584
15-05-2018,17,12961,14605,8295,4266,40127,948,873,1418,3239,43366
15-05-2018,18,12749,14207,8359,4179,39494,925,849,1395,3169,42663
15-05-2018,19,12773,13801,8347,3999,38920,909,844,1377,3130,42050
15-05-2018,20,12752,13906,7894,3785,38337,890,822,1372,3084,41421
15-05-2018,21,12707,13644,8036,3667,38054,843,794,1334,2971,41025
15-05-2018,22,12670,13199,7934,3519,37322,760,713,1188,2661,39983
15-05-2018,23,12172,12443,7369,3211,35195,708,635,1095,2438,37633
16-05-2018,0,11549,11618,7064,2981,33212,679,591,1028,2298,35510
16-05-2018,1,11196,11442,6879,2880,32397,656,577,1003,2236,34633
16-05-2018,2,10937,11281,6846,2820,31884,646,563,984,2193,34077
16-05-2018,3,10837,11241,6767,2805,31650,626,559,989,2174,33824
16-05-2018,4,10669,10986,6963,2865,31483,640,568,1016,2224,33707
16-05-2018,5,10697,11474,7607,3032,32810,762,685,1208,2655,35465
16-05-2018,6,12043,12862,8202,3532,36639,894,810,1390,3094,39733
16-05-2018,7,13230,14540,8456,4092,40318,996,914,1496,3406,43724
16-05-2018,8,13680,15170,8647,4301,41798,1033,958,1537,3528,45326
16-05-2018,9,13558,14914,8663,4333,41468,1030,952,1532,3514,44982
16-05-2018,10,13613,15331,8734,4439,42117,1024,947,1529,3500,45617
16-05-2018,11,13499,15364,8667,4481,42011,1011,921,1523,3455,45466
16-05-2018,12,13561,15129,8642,4434,41766,1030,953,1543,3526,45292
16-05-2018,13,13332,14872,8632,4476,41312,1015,947,1532,3494,44806
16-05-2018,14,13294,14641,8545,4412,40892,1010,936,1515,3461,44353
16-05-2018,15,13066,14615,8417,4408,40506,982,920,1471,3373,43879
16-05-2018,16,13287,14346,8337,4564,40534,960,885,1422,3267,43801
16-05-2018,17,13268,14284,8295,4695,40542,939,873,1406,3218,43760
16-05-2018,18,13209,14085,8366,4568,40228,921,849,1394,3164,43392
16-05-2018,19,13009,14118,8271,4276,39674,904,836,1391,3131,42805
16-05-2018,20,12813,13743,7923,4046,38525,881,823,1388,3092,41617
16-05-2018,21,12718,13442,8020,3911,38091,861,807,1331,2999,41090
16-05-2018,22,12645,12994,7914,3711,37264,788,718,1196,2702,39966
16-05-2018,23,12291,13655,7323,3335,36604,719,647,1098,2464,39068
17-05-2018,0,11983,11717,6996,3074,33770,686,601,1027,2314,36084
17-05-2018,1,11420,11242,6842,2858,32362,667,583,996,2246,34608
17-05-2018,2,11203,11153,6722,2817,31895,658,574,996,2228,34123
17-05-2018,3,11072,11042,6650,2892,31656,639,565,998,2202,33858
17-05-2018,4,11030,10816,6792,2929,31567,655,575,1029,2259,33826
17-05-2018,5,10999,11450,7562,3082,33093,770,690,1234,2694,35787
17-05-2018,6,11445,12985,8103,3586,36119,901,821,1410,3132,39251
17-05-2018,7,12295,14319,8411,4099,39124,1005,926,1524,3455,42579
17-05-2018,8,13134,15060,8615,4324,41133,1036,980,1568,3584,44717
17-05-2018,9,13229,15274,8677,4388,41568,1036,978,1558,3572,45140
17-05-2018,10,12892,15329,8679,4519,41419,1029,969,1560,3558,44977
17-05-2018,11,12508,15371,8642,4527,41048,1012,952,1549,3513,44561
17-05-2018,12,12192,15322,8558,4431,40503,1034,977,1560,3571,44074
17-05-2018,13,12109,15212,8521,4449,40291,1021,967,1547,3535,43826
17-05-2018,14,12026,14972,8477,4363,39838,1013,946,1527,3486,43324
17-05-2018,15,12037,14741,8494,4194,39466,981,928,1475,3384,42850
17-05-2018,16,11948,14190,8513,4125,38776,956,888,1438,3282,42058
17-05-2018,17,11946,14492,8333,4314,39085,936,877,1420,3233,42318
17-05-2018,18,12015,14548,8435,4329,39327,923,858,1402,3183,42510
17-05-2018,19,12092,14452,8478,4204,39226,904,849,1383,3136,42362
17-05-2018,20,12130,14316,8226,3966,38638,889,828,1367,3084,41722
17-05-2018,21,12239,13963,8341,3798,38341,864,795,1320,2979,41320
17-05-2018,22,12375,13239,8194,3560,37368,788,718,1173,2679,40047
17-05-2018,23,12267,12367,7645,3265,35544,720,634,1094,2448,37992
18-05-2018,0,11834,11702,7326,3083,33945,688,589,1025,2302,36247
18-05-2018,1,11603,11442,7143,2950,33138,671,574,1001,2246,35384
18-05-2018,2,11403,11310,7098,2865,32676,665,565,993,2223,34899
18-05-2018,3,11462,11288,6981,2849,32580,640,561,993,2194,34774
18-05-2018,4,11604,11398,7168,2868,33038,657,582,1018,2257,35295
18-05-2018,5,11591,11832,7915,2992,34330,776,692,1216,2684,37014
18-05-2018,6,12243,13619,8514,3542,37918,907,819,1395,3121,41039
18-05-2018,7,13128,14962,8755,4091,40936,995,913,1506,3414,44350
18-05-2018,8,13504,15254,8781,4334,41873,1025,959,1552,3536,45409
18-05-2018,9,13542,15472,8718,4370,42102,1022,955,1545,3522,45624
18-05-2018,10,13716,15388,8780,4451,42335,1006,937,1538,3481,45816
18-05-2018,11,13519,15171,8876,4413,41979,1001,916,1530,3447,45426
18-05-2018,12,13412,14915,8780,4304,41411,1017,935,1547,3499,44910
18-05-2018,13,13292,14498,8664,4216,40670,1006,929,1518,3453,44123
18-05-2018,14,13191,14167,8638,4027,40023,988,912,1493,3393,43416
18-05-2018,15,12982,13888,8587,3900,39357,961,887,1446,3294,42651
18-05-2018,16,12849,13699,8586,3904,39038,941,860,1417,3218,42256
18-05-2018,17,12677,13828,8524,4033,39062,915,841,1398,3154,42216
18-05-2018,18,12546,13702,8595,3963,38806,884,819,1362,3065,41871
18-05-2018,19,12528,13391,8556,3740,38215,855,806,1331,2992,41207
18-05-2018,20,12394,13006,8248,3487,37135,853,783,1324,2960,40095
18-05-2018,21,12322,12848,8322,3384,36876,832,771,1286,2889,39765
18-05-2018,22,12412,12514,8291,3292,36509,770,700,1169,2639,39148
18-05-2018,23,12074,11983,7755,3078,34890,707,622,1079,2408,37298
19-05-2018,0,11665,11493,7420,2857,33435,673,577,1022,2272,35707
19-05-2018,1,11488,11451,7206,2724,32869,651,555,975,2181,35050
19-05-2018,2,11302,11171,7144,2655,32272,636,545,960,2141,34413
19-05-2018,3,11293,11108,6992,2628,32021,603,533,953,2089,34110
19-05-2018,4,11179,10869,7004,2611,31663,598,535,935,2068,33731
19-05-2018,5,11105,10744,7224,2595,31668,629,578,1001,2208,33876
19-05-2018,6,11344,10878,7426,2744,32392,683,651,1100,2434,34826
19-05-2018,7,11550,11379,7702,3021,33652,769,741,1229,2739,36391
19-05-2018,8,12068,12120,7911,3325,35424,823,798,1319,2940,38364
19-05-2018,9,12523,12533,7965,3511,36532,831,814,1349,2994,39526
19-05-2018,10,12718,12768,7990,3570,37046,823,809,1359,2991,40037
19-05-2018,11,12662,12659,7954,3560,36835,812,791,1353,2956,39791
19-05-2018,12,12498,12518,7936,3487,36439,806,783,1327,2916,39355
19-05-2018,13,12302,12313,7845,3427,35887,791,778,1292,2861,38748
19-05-2018,14,12144,12189,7822,3385,35540,784,762,1281,2827,38367
19-05-2018,15,12067,12000,7920,3328,35315,782,752,1260,2794,38109
19-05-2018,16,11957,12000,7964,3350,35271,776,746,1250,2772,38043
19-05-2018,17,11978,12155,8099,3539,35771,776,747,1230,2753,38524
19-05-2018,18,12135,12236,8132,3586,36089,776,736,1218,2730,38819
19-05-2018,19,12033,12128,8076,3439,35676,766,729,1214,2709,38385
19-05-2018,20,11874,11969,7818,3308,34969,750,713,1213,2676,37645
19-05-2018,21,11818,11884,8037,3220,34959,751,714,1210,2675,37634
19-05-2018,22,11851,11680,7979,3158,34668,723,664,1111,2498,37166
19-05-2018,23,11744,11004,7528,2915,33191,669,598,1014,2281,35472
20-05-2018,0,11347,10404,7182,2746,31679,633,561,975,2169,33848
20-05-2018,1,11141,10227,7005,2619,30992,613,542,941,2096,33088
20-05-2018,2,11015,10211,6915,2544,30685,598,530,928,2056,32741
20-05-2018,3,10870,10146,6794,2527,30337,565,513,916,1994,32331
20-05-2018,4,10776,9940,6730,2474,29920,556,506,900,1962,31882
20-05-2018,5,10729,9861,6911,2436,29937,592,540,962,2094,32031
20-05-2018,6,10809,10236,7049,2555,30649,637,592,1037,2266,32915
20-05-2018,7,11040,10662,7245,2790,31737,706,663,1131,2500,34237
20-05-2018,8,11407,11289,7457,3101,33254,769,725,1219,2713,35967
20-05-2018,9,11727,11928,7548,3277,34480,790,748,1265,2803,37283
20-05-2018,10,11879,12098,7585,3359,34921,788,750,1273,2811,37732
20-05-2018,11,11915,12177,7574,3372,35038,776,739,1266,2781,37819
20-05-2018,12,11832,12266,7463,3371,34932,774,733,1258,2765,37697
20-05-2018,13,11741,12190,7418,3336,34685,768,726,1240,2734,37419
20-05-2018,14,11669,12228,7487,3323,34707,766,719,1226,2711,37418
20-05-2018,15,11565,12212,7590,3252,34619,770,719,1218,2707,37326
20-05-2018,16,11773,12271,7682,3340,35066,770,719,1224,2713,37779
20-05-2018,17,11743,12612,7809,3544,35708,780,727,1236,2743,38451
20-05-2018,18,11758,12639,7821,3594,35812,793,737,1236,2766,38578
20-05-2018,19,11765,12807,7831,3441,35844,796,740,1247,2783,38627
20-05-2018,20,11741,12797,7650,3277,35465,791,740,1264,2795,38260
20-05-2018,21,11741,12229,7837,3189,34996,778,727,1241,2746,37742
20-05-2018,22,11647,11844,7904,3122,34517,732,658,1109,2499,37016
20-05-2018,23,11500,11595,7451,2922,33468,674,597,1018,2289,35757
21-05-2018,0,11202,11275,7104,2777,32358,636,560,951,2147,34505
21-05-2018,1,10843,10824,6859,2708,31234,624,540,927,2091,33325
21-05-2018,2,10737,10782,6830,2619,30968,617,537,925,2079,33047
21-05-2018,3,10687,10761,6718,2562,30728,592,529,923,2044,32772
21-05-2018,4,10585,10670,6955,2532,30742,615,551,956,2122,32864
21-05-2018,5,10549,11250,7699,2559,32057,742,666,1174,2582,34639
21-05-2018,6,10879,12789,8266,2736,34670,869,798,1351,3018,37688
21-05-2018,7,11102,14545,8499,2991,37137,980,902,1469,3351,40488
21-05-2018,8,11469,14971,8671,3311,38422,1014,950,1515,3479,41901
21-05-2018,9,11949,15061,8733,3459,39202,1016,956,1515,3487,42689
21-05-2018,10,12278,15075,8735,3534,39622,1008,947,1518,3473,43095
21-05-2018,11,12263,15072,8736,3542,39613,1000,921,1505,3426,43039
21-05-2018,12,12225,14886,8559,3541,39211,1021,950,1524,3495,42706
21-05-2018,13,12139,14763,8564,3590,39056,1008,946,1503,3457,42513
21-05-2018,14,12129,14895,8654,3586,39264,1001,934,1490,3425,42689
21-05-2018,15,12071,14870,8580,3604,39125,968,911,1453,3332,42457
21-05-2018,16,12098,14515,8488,3654,38755,947,874,1414,3235,41990
21-05-2018,17,12059,14565,8349,4004,38977,927,864,1396,3187,42164
21-05-2018,18,12120,14397,8324,4038,38879,902,843,1373,3118,41997
21-05-2018,19,12208,14198,8364,3787,38557,886,830,1361,3077,41634
21-05-2018,20,12255,13788,8035,3549,37627,868,810,1337,3015,40642
21-05-2018,21,12233,13380,8091,3395,37099,831,788,1296,2915,40014
21-05-2018,22,12173,12700,7969,3268,36110,765,711,1151,2627,38737
21-05-2018,23,11890,12757,7488,3045,35180,708,630,1065,2403,37583
22-05-2018,0,11270,11269,7260,2890,32689,672,587,1000,2259,34948
22-05-2018,1,10972,11025,7070,2780,31847,655,572,975,2202,34049
22-05-2018,2,10869,11102,6984,2752,31707,643,563,966,2172,33879
22-05-2018,3,10846,11330,6893,2768,31837,615,545,963,2123,33960
22-05-2018,4,10884,10807,7085,2860,31636,642,572,991,2205,33841
22-05-2018,5,11215,11053,7767,2987,33022,758,676,1196,2630,35652
22-05-2018,6,12331,12604,8223,3455,36613,891,811,1368,3070,39683
22-05-2018,7,13534,14148,8502,4018,40202,994,914,1483,3391,43593
22-05-2018,8,14033,14764,8598,4314,41709,1027,963,1525,3515,45224
22-05-2018,9,13950,14909,8590,4381,41830,1034,963,1521,3518,45348
22-05-2018,10,13775,14967,8608,4480,41830,1033,949,1528,3510,45340
22-05-2018,11,13600,14885,8667,4526,41678,1013,921,1519,3453,45131
22-05-2018,12,13631,14767,8721,4447,41566,1038,953,1529,3520,45086
22-05-2018,13,14594,14745,8744,4458,42541,1033,950,1503,3486,46027
22-05-2018,14,13781,14499,8639,4397,41316,1028,932,1495,3455,44771
22-05-2018,15,13520,14279,8612,4267,40678,986,909,1456,3351,44029
22-05-2018,16,13420,14215,8627,4197,40459,969,870,1403,3242,43701
22-05-2018,17,13178,14176,8498,4387,40239,955,874,1390,3219,43458
22-05-2018,18,13113,13767,8509,4303,39692,924,841,1364,3129,42821
22-05-2018,19,12942,13677,8526,4129,39274,910,826,1353,3089,42363
22-05-2018,20,12919,13596,8148,3948,38611,888,805,1345,3038,41649
22-05-2018,21,12845,12983,8230,3800,37858,855,785,1295,2935,40793
22-05-2018,22,12783,12465,8092,3632,36972,776,708,1161,2645,39617
22-05-2018,23,12378,13029,7630,3333,36370,714,635,1058,2407,38777
23-05-2018,0,11862,11370,7273,3098,33603,678,598,1009,2285,35888
23-05-2018,1,11306,11059,6979,2985,32329,661,585,979,2225,34554
23-05-2018,2,11201,11028,6909,2927,32065,656,580,976,2212,34277
23-05-2018,3,11033,10930,6824,2932,31719,637,560,983,2180,33899
23-05-2018,4,11015,10964,6971,2960,31910,649,574,1003,2226,34136
23-05-2018,5,11215,11506,7694,3108,33523,757,685,1202,2644,36167
23-05-2018,6,12434,12912,8347,3583,37276,897,817,1373,3087,40363
23-05-2018,7,13638,14462,8627,4146,40873,1002,920,1488,3410,44283
23-05-2018,8,13934,14907,8719,4407,41967,1030,959,1528,3517,45484
23-05-2018,9,13846,15040,8768,4477,42131,1033,964,1527,3524,45655
23-05-2018,10,13773,15194,8824,4575,42366,1025,954,1523,3502,45868
23-05-2018,11,13677,15304,8851,4560,42392,1018,929,1508,3455,45847
23-05-2018,12,13573,14721,8814,4486,41594,1045,952,1531,3528,45122
23-05-2018,13,13649,14898,8775,4504,41826,1029,942,1512,3483,45309
23-05-2018,14,13448,14645,8675,4433,41201,1024,936,1488,3448,44649
23-05-2018,15,13427,14605,8675,4280,40987,984,913,1450,3347,44334
23-05-2018,16,13444,14576,8648,4210,40878,959,878,1417,3254,44132
23-05-2018,17,13338,14426,8523,4377,40664,940,862,1395,3197,43861
23-05-2018,18,13079,14201,8553,4287,40120,873,882,1376,3131,43251
23-05-2018,19,12985,14017,8535,4080,39617,874,854,1358,3086,42703
23-05-2018,20,13003,13937,8167,3893,39000,874,810,1346,3030,42030
23-05-2018,21,12917,13455,8145,3726,38243,793,828,1310,2931,41174
23-05-2018,22,12729,12967,8025,3594,37315,667,818,1171,2656,39971
23-05-2018,23,12228,12290,7626,3327,35471,586,748,1065,2399,37870
24-05-2018,0,11660,11472,7290,3096,33518,505,761,1010,2276,35794
24-05-2018,1,11195,11377,7093,2968,32633,477,757,978,2212,34845
24-05-2018,2,11068,11387,7032,2903,32390,472,742,972,2186,34576
24-05-2018,3,11019,11244,6998,2918,32179,452,728,969,2149,34328
24-05-2018,4,10962,11028,7249,2932,32171,476,749,1000,2225,34396
24-05-2018,5,11044,11330,7912,3083,33369,673,785,1206,2664,36033
24-05-2018,6,11878,13027,8499,3612,37016,823,894,1379,3096,40112
24-05-2018,7,13043,14393,8743,4055,40234,1004,913,1482,3399,43633
24-05-2018,8,13458,15056,8808,4330,41652,1084,956,1522,3562,45214
24-05-2018,9,13440,14857,8758,4082,41137,1032,949,1527,3508,44645
24-05-2018,10,13422,14835,8849,4573,41679,1018,945,1527,3490,45169
24-05-2018,11,13291,14849,8802,4601,41543,1005,924,1518,3447,44990
24-05-2018,12,13175,14761,8684,4585,41205,1029,948,1542,3519,44724
24-05-2018,13,13223,14374,8726,4742,41065,1013,937,1528,3478,44543
24-05-2018,14,13174,14161,8613,4785,40733,1005,928,1513,3446,44179
24-05-2018,15,13062,14119,8528,4649,40358,965,903,1474,3342,43700
24-05-2018,16,13011,14308,8557,4577,40453,952,871,1433,3256,43709
24-05-2018,17,12858,14248,8517,4708,40331,938,855,1401,3194,43525
24-05-2018,18,12617,14004,8529,4541,39691,923,831,1380,3134,42825
24-05-2018,19,12566,13988,8509,4299,39362,909,823,1363,3095,42457
24-05-2018,20,12560,13500,8215,4047,38322,884,808,1344,3036,41358
24-05-2018,21,12385,13042,8295,3843,37565,842,785,1323,2950,40515
24-05-2018,22,12214,12387,8210,3704,36515,790,715,1192,2697,39212
24-05-2018,23,11736,11728,7728,3433,34625,728,633,1083,2444,37069
25-05-2018,0,11276,11232,7452,3163,33123,689,589,1028,2306,35429
25-05-2018,1,10962,10825,7384,3045,32216,673,566,997,2236,34452
25-05-2018,2,10713,10697,7326,2998,31734,660,558,992,2210,33944
25-05-2018,3,10583,10866,7234,3001,31684,634,541,981,2156,33840
25-05-2018,4,10524,10849,7446,2997,31816,663,560,1017,2240,34056
25-05-2018,5,10845,11239,8129,3111,33324,775,671,1227,2673,35997
25-05-2018,6,11856,12784,8668,3522,36830,910,799,1397,3106,39936
25-05-2018,7,13104,14449,8844,4059,40456,1004,906,1500,3410,43866
25-05-2018,8,13464,14880,8954,4419,41717,1031,952,1538,3521,45238
25-05-2018,9,13438,14972,8928,4490,41828,1015,956,1545,3516,45344
25-05-2018,10,13328,14866,9015,4540,41749,1003,950,1549,3502,45251
25-05-2018,11,13115,14520,8942,4564,41141,993,933,1544,3470,44611
25-05-2018,12,12836,14590,8906,4445,40777,1014,955,1564,3533,44310
25-05-2018,13,13103,14045,8886,4315,40349,992,951,1544,3487,43836
25-05-2018,14,13058,13838,8795,4097,39788,984,937,1538,3459,43247
25-05-2018,15,12946,13715,8696,3964,39321,952,915,1493,3360,42681
25-05-2018,16,12796,13667,8663,3932,39058,936,890,1460,3286,42344
25-05-2018,17,12633,13573,8499,4020,38725,924,870,1441,3235,41960
25-05-2018,18,12565,13512,8514,3983,38574,896,843,1401,3140,41714
25-05-2018,19,12417,13182,8398,3785,37782,876,823,1374,3073,40855
25-05-2018,20,12211,13062,8051,3611,36935,851,790,1342,2983,39918
25-05-2018,21,12024,12554,8071,3466,36115,829,773,1331,2933,39048
25-05-2018,22,11987,12051,7978,3344,35360,787,720,1231,2738,38098
25-05-2018,23,11747,11564,7517,3119,33947,716,639,1133,2488,36435
26-05-2018,0,11228,10974,7107,2916,32225,687,602,1053,2342,34567
26-05-2018,1,10827,10647,6882,2728,31084,680,582,1031,2293,33377
26-05-2018,2,10594,10332,6785,2647,30358,648,563,1005,2216,32574
26-05-2018,3,10444,10323,6680,2608,30055,601,534,975,2110,32165
26-05-2018,4,10304,10185,6764,2568,29821,606,542,958,2106,31927
26-05-2018,5,10239,9975,6990,2540,29744,647,584,1032,2263,32007
26-05-2018,6,10443,10421,7125,2724,30713,703,659,1176,2538,33251
26-05-2018,7,10980,11282,7421,3061,32744,779,742,1290,2811,35555
26-05-2018,8,11571,12098,7632,3363,34664,837,802,1375,3014,37678
26-05-2018,9,12067,12612,7718,3543,35940,860,822,1403,3085,39025
26-05-2018,10,12253,12945,7740,3670,36608,854,826,1414,3094,39702
26-05-2018,11,12289,13091,7812,3660,36852,839,819,1407,3065,39917
26-05-2018,12,12189,12812,7779,3640,36420,830,812,1393,3035,39455
26-05-2018,13,11981,12489,7731,3637,35838,823,807,1364,2994,38832
26-05-2018,14,11881,12321,7818,3567,35587,812,799,1335,2946,38533
26-05-2018,15,11847,12230,7889,3462,35428,808,790,1328,2926,38354
26-05-2018,16,11833,12291,7983,3491,35598,806,785,1325,2916,38514
26-05-2018,17,11947,12374,8019,3674,36014,801,778,1307,2886,38900
26-05-2018,18,11956,12478,8093,3647,36174,797,766,1294,2857,39031
26-05-2018,19,11984,12432,8001,3480,35897,784,755,1273,2812,38709
26-05-2018,20,11904,12266,7740,3428,35338,765,736,1251,2752,38090
26-05-2018,21,11649,12016,7820,3334,34819,752,726,1251,2729,37548
26-05-2018,22,11478,11760,7775,3251,34264,723,684,1153,2560,36824
26-05-2018,23,11284,12425,7415,3040,34164,671,617,1065,2353,36517
27-05-2018,0,10984,10846,7076,2828,31734,628,581,1006,2215,33949
27-05-2018,1,10717,10416,6875,2693,30701,606,561,978,2145,32846
27-05-2018,2,10626,10142,6720,2605,30093,600,549,965,2114,32207
27-05-2018,3,10439,9896,6666,2568,29569,572,523,943,2038,31607
27-05-2018,4,10215,9841,6634,2512,29202,574,524,926,2024,31226
27-05-2018,5,10181,9969,6860,2475,29485,607,557,985,2149,31634
27-05-2018,6,10226,10089,7023,2598,29936,656,614,1077,2347,32283
27-05-2018,7,10384,10453,7275,2846,30958,724,691,1190,2605,33563
27-05-2018,8,10890,11353,7494,3145,32882,777,762,1271,2810,35692
27-05-2018,9,11279,11938,7624,3358,34199,806,787,1308,2901,37100
27-05-2018,10,11624,12305,7730,3496,35155,810,786,1322,2918,38073
27-05-2018,11,11734,12404,7701,3560,35399,804,782,1323,2909,38308
27-05-2018,12,11603,12259,7591,3556,35009,798,776,1319,2893,37902
27-05-2018,13,11541,12134,7568,3524,34767,793,775,1311,2879,37646
27-05-2018,14,11500,12003,7580,3498,34581,788,767,1298,2853,37434
27-05-2018,15,11561,12085,7600,3451,34697,793,766,1294,2853,37550
27-05-2018,16,11553,12270,7715,3524,35062,799,770,1296,2865,37927
27-05-2018,17,11714,12373,7840,3827,35754,805,775,1304,2884,38638
27-05-2018,18,11866,12426,7940,3874,36106,811,773,1294,2878,38984
27-05-2018,19,12035,12705,7916,3606,36262,808,772,1287,2867,39129
27-05-2018,20,12215,12767,7684,3447,36113,791,759,1270,2820,38933
27-05-2018,21,12256,12525,7918,3317,36016,767,738,1273,2778,38794
27-05-2018,22,12064,12269,7952,3234,35519,737,681,1161,2579,38098
27-05-2018,23,11682,11544,7594,3031,33851,666,606,1034,2306,36157
28-05-2018,0,11063,10941,7320,2885,32209,623,572,988,2183,34392
28-05-2018,1,10600,10786,7194,2794,31374,613,558,975,2146,33520
28-05-2018,2,10387,10609,7043,2781,30820,596,557,973,2126,32946
28-05-2018,3,10340,10381,7021,2782,30524,576,539,960,2075,32599
28-05-2018,4,10255,10316,7241,2775,30587,605,568,997,2170,32757
28-05-2018,5,10436,10850,7894,2920,32100,726,679,1221,2626,34726
28-05-2018,6,11561,12847,8464,3487,36359,868,807,1395,3070,39429
28-05-2018,7,12881,14824,8700,4118,40523,973,903,1520,3396,43919
28-05-2018,8,13250,15089,8893,4309,41541,1016,962,1577,3555,45096
28-05-2018,9,13118,14966,8924,4379,41387,1017,970,1592,3579,44966
28-05-2018,10,13192,15080,8927,4534,41733,1015,959,1602,3576,45309
28-05-2018,11,13191,15249,8882,4531,41853,1001,941,1603,3545,45398
28-05-2018,12,13042,15247,8887,4457,41633,1019,968,1633,3620,45253
28-05-2018,13,13018,15038,8877,4504,41437,1009,964,1620,3593,45030
28-05-2018,14,13051,15078,8799,4461,41389,1002,953,1613,3568,44957
28-05-2018,15,12968,14836,8673,4309,40786,972,945,1575,3492,44278
28-05-2018,16,12865,14774,8591,4250,40480,951,909,1522,3382,43862
28-05-2018,17,12819,14650,8459,4406,40334,929,889,1499,3317,43651
28-05-2018,18,12665,14309,8473,4289,39736,906,866,1470,3242,42978
28-05-2018,19,12658,14103,8464,4044,39269,885,848,1441,3174,42443
28-05-2018,20,12629,13746,8173,3838,38386,867,828,1407,3102,41488
28-05-2018,21,12450,13233,8145,3707,37535,825,798,1382,3005,40540
28-05-2018,22,12160,12689,8094,3565,36508,761,738,1257,2756,39264
28-05-2018,23,11536,11766,7653,3273,34228,701,657,1146,2504,36732
29-05-2018,0,10887,11019,7316,3040,32262,668,614,1074,2356,34618
29-05-2018,1,10568,10594,7133,2944,31239,646,584,1040,2270,33509
29-05-2018,2,10433,10894,6983,2895,31205,633,575,1042,2250,33455
29-05-2018,3,10353,10709,6866,2874,30802,606,558,1018,2182,32984
29-05-2018,4,10175,10205,7122,2862,30364,639,585,1043,2267,32631
29-05-2018,5,10345,10866,7825,3044,32080,758,691,1238,2687,34767
29-05-2018,6,11478,12484,8377,3597,35936,894,825,1419,3138,39074
29-05-2018,7,12584,14185,8698,4174,39641,984,935,1550,3469,43110
29-05-2018,8,13054,14748,8784,4411,40997,1025,985,1603,3613,44610
29-05-2018,9,13025,14961,8834,4510,41330,1022,999,1628,3649,44979
29-05-2018,10,13042,14954,8858,4633,41487,1016,997,1635,3648,45135
29-05-2018,11,12781,14996,8948,4581,41306,1007,975,1630,3612,44918
29-05-2018,12,12999,14956,8915,4501,41371,1030,1003,1649,3682,45053
29-05-2018,13,12970,14880,8833,4535,41218,1021,997,1639,3657,44875
29-05-2018,14,12990,14663,8767,4436,40856,1010,985,1623,3618,44474
29-05-2018,15,12959,14408,8719,4282,40368,973,965,1588,3526,43894
29-05-2018,16,12920,14326,8717,4286,40249,954,935,1529,3418,43667
29-05-2018,17,12760,14447,8538,4491,40236,932,910,1508,3350,43586
29-05-2018,18,12606,14197,8572,4349,39724,915,886,1475,3276,43000
29-05-2018,19,12530,14026,8506,4170,39232,893,867,1442,3202,42434
29-05-2018,20,12484,13840,8101,3960,38385,866,837,1410,3113,41498
29-05-2018,21,12137,13271,8120,3808,37336,819,813,1386,3018,40354
29-05-2018,22,11919,12832,8069,3671,36491,769,747,1271,2787,39278
29-05-2018,23,11510,12419,7678,3352,34959,704,656,1149,2509,37468
30-05-2018,0,10983,10892,7298,3077,32250,661,614,1078,2353,34603
30-05-2018,1,10552,10531,7033,2985,31101,648,587,1042,2277,33378
30-05-2018,2,10399,10438,6869,2932,30638,634,581,1035,2250,32888
30-05-2018,3,10338,10549,6801,2915,30603,606,561,1018,2185,32788
30-05-2018,4,10157,10509,7024,2909,30599,638,596,1054,2288,32887
30-05-2018,5,10321,11101,7718,3077,32217,763,705,1255,2723,34940
30-05-2018,6,11378,12613,8254,3611,35856,891,838,1435,3164,39020
30-05-2018,7,12791,14592,8508,4166,40057,989,951,1565,3505,43562
30-05-2018,8,12870,15321,8667,4406,41264,1022,1000,1636,3658,44922
30-05-2018,9,12908,15184,8673,4483,41248,1018,1014,1652,3684,44932
30-05-2018,10,12851,15025,8650,4625,41151,1009,1009,1664,3682,44833
30-05-2018,11,12717,14939,8767,4657,41080,1001,986,1659,3646,44726
30-05-2018,12,12695,14890,8759,4599,40943,1027,1014,1683,3724,44667
30-05-2018,13,12839,14905,8747,4623,41114,1006,1004,1669,3679,44793
30-05-2018,14,12969,14695,8662,4518,40844,1005,978,1652,3635,44479
30-05-2018,15,12786,14693,8529,4321,40329,973,955,1599,3527,43856
30-05-2018,16,12827,14459,8425,4252,39963,960,919,1537,3416,43379
30-05-2018,17,12645,14897,8316,4375,40233,943,896,1513,3352,43585
30-05-2018,18,12429,14346,8488,4312,39575,922,876,1485,3283,42858
30-05-2018,19,12222,14265,8432,4100,39019,901,857,1455,3213,42232
30-05-2018,20,12370,14298,8012,3878,38558,876,840,1418,3134,41692
30-05-2018,21,12127,13794,7989,3631,37541,830,809,1385,3024,40565
30-05-2018,22,11994,13105,7916,3541,36556,782,747,1288,2817,39373
30-05-2018,23,11381,12532,7525,3360,34798,718,662,1163,2543,37341
31-05-2018,0,10804,11284,7209,3098,32395,678,612,1080,2370,34765
31-05-2018,1,10386,10939,6999,2976,31300,656,590,1053,2299,33599
31-05-2018,2,10262,10731,6888,2900,30781,642,587,1042,2271,33052
31-05-2018,3,10112,10650,6904,2893,30559,615,561,1021,2197,32756
31-05-2018,4,9964,10360,7190,2907,30421,644,589,1055,2288,32709
31-05-2018,5,10248,10757,7903,3082,31990,754,693,1242,2689,34679
31-05-2018,6,11173,12594,8413,3587,35767,883,825,1410,3118,38885
31-05-2018,7,12545,14374,8655,4103,39677,974,926,1531,3431,43108
31-05-2018,8,12968,14808,8701,4329,40806,1013,975,1586,3574,44380
31-05-2018,9,13180,14762,8733,4379,41054,1012,982,1592,3586,44640
31-05-2018,10,12908,14972,8738,4542,41160,1006,975,1595,3576,44736
31-05-2018,11,12733,14860,8727,4585,40905,997,949,1583,3529,44434
31-05-2018,12,12655,14739,8612,4472,40478,1013,981,1601,3595,44073
31-05-2018,13,12756,14764,8550,4443,40513,1002,970,1595,3567,44080
31-05-2018,14,12752,14784,8630,4401,40567,1000,954,1578,3532,44099
31-05-2018,15,12780,14633,8633,4260,40306,965,931,1535,3431,43737
31-05-2018,16,12680,14407,8585,4247,39919,941,898,1493,3332,43251
31-05-2018,17,12600,14327,8489,4361,39777,914,880,1468,3262,43039
31-05-2018,18,12495,14425,8495,4275,39690,903,848,1441,3192,42882
31-05-2018,19,12506,14096,8509,4115,39226,881,828,1413,3122,42348
31-05-2018,20,12441,13920,8254,3930,38545,863,805,1375,3043,41588
31-05-2018,21,12319,13212,8283,3718,37532,821,776,1355,2952,40484
31-05-2018,22,12067,12689,8189,3646,36591,777,720,1262,2759,39350
31-05-2018,23,11511,11756,7747,3378,34392,715,640,1127,2482,36874
01-06-2018,0,11001,11048,7382,3206,32637,686,594,1062,2342,34979
01-06-2018,1,10538,10813,7176,3005,31532,662,579,1051,2292,33824
01-06-2018,2,10259,10720,7065,2940,30984,644,565,1038,2247,33231
01-06-2018,3,10160,10723,7007,2925,30815,619,543,1017,2179,32994
01-06-2018,4,10064,10402,7272,2916,30654,644,572,1051,2267,32921
01-06-2018,5,10278,10688,8008,3052,32026,761,673,1226,2660,34686
01-06-2018,6,11286,12179,8598,3565,35628,883,782,1385,3050,38678
01-06-2018,7,12588,13942,8900,4087,39517,971,904,1490,3365,42882
01-06-2018,8,13009,14706,9059,4361,41135,1017,955,1535,3507,44642
01-06-2018,9,13022,14913,9065,4392,41392,1015,957,1541,3513,44905
01-06-2018,10,13074,14933,9159,4480,41646,1007,953,1558,3518,45164
01-06-2018,11,12914,14816,9062,4470,41262,998,932,1549,3479,44741
01-06-2018,12,12885,14891,8882,4367,41025,1017,958,1580,3555,44580
01-06-2018,13,12871,14546,8837,4324,40578,994,952,1570,3516,44094
01-06-2018,14,12700,14189,8804,4144,39837,978,927,1554,3459,43296
01-06-2018,15,12644,13819,8686,4039,39188,948,920,1516,3384,42572
01-06-2018,16,12502,13578,8644,3974,38698,933,885,1480,3298,41996
01-06-2018,17,12443,13460,8581,4044,38528,911,863,1429,3203,41731
01-06-2018,18,12457,13276,8671,3979,38383,892,838,1405,3135,41518
01-06-2018,19,12243,13112,8637,3801,37793,870,820,1380,3070,40863
01-06-2018,20,12112,12851,8252,3631,36846,837,792,1337,2966,39812
01-06-2018,21,11860,12297,8259,3507,35923,796,767,1308,2871,38794
01-06-2018,22,11706,12069,8118,3415,35308,761,724,1227,2712,38020
01-06-2018,23,11528,12304,7686,3204,34722,705,646,1118,2469,37191
02-06-2018,0,10935,10473,7367,3000,31775,661,594,1033,2288,34063
02-06-2018,1,10632,10329,7161,2825,30947,642,569,995,2206,33153
02-06-2018,2,10458,10038,7019,2730,30245,616,551,980,2147,32392
02-06-2018,3,10250,9784,6921,2680,29635,586,530,961,2077,31712
02-06-2018,4,10076,9632,6951,2632,29291,585,537,956,2078,31369
02-06-2018,5,10082,9756,7243,2640,29721,616,578,1032,2226,31947
02-06-2018,6,10310,10116,7471,2816,30713,660,643,1134,2437,33150
02-06-2018,7,10764,10834,7692,3121,32411,756,726,1233,2715,35126
02-06-2018,8,11322,11727,7768,3440,34257,809,785,1312,2906,37163
02-06-2018,9,11848,12304,7960,3631,35743,829,811,1344,2984,38727
02-06-2018,10,12024,12593,7993,3703,36313,830,812,1360,3002,39315
02-06-2018,11,12034,12815,7960,3697,36506,826,803,1354,2983,39489
02-06-2018,12,12028,12888,7906,3642,36464,818,801,1352,2971,39435
02-06-2018,13,11858,12215,7841,3572,35486,806,794,1322,2922,38408
02-06-2018,14,11804,12021,7760,3490,35075,799,780,1304,2883,37958
02-06-2018,15,11848,11888,7791,3438,34965,796,771,1285,2852,37817
02-06-2018,16,11856,11944,7862,3464,35126,787,764,1275,2826,37952
02-06-2018,17,11944,12165,7926,3605,35640,779,761,1268,2808,38448
02-06-2018,18,11717,11918,7995,3628,35258,773,746,1250,2769,38027
02-06-2018,19,11624,11655,7921,3532,34732,767,740,1224,2731,37463
02-06-2018,20,11742,11873,7634,3431,34680,747,722,1196,2665,37345
02-06-2018,21,11539,11665,7796,3326,34326,720,712,1188,2620,36946
02-06-2018,22,11314,11271,7758,3258,33601,698,685,1126,2509,36110
02-06-2018,23,11230,11182,7461,3094,32967,657,619,1030,2306,35273
03-06-2018,0,10935,10313,7105,2901,31254,615,570,970,2155,33409
03-06-2018,1,10542,9844,6854,2748,29988,597,550,945,2092,32080
03-06-2018,2,10272,9677,6739,2649,29337,578,539,934,2051,31388
03-06-2018,3,10123,9469,6642,2615,28849,541,513,907,1961,30810
03-06-2018,4,9949,9172,6641,2558,28320,545,519,894,1958,30278
03-06-2018,5,10021,9282,6830,2546,28679,590,550,947,2087,30766
03-06-2018,6,10046,9679,6973,2665,29363,624,603,1033,2260,31623
03-06-2018,7,10225,10254,7292,2915,30686,678,684,1137,2499,33185
03-06-2018,8,10699,11056,7505,3215,32475,753,744,1224,2721,35196
03-06-2018,9,11209,11868,7658,3416,34151,785,773,1273,2831,36982
03-06-2018,10,11502,12226,7715,3545,34988,790,775,1277,2842,37830
03-06-2018,11,11671,12345,7853,3585,35454,774,763,1264,2801,38255
03-06-2018,12,11668,12530,7828,3560,35586,772,756,1255,2783,38369
03-06-2018,13,11584,12428,7774,3520,35306,769,752,1245,2766,38072
03-06-2018,14,11657,12198,7752,3490,35097,767,747,1235,2749,37846
03-06-2018,15,11478,12099,7764,3465,34806,773,751,1227,2751,37557
03-06-2018,16,11571,12045,7727,3510,34853,781,757,1235,2773,37626
03-06-2018,17,11690,12497,7786,3692,35665,786,758,1240,2784,38449
03-06-2018,18,11738,12556,7864,3713,35871,797,755,1248,2800,38671
03-06-2018,19,11926,12717,7848,3631,36122,790,756,1264,2810,38932
03-06-2018,20,12082,12714,7735,3507,36038,775,742,1249,2766,38804
03-06-2018,21,12055,12498,7921,3391,35865,740,720,1246,2706,38571
03-06-2018,22,11814,12090,7899,3278,35081,718,680,1156,2554,37635
03-06-2018,23,11481,11444,7568,3063,33556,659,610,1026,2295,35851
04-06-2018,0,10961,11251,7275,2884,32371,621,569,969,2159,34530
04-06-2018,1,10592,11102,7097,2778,31569,604,555,946,2105,33674
04-06-2018,2,10358,10819,6980,2733,30890,594,540,945,2079,32969
04-06-2018,3,10302,10709,7033,2735,30779,576,530,935,2041,32820
04-06-2018,4,10191,10556,7226,2728,30701,606,563,977,2146,32847
04-06-2018,5,10426,10937,7952,2865,32180,724,664,1179,2567,34747
04-06-2018,6,11454,12766,8514,3369,36103,869,786,1354,3009,39112
04-06-2018,7,12650,14304,8837,3907,39698,984,902,1487,3373,43071
04-06-2018,8,13157,16253,8952,4223,42585,1023,976,1549,3548,46133
04-06-2018,9,13150,15219,9038,4355,41762,1027,994,1569,3590,45352
04-06-2018,10,13096,15485,9058,4449,42088,1025,988,1571,3584,45672
04-06-2018,11,13140,15380,9174,4471,42165,1008,977,1569,3554,45719
04-06-2018,12,13110,15352,9066,4424,41952,1021,993,1596,3610,45562
04-06-2018,13,13166,15108,8939,4413,41626,995,970,1585,3550,45176
04-06-2018,14,12983,15154,8878,4327,41342,987,946,1570,3503,44845
04-06-2018,15,12944,15204,8781,4175,41104,952,927,1530,3409,44513
04-06-2018,16,12912,14941,8775,4160,40788,923,899,1473,3295,44083
04-06-2018,17,12977,15059,8719,4230,40985,911,874,1433,3218,44203
04-06-2018,18,12753,14789,8775,4109,40426,893,847,1403,3143,43569
04-06-2018,19,12627,14464,8672,3909,39672,880,831,1378,3089,42761
04-06-2018,20,12561,14164,8413,3760,38898,852,800,1349,3001,41899
04-06-2018,21,12486,13676,8466,3568,38196,805,762,1300,2867,41063
04-06-2018,22,12365,13309,8406,3481,37561,758,713,1188,2659,40220
04-06-2018,23,11997,12365,7970,3268,35600,691,637,1057,2385,37985
05-06-2018,0,11345,11752,7656,3036,33789,656,591,1002,2249,36038
05-06-2018,1,11048,11265,7502,2869,32684,641,565,975,2181,34865
05-06-2018,2,10850,11048,7353,2798,32049,606,556,965,2127,34176
05-06-2018,3,10788,11049,7317,2759,31913,579,538,945,2062,33975
05-06-2018,4,10737,10756,7545,2723,31761,625,562,984,2171,33932
05-06-2018,5,10982,11186,8259,2758,33185,727,666,1174,2567,35752
05-06-2018,6,11967,12861,8753,3000,36581,854,802,1348,3004,39585
05-06-2018,7,13335,14193,9042,3292,39862,942,905,1460,3307,43169
05-06-2018,8,13450,14916,9211,3641,41218,974,939,1502,3415,44633
05-06-2018,9,13402,15144,9242,3949,41737,977,947,1514,3438,45175
05-06-2018,10,13382,15549,9233,3954,42118,985,944,1508,3437,45555
05-06-2018,11,13275,15524,9271,3918,41988,972,930,1507,3409,45397
05-06-2018,12,13214,15354,9183,3853,41604,991,940,1528,3459,45063
05-06-2018,13,13296,15391,9113,3808,41608,993,923,1512,3428,45036
05-06-2018,14,13285,15004,9053,3714,41056,993,906,1497,3396,44452
05-06-2018,15,13373,15100,8908,3643,41024,961,877,1458,3296,44320
05-06-2018,16,13378,14816,8875,3744,40813,938,840,1414,3192,44005
05-06-2018,17,13196,14853,8857,3902,40808,933,832,1385,3150,43958
05-06-2018,18,13029,14541,8939,3891,40400,896,820,1356,3072,43472
05-06-2018,19,12965,14251,8920,3708,39844,886,800,1330,3016,42860
05-06-2018,20,12888,14116,8558,3610,39172,866,776,1283,2925,42097
05-06-2018,21,12765,13724,8689,3460,38638,819,750,1236,2805,41443
05-06-2018,22,12610,13221,8590,3357,37778,768,708,1151,2627,40405
05-06-2018,23,12161,12413,8144,3204,35922,678,625,1041,2344,38266
06-06-2018,0,11497,11535,7829,3008,33869,649,578,989,2216,36085
06-06-2018,1,11178,11424,7621,2888,33111,637,559,963,2159,35270
06-06-2018,2,11017,11155,7413,2829,32414,619,549,957,2125,34539
06-06-2018,3,10946,11000,7431,2838,32215,597,531,945,2073,34288
06-06-2018,4,10816,10816,7585,2818,32035,640,557,985,2182,34217
06-06-2018,5,11048,10814,8294,2971,33127,757,655,1170,2582,35709
06-06-2018,6,12164,11463,8716,3507,35850,878,764,1340,2982,38832
06-06-2018,7,13241,12194,8862,4071,38368,967,874,1450,3291,41659
06-06-2018,8,13440,12805,8919,4320,39484,994,934,1494,3422,42906
06-06-2018,9,13458,13418,8887,4399,40162,986,947,1509,3442,43604
06-06-2018,10,13588,13716,8963,4504,40771,1000,942,1516,3458,44229
06-06-2018,11,13412,13700,8958,4523,40593,983,920,1513,3416,44009
06-06-2018,12,13257,13581,8923,4410,40171,1024,943,1534,3501,43672
06-06-2018,13,13188,13385,8881,4495,39949,1013,939,1514,3466,43415
06-06-2018,14,13276,12942,8965,4413,39596,1007,928,1496,3431,43027
06-06-2018,15,13349,13049,8892,4326,39616,987,906,1476,3369,42985
06-06-2018,16,13287,13173,8947,4279,39686,960,872,1437,3269,42955
06-06-2018,17,13230,13427,8962,4368,39987,954,855,1412,3221,43208
06-06-2018,18,13130,13691,9001,4278,40100,930,833,1360,3123,43223
06-06-2018,19,12957,13400,8922,4079,39358,916,817,1338,3071,42429
06-06-2018,20,12868,13291,8595,3787,38541,893,804,1304,3001,41542
06-06-2018,21,12793,12860,8614,3638,37905,843,773,1262,2878,40783
06-06-2018,22,12415,12165,8564,3566,36710,796,718,1167,2681,39391
06-06-2018,23,11958,12457,8175,3336,35926,727,641,1048,2416,38342
07-06-2018,0,11309,10999,7896,3100,33304,681,599,1000,2280,35584
07-06-2018,1,10892,10754,7731,2948,32325,666,583,979,2228,34553
07-06-2018,2,10779,10536,7602,2895,31812,642,575,975,2192,34004
07-06-2018,3,10590,10273,7602,2895,31360,627,550,968,2145,33505
07-06-2018,4,10488,10247,7792,2874,31401,643,582,993,2218,33619
07-06-2018,5,10854,10569,8468,3029,32920,763,687,1172,2622,35542
07-06-2018,6,11924,12210,8983,3569,36686,892,792,1344,3028,39714
07-06-2018,7,13240,14097,9275,4117,40729,987,898,1468,3353,44082
07-06-2018,8,13546,14372,9297,4381,41596,1015,941,1521,3477,45073
07-06-2018,9,13000,14388,9300,4474,41162,1017,947,1526,3490,44652
07-06-2018,10,13228,14602,9304,4574,41708,1013,935,1523,3471,45179
07-06-2018,11,13247,14551,9318,4538,41654,994,916,1513,3423,45077
07-06-2018,12,13146,14462,9264,4480,41352,1015,937,1535,3487,44839
07-06-2018,13,13105,14457,9234,4520,41316,1004,930,1531,3465,44781
07-06-2018,14,13148,14611,9099,4432,41290,995,916,1513,3424,44714
07-06-2018,15,13412,14616,9111,4268,41407,973,903,1483,3359,44766
07-06-2018,16,13229,14645,9238,4193,41305,953,882,1436,3271,44576
07-06-2018,17,13141,14682,9066,4335,41224,940,871,1405,3216,44440
07-06-2018,18,12847,14345,9068,4238,40498,918,837,1367,3122,43620
07-06-2018,19,12755,14153,9067,4053,40028,900,824,1346,3070,43098
07-06-2018,20,12682,14077,8725,3888,39372,879,803,1312,2994,42366
07-06-2018,21,12499,13478,8777,3739,38493,835,775,1270,2880,41373
07-06-2018,22,12273,12807,8671,3583,37334,780,726,1186,2692,40026
07-06-2018,23,11860,11654,8208,3336,35058,711,641,1060,2412,37470
08-06-2018,0,11413,11213,7944,3110,33680,675,593,999,2267,35947
08-06-2018,1,10921,10793,7767,2990,32471,657,571,971,2199,34670
08-06-2018,2,10767,10638,7668,2926,31999,647,562,966,2175,34174
08-06-2018,3,10724,10428,7655,2906,31713,627,545,944,2116,33829
08-06-2018,4,10666,10473,7913,2904,31956,649,569,979,2197,34153
08-06-2018,5,10869,11206,8554,3060,33689,764,678,1162,2604,36293
08-06-2018,6,11812,12800,8990,3589,37191,888,791,1340,3019,40210
08-06-2018,7,12984,14379,9132,4169,40664,985,894,1463,3342,44006
08-06-2018,8,13480,14910,9283,4397,42070,1012,959,1516,3487,45557
08-06-2018,9,13510,14845,9288,4471,42114,1011,953,1527,3491,45605
08-06-2018,10,13376,15008,9261,4555,42200,1000,956,1533,3489,45689
08-06-2018,11,13392,15086,9229,4543,42250,983,934,1525,3442,45692
08-06-2018,12,13343,14619,9118,4430,41510,1000,955,1548,3503,45013
08-06-2018,13,13249,14411,8982,4372,41014,982,939,1527,3448,44462
08-06-2018,14,13165,14155,8934,4220,40474,967,922,1499,3388,43862
08-06-2018,15,13041,13958,8960,4070,40029,938,901,1482,3321,43350
08-06-2018,16,12915,13773,8985,4031,39704,918,868,1457,3243,42947
08-06-2018,17,12765,13892,8943,4116,39716,888,850,1424,3162,42878
08-06-2018,18,12591,13478,8938,4052,39059,869,814,1392,3075,42134
08-06-2018,19,12437,13326,8884,3850,38497,858,795,1357,3010,41507
08-06-2018,20,12259,13098,8453,3656,37466,845,770,1309,2924,40390
08-06-2018,21,12044,12735,8541,3503,36823,807,750,1256,2813,39636
08-06-2018,22,11870,12476,8476,3395,36217,767,711,1188,2666,38883
08-06-2018,23,11615,12445,8084,3205,35349,711,633,1076,2420,37769
09-06-2018,0,11076,11168,7790,3006,33040,675,579,1009,2263,35303
09-06-2018,1,10736,10802,7617,2853,32008,651,556,979,2186,34194
09-06-2018,2,10575,10702,7489,2762,31528,630,533,968,2131,33659
09-06-2018,3,10431,10489,7469,2741,31130,600,509,936,2045,33175
09-06-2018,4,10163,10225,7498,2665,30551,608,520,938,2066,32617
09-06-2018,5,10136,10139,7590,2688,30553,641,568,1005,2214,32767
09-06-2018,6,10405,10512,7677,2833,31427,689,632,1109,2430,33857
09-06-2018,7,10915,11166,7982,3124,33187,764,719,1206,2689,35876
09-06-2018,8,11436,11948,8099,3423,34906,820,769,1285,2874,37780
09-06-2018,9,11967,12528,8137,3595,36227,839,796,1342,2977,39204
09-06-2018,10,12202,13021,8160,3695,37078,834,791,1353,2978,40056
09-06-2018,11,12220,12946,8168,3703,37037,822,783,1347,2952,39989
09-06-2018,12,12053,12901,8102,3640,36696,814,778,1339,2931,39627
09-06-2018,13,11989,12621,8098,3605,36313,809,777,1310,2896,39209
09-06-2018,14,11882,12540,8168,3551,36141,800,771,1269,2840,38981
09-06-2018,15,11843,12476,8253,3503,36075,789,759,1271,2819,38894
09-06-2018,16,11865,12534,8312,3531,36242,784,752,1272,2808,39050
09-06-2018,17,11954,12592,8362,3665,36573,773,739,1254,2766,39339
09-06-2018,18,11915,12553,8426,3679,36573,778,740,1245,2763,39336
09-06-2018,19,11807,12559,8343,3536,36245,768,729,1224,2721,38966
09-06-2018,20,11682,12261,8094,3394,35431,760,712,1190,2662,38093
09-06-2018,21,11529,11758,8206,3279,34772,719,690,1171,2580,37352
09-06-2018,22,11333,11617,8176,3204,34330,709,670,1118,2497,36827
09-06-2018,23,11150,11179,7877,3061,33267,669,608,1023,2300,35567
10-06-2018,0,10854,10542,7585,2889,31870,626,563,964,2153,34023
10-06-2018,1,10608,10137,7391,2753,30889,606,543,935,2084,32973
10-06-2018,2,10395,9889,7228,2673,30185,584,528,924,2036,32221
10-06-2018,3,10256,9661,7203,2623,29743,561,499,897,1957,31700
10-06-2018,4,10073,9523,7180,2555,29331,560,507,895,1962,31293
10-06-2018,5,10007,9587,7193,2552,29339,586,537,941,2064,31403
10-06-2018,6,10101,9877,7238,2679,29895,634,593,1025,2252,32147
10-06-2018,7,10431,10343,7406,2930,31110,699,668,1119,2486,33596
10-06-2018,8,10859,11117,7597,3213,32786,764,735,1208,2707,35493
10-06-2018,9,11348,11855,7737,3438,34378,791,774,1258,2823,37201
10-06-2018,10,11712,12238,7848,3585,35383,790,786,1266,2842,38225
10-06-2018,11,11910,12520,7848,3648,35926,781,784,1270,2835,38761
10-06-2018,12,11965,12530,7842,3615,35952,780,781,1267,2828,38780
10-06-2018,13,11901,12524,7840,3593,35858,776,779,1264,2819,38677
10-06-2018,14,11925,12301,7815,3557,35598,766,771,1252,2789,38387
10-06-2018,15,11850,12019,7873,3538,35280,767,768,1244,2779,38059
10-06-2018,16,11949,11984,7999,3582,35514,778,771,1245,2794,38308
10-06-2018,17,12006,12343,8068,3876,36293,782,766,1254,2802,39095
10-06-2018,18,12174,12674,8183,3933,36964,786,764,1261,2811,39775
10-06-2018,19,12140,12613,8104,3743,36600,784,759,1256,2799,39399
10-06-2018,20,12148,12562,7872,3539,36121,773,743,1237,2753,38874
10-06-2018,21,12114,12339,8068,3378,35899,736,714,1216,2666,38565
10-06-2018,22,11941,11852,8039,3251,35083,712,685,1133,2530,37613
10-06-2018,23,11541,11623,7746,3017,33927,658,615,1034,2307,36234
11-06-2018,0,11019,10697,7456,2865,32037,620,567,969,2156,34193
11-06-2018,1,10639,10599,7267,2770,31275,601,549,938,2088,33363
11-06-2018,2,10516,10506,7100,2755,30877,588,538,929,2055,32932
11-06-2018,3,10453,10336,7068,2771,30628,571,517,908,1996,32624
11-06-2018,4,10361,10392,7272,2765,30790,594,546,949,2089,32879
11-06-2018,5,10639,11069,7990,2935,32633,710,656,1153,2519,35152
11-06-2018,6,11610,12503,8433,3479,36025,844,795,1340,2979,39004
11-06-2018,7,12905,14058,8709,4089,39761,958,910,1475,3343,43104
11-06-2018,8,13392,14693,8835,4389,41309,1026,970,1543,3539,44848
11-06-2018,9,13430,14747,8874,4461,41512,1028,987,1558,3573,45085
11-06-2018,10,13436,14903,8911,4532,41782,1035,980,1555,3570,45352
11-06-2018,11,13433,14867,8998,4581,41879,1020,959,1551,3530,45409
11-06-2018,12,13408,14919,8981,4534,41842,1041,976,1592,3609,45451
11-06-2018,13,13462,14682,8956,4543,41643,1025,961,1594,3580,45223
11-06-2018,14,13317,14622,8849,4475,41263,1017,943,1568,3528,44791
11-06-2018,15,13334,14614,8722,4384,41054,985,929,1532,3446,44500
11-06-2018,16,13307,14547,8614,4309,40777,958,899,1495,3352,44129
11-06-2018,17,13185,14445,8497,4524,40651,934,880,1470,3284,43935
11-06-2018,18,13069,14096,8526,4400,40091,909,859,1429,3197,43288
11-06-2018,19,12937,13900,8436,4098,39371,892,842,1398,3132,42503
11-06-2018,20,12869,13578,8200,3910,38557,875,818,1353,3046,41603
11-06-2018,21,12705,12994,8188,3710,37597,821,778,1296,2895,40492
11-06-2018,22,12346,12500,8105,3528,36479,763,717,1195,2675,39154
11-06-2018,23,11827,12435,7624,3237,35123,705,638,1077,2420,37543
12-06-2018,0,11334,11170,7337,3058,32899,675,601,1027,2303,35202
12-06-2018,1,10900,11011,7147,2975,32033,667,579,998,2244,34277
12-06-2018,2,10778,10888,7062,2931,31659,649,570,991,2210,33869
12-06-2018,3,10782,10748,7011,2932,31473,630,552,975,2157,33630
12-06-2018,4,10840,10617,7225,2956,31638,659,572,1019,2250,33888
12-06-2018,5,10956,11040,7919,3083,32998,755,662,1197,2614,35612
12-06-2018,6,11947,12670,8446,3562,36625,871,782,1360,3013,39638
12-06-2018,7,13223,14199,8715,4084,40221,990,904,1472,3366,43587
12-06-2018,8,13715,14665,8889,4318,41587,1038,962,1525,3525,45112
12-06-2018,9,13867,14901,8870,4408,42046,1056,979,1542,3577,45623
12-06-2018,10,13787,14919,8865,4508,42079,1061,975,1546,3582,45661
12-06-2018,11,13533,14971,8894,4535,41933,1046,941,1539,3526,45459
12-06-2018,12,13490,14841,8830,4459,41620,1059,966,1545,3570,45190
12-06-2018,13,13435,14736,8791,4471,41433,1033,954,1526,3513,44946
12-06-2018,14,13455,14816,8751,4402,41424,1022,941,1502,3465,44889
12-06-2018,15,13360,14731,8679,4268,41038,981,921,1470,3372,44410
12-06-2018,16,13385,14667,8683,4249,40984,952,893,1430,3275,44259
12-06-2018,17,13249,14603,8685,4467,41004,934,883,1400,3217,44221
12-06-2018,18,13045,14227,8763,4343,40378,910,854,1381,3145,43523
12-06-2018,19,12961,13961,8691,4087,39700,892,835,1380,3107,42807
12-06-2018,20,12910,13776,8384,3883,38953,862,806,1342,3010,41963
12-06-2018,21,12668,13284,8415,3705,38072,817,764,1296,2877,40949
12-06-2018,22,12511,12778,8279,3526,37094,776,722,1193,2691,39785
12-06-2018,23,12181,11940,7937,3293,35351,721,643,1082,2446,37797
13-06-2018,0,11669,11348,7648,3102,33767,687,592,1021,2300,36067
13-06-2018,1,11391,11313,7506,2970,33180,666,567,989,2222,35402
13-06-2018,2,11241,11020,7418,2946,32625,640,556,983,2179,34804
13-06-2018,3,11105,10825,7430,2903,32263,622,532,966,2120,34383
13-06-2018,4,11073,10834,7622,2876,32405,654,565,1007,2226,34631
13-06-2018,5,11378,11399,8258,3049,34084,752,665,1177,2594,36678
13-06-2018,6,12394,13025,8753,3582,37754,876,782,1349,3007,40761
13-06-2018,7,13495,14703,8932,4151,41281,982,889,1473,3344,44625
13-06-2018,8,13748,15168,9009,4462,42387,1020,935,1533,3488,45875
13-06-2018,9,13410,15243,9059,4560,42272,1020,951,1559,3530,45802
13-06-2018,10,13343,15387,8985,4635,42350,1016,944,1566,3526,45876
13-06-2018,11,13357,15395,8963,4636,42351,1000,923,1566,3489,45840
13-06-2018,12,13383,15224,8888,4583,42078,1022,946,1595,3563,45641
13-06-2018,13,13210,15030,8845,4569,41654,1008,939,1577,3524,45178
13-06-2018,14,13239,14859,8810,4476,41384,1007,924,1571,3502,44886
13-06-2018,15,13204,14931,8860,4286,41281,979,914,1529,3422,44703
13-06-2018,16,13228,14660,8900,4182,40970,957,877,1488,3322,44292
13-06-2018,17,12801,14646,8878,4358,40683,935,866,1462,3263,43946
13-06-2018,18,12845,14221,8975,4284,40325,906,832,1405,3143,43468
13-06-2018,19,12769,14077,8941,4092,39879,897,812,1383,3092,42971
13-06-2018,20,12712,13923,8580,3910,39125,874,801,1371,3046,42171
13-06-2018,21,12618,13414,8509,3678,38219,829,763,1326,2918,41137
13-06-2018,22,12341,12758,8411,3490,37000,785,712,1218,2715,39715
13-06-2018,23,11839,11641,8063,3266,34809,727,639,1093,2459,37268
14-06-2018,0,11330,11238,7697,3077,33342,690,592,1034,2316,35658
14-06-2018,1,10951,10847,7570,2940,32308,669,572,1008,2249,34557
14-06-2018,2,10768,10707,7445,2882,31802,643,560,1002,2205,34007
14-06-2018,3,10713,10467,7417,2891,31488,624,535,996,2155,33643
14-06-2018,4,10580,10393,7621,2922,31516,655,560,1022,2237,33753
14-06-2018,5,10753,11117,8224,3065,33159,757,661,1193,2611,35770
14-06-2018,6,11833,12938,8577,3593,36941,879,783,1370,3032,39973
14-06-2018,7,12849,14207,8826,4159,40041,983,884,1495,3362,43403
14-06-2018,8,13249,14556,8988,4424,41217,1025,937,1554,3516,44733
14-06-2018,9,13392,14506,8993,4458,41349,1029,960,1561,3550,44899
14-06-2018,10,13444,14615,9053,4576,41688,1029,954,1561,3544,45232
14-06-2018,11,13293,14504,9109,4633,41539,1019,935,1566,3520,45059
14-06-2018,12,13280,14361,9095,4321,41057,1041,959,1596,3596,44653
14-06-2018,13,13156,14287,9063,4656,41162,1024,952,1587,3563,44725
14-06-2018,14,13187,14330,8960,4606,41083,1019,941,1577,3537,44620
14-06-2018,15,13192,14180,8886,4503,40761,992,924,1545,3461,44222
14-06-2018,16,13126,13909,8770,4425,40230,973,889,1499,3361,43591
14-06-2018,17,13137,13831,8725,4464,40157,951,867,1477,3295,43452
14-06-2018,18,12820,13439,8760,4372,39391,918,840,1425,3183,42574
14-06-2018,19,12720,13150,8672,4209,38751,906,824,1397,3127,41878
14-06-2018,20,12513,12884,8339,4008,37744,874,797,1361,3032,40776
14-06-2018,21,12409,12914,8219,3745,37287,815,763,1323,2901,40188
14-06-2018,22,12072,12627,8062,3489,36250,772,721,1241,2734,38984
14-06-2018,23,11449,11832,7697,3214,34192,722,650,1134,2506,36698
15-06-2018,0,11221,11092,7309,3016,32638,678,601,1063,2342,34980
15-06-2018,1,10915,10890,7081,2889,31775,660,587,1029,2276,34051
15-06-2018,2,10658,10795,6968,2845,31266,629,569,1011,2209,33475
15-06-2018,3,10527,10666,7011,2853,31057,615,544,987,2146,33203
15-06-2018,4,10538,10506,7198,2831,31073,640,571,1021,2232,33305
15-06-2018,5,10975,11006,7935,2973,32889,747,666,1184,2597,35486
15-06-2018,6,11899,12478,8475,3474,36326,874,795,1361,3030,39356
15-06-2018,7,12848,13809,8709,3853,39219,990,918,1472,3380,42599
15-06-2018,8,13270,14483,8830,4220,40803,1027,972,1558,3557,44360
15-06-2018,9,13265,14551,8860,4301,40977,1029,988,1589,3606,44583
15-06-2018,10,13265,14684,8939,4375,41263,1033,986,1597,3616,44879
15-06-2018,11,13144,14647,8980,4400,41171,1020,959,1596,3575,44746
15-06-2018,12,13079,14625,8919,4287,40910,1038,975,1612,3625,44535
15-06-2018,13,12998,14170,8825,4189,40182,1021,964,1597,3582,43764
15-06-2018,14,12935,14012,8878,4067,39892,1013,947,1558,3518,43410
15-06-2018,15,12981,13660,8831,3994,39466,976,923,1518,3417,42883
15-06-2018,16,12907,13396,8770,3981,39054,957,894,1467,3318,42372
15-06-2018,17,12605,13367,8668,4058,38698,933,886,1436,3255,41953
15-06-2018,18,12215,12986,8696,3966,37863,906,849,1385,3140,41003
15-06-2018,19,12316,12803,8586,3719,37424,892,827,1351,3070,40494
15-06-2018,20,12104,12729,8162,3517,36512,855,798,1315,2968,39480
15-06-2018,21,11940,12461,8117,3341,35859,808,764,1259,2831,38690
15-06-2018,22,11706,12117,7914,3263,35000,769,730,1201,2700,37700
15-06-2018,23,11431,11502,7519,3086,33538,717,652,1099,2468,36006
16-06-2018,0,10889,10696,7309,2883,31777,673,604,1022,2299,34076
16-06-2018,1,10689,10413,7157,2743,31002,649,580,985,2214,33216
16-06-2018,2,10559,10221,6914,2647,30341,624,566,975,2165,32506
16-06-2018,3,10380,10181,6920,2614,30095,595,537,948,2080,32175
16-06-2018,4,10188,10101,7014,2551,29854,601,542,949,2092,31946
16-06-2018,5,10261,10176,7216,2573,30226,633,582,1016,2231,32457
16-06-2018,6,10428,10613,7409,2739,31189,691,653,1115,2459,33648
16-06-2018,7,10817,11135,7710,3023,32685,763,733,1225,2721,35406
16-06-2018,8,11323,11877,7947,3323,34470,830,799,1323,2952,37422
16-06-2018,9,11921,12304,8045,3503,35773,851,824,1371,3046,38819
16-06-2018,10,12312,12576,8020,3619,36527,848,831,1382,3061,39588
16-06-2018,11,12214,12694,7976,3611,36495,843,819,1385,3047,39542
16-06-2018,12,12171,12556,7977,3549,36253,837,812,1384,3033,39286
16-06-2018,13,12132,12544,7904,3520,36100,819,802,1345,2966,39066
16-06-2018,14,12044,12488,7932,3463,35927,814,784,1317,2915,38842
16-06-2018,15,11947,12437,7969,3409,35762,804,776,1301,2881,38643
16-06-2018,16,11843,12234,7966,3470,35513,799,768,1293,2860,38373
16-06-2018,17,11971,12576,8002,3690,36239,794,761,1281,2836,39075
16-06-2018,18,11991,12443,8074,3614,36122,787,746,1257,2790,38912
16-06-2018,19,11849,12208,8000,3406,35463,776,740,1237,2753,38216
16-06-2018,20,11772,12038,7760,3281,34851,758,718,1199,2675,37526
16-06-2018,21,11559,11726,7847,3155,34287,721,700,1180,2601,36888
16-06-2018,22,11368,11546,7762,3058,33734,707,681,1132,2520,36254
16-06-2018,23,11235,11019,7440,2882,32576,663,619,1043,2325,34901
17-06-2018,0,10942,10615,7163,2700,31420,623,578,980,2181,33601
17-06-2018,1,10801,10321,6972,2592,30686,600,554,946,2100,32786
17-06-2018,2,10600,10188,6876,2532,30196,577,537,933,2047,32243
17-06-2018,3,10303,10067,6747,2488,29605,548,511,902,1961,31566
17-06-2018,4,10261,9748,6759,2432,29200,555,513,899,1967,31167
17-06-2018,5,10315,9769,6943,2446,29473,589,548,949,2086,31559
17-06-2018,6,10367,10042,7066,2556,30031,637,601,1037,2275,32306
17-06-2018,7,10585,10603,7285,2794,31267,703,674,1136,2513,33780
17-06-2018,8,11071,11290,7463,3144,32968,769,733,1226,2728,35696
17-06-2018,9,11464,11949,7652,3388,34453,799,763,1283,2845,37298
17-06-2018,10,11789,12616,7772,3486,35663,804,772,1300,2876,38539
17-06-2018,11,11891,13002,7761,3472,36126,801,767,1307,2875,39001
17-06-2018,12,11822,12882,7677,3560,35941,797,769,1308,2874,38815
17-06-2018,13,11876,12793,7602,3514,35785,793,769,1291,2853,38638
17-06-2018,14,11868,12865,7661,3536,35930,790,765,1270,2825,38755
17-06-2018,15,11922,12802,7689,3476,35889,791,766,1265,2822,38711
17-06-2018,16,12035,12839,7784,3533,36191,797,771,1266,2834,39025
17-06-2018,17,11975,12902,7820,3782,36479,798,774,1276,2848,39327
17-06-2018,18,11970,12953,7895,3744,36562,798,768,1273,2839,39401
17-06-2018,19,12011,12924,7903,3553,36391,794,763,1270,2827,39218
17-06-2018,20,12032,12786,7730,3369,35917,779,748,1257,2784,38701
17-06-2018,21,11915,12268,7876,3175,35234,744,723,1249,2716,37950
17-06-2018,22,11772,12009,7796,3068,34645,718,684,1154,2556,37201
17-06-2018,23,11506,11570,7432,2895,33403,668,616,1036,2320,35723
18-06-2018,0,11028,11016,7065,2735,31844,628,571,982,2181,34025
18-06-2018,1,10733,10937,6813,2628,31111,608,553,950,2111,33222
18-06-2018,2,10491,10649,6708,2597,30445,579,538,953,2070,32515
18-06-2018,3,10515,10377,6698,2623,30213,563,519,935,2017,32230
18-06-2018,4,10495,10530,6939,2615,30579,590,551,972,2113,32692
18-06-2018,5,10744,10954,7711,2805,32214,697,654,1162,2513,34727
18-06-2018,6,11803,12812,8245,3358,36218,832,779,1343,2954,39172
18-06-2018,7,12934,14230,8542,3829,39535,949,904,1487,3340,42875
18-06-2018,8,13311,14689,8740,4176,40916,999,977,1578,3554,44470
18-06-2018,9,13272,14967,8886,4266,41391,1010,990,1620,3620,45011
18-06-2018,10,13384,15166,8899,4399,41848,1019,990,1643,3652,45500
18-06-2018,11,13359,15108,8954,4424,41845,996,965,1647,3608,45453
18-06-2018,12,13457,15253,8934,4417,42061,1010,984,1671,3665,45726
18-06-2018,13,13480,15544,8826,4389,42239,997,980,1652,3629,45868
18-06-2018,14,13542,15146,8711,4352,41751,991,957,1632,3580,45331
18-06-2018,15,13460,14899,8666,4251,41276,960,935,1581,3476,44752
18-06-2018,16,13179,14734,8551,4248,40712,936,892,1520,3348,44060
18-06-2018,17,13056,14632,8515,4436,40639,912,870,1488,3270,43909
18-06-2018,18,13052,14593,8544,4254,40443,884,846,1443,3173,43616
18-06-2018,19,12940,14077,8410,4017,39444,866,832,1420,3118,42562
18-06-2018,20,12780,13733,8129,3778,38420,846,797,1382,3025,41445
18-06-2018,21,12539,13115,8174,3537,37365,815,750,1322,2887,40252
18-06-2018,22,12248,12649,8020,3366,36283,747,705,1225,2677,38960
18-06-2018,23,11763,12090,7584,3145,34582,698,629,1095,2422,37004
19-06-2018,0,11060,11307,7151,2943,32461,656,579,1051,2286,34747
19-06-2018,1,10635,11302,6959,2806,31702,637,557,1032,2226,33928
19-06-2018,2,10552,11113,6714,2737,31116,609,538,1017,2164,33280
19-06-2018,3,10701,10940,6674,2758,31073,583,521,995,2099,33172
19-06-2018,4,10726,10770,6926,2787,31209,618,549,1026,2193,33402
19-06-2018,5,10896,11341,7579,2927,32743,724,641,1191,2556,35299
19-06-2018,6,11824,12904,8155,3446,36329,849,762,1368,2979,39308
19-06-2018,7,13194,14364,8459,3990,40007,969,881,1489,3339,43346
19-06-2018,8,13750,14905,8557,4292,41504,1020,928,1552,3500,45004
19-06-2018,9,13394,14996,8637,4433,41460,1021,945,1593,3559,45019
19-06-2018,10,13384,14978,8729,4506,41597,1025,950,1599,3574,45171
19-06-2018,11,13422,14925,8812,4539,41698,1017,929,1599,3545,45243
19-06-2018,12,13460,14864,8759,4449,41532,1038,955,1618,3611,45143
19-06-2018,13,13400,14791,8702,4379,41272,1018,953,1607,3578,44850
19-06-2018,14,13387,14793,8635,4291,41106,1015,927,1595,3537,44643
19-06-2018,15,13031,14677,8443,4166,40317,976,910,1558,3444,43761
19-06-2018,16,13161,14423,8359,4099,40042,953,878,1492,3323,43365
19-06-2018,17,12948,14395,8260,4277,39880,915,865,1466,3246,43126
19-06-2018,18,12685,13919,8226,4140,38970,892,833,1436,3161,42131
19-06-2018,19,12577,13664,8126,3935,38302,870,820,1411,3101,41403
19-06-2018,20,12622,13490,7830,3704,37646,842,779,1375,2996,40642
19-06-2018,21,12630,13198,7862,3496,37186,801,740,1319,2860,40046
19-06-2018,22,12307,12725,7670,3342,36044,758,702,1221,2681,38725
19-06-2018,23,11995,11955,7330,3100,34380,714,629,1113,2456,36836
20-06-2018,0,11521,11611,6918,2895,32945,670,585,1060,2315,35260
20-06-2018,1,11088,11405,6680,2762,31935,649,562,1033,2244,34179
20-06-2018,2,10969,11183,6555,2698,31405,623,550,1017,2190,33595
20-06-2018,3,10879,10961,6557,2726,31123,600,532,995,2127,33250
20-06-2018,4,10719,11133,6814,2739,31405,628,559,1018,2205,33610
20-06-2018,5,11050,11672,7489,2927,33138,732,656,1178,2566,35704
20-06-2018,6,12151,13317,7933,3394,36795,865,783,1383,3031,39826
20-06-2018,7,13272,14397,8191,4007,39867,967,890,1508,3365,43232
20-06-2018,8,13654,15007,8297,4319,41277,1006,944,1563,3513,44790
20-06-2018,9,13552,15040,8388,4417,41397,1014,950,1575,3539,44936
20-06-2018,10,13485,15247,8479,4542,41753,1004,943,1584,3531,45284
20-06-2018,11,13435,15133,8576,4628,41772,993,921,1574,3488,45260
20-06-2018,12,13296,15299,8434,4556,41585,994,952,1596,3542,45127
20-06-2018,13,13404,15394,8315,4587,41700,989,947,1579,3515,45215
20-06-2018,14,13579,15061,8234,4520,41394,982,927,1555,3464,44858
20-06-2018,15,13465,14954,8172,4397,40988,953,904,1514,3371,44359
20-06-2018,16,13419,14631,8144,4344,40538,932,872,1467,3271,43809
20-06-2018,17,13222,14792,8033,4562,40609,904,856,1444,3204,43813
20-06-2018,18,13235,14680,8052,4407,40374,887,835,1419,3141,43515
20-06-2018,19,13371,14705,8175,4153,40404,884,819,1403,3106,43510
20-06-2018,20,13268,14403,7887,3873,39431,851,793,1366,3010,42441
20-06-2018,21,13097,13878,7916,3734,38625,811,752,1313,2876,41501
20-06-2018,22,12850,13334,7707,3585,37476,761,701,1233,2695,40171
20-06-2018,23,12349,12629,7287,3301,35566,707,626,1117,2450,38016
21-06-2018,0,11948,11718,6954,3085,33705,667,582,1049,2298,36003
21-06-2018,1,11551,11516,6732,2866,32665,653,554,1002,2209,34874
21-06-2018,2,11309,11198,6662,2723,31892,638,542,994,2174,34066
21-06-2018,3,11265,10926,6579,2714,31484,609,524,973,2106,33590
21-06-2018,4,11106,10736,6839,2749,31430,636,551,1011,2198,33628
21-06-2018,5,11392,11042,7446,2901,32781,733,652,1171,2556,35337
21-06-2018,6,12502,12713,7922,3425,36562,855,772,1353,2980,39542
21-06-2018,7,13704,14267,8269,4008,40248,973,890,1485,3348,43596
21-06-2018,8,13927,15099,8360,4220,41606,1021,953,1574,3548,45154
21-06-2018,9,13711,15280,8392,4292,41675,1028,969,1595,3592,45267
21-06-2018,10,13671,15290,8399,4432,41792,1031,969,1598,3598,45390
21-06-2018,11,13651,15217,8494,4424,41786,1018,955,1610,3583,45369
21-06-2018,12,13547,15117,8381,4349,41394,1029,992,1636,3657,45051
21-06-2018,13,13505,14847,8205,4361,40918,1020,986,1631,3637,44555
21-06-2018,14,13497,14640,8156,4321,40614,1015,986,1614,3615,44229
21-06-2018,15,13428,14498,8065,4266,40257,983,962,1571,3516,43773
21-06-2018,16,13472,14275,8073,4230,40050,947,915,1510,3372,43422
21-06-2018,17,13311,14086,7955,4355,39707,910,907,1485,3302,43009
21-06-2018,18,13034,13457,7967,4230,38688,881,879,1460,3220,41908
21-06-2018,19,12892,13154,7876,3984,37906,865,864,1433,3162,41068
21-06-2018,20,12895,12781,7573,3782,37031,850,841,1402,3093,40124
21-06-2018,21,12794,12435,7641,3513,36383,800,791,1314,2905,39288
21-06-2018,22,12540,12090,7514,3315,35459,752,718,1211,2681,38140
21-06-2018,23,12240,11777,7071,3110,34198,709,655,1117,2481,36679
22-06-2018,0,11833,11108,6770,2924,32635,661,601,1061,2323,34958
22-06-2018,1,11373,10658,6640,2807,31478,645,572,1023,2240,33718
22-06-2018,2,11123,10550,6501,2759,30933,635,548,1004,2187,33120
22-06-2018,3,11047,10475,6391,2790,30703,585,524,989,2098,32801
22-06-2018,4,10942,9995,6460,2796,30193,615,544,1015,2174,32367
22-06-2018,5,11132,10151,6694,2937,30914,697,640,1175,2512,33426
22-06-2018,6,12021,10695,6868,3474,33058,817,755,1345,2917,35975
22-06-2018,7,13190,11559,7123,4036,35908,923,872,1480,3275,39183
22-06-2018,8,13651,12109,7377,4344,37481,974,925,1546,3445,40926
22-06-2018,9,13800,12503,7559,4413,38275,973,928,1555,3456,41731
22-06-2018,10,13640,12658,7616,4506,38420,960,924,1557,3441,41861
22-06-2018,11,13644,12767,7647,4491,38549,937,896,1539,3372,41921
22-06-2018,12,13454,12761,7695,4354,38264,917,907,1548,3372,41636
22-06-2018,13,13560,12466,7581,4238,37845,892,888,1537,3317,41162
22-06-2018,14,13424,12072,7644,4081,37221,871,857,1509,3237,40458
22-06-2018,15,13225,11973,7754,4014,36966,845,838,1469,3152,40118
22-06-2018,16,13086,11834,7704,4078,36702,830,821,1433,3084,39786
22-06-2018,17,12935,11698,7621,4176,36430,811,809,1392,3012,39442
22-06-2018,18,12796,11669,7609,4151,36225,789,788,1352,2929,39154
22-06-2018,19,12711,11317,7464,3908,35400,766,772,1335,2873,38273
22-06-2018,20,12545,11198,7222,3657,34622,737,740,1292,2769,37391
22-06-2018,21,12253,10959,7410,3490,34112,701,701,1251,2653,36765
22-06-2018,22,12113,10946,7454,3391,33904,686,680,1195,2561,36465
22-06-2018,23,12021,10765,7182,3210,33178,659,612,1102,2373,35551
23-06-2018,0,11779,10739,6854,2977,32349,617,567,1041,2225,34574
23-06-2018,1,11545,10715,6626,2844,31730,590,541,989,2120,33850
23-06-2018,2,11262,10685,6503,2753,31203,559,515,969,2043,33246
23-06-2018,3,11085,10387,6414,2725,30611,533,494,945,1972,32583
23-06-2018,4,10928,10012,6400,2692,30032,537,500,946,1983,32015
23-06-2018,5,10930,10050,6449,2676,30105,561,528,1000,2089,32194
23-06-2018,6,11155,10258,6560,2789,30762,610,582,1082,2274,33036
23-06-2018,7,11492,10483,6741,3058,31774,670,651,1191,2512,34286
23-06-2018,8,12143,10788,6899,3383,33213,724,712,1300,2736,35949
23-06-2018,9,12546,11214,6987,3600,34347,751,740,1332,2823,37170
23-06-2018,10,12974,11463,7105,3712,35254,756,740,1344,2840,38094
23-06-2018,11,12902,11791,7100,3713,35506,747,737,1337,2821,38327
23-06-2018,12,12849,11931,7010,3703,35493,745,734,1313,2792,38285
23-06-2018,13,12605,11609,7036,3617,34867,739,721,1298,2758,37625
23-06-2018,14,12515,11422,7005,3552,34494,732,709,1281,2722,37216
23-06-2018,15,12295,11469,7134,3531,34429,722,692,1268,2682,37111
23-06-2018,16,12325,11510,7145,3563,34543,715,676,1253,2644,37187
23-06-2018,17,12367,11733,7237,3737,35074,700,658,1238,2596,37670
23-06-2018,18,12179,11734,7300,3618,34831,679,633,1212,2524,37355
23-06-2018,19,12196,11483,7294,3416,34389,663,605,1185,2453,36842
23-06-2018,20,11934,11183,7097,3289,33503,649,588,1163,2400,35903
23-06-2018,21,11667,10979,7221,3171,33038,634,576,1148,2358,35396
23-06-2018,22,11558,11252,7216,3155,33181,642,581,1095,2318,35499
23-06-2018,23,11510,10788,7029,3028,32355,629,559,1013,2201,34556
24-06-2018,0,11286,10156,6780,2883,31105,598,527,967,2092,33197
24-06-2018,1,10970,9930,6501,2749,30150,576,505,934,2015,32165
24-06-2018,2,10850,9971,6426,2658,29905,547,485,920,1952,31857
24-06-2018,3,10710,9867,6348,2589,29514,519,460,894,1873,31387
24-06-2018,4,10552,9671,6349,2536,29108,522,459,882,1863,30971
24-06-2018,5,10517,9739,6425,2490,29171,539,478,921,1938,31109
24-06-2018,6,10496,9779,6481,2565,29321,568,509,977,2054,31375
24-06-2018,7,10772,10264,6605,2760,30401,609,548,1057,2214,32615
24-06-2018,8,11118,10853,6759,3036,31766,655,595,1152,2402,34168
24-06-2018,9,11556,11426,6876,3278,33136,688,634,1215,2537,35673
24-06-2018,10,11772,11906,6967,3432,34077,709,651,1240,2600,36677
24-06-2018,11,11858,11959,7020,3494,34331,717,657,1245,2619,36950
24-06-2018,12,11875,12021,6964,3438,34298,713,657,1247,2617,36915
24-06-2018,13,11850,11850,6998,3416,34114,711,652,1252,2615,36729
24-06-2018,14,11838,11857,7042,3385,34122,715,653,1234,2602,36724
24-06-2018,15,11828,11671,7122,3381,34002,727,659,1243,2629,36631
24-06-2018,16,11851,11785,7138,3444,34218,738,667,1223,2628,36846
24-06-2018,17,11962,12057,7178,3679,34876,749,678,1224,2651,37527
24-06-2018,18,11991,12107,7295,3752,35145,751,680,1215,2646,37791
24-06-2018,19,12022,12143,7327,3589,35081,759,686,1225,2670,37751
24-06-2018,20,11992,12121,7116,3448,34677,736,674,1203,2613,37290
24-06-2018,21,11977,11885,7404,3264,34530,713,649,1177,2539,37069
24-06-2018,22,11738,11592,7374,3146,33850,680,610,1086,2376,36226
24-06-2018,23,11466,11102,7083,2965,32616,631,550,988,2169,34785
25-06-2018,0,11110,10473,6823,2818,31224,593,507,946,2046,33270
25-06-2018,1,10758,10298,6690,2743,30489,578,502,925,2005,32494
25-06-2018,2,10593,10030,6546,2702,29871,567,490,918,1975,31846
25-06-2018,3,10509,9963,6558,2726,29756,549,473,905,1927,31683
25-06-2018,4,10484,9908,6744,2692,29828,572,499,934,2005,31833
25-06-2018,5,10718,10527,7421,2880,31546,671,586,1120,2377,33923
25-06-2018,6,11722,12186,7901,3403,35212,798,711,1302,2811,38023
25-06-2018,7,12750,13403,8160,4014,38327,926,827,1437,3190,41517
25-06-2018,8,13200,14117,8334,4286,39937,971,895,1514,3380,43317
25-06-2018,9,13359,14476,8438,4412,40685,977,916,1529,3422,44107
25-06-2018,10,13435,14758,8540,4480,41213,984,919,1533,3436,44649
25-06-2018,11,13365,14798,8544,4468,41175,984,895,1513,3392,44567
25-06-2018,12,13283,14768,8467,4392,40910,1005,912,1545,3462,44372
25-06-2018,13,13287,14641,8403,4467,40798,992,910,1535,3437,44235
25-06-2018,14,13331,14532,8311,4400,40574,979,889,1509,3377,43951
25-06-2018,15,13273,14596,8147,4262,40278,949,872,1500,3321,43599
25-06-2018,16,13115,14374,8110,4226,39825,913,847,1441,3201,43026
25-06-2018,17,13040,14326,8070,4388,39824,888,834,1420,3142,42966
25-06-2018,18,12885,13992,8125,4283,39285,860,809,1382,3051,42336
25-06-2018,19,12767,13701,8077,4080,38625,848,791,1360,2999,41624
25-06-2018,20,12567,13296,7742,3855,37460,823,770,1338,2931,40391
25-06-2018,21,12402,12828,7854,3633,36717,787,736,1283,2806,39523
25-06-2018,22,12021,12221,7736,3529,35507,746,702,1189,2637,38144
25-06-2018,23,11658,11691,7443,3271,34063,694,625,1079,2398,36461
26-06-2018,0,11253,11192,7129,3033,32607,656,571,1015,2242,34849
26-06-2018,1,11092,11146,6988,2889,32115,638,549,990,2177,34292
26-06-2018,2,10777,10859,6850,2836,31322,609,534,985,2128,33450
26-06-2018,3,10589,10538,6850,2801,30778,588,515,965,2068,32846
26-06-2018,4,10457,10286,6982,2800,30525,614,544,996,2154,32679
26-06-2018,5,10817,10663,7567,2995,32042,708,631,1165,2504,34546
26-06-2018,6,11815,12244,7981,3522,35562,825,750,1339,2914,38476
26-06-2018,7,12718,13730,8316,3986,38750,940,869,1456,3265,42015
26-06-2018,8,13154,14480,8494,4239,40367,990,924,1525,3439,43806
26-06-2018,9,13267,14843,8583,4329,41022,1004,934,1541,3479,44501
26-06-2018,10,13369,14934,8635,4430,41368,1000,934,1548,3482,44850
26-06-2018,11,13440,15066,8665,4467,41638,981,909,1543,3433,45071
26-06-2018,12,13362,14933,8628,4470,41393,991,938,1572,3501,44894
26-06-2018,13,13304,14988,8753,4486,41531,969,924,1532,3425,44956
26-06-2018,14,13253,14811,8730,4412,41206,951,901,1516,3368,44574
26-06-2018,15,13164,14825,8573,4291,40853,925,891,1490,3306,44159
26-06-2018,16,13033,14337,8558,4235,40163,916,862,1442,3220,43383
26-06-2018,17,12885,14351,8468,4309,40013,895,850,1411,3156,43169
26-06-2018,18,12870,14029,8549,4277,39725,862,821,1386,3069,42794
26-06-2018,19,12888,13988,8498,4054,39428,842,806,1368,3016,42444
26-06-2018,20,12747,13618,8234,3877,38476,815,777,1330,2922,41398
26-06-2018,21,12425,13066,8281,3678,37450,770,748,1288,2806,40256
26-06-2018,22,12184,12573,8124,3537,36418,728,705,1198,2631,39049
26-06-2018,23,11808,11900,7710,3309,34727,675,623,1103,2401,37128
27-06-2018,0,11325,11234,7426,3094,33079,635,570,1034,2239,35318
27-06-2018,1,10942,10897,7218,2968,32025,618,549,1002,2169,34194
27-06-2018,2,10808,10755,7074,2894,31531,606,535,1002,2143,33674
27-06-2018,3,10667,10645,7044,2889,31245,584,514,992,2090,33335
27-06-2018,4,10518,10425,7263,2863,31069,610,542,1020,2172,33241
27-06-2018,5,10789,10793,7873,3014,32469,703,647,1191,2541,35010
27-06-2018,6,11703,12163,8435,3524,35825,844,767,1348,2959,38784
27-06-2018,7,12742,13836,8665,4083,39326,946,884,1473,3303,42629
27-06-2018,8,13251,14538,8859,4337,40985,996,944,1536,3476,44461
27-06-2018,9,13154,14951,8915,4434,41454,1003,967,1556,3526,44980
27-06-2018,10,13219,15398,8930,4549,42096,999,961,1562,3522,45618
27-06-2018,11,13188,15369,8997,4551,42105,982,936,1560,3478,45583
27-06-2018,12,13213,15511,8979,4480,42183,1005,962,1590,3557,45740
27-06-2018,13,12950,15417,8935,4487,41789,995,952,1585,3532,45321
27-06-2018,14,13090,15247,8900,4407,41644,986,931,1569,3486,45130
27-06-2018,15,13039,15371,8806,4289,41505,961,917,1530,3408,44913
27-06-2018,16,12838,14903,8816,4244,40801,933,889,1484,3306,44107
27-06-2018,17,12821,14634,8723,4346,40524,910,868,1450,3228,43752
27-06-2018,18,12706,14375,8729,4233,40043,895,838,1414,3147,43190
27-06-2018,19,12799,14295,8631,4052,39777,883,824,1390,3097,42874
27-06-2018,20,12742,13915,8313,3886,38856,847,787,1352,2986,41842
27-06-2018,21,12454,13114,8360,3692,37620,795,756,1316,2867,40487
27-06-2018,22,12126,12444,8170,3552,36292,747,713,1242,2702,38994
27-06-2018,23,11692,11692,7825,3355,34564,696,632,1152,2480,37044
28-06-2018,0,11294,10868,7477,3116,32755,650,576,1099,2325,35080
28-06-2018,1,10826,10712,7189,2980,31707,630,549,1068,2247,33954
28-06-2018,2,10691,10688,7153,2891,31423,609,530,1060,2199,33622
28-06-2018,3,10527,10422,7094,2897,30940,588,505,1036,2129,33069
28-06-2018,4,10451,10303,7298,2868,30920,613,529,1044,2186,33106
28-06-2018,5,10984,10666,7878,3044,32572,711,630,1180,2521,35093
28-06-2018,6,11756,12315,8420,3546,36037,838,757,1359,2954,38991
28-06-2018,7,12483,14188,8690,4134,39495,950,882,1489,3321,42816
28-06-2018,8,13266,14869,8905,4401,41441,997,942,1555,3494,44935
28-06-2018,9,13150,14918,8990,4488,41546,1012,956,1579,3547,45093
28-06-2018,10,13389,14879,9110,4593,41971,1011,955,1588,3554,45525
28-06-2018,11,13171,14912,9122,4597,41802,996,931,1585,3512,45314
28-06-2018,12,13296,14821,9139,4440,41696,1017,954,1614,3585,45281
28-06-2018,13,13321,14675,9055,4396,41447,1010,943,1605,3558,45005
28-06-2018,14,13244,14398,9000,4292,40934,1000,931,1586,3517,44451
28-06-2018,15,13131,14536,8948,4262,40877,976,913,1548,3437,44314
28-06-2018,16,13073,14398,8896,4260,40627,953,883,1500,3336,43963
28-06-2018,17,12882,14453,8730,4369,40434,924,862,1471,3257,43691
28-06-2018,18,12753,13940,8745,4296,39734,902,835,1437,3174,42908
28-06-2018,19,12688,13723,8716,4138,39265,885,819,1411,3115,42380
28-06-2018,20,12504,13736,8433,3938,38611,857,795,1366,3018,41629
28-06-2018,21,12179,13071,8484,3708,37442,811,760,1329,2900,40342
28-06-2018,22,11969,12604,8337,3558,36468,758,721,1261,2740,39208
28-06-2018,23,11483,12209,7970,3370,35032,693,646,1117,2456,37488
29-06-2018,0,11109,11407,7575,3119,33210,651,589,1051,2291,35501
29-06-2018,1,10773,11160,7411,2982,32326,640,568,1025,2233,34559
29-06-2018,2,10583,11145,7326,2906,31960,639,552,1017,2208,34168
29-06-2018,3,10519,10821,7284,2909,31533,607,532,998,2137,33670
29-06-2018,4,10423,10725,7529,2879,31556,629,553,1031,2213,33769
29-06-2018,5,10708,11347,8120,3039,33214,715,644,1185,2544,35758
29-06-2018,6,11506,12527,8639,3530,36202,842,767,1361,2970,39172
29-06-2018,7,12494,13824,8917,4033,39268,942,873,1508,3323,42591
29-06-2018,8,12959,14647,9100,4274,40980,993,929,1578,3500,44480
29-06-2018,9,13280,14971,9292,4352,41895,1007,935,1598,3540,45435
29-06-2018,10,13289,15227,9354,4433,42303,999,933,1604,3536,45839
29-06-2018,11,13242,14898,9329,4395,41864,986,908,1597,3491,45355
29-06-2018,12,13018,14828,9285,4251,41382,991,927,1616,3534,44916
29-06-2018,13,13001,14548,9146,4169,40864,963,925,1584,3472,44336
29-06-2018,14,12878,14070,9172,3985,40105,952,891,1542,3385,43490
29-06-2018,15,12704,13859,9049,3871,39483,936,866,1493,3295,42778
29-06-2018,16,12546,13805,8931,3870,39152,920,839,1456,3215,42367
29-06-2018,17,12414,13702,8930,3985,39031,897,826,1413,3136,42167
29-06-2018,18,12420,13459,8974,3921,38774,872,799,1371,3042,41816
29-06-2018,19,12324,13094,8898,3737,38053,850,784,1339,2973,41026
29-06-2018,20,12156,12878,8521,3557,37112,823,764,1301,2888,40000
29-06-2018,21,11986,12563,8552,3406,36507,782,733,1253,2768,39275
29-06-2018,22,11725,12202,8347,3295,35569,736,694,1163,2593,38162
29-06-2018,23,11534,11559,7975,3122,34190,695,628,1077,2400,36590
30-06-2018,0,11142,11019,7641,2918,32720,651,574,1021,2246,34966
30-06-2018,1,10792,10519,7477,2783,31571,631,550,991,2172,33743
30-06-2018,2,10601,10159,7315,2740,30815,601,531,978,2110,32925
30-06-2018,3,10555,9982,7271,2708,30516,575,506,956,2037,32553
30-06-2018,4,10446,10156,7311,2642,30555,584,510,956,2050,32605
30-06-2018,5,10522,10271,7505,2603,30901,614,551,1000,2165,33066
30-06-2018,6,10626,10776,7608,2747,31757,661,619,1080,2360,34117
30-06-2018,7,10708,11185,7794,3030,32717,726,696,1179,2601,35318
30-06-2018,8,11295,11880,7976,3327,34478,783,756,1259,2798,37276
30-06-2018,9,11720,12391,8143,3547,35801,810,777,1292,2879,38680
30-06-2018,10,11977,12552,8261,3681,36471,813,781,1317,2911,39382
30-06-2018,11,11968,12848,8260,3645,36721,804,767,1320,2891,39612
30-06-2018,12,11863,12707,8249,3574,36393,801,764,1302,2867,39260
30-06-2018,13,11724,12504,8204,3529,35961,787,757,1276,2820,38781
30-06-2018,14,11592,12257,8185,3489,35523,764,747,1259,2770,38293
30-06-2018,15,11627,12144,8248,3464,35483,757,742,1238,2737,38220
30-06-2018,16,11757,12099,8312,3520,35688,758,741,1231,2730,38418
30-06-2018,17,11782,12236,8363,3643,36024,752,733,1222,2707,38731
30-06-2018,18,11719,12340,8541,3657,36257,757,726,1210,2693,38950
30-06-2018,19,11708,12007,8410,3499,35624,748,717,1195,2660,38284
30-06-2018,20,11539,11877,8126,3399,34941,725,696,1166,2587,37528
30-06-2018,21,11366,11496,8256,3240,34358,697,678,1146,2521,36879
30-06-2018,22,11277,11341,8136,3172,33926,678,658,1100,2436,36362
30-06-2018,23,11165,11234,7825,3065,33289,646,599,1033,2278,35567
01-07-2018,0,10919,11025,7547,2856,32347,610,553,980,2143,34490
01-07-2018,1,10670,10736,7348,2703,31457,588,528,948,2064,33521
01-07-2018,2,10511,10618,7194,2635,30958,562,510,933,2005,32963
01-07-2018,3,10333,10554,7118,2606,30611,536,491,905,1932,32543
01-07-2018,4,10164,10232,7042,2522,29960,539,495,892,1926,31886
01-07-2018,5,10149,10030,7207,2512,29898,565,526,933,2024,31922
01-07-2018,6,10453,10602,7270,2603,30928,610,572,980,2162,33090
01-07-2018,7,10696,11136,7479,2847,32158,675,635,1070,2380,34538
01-07-2018,8,10720,11544,7675,3130,33069,736,693,1163,2592,35661
01-07-2018,9,11050,11858,7818,3337,34063,774,729,1228,2731,36794
01-07-2018,10,11368,12294,7897,3458,35017,787,743,1247,2777,37794
01-07-2018,11,11452,12381,7921,3464,35218,793,738,1254,2785,38003
01-07-2018,12,11413,12309,7893,3447,35062,778,736,1246,2760,37822
01-07-2018,13,11338,12254,7845,3422,34859,767,729,1232,2728,37587
01-07-2018,14,11310,12179,7829,3396,34714,769,727,1220,2716,37430
01-07-2018,15,11277,12076,7852,3370,34575,772,729,1221,2722,37297
01-07-2018,16,11242,12084,7939,3421,34686,780,736,1222,2738,37424
01-07-2018,17,11265,12351,7901,3635,35152,780,733,1229,2742,37894
01-07-2018,18,11319,12559,8013,3669,35560,776,727,1226,2729,38289
01-07-2018,19,11440,12559,8029,3608,35636,774,735,1233,2742,38378
01-07-2018,20,11397,12356,7911,3416,35080,755,725,1212,2692,37772
01-07-2018,21,11341,12155,8079,3269,34844,718,695,1168,2581,37425
01-07-2018,22,11180,11874,8009,3228,34291,698,654,1086,2438,36729
01-07-2018,23,11086,11635,7665,3191,33577,657,594,1005,2256,35833
02-07-2018,0,10725,11274,7358,2960,32317,618,550,955,2123,34440
02-07-2018,1,10369,10790,7237,2817,31213,602,532,931,2065,33278
02-07-2018,2,10118,10705,7101,2745,30669,590,521,923,2034,32703
02-07-2018,3,10087,10657,7138,2727,30609,572,514,925,2011,32620
02-07-2018,4,9985,10505,7367,2706,30563,596,533,949,2078,32641
02-07-2018,5,10235,10852,8001,2867,31955,692,618,1121,2431,34386
02-07-2018,6,10904,12149,8481,3352,34886,816,735,1281,2832,37718
02-07-2018,7,12176,13952,8747,3909,38784,931,849,1424,3204,41988
02-07-2018,8,12490,14660,8971,4222,40343,995,911,1508,3414,43757
02-07-2018,9,12683,14564,9053,4315,40615,1011,929,1532,3472,44087
02-07-2018,10,12663,14711,9120,4449,40943,1023,930,1538,3491,44434
02-07-2018,11,12607,14860,9158,4451,41076,1013,907,1523,3443,44519
02-07-2018,12,12618,14864,9103,4403,40988,1039,933,1555,3527,44515
02-07-2018,13,12618,14893,9067,4377,40955,1024,932,1537,3493,44448
02-07-2018,14,12485,14754,8910,4258,40407,1016,905,1507,3428,43835
02-07-2018,15,12382,14777,8895,4123,40177,983,897,1476,3356,43533
02-07-2018,16,12488,14538,8850,4119,39995,966,867,1435,3268,43263
02-07-2018,17,12257,14518,8721,4297,39793,935,849,1405,3189,42982
02-07-2018,18,12120,14113,8810,4217,39260,906,826,1378,3110,42370
02-07-2018,19,12065,14038,8790,4058,38951,895,808,1355,3058,42009
02-07-2018,20,11935,13800,8523,3909,38167,860,786,1313,2959,41126
02-07-2018,21,11877,13336,8548,3633,37394,823,751,1251,2825,40219
02-07-2018,22,11500,12629,8385,3533,36047,768,694,1157,2619,38666
02-07-2018,23,11034,11958,7798,3316,34106,708,616,1061,2385,36491
03-07-2018,0,10681,11209,7451,3086,32427,676,571,1006,2253,34680
03-07-2018,1,10253,10927,7264,2948,31392,666,553,983,2202,33594
03-07-2018,2,10131,10850,7199,2881,31061,641,540,982,2163,33224
03-07-2018,3,10114,10544,7174,2873,30705,624,523,969,2116,32821
03-07-2018,4,9948,10278,7332,2853,30411,637,543,987,2167,32578
03-07-2018,5,10223,10724,7994,3005,31946,727,635,1147,2509,34455
03-07-2018,6,10979,11928,8447,3473,34827,842,747,1306,2895,37722
03-07-2018,7,11917,13623,8789,4010,38339,950,870,1442,3262,41601
03-07-2018,8,12375,14233,8948,4265,39821,1004,920,1523,3447,43268
03-07-2018,9,12623,14442,9018,4391,40474,1011,937,1556,3504,43978
03-07-2018,10,12724,14722,9046,4512,41004,1014,938,1562,3514,44518
03-07-2018,11,12784,14593,9122,4517,41016,998,921,1552,3471,44487
03-07-2018,12,12829,14533,9047,4445,40854,1015,944,1569,3528,44382
03-07-2018,13,12871,14370,9021,4482,40744,997,932,1539,3468,44212
03-07-2018,14,12790,14200,9070,4416,40476,988,923,1529,3440,43916
03-07-2018,15,12710,14121,8995,4285,40111,960,899,1493,3352,43463
03-07-2018,16,12639,13734,9011,4234,39618,943,870,1461,3274,42892
03-07-2018,17,12574,13425,9010,4344,39353,920,853,1434,3207,42560
03-07-2018,18,12466,13517,9068,4238,39289,898,832,1406,3136,42425
03-07-2018,19,12348,13374,8961,4059,38742,884,817,1404,3105,41847
03-07-2018,20,12304,12960,8649,3857,37770,858,800,1365,3023,40793
03-07-2018,21,12096,12453,8666,3604,36819,816,760,1296,2872,39691
03-07-2018,22,11849,12256,8549,3469,36123,777,703,1188,2668,38791
03-07-2018,23,11504,11621,8125,3324,34574,712,619,1088,2419,36993
04-07-2018,0,10952,11031,7808,3076,32867,671,569,1024,2264,35131
04-07-2018,1,10624,10845,7574,2935,31978,659,555,998,2212,34190
04-07-2018,2,10461,10613,7489,2883,31446,630,544,990,2164,33610
04-07-2018,3,10293,10428,7398,2869,30988,606,530,986,2122,33110
04-07-2018,4,10192,10433,7625,2849,31099,626,547,1005,2178,33277
04-07-2018,5,10363,10989,8147,2971,32470,718,639,1145,2502,34972
04-07-2018,6,11209,12169,8561,3449,35388,833,756,1304,2893,38281
04-07-2018,7,12119,13742,8836,3972,38669,943,872,1435,3250,41919
04-07-2018,8,12564,14462,9027,4240,40293,989,938,1521,3448,43741
04-07-2018,9,12673,14929,9083,4346,41031,993,947,1547,3487,44518
04-07-2018,10,12897,14851,9098,4471,41317,994,938,1551,3483,44800
04-07-2018,11,12890,14959,9090,4497,41436,981,916,1533,3430,44866
04-07-2018,12,12938,14972,9032,4434,41376,1001,939,1542,3482,44858
04-07-2018,13,13036,14820,9000,4447,41303,988,931,1542,3461,44764
04-07-2018,14,12977,14819,9008,4368,41172,978,910,1506,3394,44566
04-07-2018,15,12822,14513,8896,4223,40454,949,893,1470,3312,43766
04-07-2018,16,12685,14238,8868,4168,39959,940,867,1431,3238,43197
04-07-2018,17,12475,14377,8782,4310,39944,930,844,1413,3187,43131
04-07-2018,18,12277,14003,8877,4165,39322,910,815,1385,3110,42432
04-07-2018,19,12201,13595,8854,4004,38654,884,798,1351,3033,41687
04-07-2018,20,12129,13293,8549,3815,37786,849,780,1317,2946,40732
04-07-2018,21,12007,12991,8595,3633,37226,801,749,1275,2825,40051
04-07-2018,22,11826,12720,8438,3538,36522,770,709,1182,2661,39183
04-07-2018,23,11471,11988,7996,3298,34753,720,629,1077,2426,37179
05-07-2018,0,10989,11371,7704,3054,33118,680,581,1018,2279,35397
05-07-2018,1,10657,11079,7503,2927,32166,667,554,986,2207,34373
05-07-2018,2,10416,10902,7398,2866,31582,641,536,976,2153,33735
05-07-2018,3,10367,10807,7377,2865,31416,614,514,961,2089,33505
05-07-2018,4,10265,10707,7577,2883,31432,635,537,987,2159,33591
05-07-2018,5,10478,11081,8177,3014,32750,725,630,1136,2491,35241
05-07-2018,6,11211,12317,8568,3456,35552,837,745,1308,2890,38442
05-07-2018,7,12034,13629,8825,3950,38438,948,852,1435,3235,41673
05-07-2018,8,12510,14173,8973,4225,39881,996,912,1490,3398,43279
05-07-2018,9,12717,14762,9011,4348,40838,1000,921,1504,3425,44263
05-07-2018,10,12901,14946,9083,4496,41426,999,920,1508,3427,44853
05-07-2018,11,12820,15144,9082,4505,41551,981,898,1498,3377,44928
05-07-2018,12,12809,14592,9100,4459,40960,999,921,1495,3415,44375
05-07-2018,13,12852,14652,9086,4466,41056,985,919,1476,3380,44436
05-07-2018,14,12842,14656,9032,4366,40896,967,906,1450,3323,44219
05-07-2018,15,12690,14526,8947,4248,40411,943,887,1419,3249,43660
05-07-2018,16,12674,14350,8985,4137,40146,922,853,1384,3159,43305
05-07-2018,17,12574,14121,8870,4307,39872,900,837,1362,3099,42971
05-07-2018,18,12226,13797,8965,4206,39194,876,812,1326,3014,42208
05-07-2018,19,12233,13431,8861,3982,38507,857,800,1291,2948,41455
05-07-2018,20,12080,13123,8593,3767,37563,844,776,1245,2865,40428
05-07-2018,21,11830,12504,8624,3584,36542,809,743,1218,2770,39312
05-07-2018,22,11716,12059,8457,3480,35712,773,701,1148,2622,38334
05-07-2018,23,11275,11752,8041,3238,34306,714,623,1068,2405,36711
06-07-2018,0,10839,11326,7727,3056,32948,673,577,1001,2251,35199
06-07-2018,1,10567,10873,7542,2977,31959,660,551,963,2174,34133
06-07-2018,2,10377,10541,7461,2995,31374,638,535,950,2123,33497
06-07-2018,3,10263,10506,7388,2999,31156,621,513,913,2047,33203
06-07-2018,4,10166,10542,7533,3002,31243,643,532,903,2078,33321
06-07-2018,5,10423,11020,8199,3065,32707,727,625,959,2311,35018
06-07-2018,6,11132,12312,8718,3438,35600,836,743,1041,2620,38220
06-07-2018,7,11962,13551,8953,3972,38438,944,852,1149,2945,41383
06-07-2018,8,12227,14166,9070,4309,39772,999,909,1244,3152,42924
06-07-2018,9,12657,14786,9057,4387,40887,1014,926,1282,3222,44109
06-07-2018,10,12838,14946,9062,4509,41355,1010,927,1288,3225,44580
06-07-2018,11,12902,15004,9070,4489,41465,997,906,1281,3184,44649
06-07-2018,12,12877,14932,9051,4352,41212,1009,934,1279,3222,44434
06-07-2018,13,12860,14691,8997,4236,40784,986,921,1268,3175,43959
06-07-2018,14,12401,14337,8942,4090,39770,977,901,1249,3127,42897
06-07-2018,15,12372,14130,8879,3988,39369,948,874,1241,3063,42432
06-07-2018,16,12318,13736,8828,3978,38860,926,851,1228,3005,41865
06-07-2018,17,12180,13576,8699,4063,38518,899,838,1216,2953,41471
06-07-2018,18,12051,13313,8665,3984,38013,873,814,1197,2884,40897
06-07-2018,19,11826,12844,8522,3708,36900,841,796,1181,2818,39718
06-07-2018,20,11711,12235,8235,3455,35636,807,765,1142,2714,38350
06-07-2018,21,11523,11922,8255,3343,35043,775,738,1129,2642,37685
06-07-2018,22,11314,11811,8165,3246,34536,747,707,1096,2550,37086
06-07-2018,23,11183,11296,7746,3116,33341,697,626,1017,2340,35681
07-07-2018,0,10818,10627,7429,2920,31794,655,579,962,2196,33990
07-07-2018,1,10535,10284,7263,2763,30845,636,553,933,2122,32967
07-07-2018,2,10317,10312,7093,2727,30449,608,532,917,2057,32506
07-07-2018,3,10232,9926,7040,2733,29931,579,512,891,1982,31913
07-07-2018,4,10110,9615,7106,2638,29469,583,515,881,1979,31448
07-07-2018,5,10083,9710,7258,2610,29661,614,553,946,2113,31774
07-07-2018,6,10316,10130,7492,2759,30697,657,624,1023,2304,33001
07-07-2018,7,10610,10640,7742,3071,32063,724,699,1126,2549,34612
07-07-2018,8,11005,11345,7910,3356,33616,780,761,1224,2765,36381
07-07-2018,9,11433,11914,8035,3516,34898,808,793,1293,2894,37792
07-07-2018,10,11740,12568,8094,3622,36024,807,796,1304,2907,38931
07-07-2018,11,11769,12407,8126,3617,35919,795,786,1286,2867,38786
07-07-2018,12,11644,12475,8090,3562,35771,789,783,1281,2853,38624
07-07-2018,13,11597,12419,8082,3554,35652,779,775,1264,2818,38470
07-07-2018,14,11530,12201,8032,3493,35256,775,761,1242,2778,38034
07-07-2018,15,11486,12087,8182,3470,35225,767,752,1238,2757,37982
07-07-2018,16,11518,11789,8248,3483,35038,767,752,1228,2747,37785
07-07-2018,17,11522,11754,8273,3601,35150,766,746,1220,2732,37882
07-07-2018,18,11515,11805,8274,3562,35156,758,733,1202,2693,37849
07-07-2018,19,11379,11582,8168,3425,34554,748,721,1190,2659,37213
07-07-2018,20,11255,11342,7875,3304,33776,727,707,1165,2599,36375
07-07-2018,21,11132,11268,8014,3217,33631,701,684,1151,2536,36167
07-07-2018,22,11004,11120,7919,3162,33205,693,673,1110,2476,35681
07-07-2018,23,10983,10900,7541,3037,32461,657,619,1031,2307,34768
08-07-2018,0,10613,10484,7316,2835,31248,616,574,960,2150,33398
08-07-2018,1,10401,10217,7170,2701,30489,590,550,930,2070,32559
08-07-2018,2,10204,10036,7030,2625,29895,530,531,915,1976,31871
08-07-2018,3,10028,9746,6944,2604,29322,495,497,893,1885,31207
08-07-2018,4,9864,9581,6978,2540,28963,511,499,884,1894,30857
08-07-2018,5,9857,9654,7058,2488,29057,554,529,932,2015,31072
08-07-2018,6,9889,9954,7120,2591,29554,597,581,1001,2179,31733
08-07-2018,7,10088,10467,7272,2812,30639,657,644,1093,2394,33033
08-07-2018,8,10555,11027,7550,3098,32230,719,706,1188,2613,34843
08-07-2018,9,10828,11305,7782,3290,33205,755,743,1246,2744,35949
08-07-2018,10,11211,11866,7856,3396,34329,759,751,1255,2765,37094
08-07-2018,11,11211,12097,7919,3470,34697,756,744,1256,2756,37453
08-07-2018,12,11306,12017,7921,3461,34705,760,741,1260,2761,37466
08-07-2018,13,11274,12065,7901,3468,34708,762,739,1255,2756,37464
08-07-2018,14,11236,12019,7945,3469,34669,763,728,1242,2733,37402
08-07-2018,15,11204,11888,7964,3453,34509,762,724,1246,2732,37241
08-07-2018,16,11261,11925,7993,3496,34675,764,723,1237,2724,37399
08-07-2018,17,11307,12163,7979,3693,35142,766,721,1230,2717,37859
08-07-2018,18,11354,12256,8009,3735,35354,763,715,1223,2701,38055
08-07-2018,19,11456,12183,8045,3575,35259,752,713,1230,2695,37954
08-07-2018,20,11475,12018,7784,3417,34694,728,696,1211,2635,37329
08-07-2018,21,11279,11660,7947,3278,34164,705,680,1190,2575,36739
08-07-2018,22,11060,11551,7966,3184,33761,694,654,1112,2460,36221
08-07-2018,23,10935,11034,7635,3039,32643,649,594,1018,2261,34904
09-07-2018,0,10705,10791,7368,2920,31784,614,553,966,2133,33917
09-07-2018,1,10326,10588,7168,2854,30936,602,535,941,2078,33014
09-07-2018,2,10066,10517,7102,2818,30503,583,518,931,2032,32535
09-07-2018,3,10079,10323,7066,2788,30256,559,501,912,1972,32228
09-07-2018,4,10012,10113,7274,2853,30252,580,503,930,2013,32265
09-07-2018,5,10151,10350,7850,2957,31308,669,550,1106,2325,33633
09-07-2018,6,10873,11617,8344,3357,34191,789,623,1275,2687,36878
09-07-2018,7,11637,12615,8635,3880,36767,893,710,1421,3024,39791
09-07-2018,8,12338,13547,8695,4111,38691,949,775,1495,3219,41910
09-07-2018,9,12536,13809,8825,4265,39435,969,813,1514,3296,42731
09-07-2018,10,12474,14090,8859,4388,39811,970,828,1518,3316,43127
09-07-2018,11,12513,14194,8976,4400,40083,955,819,1510,3284,43367
09-07-2018,12,12621,14234,8909,4356,40120,971,830,1528,3329,43449
09-07-2018,13,12503,14072,8862,4432,39869,965,830,1523,3318,43187
09-07-2018,14,12515,13840,8805,4349,39509,959,816,1510,3285,42794
09-07-2018,15,12479,13686,8760,4232,39157,924,807,1487,3218,42375
09-07-2018,16,12413,13477,8660,4198,38748,908,801,1439,3148,41896
09-07-2018,17,12365,13306,8592,4297,38560,886,791,1417,3094,41654
09-07-2018,18,12315,13191,8589,4179,38274,859,777,1384,3020,41294
09-07-2018,19,12266,13011,8546,3986,37809,835,774,1361,2970,40779
09-07-2018,20,12077,12740,8315,3734,36866,817,758,1328,2903,39769
09-07-2018,21,11884,12482,8409,3534,36309,778,732,1292,2802,39111
09-07-2018,22,11603,12074,8262,3382,35321,742,694,1184,2620,37941
09-07-2018,23,11364,11401,7798,3164,33727,687,622,1089,2398,36125
10-07-2018,0,10889,10889,7506,2958,32242,651,570,1031,2252,34494
10-07-2018,1,10526,10530,7291,2862,31209,633,544,997,2174,33383
10-07-2018,2,10339,10437,7166,2833,30775,600,535,989,2124,32899
10-07-2018,3,10266,10178,7127,2832,30403,589,515,976,2080,32483
10-07-2018,4,10122,9871,7256,2853,30102,605,536,990,2131,32233
10-07-2018,5,10195,10231,7698,2950,31074,686,628,1149,2463,33537
10-07-2018,6,10999,11279,8134,3369,33781,796,753,1322,2871,36652
10-07-2018,7,11683,12670,8471,3839,36663,901,881,1466,3248,39911
10-07-2018,8,12124,13528,8639,4128,38419,946,947,1544,3437,41856
10-07-2018,9,12275,13893,8642,4242,39052,958,972,1584,3514,42566
10-07-2018,10,12384,14083,8677,4335,39479,960,973,1590,3523,43002
10-07-2018,11,12378,14109,8601,4389,39477,947,957,1581,3485,42962
10-07-2018,12,12543,14148,8486,4346,39523,967,971,1605,3543,43066
10-07-2018,13,12504,14161,8509,4354,39528,965,962,1588,3515,43043
10-07-2018,14,12462,14002,8521,4273,39258,949,947,1565,3461,42719
10-07-2018,15,12439,13939,8535,4132,39045,922,926,1523,3371,42416
10-07-2018,16,12343,13841,8581,4097,38862,900,901,1470,3271,42133
10-07-2018,17,12164,13927,8496,4240,38827,882,885,1440,3207,42034
10-07-2018,18,12051,13496,8563,4155,38265,859,852,1414,3125,41390
10-07-2018,19,12048,13236,8467,3981,37732,846,835,1384,3065,40797
10-07-2018,20,11851,12866,8196,3763,36676,817,808,1347,2972,39648
10-07-2018,21,11564,12540,8243,3578,35925,783,779,1300,2862,38787
10-07-2018,22,11426,12196,8140,3457,35219,751,730,1214,2695,37914
10-07-2018,23,11048,11564,7749,3227,33588,693,653,1096,2442,36030
11-07-2018,0,10808,11040,7445,3019,32312,652,594,1041,2287,34599
11-07-2018,1,10356,10850,7275,2909,31390,630,574,1001,2205,33595
11-07-2018,2,10258,10582,7166,2855,30861,598,558,989,2145,33006
11-07-2018,3,10135,10305,7082,2837,30359,587,531,975,2093,32452
11-07-2018,4,10058,10104,7251,2826,30239,602,550,994,2146,32385
11-07-2018,5,10219,10433,7695,2936,31283,691,638,1147,2476,33759
11-07-2018,6,10930,11342,7948,3347,33567,801,757,1326,2884,36451
11-07-2018,7,11624,12646,8275,3848,36393,911,890,1471,3272,39665
11-07-2018,8,12013,13336,8472,4142,37963,961,946,1557,3464,41427
11-07-2018,9,12295,13652,8541,4294,38782,974,969,1585,3528,42310
11-07-2018,10,12620,13881,8725,4459,39685,972,968,1588,3528,43213
11-07-2018,11,12648,14013,8747,4507,39915,962,953,1601,3516,43431
11-07-2018,12,12575,13749,8789,4472,39585,976,976,1630,3582,43167
11-07-2018,13,12378,13693,8785,4437,39293,969,976,1614,3559,42852
11-07-2018,14,12385,13665,8843,4374,39267,961,957,1588,3506,42773
11-07-2018,15,12305,13486,8791,4227,38809,939,935,1533,3407,42216
11-07-2018,16,12258,13466,8775,4143,38642,911,903,1488,3302,41944
11-07-2018,17,12143,13532,8711,4249,38635,885,884,1456,3225,41860
11-07-2018,18,12127,13604,8731,4158,38620,861,857,1425,3143,41763
11-07-2018,19,11991,13253,8594,3951,37789,849,845,1399,3093,40882
11-07-2018,20,11806,12873,8313,3768,36760,822,817,1366,3005,39765
11-07-2018,21,11540,12393,8331,3543,35807,785,786,1327,2898,38705
11-07-2018,22,11385,11960,8197,3455,34997,763,743,1228,2734,37731
11-07-2018,23,11182,11467,7769,3302,33720,703,659,1118,2480,36200
12-07-2018,0,10725,10745,7498,3076,32044,659,604,1045,2308,34352
12-07-2018,1,10233,10560,7312,2955,31060,638,578,1010,2226,33286
12-07-2018,2,10108,10366,7215,2869,30558,610,564,999,2173,32731
12-07-2018,3,10028,10273,7134,2850,30285,595,543,985,2123,32408
12-07-2018,4,9922,10069,7280,2852,30123,608,556,1008,2172,32295
12-07-2018,5,9981,10486,7816,2956,31239,687,658,1157,2502,33741
12-07-2018,6,10699,11367,8153,3376,33595,796,767,1333,2896,36491
12-07-2018,7,11550,12512,8450,3865,36377,909,890,1485,3284,39661
12-07-2018,8,12006,13245,8575,4161,37987,958,954,1564,3476,41463
12-07-2018,9,12271,13440,8753,4305,38769,973,986,1611,3570,42339
12-07-2018,10,12545,13752,8847,4424,39568,974,977,1617,3568,43136
12-07-2018,11,12572,13865,8797,4430,39664,966,967,1623,3556,43220
12-07-2018,12,12479,13754,8808,4346,39387,994,989,1624,3607,42994
12-07-2018,13,12399,13806,8724,4402,39331,989,979,1602,3570,42901
12-07-2018,14,12387,13688,8675,4314,39064,976,960,1592,3528,42592
12-07-2018,15,12255,13532,8598,4220,38605,950,932,1547,3429,42034
12-07-2018,16,12113,13199,8499,4117,37928,930,906,1487,3323,41251
12-07-2018,17,11865,13347,8451,4224,37887,894,880,1457,3231,41118
12-07-2018,18,11841,13106,8450,4142,37539,865,858,1423,3146,40685
12-07-2018,19,11795,12856,8381,3942,36974,858,855,1407,3120,40094
12-07-2018,20,11723,12577,8114,3752,36166,826,823,1373,3022,39188
12-07-2018,21,11456,12168,8189,3578,35391,795,778,1310,2883,38274
12-07-2018,22,11371,12056,8106,3473,35006,767,723,1193,2683,37689
12-07-2018,23,11075,11429,7646,3237,33387,707,649,1098,2454,35841
13-07-2018,0,10638,10855,7358,3022,31873,665,591,1043,2299,34172
13-07-2018,1,10328,10495,7281,2895,30999,648,571,1012,2231,33230
13-07-2018,2,10168,10467,7174,2828,30637,611,564,1004,2179,32816
13-07-2018,3,10115,10310,7065,2812,30302,593,550,1001,2144,32446
13-07-2018,4,9971,9996,7220,2803,29990,613,561,1018,2192,32182
13-07-2018,5,10178,10367,7705,2931,31181,693,646,1159,2498,33679
13-07-2018,6,10833,11264,8108,3320,33525,802,766,1328,2896,36421
13-07-2018,7,11580,12487,8489,3777,36333,914,889,1471,3274,39607
13-07-2018,8,12138,13322,8644,4054,38158,976,945,1539,3460,41618
13-07-2018,9,12758,13817,8753,4175,39503,991,958,1564,3513,43016
13-07-2018,10,12817,13904,8846,4306,39873,982,963,1570,3515,43388
13-07-2018,11,12536,13793,8796,4311,39436,969,941,1566,3476,42912
13-07-2018,12,12468,13565,8761,4177,38971,994,967,1575,3536,42507
13-07-2018,13,12394,13391,8768,4096,38649,994,956,1551,3501,42150
13-07-2018,14,12352,13289,8729,4003,38373,964,941,1528,3433,41806
13-07-2018,15,12264,13261,8668,3890,38083,932,916,1482,3330,41413
13-07-2018,16,12157,12908,8606,3862,37533,906,887,1463,3256,40789
13-07-2018,17,12001,12971,8491,3928,37391,880,866,1424,3170,40561
13-07-2018,18,12111,12840,8469,3763,37183,851,834,1389,3074,40257
13-07-2018,19,11918,12456,8429,3577,36380,833,821,1366,3020,39400
13-07-2018,20,11597,11948,8064,3442,35051,798,792,1332,2922,37973
13-07-2018,21,11421,11584,8184,3260,34449,771,758,1284,2813,37262
13-07-2018,22,11277,11380,8088,3178,33923,748,720,1187,2655,36578
13-07-2018,23,11017,11094,7701,2993,32805,692,645,1094,2431,35236
14-07-2018,0,10638,10428,7367,2767,31200,652,597,1041,2290,33490
14-07-2018,1,10339,10169,7149,2648,30305,627,565,1006,2198,32503
14-07-2018,2,10122,10044,7022,2580,29768,606,553,991,2150,31918
14-07-2018,3,9992,9717,6908,2554,29171,570,530,978,2078,31249
14-07-2018,4,9886,9454,6889,2519,28748,569,525,959,2053,30801
14-07-2018,5,9813,9311,7097,2464,28685,604,566,1017,2187,30872
14-07-2018,6,9879,9691,7275,2572,29417,648,625,1108,2381,31798
14-07-2018,7,10163,10142,7513,2823,30641,714,700,1219,2633,33274
14-07-2018,8,10768,10732,7788,3063,32351,777,769,1319,2865,35216
14-07-2018,9,11288,11573,7902,3292,34055,802,796,1366,2964,37019
14-07-2018,10,11540,11839,7988,3369,34736,802,798,1377,2977,37713
14-07-2018,11,11643,11981,8006,3370,35000,792,793,1371,2956,37956
14-07-2018,12,11541,11799,8011,3318,34669,788,780,1358,2926,37595
14-07-2018,13,11460,11631,8012,3323,34426,777,772,1328,2877,37303
14-07-2018,14,11289,11401,8096,3271,34057,771,761,1304,2836,36893
14-07-2018,15,11197,11382,8113,3263,33955,768,755,1293,2816,36771
14-07-2018,16,11248,11398,8181,3335,34162,772,751,1293,2816,36978
14-07-2018,17,11352,11355,8168,3482,34357,767,743,1278,2788,37145
14-07-2018,18,11276,11457,8139,3534,34406,755,726,1256,2737,37143
14-07-2018,19,11324,11310,8083,3343,34060,740,719,1224,2683,36743
14-07-2018,20,11220,11063,7811,3140,33234,719,698,1200,2617,35851
14-07-2018,21,11032,10760,7988,3013,32793,697,681,1188,2566,35359
14-07-2018,22,10854,10706,7942,2985,32487,695,662,1119,2476,34963
14-07-2018,23,10715,10325,7574,2855,31469,645,604,1043,2292,33761
15-07-2018,0,10586,10084,7310,2671,30651,605,558,988,2151,32802
15-07-2018,1,10394,9829,7165,2540,29928,585,538,961,2084,32012
15-07-2018,2,10221,9706,7062,2505,29494,565,530,943,2038,31532
15-07-2018,3,10095,9543,6889,2472,28999,524,500,931,1955,30954
15-07-2018,4,9946,9282,6822,2424,28474,523,497,916,1936,30410
15-07-2018,5,9824,9281,6928,2389,28422,553,529,955,2037,30459
15-07-2018,6,9876,9588,7099,2494,29057,605,580,1021,2206,31263
15-07-2018,7,10091,10058,7324,2681,30154,675,652,1118,2445,32599
15-07-2018,8,10248,10533,7507,2953,31241,745,719,1225,2689,33930
15-07-2018,9,10615,11147,7663,3150,32575,775,758,1281,2814,35389
15-07-2018,10,10880,11458,7810,3287,33435,777,763,1301,2841,36276
15-07-2018,11,11016,11611,7851,3319,33797,765,756,1301,2822,36619
15-07-2018,12,10970,11580,7810,3317,33677,764,752,1299,2815,36492
15-07-2018,13,10974,11523,7831,3289,33617,758,752,1284,2794,36411
15-07-2018,14,11011,11501,7853,3257,33622,758,746,1272,2776,36398
15-07-2018,15,11041,11571,7849,3249,33710,763,742,1275,2780,36490
15-07-2018,16,11128,11652,7880,3322,33982,775,745,1289,2809,36791
15-07-2018,17,11155,11647,7967,3515,34284,778,752,1283,2813,37097
15-07-2018,18,11134,11631,8071,3563,34399,770,747,1273,2790,37189
15-07-2018,19,11233,11622,8043,3445,34343,756,742,1257,2755,37098
15-07-2018,20,11207,11410,7902,3289,33808,747,730,1240,2717,36525
15-07-2018,21,11212,11103,8060,3146,33521,730,714,1223,2667,36188
15-07-2018,22,11004,10848,8018,3102,32972,713,681,1135,2529,35501
15-07-2018,23,10830,10394,7677,2954,31855,654,609,1041,2304,34159
16-07-2018,0,10304,9902,7444,2770,30420,609,558,983,2150,32570
16-07-2018,1,10055,9713,7278,2659,29705,595,543,957,2095,31800
16-07-2018,2,9874,9557,7177,2605,29213,582,533,947,2062,31275
16-07-2018,3,9792,9442,7104,2584,28922,554,515,946,2015,30937
16-07-2018,4,9695,9171,7216,2582,28664,568,529,965,2062,30726
16-07-2018,5,9811,9485,7727,2665,29688,649,616,1129,2394,32082
16-07-2018,6,10641,10260,8262,3020,32183,768,736,1297,2801,34984
16-07-2018,7,11549,11724,8575,3443,35291,886,864,1448,3198,38489
16-07-2018,8,11888,12605,8785,3771,37049,953,944,1527,3424,40473
16-07-2018,9,12160,13044,8887,3911,38002,957,976,1558,3491,41493
16-07-2018,10,12371,13455,8932,4035,38793,968,973,1573,3514,42307
16-07-2018,11,12317,13383,8936,4053,38689,956,959,1571,3486,42175
16-07-2018,12,12137,13264,8910,4014,38325,964,981,1592,3537,41862
16-07-2018,13,12179,13213,8960,4033,38385,956,974,1587,3517,41902
16-07-2018,14,12133,13180,8913,3955,38181,944,960,1561,3465,41646
16-07-2018,15,12105,13103,8843,3860,37911,930,942,1531,3403,41314
16-07-2018,16,11891,12933,8770,3816,37410,908,912,1484,3304,40714
16-07-2018,17,11785,13027,8639,3946,37397,891,890,1462,3243,40640
16-07-2018,18,11780,12840,8665,3910,37195,862,851,1431,3144,40339
16-07-2018,19,11729,12600,8588,3729,36646,841,840,1393,3074,39720
16-07-2018,20,11522,12239,8361,3541,35663,818,809,1356,2983,38646
16-07-2018,21,11429,11916,8502,3393,35240,789,779,1320,2888,38128
16-07-2018,22,11225,11434,8309,3330,34298,754,730,1197,2681,36979
16-07-2018,23,10855,10914,7879,3110,32758,702,651,1094,2447,35205
17-07-2018,0,10423,10323,7519,2905,31170,665,598,1049,2312,33482
17-07-2018,1,10046,10027,7379,2777,30229,642,572,1021,2235,32464
17-07-2018,2,9882,9931,7244,2712,29769,628,562,1013,2203,31972
17-07-2018,3,9778,9721,7142,2693,29334,603,539,1012,2154,31488
17-07-2018,4,9569,9483,7260,2692,29004,612,555,1023,2190,31194
17-07-2018,5,9654,9592,7697,2764,29707,690,642,1163,2495,32202
17-07-2018,6,10296,10445,8193,3109,32043,795,763,1330,2888,34931
17-07-2018,7,11023,11594,8534,3537,34688,908,893,1482,3283,37971
17-07-2018,8,11484,12558,8720,3866,36628,957,965,1558,3480,40108
17-07-2018,9,11830,12997,8864,4044,37735,983,987,1592,3562,41297
17-07-2018,10,12135,13146,8959,4166,38406,984,983,1595,3562,41968
17-07-2018,11,12192,13216,9016,4184,38608,971,968,1597,3536,42144
17-07-2018,12,12164,13111,9029,4146,38450,988,988,1619,3595,42045
17-07-2018,13,12133,13158,9010,4149,38450,979,991,1613,3583,42033
17-07-2018,14,12149,13070,8981,4050,38250,966,969,1601,3536,41786
17-07-2018,15,12052,12748,8851,3965,37616,945,952,1567,3464,41080
17-07-2018,16,11966,12702,8832,3941,37441,933,921,1524,3378,40819
17-07-2018,17,11846,12602,8724,4048,37220,911,901,1484,3296,40516
17-07-2018,18,11566,12399,8640,3990,36595,879,868,1446,3193,39788
17-07-2018,19,11792,12394,8643,3776,36605,857,854,1428,3139,39744
17-07-2018,20,11710,12163,8353,3584,35810,824,831,1399,3054,38864
17-07-2018,21,11271,11890,8422,3449,35032,795,806,1357,2958,37990
17-07-2018,22,11239,11620,8311,3398,34568,762,755,1242,2759,37327
17-07-2018,23,10913,10942,7796,3153,32804,698,660,1129,2487,35291
18-07-2018,0,10515,10360,7415,2916,31206,654,610,1068,2332,33538
18-07-2018,1,10130,10116,7111,2822,30179,619,583,1039,2241,32420
18-07-2018,2,9984,9972,6896,2762,29614,597,570,1025,2192,31806
18-07-2018,3,9893,9891,6697,2754,29235,566,551,1018,2135,31370
18-07-2018,4,9854,9762,6869,2776,29261,579,567,1030,2176,31437
18-07-2018,5,9998,9959,7518,2815,30290,665,661,1180,2506,32796
18-07-2018,6,10619,10709,8062,3142,32532,766,777,1360,2903,35435
18-07-2018,7,11087,11826,8361,3533,34807,878,902,1518,3298,38105
18-07-2018,8,11594,12630,7600,3852,35676,931,976,1606,3513,39189
18-07-2018,9,11713,13153,8259,3998,37123,945,995,1624,3564,40687
18-07-2018,10,11985,13491,8726,4163,38365,947,994,1627,3568,41933
18-07-2018,11,12103,13418,8802,4158,38481,928,972,1625,3525,42006
18-07-2018,12,12062,13289,8784,4124,38259,939,989,1641,3569,41828
18-07-2018,13,12014,13173,8801,4124,38112,934,994,1631,3559,41671
18-07-2018,14,12019,13027,8733,4079,37858,929,980,1615,3524,41382
18-07-2018,15,11819,12718,8724,3960,37221,909,957,1576,3442,40663
18-07-2018,16,11732,12459,8703,3880,36774,889,922,1523,3334,40108
18-07-2018,17,11672,12520,8632,3983,36807,874,901,1490,3265,40072
18-07-2018,18,11643,12722,8583,3925,36873,844,875,1459,3178,40051
18-07-2018,19,11504,12481,8545,3704,36234,833,855,1426,3114,39348
18-07-2018,20,11391,12044,8597,3521,35553,805,829,1386,3020,38573
18-07-2018,21,11265,11837,9250,3346,35698,784,809,1362,2955,38653
18-07-2018,22,11108,11631,8427,3252,34418,754,757,1265,2776,37194
18-07-2018,23,10868,10864,7833,3039,32604,683,671,1142,2496,35100
19-07-2018,0,10529,10337,7453,2797,31116,642,621,1079,2342,33458
19-07-2018,1,10241,10062,7252,2693,30248,620,593,1041,2254,32502
19-07-2018,2,9929,9738,7125,2663,29455,604,580,1027,2211,31666
19-07-2018,3,9844,9568,6962,2668,29042,585,562,1012,2159,31201
19-07-2018,4,9724,9325,7077,2650,28776,604,572,1019,2195,30971
19-07-2018,5,9801,9557,7569,2688,29615,671,653,1169,2493,32108
19-07-2018,6,10462,10364,7859,2993,31678,791,771,1337,2899,34577
19-07-2018,7,10980,11354,8251,3387,33972,892,892,1498,3282,37254
19-07-2018,8,11485,12088,8486,3657,35716,952,954,1578,3484,39200
19-07-2018,9,11670,12618,8583,3801,36672,965,969,1593,3527,40199
19-07-2018,10,11911,12748,8626,3938,37223,965,965,1602,3532,40755
19-07-2018,11,11917,12867,8834,3988,37606,951,948,1589,3488,41094
19-07-2018,12,11815,12950,8632,3955,37352,967,966,1601,3534,40886
19-07-2018,13,11879,12845,8620,3962,37306,965,963,1580,3508,40814
19-07-2018,14,11891,12788,8696,3918,37293,953,945,1550,3448,40741
19-07-2018,15,11845,12788,8746,3835,37214,935,931,1518,3384,40598
19-07-2018,16,11858,12719,8669,3812,37058,917,905,1468,3290,40348
19-07-2018,17,11882,12549,8592,3894,36917,891,887,1444,3222,40139
19-07-2018,18,11826,12457,8459,3864,36606,866,863,1421,3150,39756
19-07-2018,19,11567,12357,8334,3669,35927,847,841,1390,3078,39005
19-07-2018,20,11423,12025,8289,3475,35212,825,823,1365,3013,38225
19-07-2018,21,11368,11714,8402,3327,34811,794,807,1342,2943,37754
19-07-2018,22,11209,11631,8094,3238,34172,758,752,1218,2728,36900
19-07-2018,23,10794,10902,7373,3004,32073,737,669,1117,2523,34596
20-07-2018,0,10429,10297,7052,2820,30598,660,609,1059,2328,32926
20-07-2018,1,10123,10103,6836,2712,29774,640,587,1024,2251,32025
20-07-2018,2,9972,9934,6735,2640,29281,630,575,1009,2214,31495
20-07-2018,3,9888,9744,6660,2623,28915,608,562,1006,2176,31091
20-07-2018,4,9803,9734,6755,2638,28930,613,570,1014,2197,31127
20-07-2018,5,9835,9870,7268,2693,29666,687,660,1167,2514,32180
20-07-2018,6,10435,10681,7770,2998,31884,783,771,1341,2895,34779
20-07-2018,7,11266,11852,8119,3372,34609,878,891,1488,3257,37866
20-07-2018,8,11720,12470,8297,3658,36145,935,965,1574,3474,39619
20-07-2018,9,11984,12899,8378,3811,37072,950,985,1603,3538,40610
20-07-2018,10,12133,13168,8394,3929,37624,950,982,1609,3541,41165
20-07-2018,11,12236,13257,8549,3915,37957,943,963,1601,3507,41464
20-07-2018,12,12182,13223,8984,3795,38184,952,977,1616,3545,41729
20-07-2018,13,12166,13104,8974,3744,37988,941,971,1608,3520,41508
20-07-2018,14,12105,12850,8937,3668,37560,929,953,1583,3465,41025
20-07-2018,15,12051,12622,8855,3572,37100,909,930,1538,3377,40477
20-07-2018,16,11933,12474,8791,3574,36772,894,899,1501,3294,40066
20-07-2018,17,11757,12553,8647,3689,36646,871,879,1455,3205,39851
20-07-2018,18,11692,12339,8530,3680,36241,849,850,1420,3119,39360
20-07-2018,19,11570,12010,8452,3512,35544,823,828,1380,3031,38575
20-07-2018,20,11437,11507,8216,3327,34487,793,802,1339,2934,37421
20-07-2018,21,11081,11164,8322,3172,33739,785,792,1309,2886,36625
20-07-2018,22,11000,10780,8246,3138,33164,752,751,1222,2725,35889
20-07-2018,23,10722,10493,7804,2953,31972,698,669,1120,2487,34459
21-07-2018,0,10394,10098,7430,2755,30677,659,618,1056,2333,33010
21-07-2018,1,10044,9800,7265,2630,29739,636,586,1024,2246,31985
21-07-2018,2,9826,9567,7140,2547,29080,623,569,1006,2198,31278
21-07-2018,3,9714,9414,7002,2529,28659,596,557,991,2144,30803
21-07-2018,4,9677,9254,6948,2503,28382,583,548,970,2101,30483
21-07-2018,5,9568,9161,7170,2471,28370,607,593,1025,2225,30595
21-07-2018,6,9746,9372,7408,2564,29090,651,647,1117,2415,31505
21-07-2018,7,10046,9848,7756,2774,30424,713,726,1232,2671,33095
21-07-2018,8,10511,10558,7974,3063,32106,781,791,1328,2900,35006
21-07-2018,9,11067,11104,8159,3242,33572,824,824,1379,3027,36599
21-07-2018,10,11320,11495,8231,3323,34369,828,828,1389,3045,37414
21-07-2018,11,11385,11611,8285,3303,34584,822,819,1404,3045,37629
21-07-2018,12,11380,11517,8295,3283,34475,818,815,1394,3027,37502
21-07-2018,13,11348,11550,8274,3241,34413,805,805,1375,2985,37398
21-07-2018,14,11321,11362,8295,3215,34193,798,799,1359,2956,37149
21-07-2018,15,11272,11373,8365,3195,34205,790,787,1335,2912,37117
21-07-2018,16,11249,11442,8359,3259,34309,788,781,1318,2887,37196
21-07-2018,17,11313,11682,8358,3402,34755,781,781,1307,2869,37624
21-07-2018,18,11306,11591,8385,3448,34730,773,765,1289,2827,37557
21-07-2018,19,11158,11101,8166,3326,33751,762,754,1263,2779,36530
21-07-2018,20,11062,10781,7999,3167,33009,737,733,1233,2703,35712
21-07-2018,21,10872,10642,8142,3064,32720,729,722,1229,2680,35400
21-07-2018,22,10704,10665,8128,3027,32524,710,688,1154,2552,35076
21-07-2018,23,10460,10314,7727,2864,31365,661,627,1061,2349,33714
22-07-2018,0,10163,9801,7424,2684,30072,613,581,1011,2205,32277
22-07-2018,1,9980,9681,7225,2567,29453,593,563,979,2135,31588
22-07-2018,2,9806,9595,7131,2506,29038,587,546,964,2097,31135
22-07-2018,3,9680,9439,6948,2464,28531,557,529,953,2039,30570
22-07-2018,4,9553,9242,6876,2436,28107,533,520,927,1980,30087
22-07-2018,5,9501,9133,6885,2388,27907,555,547,968,2070,29977
22-07-2018,6,9636,9318,7019,2470,28443,589,600,1034,2223,30666
22-07-2018,7,9918,9807,7291,2654,29670,653,665,1139,2457,32127
22-07-2018,8,10244,10173,7518,2908,30843,720,732,1246,2698,33541
22-07-2018,9,10596,10928,7727,3117,32368,751,773,1300,2824,35192
22-07-2018,10,10738,11260,7885,3218,33101,762,789,1318,2869,35970
22-07-2018,11,10924,11401,7869,3273,33467,770,784,1309,2863,36330
22-07-2018,12,10915,11432,7936,3288,33571,776,786,1305,2867,36438
22-07-2018,13,10921,11346,7931,3291,33489,765,782,1303,2850,36339
22-07-2018,14,10884,11133,7942,3288,33247,756,780,1290,2826,36073
22-07-2018,15,10904,10990,7900,3238,33032,753,771,1279,2803,35835
22-07-2018,16,10948,10980,7944,3265,33137,753,773,1286,2812,35949
22-07-2018,17,11082,10947,7970,3451,33450,757,779,1289,2825,36275
22-07-2018,18,11162,11031,8026,3516,33735,756,773,1288,2817,36552
22-07-2018,19,11180,11146,8030,3395,33751,740,770,1281,2791,36542
22-07-2018,20,11162,11021,7861,3215,33259,716,758,1259,2733,35992
22-07-2018,21,11006,11023,8138,3100,33267,714,753,1256,2723,35990
22-07-2018,22,10994,10949,8129,3046,33118,690,695,1153,2538,35656
22-07-2018,23,10722,10302,7754,2865,31643,632,617,1042,2291,33934
23-07-2018,0,10225,9996,7453,2694,30368,594,578,1001,2173,32541
23-07-2018,1,9904,9602,7251,2580,29337,569,554,971,2094,31431
23-07-2018,2,9743,9497,7218,2515,28973,561,546,948,2055,31028
23-07-2018,3,9737,9510,7161,2510,28918,543,536,948,2027,30945
23-07-2018,4,9708,9461,7310,2551,29030,548,535,959,2042,31072
23-07-2018,5,9787,9552,7685,2607,29631,630,624,1118,2372,32003
23-07-2018,6,10439,10295,8117,2938,31789,744,744,1292,2780,34569
23-07-2018,7,11275,11527,8423,3327,34552,854,879,1452,3185,37737
23-07-2018,8,11834,12282,8685,3657,36458,920,958,1537,3415,39873
23-07-2018,9,12411,12738,8757,3833,37739,935,977,1569,3481,41220
23-07-2018,10,12412,12928,8858,3910,38108,938,968,1587,3493,41601
23-07-2018,11,12432,13198,8880,3931,38441,930,958,1587,3475,41916
23-07-2018,12,12348,12965,8946,3928,38187,953,983,1606,3542,41729
23-07-2018,13,12252,12931,8877,3946,38006,940,982,1607,3529,41535
23-07-2018,14,12173,12799,8842,3870,37684,928,966,1577,3471,41155
23-07-2018,15,12177,12862,8798,3817,37654,906,943,1544,3393,41047
23-07-2018,16,12029,12730,8723,3816,37298,889,914,1495,3298,40596
23-07-2018,17,11958,12644,8660,3931,37193,869,894,1467,3230,40423
23-07-2018,18,11797,12464,8605,3864,36730,845,865,1432,3142,39872
23-07-2018,19,11638,12328,8509,3564,36039,827,845,1401,3073,39112
23-07-2018,20,11612,11959,8294,3315,35180,798,817,1373,2988,38168
23-07-2018,21,11393,11768,8407,3174,34742,791,805,1330,2926,37668
23-07-2018,22,11286,11591,8229,3181,34287,739,740,1208,2687,36974
23-07-2018,23,11026,11131,7779,3020,32956,680,655,1098,2433,35389
24-07-2018,0,10587,10454,7496,2829,31366,645,606,1037,2288,33654
24-07-2018,1,10215,10015,7324,2705,30259,625,582,1006,2213,32472
24-07-2018,2,9983,9689,7256,2658,29586,620,570,1000,2190,31776
24-07-2018,3,9906,9482,7148,2644,29180,506,571,997,2074,31254
24-07-2018,4,9898,9417,7213,2676,29204,606,581,998,2185,31389
24-07-2018,5,9928,9325,7742,2732,29727,687,667,1142,2496,32223
24-07-2018,6,10769,10245,8232,3032,32278,793,780,1311,2884,35162
24-07-2018,7,11357,11361,8568,3454,34740,894,901,1470,3265,38005
24-07-2018,8,11728,12272,8731,3794,36525,961,965,1553,3479,40004
24-07-2018,9,12041,12688,8834,3961,37524,980,984,1595,3559,41083
24-07-2018,10,12216,13005,8939,4059,38219,995,987,1612,3594,41813
24-07-2018,11,12254,13079,8961,4069,38363,983,969,1605,3557,41920
24-07-2018,12,12245,12938,8926,4037,38146,997,992,1627,3616,41762
24-07-2018,13,12071,12883,8858,4037,37849,987,984,1623,3594,41443
24-07-2018,14,12123,12809,8862,3998,37792,976,968,1594,3538,41330
24-07-2018,15,12069,12782,8857,3905,37613,948,938,1538,3424,41037
24-07-2018,16,11996,12773,8838,3879,37486,929,905,1485,3319,40805
24-07-2018,17,11846,12651,8737,3955,37189,908,891,1458,3257,40446
24-07-2018,18,11827,12403,8735,3886,36851,883,859,1416,3158,40009
24-07-2018,19,11752,12156,8651,3714,36273,863,842,1390,3095,39368
24-07-2018,20,11526,11785,8337,3548,35196,837,824,1356,3017,38213
24-07-2018,21,11374,11451,8492,3365,34682,816,810,1323,2949,37631
24-07-2018,22,11330,11022,8445,3330,34127,768,749,1206,2723,36850
24-07-2018,23,10998,10557,7990,3110,32655,702,654,1095,2451,35106
25-07-2018,0,10469,10156,7681,2906,31212,662,609,1042,2313,33525
25-07-2018,1,10170,9977,7496,2790,30433,639,583,1010,2232,32665
25-07-2018,2,9960,10020,7382,2725,30087,630,571,998,2199,32286
25-07-2018,3,9789,9942,7246,2696,29673,605,563,995,2163,31836
25-07-2018,4,9677,9736,7318,2705,29436,608,569,995,2172,31608
25-07-2018,5,9745,9790,7829,2755,30119,690,650,1143,2483,32602
25-07-2018,6,10454,10364,8292,3070,32180,794,764,1317,2875,35055
25-07-2018,7,10948,11530,8668,3514,34660,908,893,1474,3275,37935
25-07-2018,8,11298,12309,8871,3850,36328,962,957,1563,3482,39810
25-07-2018,9,11675,12697,8878,4023,37273,976,976,1586,3538,40811
25-07-2018,10,11918,12874,8932,4134,37858,979,978,1599,3556,41414
25-07-2018,11,12024,12968,8974,4132,38098,972,956,1592,3520,41618
25-07-2018,12,12047,12998,9052,4095,38192,988,975,1613,3576,41768
25-07-2018,13,11827,12932,8893,4075,37727,981,969,1601,3551,41278
25-07-2018,14,11903,12732,8895,4022,37552,975,955,1585,3515,41067
25-07-2018,15,11842,12844,8904,3965,37555,953,933,1555,3441,40996
25-07-2018,16,11811,12618,8890,3931,37250,937,909,1502,3348,40598
25-07-2018,17,11685,12814,8802,3987,37288,909,888,1472,3269,40557
25-07-2018,18,11700,12727,8789,3956,37172,889,867,1437,3193,40365
25-07-2018,19,11567,12471,8729,3785,36552,873,851,1408,3132,39684
25-07-2018,20,11413,12052,8407,3599,35471,845,829,1384,3058,38529
25-07-2018,21,11274,11721,8522,3472,34989,829,811,1358,2998,37987
25-07-2018,22,11293,11345,8386,3403,34427,779,743,1232,2754,37181
25-07-2018,23,10837,10846,7949,3150,32782,711,647,1118,2476,35258
26-07-2018,0,10446,10192,7657,2917,31212,668,597,1057,2322,33534
26-07-2018,1,10089,9931,7471,2764,30255,646,576,1025,2247,32502
26-07-2018,2,9890,9877,7417,2704,29888,637,565,1015,2217,32105
26-07-2018,3,9852,9734,7263,2695,29544,620,553,1011,2184,31728
26-07-2018,4,9770,9661,7365,2691,29487,632,560,1018,2210,31697
26-07-2018,5,9932,9756,7845,2742,30275,714,650,1164,2528,32803
26-07-2018,6,10543,10618,8283,3077,32521,814,769,1338,2921,35442
26-07-2018,7,11098,11524,8459,3504,34585,925,896,1495,3316,37901
26-07-2018,8,11656,12267,8708,3883,36514,986,967,1579,3532,40046
26-07-2018,9,11981,12794,8641,4066,37482,1005,989,1607,3601,41083
26-07-2018,10,12159,13164,9017,4182,38522,1003,985,1629,3617,42139
26-07-2018,11,12067,13293,9023,4200,38583,992,965,1625,3582,42165
26-07-2018,12,12023,13097,8971,4185,38276,1012,984,1657,3653,41929
26-07-2018,13,11984,13059,8939,4204,38186,998,976,1649,3623,41809
26-07-2018,14,12030,13042,8892,4128,38092,986,959,1632,3577,41669
26-07-2018,15,12000,12910,8893,3959,37762,970,941,1589,3500,41262
26-07-2018,16,11954,12960,8865,3892,37671,945,912,1538,3395,41066
26-07-2018,17,11853,12923,8792,3975,37543,923,893,1501,3317,40860
26-07-2018,18,11702,12673,8851,3936,37162,902,862,1462,3226,40388
26-07-2018,19,11626,12472,8798,3765,36661,878,849,1420,3147,39808
26-07-2018,20,11497,12232,8539,3576,35844,859,825,1382,3066,38910
26-07-2018,21,11323,11846,8710,3453,35332,845,816,1367,3028,38360
26-07-2018,22,11161,11664,8564,3398,34787,793,743,1247,2783,37570
26-07-2018,23,10833,10988,8000,3143,32964,726,661,1134,2521,35485
27-07-2018,0,10460,10501,7665,2932,31558,684,604,1073,2361,33919
27-07-2018,1,10235,10135,7477,2817,30664,659,576,1037,2272,32936
27-07-2018,2,9978,9920,7372,2747,30017,649,562,1024,2235,32252
27-07-2018,3,9892,9907,7283,2733,29815,630,553,1021,2204,32019
27-07-2018,4,9799,9662,7392,2742,29595,633,555,1030,2218,31813
27-07-2018,5,9851,9633,7993,2798,30275,712,641,1170,2523,32798
27-07-2018,6,10438,10437,8550,3113,32538,820,760,1335,2915,35453
27-07-2018,7,11307,11658,8798,3527,35290,915,882,1493,3290,38580
27-07-2018,8,11540,12505,9036,3796,36877,973,951,1578,3502,40379
27-07-2018,9,11819,12893,9062,3918,37692,984,972,1604,3560,41252
27-07-2018,10,12122,13195,9198,4004,38519,991,977,1618,3586,42105
27-07-2018,11,12097,13232,9222,3989,38540,978,959,1613,3550,42090
27-07-2018,12,12006,13074,9179,3997,38256,993,976,1640,3609,41865
27-07-2018,13,11917,13112,9117,3980,38126,976,970,1616,3562,41688
27-07-2018,14,11872,12966,9091,3866,37795,964,950,1586,3500,41295
27-07-2018,15,11803,12876,9063,3795,37537,941,926,1536,3403,40940
27-07-2018,16,11747,12820,9021,3761,37349,923,903,1491,3317,40666
27-07-2018,17,11590,12763,8868,3832,37053,900,879,1457,3236,40289
27-07-2018,18,11448,12482,8802,3796,36528,878,847,1418,3143,39671
27-07-2018,19,11357,12114,8635,3635,35741,855,824,1379,3058,38799
27-07-2018,20,11206,11762,8437,3456,34861,829,798,1343,2970,37831
27-07-2018,21,11023,11563,8508,3327,34421,816,792,1332,2940,37361
27-07-2018,22,10889,11233,8352,3298,33772,770,733,1220,2723,36495
27-07-2018,23,10737,10555,7920,3119,32331,718,658,1121,2497,34828
28-07-2018,0,10340,10210,7576,2913,31039,679,609,1060,2348,33387
28-07-2018,1,10122,9780,7403,2761,30066,654,587,1028,2269,32335
28-07-2018,2,9942,9732,7358,2694,29726,639,575,1012,2226,31952
28-07-2018,3,9870,9776,7212,2663,29521,614,564,1008,2186,31707
28-07-2018,4,9807,9496,7113,2640,29056,599,548,990,2137,31193
28-07-2018,5,9570,9234,7318,2580,28702,628,581,1046,2255,30957
28-07-2018,6,9678,9424,7594,2712,29408,676,649,1140,2465,31873
28-07-2018,7,9970,10110,7880,2931,30891,754,737,1258,2749,33640
28-07-2018,8,10410,10895,8176,3209,32690,818,805,1367,2990,35680
28-07-2018,9,10885,11573,8300,3432,34190,846,844,1415,3105,37295
28-07-2018,10,11118,11808,8403,3556,34885,849,844,1439,3132,38017
28-07-2018,11,11180,11961,8406,3572,35119,842,834,1442,3118,38237
28-07-2018,12,11128,11924,8420,3567,35039,836,831,1439,3106,38145
28-07-2018,13,11050,11687,8393,3523,34653,827,829,1415,3071,37724
28-07-2018,14,10980,11521,8386,3449,34336,821,815,1383,3019,37355
28-07-2018,15,10843,11470,8393,3416,34122,818,811,1369,2998,37120
28-07-2018,16,10768,11570,8423,3425,34186,817,802,1343,2962,37148
28-07-2018,17,10791,11640,8378,3568,34377,805,799,1331,2935,37312
28-07-2018,18,10848,11633,8365,3559,34405,799,784,1310,2893,37298
28-07-2018,19,10790,11462,8265,3428,33945,778,773,1288,2839,36784
28-07-2018,20,11039,11356,8064,3285,33744,770,757,1270,2797,36541
28-07-2018,21,11000,11084,8334,3242,33660,767,752,1268,2787,36447
28-07-2018,22,10671,10881,8276,3154,32982,733,700,1169,2602,35584
28-07-2018,23,10477,10308,7832,2921,31538,681,638,1087,2406,33944
29-07-2018,0,10104,9900,7504,2760,30268,643,596,1030,2269,32537
29-07-2018,1,9719,9586,7326,2642,29273,625,577,997,2199,31472
29-07-2018,2,9577,9512,7180,2564,28833,613,563,979,2155,30988
29-07-2018,3,9550,9427,7059,2520,28556,601,554,976,2131,30687
29-07-2018,4,9426,9402,6973,2485,28286,580,543,952,2075,30361
29-07-2018,5,9343,9350,7103,2420,28216,603,567,989,2159,30375
29-07-2018,6,9388,9459,7280,2500,28627,649,611,1063,2323,30950
29-07-2018,7,9642,9808,7511,2714,29675,721,678,1164,2563,32238
29-07-2018,8,10261,10136,7744,2967,31108,786,753,1285,2824,33932
29-07-2018,9,10687,10676,7893,3189,32445,824,789,1351,2964,35409
29-07-2018,10,10760,11150,8043,3317,33270,840,799,1369,3008,36278
29-07-2018,11,10551,11559,8098,3336,33544,840,801,1368,3009,36553
29-07-2018,12,10496,11720,8139,3334,33689,838,795,1370,3003,36692
29-07-2018,13,10495,11774,8179,3296,33744,835,796,1362,2993,36737
29-07-2018,14,10526,11415,8127,3262,33330,838,801,1346,2985,36315
29-07-2018,15,10477,11079,8182,3246,32984,832,801,1342,2975,35959
29-07-2018,16,10504,11090,8181,3306,33081,837,802,1339,2978,36059
29-07-2018,17,10609,11318,8186,3550,33663,827,804,1337,2968,36631
29-07-2018,18,10774,11337,8237,3592,33940,830,802,1326,2958,36898
29-07-2018,19,10846,11319,8032,3445,33642,824,797,1319,2940,36582
29-07-2018,20,10980,11318,7917,3310,33525,808,785,1308,2901,36426
29-07-2018,21,10798,11158,8222,3228,33406,808,781,1279,2868,36274
29-07-2018,22,11000,10817,8072,3161,33050,766,711,1158,2635,35685
29-07-2018,23,10478,10311,7562,2945,31296,697,630,1057,2384,33680
30-07-2018,0,9902,9543,7277,2705,29427,651,586,1008,2245,31672
30-07-2018,1,9698,9380,7060,2605,28743,631,568,985,2184,30927
30-07-2018,2,9591,9316,7064,2568,28539,623,563,969,2155,30694
30-07-2018,3,9598,9233,7032,2575,28438,612,565,975,2152,30590
30-07-2018,4,9596,9229,7096,2602,28523,611,566,985,2162,30685
30-07-2018,5,9589,9309,7714,2708,29320,699,658,1147,2504,31824
30-07-2018,6,10208,10105,8311,3082,31706,820,778,1324,2922,34628
30-07-2018,7,10887,11254,8711,3564,34416,947,920,1510,3377,37793
30-07-2018,8,11453,12344,8904,3812,36513,1010,992,1612,3614,40127
30-07-2018,9,11861,12818,9099,4088,37866,1031,1017,1649,3697,41563
30-07-2018,10,12130,13197,9129,4212,38668,1048,1031,1669,3748,42416
30-07-2018,11,12184,13326,9170,4237,38917,1037,1016,1667,3720,42637
30-07-2018,12,12042,13327,9060,4188,38617,1051,1037,1671,3759,42376
30-07-2018,13,12266,13206,9048,4187,38707,1038,1035,1651,3724,42431
30-07-2018,14,12097,13135,9046,4115,38393,1023,1007,1626,3656,42049
30-07-2018,15,12072,13178,9004,4024,38278,978,979,1583,3540,41818
30-07-2018,16,12159,12611,8841,3952,37563,972,938,1528,3438,41001
30-07-2018,17,12023,13009,8692,4057,37781,950,914,1499,3363,41144
30-07-2018,18,11836,12690,8658,4037,37221,932,883,1461,3276,40497
30-07-2018,19,11889,12088,8625,3849,36451,902,863,1438,3203,39654
30-07-2018,20,11963,11726,8344,3643,35676,881,843,1408,3132,38808
30-07-2018,21,11883,11938,8529,3518,35868,867,834,1365,3066,38934
30-07-2018,22,11772,11519,8324,3421,35036,800,751,1220,2771,37807
30-07-2018,23,10959,10870,7837,3157,32823,728,669,1118,2515,35338
31-07-2018,0,10433,10373,7461,2969,31236,693,624,1064,2381,33617
31-07-2018,1,9995,9989,7374,2849,30207,674,600,1040,2314,32521
31-07-2018,2,9896,9768,7315,2778,29757,662,585,1044,2291,32048
31-07-2018,3,9885,9665,7259,2751,29560,643,583,1045,2271,31831
31-07-2018,4,9757,9439,7342,2803,29341,637,585,1052,2274,31615
31-07-2018,5,9782,9609,7915,2876,30182,731,668,1193,2592,32774
31-07-2018,6,10427,10386,8509,3249,32571,843,787,1371,3001,35572
31-07-2018,7,11253,11532,8778,3713,35276,951,921,1528,3400,38676
31-07-2018,8,11721,12531,9069,4021,37342,1015,996,1606,3617,40959
31-07-2018,9,12123,12924,9243,4161,38451,1038,1026,1643,3707,42158
31-07-2018,10,12246,13169,9242,4228,38885,1049,1029,1655,3733,42618
31-07-2018,11,12438,13295,9335,4206,39274,1038,1011,1649,3698,42972
31-07-2018,12,12357,13247,9272,4121,38997,1060,1034,1667,3761,42758
31-07-2018,13,12405,13131,9201,4119,38856,1049,1027,1664,3740,42596
31-07-2018,14,12421,13130,9165,4025,38741,1037,1006,1644,3687,42428
31-07-2018,15,12293,12838,9050,3936,38117,1017,989,1607,3613,41730
31-07-2018,16,12219,12744,9087,3909,37959,971,947,1560,3478,41437
31-07-2018,17,11996,12743,8985,4164,37888,954,923,1522,3399,41287
31-07-2018,18,11913,12683,8901,3941,37438,935,895,1480,3310,40748
31-07-2018,19,11855,12435,8860,3790,36940,909,876,1452,3237,40177
31-07-2018,20,11644,11962,8603,3623,35832,891,860,1420,3171,39003
31-07-2018,21,11541,11481,8778,3541,35341,876,844,1385,3105,38446
31-07-2018,22,11345,11445,8610,3432,34832,804,767,1237,2808,37640
31-07-2018,23,10874,10784,8022,3167,32847,728,679,1133,2540,35387
01-08-2018,0,10181,10366,7669,2980,31196,692,634,1071,2397,33593
01-08-2018,1,10051,10036,7522,2850,30459,669,615,1042,2326,32785
01-08-2018,2,9861,9808,7481,2771,29921,654,602,1027,2283,32204
01-08-2018,3,9779,9696,7356,2748,29579,639,600,1020,2259,31838
01-08-2018,4,9720,9628,7408,2796,29552,635,596,1035,2266,31818
01-08-2018,5,9648,9646,7937,2882,30113,722,675,1176,2573,32686
01-08-2018,6,10032,10470,8307,3252,32061,843,796,1350,2989,35050
01-08-2018,7,11123,11750,8708,3712,35293,949,918,1508,3375,38668
01-08-2018,8,11695,12679,8874,4023,37271,1008,982,1606,3596,40867
01-08-2018,9,12051,13062,8986,4118,38217,1029,1016,1653,3698,41915
01-08-2018,10,12208,13337,9110,4288,38943,1036,1012,1669,3717,42660
01-08-2018,11,12176,13530,9207,4293,39206,1024,991,1671,3686,42892
01-08-2018,12,12212,13630,9135,4171,39148,1044,1014,1691,3749,42897
01-08-2018,13,12192,13574,9063,4130,38959,1031,1011,1680,3722,42681
01-08-2018,14,12241,13649,9126,4046,39062,1018,1002,1667,3687,42749
01-08-2018,15,12130,13202,9025,3928,38285,1002,989,1632,3623,41908
01-08-2018,16,12127,13190,9082,3898,38297,988,946,1566,3500,41797
01-08-2018,17,12018,13260,8991,4034,38303,957,918,1535,3410,41713
01-08-2018,18,11829,12976,8929,4007,37741,934,898,1503,3335,41076
01-08-2018,19,11683,12526,8849,3820,36878,914,885,1468,3267,40145
01-08-2018,20,11813,12126,8575,3634,36148,891,874,1429,3194,39342
01-08-2018,21,11518,12104,8686,3500,35808,873,876,1398,3147,38955
01-08-2018,22,11470,12073,8546,3414,35503,812,794,1246,2852,38355
01-08-2018,23,10964,11268,8054,3156,33442,736,704,1128,2568,36010
02-08-2018,0,10453,10545,7743,2970,31711,699,656,1076,2431,34142
02-08-2018,1,10331,10216,7549,2841,30937,671,618,1041,2330,33267
02-08-2018,2,10066,9986,7492,2752,30296,657,601,1028,2286,32582
02-08-2018,3,9835,9796,7396,2740,29767,650,593,1029,2272,32039
02-08-2018,4,9872,9615,7444,2777,29708,642,591,1039,2272,31980
02-08-2018,5,9831,9553,8054,2868,30306,731,674,1182,2587,32893
02-08-2018,6,10563,10490,8657,3213,32923,853,797,1358,3008,35931
02-08-2018,7,11382,11649,9061,3668,35760,967,932,1521,3420,39180
02-08-2018,8,11898,12445,9289,4018,37650,1018,987,1634,3639,41289
02-08-2018,9,12117,12867,9397,4192,38573,1035,1004,1663,3702,42275
02-08-2018,10,12284,13202,9466,4310,39262,1038,984,1691,3713,42975
02-08-2018,11,12339,13368,9530,4303,39540,1030,933,1696,3659,43199
02-08-2018,12,12323,13368,9467,4242,39400,1037,989,1717,3743,43143
02-08-2018,13,12380,13444,9390,4240,39454,1026,1045,1707,3778,43232
02-08-2018,14,12389,13280,9298,4163,39130,1016,1032,1687,3735,42865
02-08-2018,15,12380,12962,9218,4070,38630,996,1014,1645,3655,42285
02-08-2018,16,12377,12835,9162,4017,38391,977,981,1601,3559,41950
02-08-2018,17,12262,12919,8967,4085,38233,953,951,1546,3450,41683
02-08-2018,18,12191,12650,8973,4018,37832,931,911,1505,3347,41179
02-08-2018,19,12052,12370,8923,3833,37178,906,889,1469,3264,40442
02-08-2018,20,11777,11857,8645,3624,35903,889,871,1448,3208,39111
02-08-2018,21,11680,11484,8870,3528,35562,881,863,1416,3160,38722
02-08-2018,22,11578,11314,8636,3459,34987,804,783,1280,2867,37854
02-08-2018,23,11081,10774,8063,3180,33098,737,693,1157,2587,35685
03-08-2018,0,10518,10082,7791,2947,31338,698,643,1093,2434,33772
03-08-2018,1,10280,9911,7559,2818,30568,677,621,1059,2357,32925
03-08-2018,2,10038,9812,7468,2770,30088,663,613,1051,2327,32415
03-08-2018,3,9989,9555,7506,2748,29798,654,611,1053,2318,32116
03-08-2018,4,9931,9609,7568,2790,29898,645,613,1066,2324,32222
03-08-2018,5,10117,9719,8107,2866,30809,730,691,1205,2626,33435
03-08-2018,6,10638,10375,8485,3149,32647,842,808,1378,3028,35675
03-08-2018,7,11360,11775,8931,3672,35738,958,937,1539,3434,39172
03-08-2018,8,11815,12597,9087,4031,37530,1018,1004,1646,3668,41198
03-08-2018,9,12168,13053,9219,4181,38621,1030,1030,1683,3743,42364
03-08-2018,10,12430,13142,9333,4277,39182,1032,1033,1689,3754,42936
03-08-2018,11,12407,13322,9309,4259,39297,1015,1014,1688,3717,43014
03-08-2018,12,12381,13402,9092,4152,39027,1035,1039,1699,3773,42800
03-08-2018,13,12274,13330,9182,4103,38889,1020,1020,1681,3721,42610
03-08-2018,14,12273,13172,9097,4004,38546,1001,995,1648,3644,42190
03-08-2018,15,12028,12823,9048,3905,37804,967,970,1604,3541,41345
03-08-2018,16,11962,12770,8919,3921,37572,942,935,1561,3438,41010
03-08-2018,17,11834,12892,8867,4020,37613,920,907,1512,3339,40952
03-08-2018,18,11793,12688,8835,3965,37281,885,860,1467,3212,40493
03-08-2018,19,11734,12334,8712,3754,36534,861,838,1406,3105,39639
03-08-2018,20,11374,11817,8441,3535,35167,834,824,1389,3047,38214
03-08-2018,21,11171,11689,8589,3447,34896,830,821,1367,3018,37914
03-08-2018,22,11131,11312,8421,3316,34180,767,748,1245,2760,36940
03-08-2018,23,10866,11035,7910,3050,32861,711,679,1136,2526,35387
04-08-2018,0,10283,10447,7578,2872,31180,675,634,1067,2376,33556
04-08-2018,1,10084,10062,7421,2720,30287,651,603,1033,2287,32574
04-08-2018,2,9881,9753,7351,2665,29650,639,591,1020,2250,31900
04-08-2018,3,9773,9480,7228,2645,29126,630,582,1011,2223,31349
04-08-2018,4,9687,9357,7192,2620,28856,602,562,994,2158,31014
04-08-2018,5,9564,8930,7341,2599,28434,633,588,1037,2258,30692
04-08-2018,6,9724,9026,7536,2705,28991,676,653,1140,2469,31460
04-08-2018,7,10016,9591,7818,2947,30372,739,742,1272,2753,33125
04-08-2018,8,10455,10403,8059,3215,32132,799,804,1384,2987,35119
04-08-2018,9,11226,11098,8226,3386,33936,823,836,1424,3083,37019
04-08-2018,10,11447,11426,8279,3493,34645,833,846,1447,3126,37771
04-08-2018,11,11561,11564,8260,3506,34891,831,831,1450,3112,38003
04-08-2018,12,11487,11496,8268,3480,34731,826,831,1445,3102,37833
04-08-2018,13,11477,11245,8190,3479,34391,815,820,1424,3059,37450
04-08-2018,14,11369,11259,8185,3502,34315,806,804,1407,3017,37332
04-08-2018,15,11329,11169,8180,3511,34189,800,805,1374,2979,37168
04-08-2018,16,11350,11250,8341,3472,34413,792,802,1354,2948,37361
04-08-2018,17,11453,11318,8285,3563,34619,785,795,1345,2925,37544
04-08-2018,18,11547,11337,8236,3565,34685,780,771,1323,2874,37559
04-08-2018,19,11279,11114,8238,3442,34073,756,767,1300,2823,36896
04-08-2018,20,11071,11109,8036,3272,33488,740,765,1291,2796,36284
04-08-2018,21,10868,11190,8274,3246,33578,750,762,1281,2793,36371
04-08-2018,22,10886,10827,8135,3121,32969,705,702,1172,2579,35548
04-08-2018,23,10619,10406,7677,2969,31671,653,646,1082,2381,34052
05-08-2018,0,10162,9922,7287,2789,30160,614,605,1035,2254,32414
05-08-2018,1,10026,9568,7155,2662,29411,591,584,999,2174,31585
05-08-2018,2,9880,9345,7119,2573,28917,583,568,987,2138,31055
05-08-2018,3,9694,9302,7058,2560,28614,576,570,996,2142,30756
05-08-2018,4,9685,9149,6901,2545,28280,553,553,974,2080,30360
05-08-2018,5,9708,9017,6996,2465,28186,574,575,1010,2159,30345
05-08-2018,6,9642,9227,7144,2527,28540,621,625,1087,2333,30873
05-08-2018,7,9667,9671,7341,2693,29372,685,693,1183,2561,31933
05-08-2018,8,9924,10227,7557,2969,30677,746,766,1286,2798,33475
05-08-2018,9,10260,10635,7726,3213,31834,776,796,1330,2902,34736
05-08-2018,10,10702,11042,7907,3367,33018,785,801,1343,2929,35947
05-08-2018,11,10891,11296,8000,3433,33620,784,796,1348,2928,36548
05-08-2018,12,10963,11448,7941,3379,33731,787,794,1346,2927,36658
05-08-2018,13,10952,11778,7977,3400,34107,780,785,1330,2895,37002
05-08-2018,14,10880,11717,7988,3427,34012,778,771,1300,2849,36861
05-08-2018,15,10896,11270,8019,3430,33615,779,767,1293,2839,36454
05-08-2018,16,10860,11462,8020,3476,33818,782,769,1290,2841,36659
05-08-2018,17,10913,11480,8057,3621,34071,782,766,1291,2839,36910
05-08-2018,18,10991,11344,8141,3648,34124,780,763,1290,2833,36957
05-08-2018,19,11053,11332,8157,3510,34052,773,765,1278,2816,36868
05-08-2018,20,11060,11202,8048,3342,33652,771,778,1277,2826,36478
05-08-2018,21,11242,11263,8323,3283,34111,766,765,1253,2784,36895
05-08-2018,22,11228,11202,8143,3147,33720,706,689,1138,2533,36253
05-08-2018,23,10621,10405,7696,2896,31618,650,619,1039,2308,33926
06-08-2018,0,10166,10003,7419,2749,30337,614,581,998,2193,32530
06-08-2018,1,10007,9835,7241,2647,29730,599,569,976,2144,31874
06-08-2018,2,9973,9816,7206,2601,29596,590,567,959,2116,31712
06-08-2018,3,9869,9829,7229,2580,29507,591,568,964,2123,31630
06-08-2018,4,9898,9833,7262,2626,29619,590,571,986,2147,31766
06-08-2018,5,10035,9987,7862,2771,30655,683,656,1126,2465,33120
06-08-2018,6,11107,11156,8488,3201,33952,807,766,1300,2873,36825
06-08-2018,7,11729,12584,8744,3746,36803,920,889,1457,3266,40069
06-08-2018,8,12337,13323,8903,4056,38619,972,950,1561,3483,42102
06-08-2018,9,12584,13495,8960,4204,39243,993,980,1611,3584,42827
06-08-2018,10,12658,13806,8980,4381,39825,1002,978,1624,3604,43429
06-08-2018,11,12632,14225,9035,4455,40347,999,961,1634,3594,43941
06-08-2018,12,12808,14316,8945,4440,40509,1011,982,1642,3635,44144
06-08-2018,13,12765,14175,8968,4520,40428,994,973,1619,3586,44014
06-08-2018,14,12749,14125,8830,4472,40176,979,953,1597,3529,43705
06-08-2018,15,12954,14010,8773,4342,40079,946,929,1565,3440,43519
06-08-2018,16,12725,13646,8711,4231,39313,934,897,1506,3337,42650
06-08-2018,17,12536,13746,8680,4370,39332,921,887,1463,3271,42603
06-08-2018,18,12462,13479,8778,4266,38985,902,856,1426,3184,42169
06-08-2018,19,12368,13014,8739,4023,38144,867,849,1412,3128,41272
06-08-2018,20,12224,12759,8348,3817,37148,855,829,1396,3080,40228
06-08-2018,21,12159,12562,8564,3672,36957,844,804,1341,2989,39946
06-08-2018,22,11977,12043,8312,3521,35853,762,725,1197,2684,38537
06-08-2018,23,11299,11211,7835,3241,33586,696,643,1100,2439,36025
07-08-2018,0,10721,10641,7473,3028,31863,661,596,1026,2283,34146
07-08-2018,1,10388,10350,7251,2898,30887,643,574,1003,2220,33107
07-08-2018,2,10215,10188,7253,2847,30503,636,563,1003,2202,32705
07-08-2018,3,10084,10065,7298,2833,30280,634,567,1012,2213,32493
07-08-2018,4,10106,9982,7348,2868,30304,627,579,1029,2235,32539
07-08-2018,5,10340,10084,7901,2989,31314,720,652,1156,2528,33842
07-08-2018,6,11070,11254,8448,3415,34187,832,772,1330,2934,37121
07-08-2018,7,11961,12499,8695,3948,37103,929,882,1477,3288,40391
07-08-2018,8,12457,13472,8845,4297,39071,991,936,1569,3496,42567
07-08-2018,9,12599,13758,8895,4442,39694,1005,959,1604,3568,43262
07-08-2018,10,12803,13861,8963,4549,40176,1005,960,1621,3586,43762
07-08-2018,11,12823,13918,8972,4547,40260,993,936,1616,3545,43805
07-08-2018,12,12857,13998,8953,4517,40325,1012,963,1627,3602,43927
07-08-2018,13,12905,13817,8872,4511,40105,1000,960,1632,3592,43697
07-08-2018,14,12837,13681,8830,4446,39794,992,949,1605,3546,43340
07-08-2018,15,12768,13705,8754,4307,39534,969,938,1562,3469,43003
07-08-2018,16,12660,13544,8748,4188,39140,946,902,1499,3347,42487
07-08-2018,17,12501,13656,8741,4277,39175,924,892,1476,3292,42467
07-08-2018,18,12372,13331,8737,4229,38669,906,858,1448,3212,41881
07-08-2018,19,12356,13164,8744,4045,38309,876,845,1414,3135,41444
07-08-2018,20,12273,12927,8460,3825,37485,861,831,1411,3103,40588
07-08-2018,21,12154,12644,8688,3736,37222,847,821,1360,3028,40250
07-08-2018,22,11954,12050,8433,3602,36039,753,732,1213,2698,38737
07-08-2018,23,11263,10962,7920,3290,33435,690,648,1112,2450,35885
08-08-2018,0,10763,10471,7584,3035,31853,659,608,1057,2324,34177
08-08-2018,1,10530,10275,7444,2925,31174,645,593,1025,2263,33437
08-08-2018,2,10297,10045,7381,2868,30591,635,583,1018,2236,32827
08-08-2018,3,10347,10005,7311,2872,30535,634,585,1023,2242,32777
08-08-2018,4,10406,10068,7405,2929,30808,629,581,1044,2254,33062
08-08-2018,5,10408,10309,8059,3039,31815,717,660,1180,2557,34372
08-08-2018,6,11100,11282,8618,3485,34485,831,785,1347,2963,37448
08-08-2018,7,12076,13017,8923,4046,38062,938,915,1507,3360,41422
08-08-2018,8,12786,14258,9034,4289,40367,995,982,1593,3570,43937
08-08-2018,9,12888,14364,9107,4309,40668,1008,999,1622,3629,44297
08-08-2018,10,12742,14448,9133,4401,40724,1013,1006,1638,3657,44381
08-08-2018,11,12872,14153,9217,4551,40793,1005,990,1636,3631,44424
08-08-2018,12,12867,14115,9189,4549,40720,1025,1011,1659,3695,44415
08-08-2018,13,13038,14344,9090,4604,41076,1007,1007,1655,3669,44745
08-08-2018,14,13037,14564,9051,4504,41156,995,995,1634,3624,44780
08-08-2018,15,12921,14722,9006,4381,41030,976,973,1594,3543,44573
08-08-2018,16,12711,14440,9019,4387,40557,956,940,1594,3490,44047
08-08-2018,17,12704,14638,8961,4577,40880,938,924,1511,3373,44253
08-08-2018,18,12720,14271,8921,4447,40359,915,896,1469,3280,43639
08-08-2018,19,12557,13655,8908,4205,39325,895,875,1425,3195,42520
08-08-2018,20,12182,13282,8606,3951,38021,887,863,1416,3166,41187
08-08-2018,21,12194,13181,8747,3798,37920,878,840,1416,3134,41054
08-08-2018,22,11885,12363,8437,3577,36262,787,751,1224,2762,39024
08-08-2018,23,11133,11606,7897,3253,33889,717,663,1130,2510,36399
09-08-2018,0,10657,10913,7630,3029,32229,681,615,1079,2375,34604
09-08-2018,1,10332,10680,7439,2873,31324,660,594,1044,2298,33622
09-08-2018,2,10082,10532,7386,2788,30788,653,586,1030,2269,33057
09-08-2018,3,10037,10603,7476,2784,30900,652,590,1032,2274,33174
09-08-2018,4,10129,10632,7493,2844,31098,644,594,1054,2292,33390
09-08-2018,5,10161,10511,8144,2972,31788,727,677,1192,2596,34384
09-08-2018,6,11056,11540,8719,3392,34707,853,804,1366,3023,37730
09-08-2018,7,11843,12940,9131,3919,37833,965,932,1524,3421,41254
09-08-2018,8,12469,13914,9321,4205,39909,1027,1002,1609,3638,43547
09-08-2018,9,12587,14387,9377,4351,40702,1046,1035,1636,3717,44419
09-08-2018,10,12605,14537,9503,4495,41140,1056,1038,1655,3749,44889
09-08-2018,11,12586,14576,9426,4532,41120,1049,1017,1659,3725,44845
09-08-2018,12,12641,14566,9438,4459,41104,1066,1040,1691,3797,44901
09-08-2018,13,12736,14574,9453,4471,41234,1053,1039,1676,3768,45002
09-08-2018,14,12818,14509,9387,4397,41111,1041,1027,1659,3727,44838
09-08-2018,15,12758,14331,9305,4256,40650,1016,1002,1613,3631,44281
09-08-2018,16,12525,13913,9203,4214,39855,993,967,1552,3512,43367
09-08-2018,17,12611,13818,9029,4324,39782,973,943,1515,3431,43213
09-08-2018,18,12516,13512,9013,4187,39228,944,912,1476,3332,42560
09-08-2018,19,12401,13243,9083,4025,38752,923,893,1439,3255,42007
09-08-2018,20,12082,12828,8792,3922,37624,909,882,1443,3234,40858
09-08-2018,21,12049,12629,8923,3802,37403,897,865,1404,3166,40569
09-08-2018,22,12003,11980,8676,3489,36148,806,764,1247,2817,38965
09-08-2018,23,11275,10897,8122,3281,33575,734,685,1145,2564,36139
10-08-2018,0,10824,10428,7856,3139,32247,695,650,1087,2432,34679
10-08-2018,1,10606,10436,7690,3020,31752,669,622,1059,2350,34102
10-08-2018,2,10419,10452,7626,2982,31479,660,609,1044,2313,33792
10-08-2018,3,10337,10399,7666,2935,31337,657,608,1055,2320,33657
10-08-2018,4,10458,10380,7778,2971,31587,648,609,1083,2340,33927
10-08-2018,5,10548,10521,8452,3111,32632,741,681,1213,2635,35267
10-08-2018,6,11138,11496,9046,3546,35226,864,802,1379,3045,38271
10-08-2018,7,12228,12831,9377,3923,38359,979,936,1526,3441,41800
10-08-2018,8,12548,13630,9574,4223,39975,1034,1002,1598,3634,43609
10-08-2018,9,12742,13856,9500,4423,40521,1049,1028,1609,3686,44207
10-08-2018,10,12989,14320,9524,4492,41325,1057,1027,1621,3705,45030
10-08-2018,11,12963,14549,9549,4441,41502,1044,1014,1620,3678,45180
10-08-2018,12,12918,14566,9493,4354,41331,1063,1028,1638,3729,45060
10-08-2018,13,12893,14199,9443,4243,40778,1048,1027,1624,3699,44477
10-08-2018,14,12724,13872,9478,4062,40136,1029,1014,1589,3632,43768
10-08-2018,15,12503,13661,9410,3897,39471,997,984,1550,3531,43002
10-08-2018,16,12381,13523,9224,3827,38955,975,944,1520,3439,42394
10-08-2018,17,12083,13227,9090,3936,38336,944,918,1487,3349,41685
10-08-2018,18,11973,12958,9041,3899,37871,917,882,1445,3244,41115
10-08-2018,19,12083,12506,8963,3606,37158,895,862,1407,3164,40322
10-08-2018,20,11904,12087,8739,3319,36049,872,862,1410,3144,39193
10-08-2018,21,11674,12029,8894,3262,35859,867,834,1355,3056,38915
10-08-2018,22,11510,11861,8454,3159,34984,778,743,1228,2749,37733
10-08-2018,23,11118,11137,7887,2905,33047,721,669,1114,2504,35551
11-08-2018,0,10574,10376,7507,2689,31146,687,620,1053,2360,33506
11-08-2018,1,10324,10107,7359,2574,30364,660,595,1031,2286,32650
11-08-2018,2,10129,9893,7311,2480,29813,650,584,1023,2257,32070
11-08-2018,3,10053,9804,7261,2461,29579,645,581,1019,2245,31824
11-08-2018,4,10073,9730,7121,2443,29367,615,575,1014,2204,31571
11-08-2018,5,10038,9492,7305,2430,29265,638,597,1054,2289,31554
11-08-2018,6,10156,9769,7604,2520,30049,683,658,1142,2483,32532
11-08-2018,7,10432,10370,7875,2818,31495,757,739,1249,2745,34240
11-08-2018,8,10962,11032,8189,3099,33282,811,804,1335,2950,36232
11-08-2018,9,11402,11771,8322,3303,34798,835,828,1382,3045,37843
11-08-2018,10,11685,12041,8342,3400,35468,836,823,1392,3051,38519
11-08-2018,11,11673,12061,8376,3368,35478,830,819,1383,3032,38510
11-08-2018,12,11595,12094,8387,3415,35491,825,811,1370,3006,38497
11-08-2018,13,11627,12125,8374,3319,35445,814,802,1348,2964,38409
11-08-2018,14,11475,11977,8426,3436,35314,801,783,1327,2911,38225
11-08-2018,15,11303,11684,8409,3463,34859,795,778,1320,2893,37752
11-08-2018,16,11319,11763,8491,3484,35057,791,773,1310,2874,37931
11-08-2018,17,11548,12158,8490,3562,35758,788,775,1290,2853,38611
11-08-2018,18,11702,12238,8538,3606,36084,778,761,1276,2815,38899
11-08-2018,19,11820,12113,8433,3335,35701,764,764,1254,2782,38483
11-08-2018,20,11575,11960,8257,3158,34950,769,765,1256,2790,37740
11-08-2018,21,11437,11844,8491,3060,34832,765,735,1202,2702,37534
11-08-2018,22,11336,11277,8208,2887,33708,707,674,1091,2472,36180
11-08-2018,23,10992,10550,7709,2685,31936,651,609,1026,2286,34222
12-08-2018,0,10795,10275,7384,2495,30949,617,576,981,2174,33123
12-08-2018,1,10538,10051,7245,2358,30192,594,555,958,2107,32299
12-08-2018,2,10380,9844,7247,2289,29760,584,545,941,2070,31830
12-08-2018,3,10305,9718,7223,2261,29507,580,541,934,2055,31562
12-08-2018,4,10251,9825,7085,2258,29419,567,527,936,2030,31449
12-08-2018,5,10198,9674,7206,2254,29332,571,545,950,2066,31398
12-08-2018,6,10269,9888,7378,2330,29865,610,593,1021,2224,32089
12-08-2018,7,10404,10441,7545,2567,30957,673,670,1119,2462,33419
12-08-2018,8,10808,11090,7817,2839,32554,737,727,1216,2680,35234
12-08-2018,9,11126,11655,8009,3052,33842,772,758,1265,2795,36637
12-08-2018,10,11645,12039,8153,3207,35044,782,768,1275,2825,37869
12-08-2018,11,11754,12187,8200,3246,35387,785,761,1275,2821,38208
12-08-2018,12,11809,12239,8127,3231,35406,784,759,1278,2821,38227
12-08-2018,13,11763,12206,8102,3295,35366,781,747,1259,2787,38153
12-08-2018,14,11760,12238,8103,3256,35357,772,738,1235,2745,38102
12-08-2018,15,11778,12203,8159,3314,35454,766,740,1241,2747,38201
12-08-2018,16,11786,12338,8241,3397,35762,773,734,1234,2741,38503
12-08-2018,17,11855,12608,8313,3700,36476,776,731,1232,2739,39215
12-08-2018,18,11969,12621,8479,3729,36798,783,731,1230,2744,39542
12-08-2018,19,12128,12632,8440,3474,36674,777,735,1239,2751,39425
12-08-2018,20,12100,12637,8185,3332,36254,788,752,1261,2801,39055
12-08-2018,21,12221,12426,8545,3267,36459,762,730,1198,2690,39149
12-08-2018,22,12165,11917,8285,3044,35411,680,650,1079,2409,37820
12-08-2018,23,11753,11204,7907,2844,33708,621,582,1001,2204,35912
13-08-2018,0,11227,10670,7562,2684,32143,592,549,965,2106,34249
13-08-2018,1,10953,10352,7417,2566,31288,583,537,945,2065,33353
13-08-2018,2,10844,10508,7419,2536,31307,587,532,937,2056,33363
13-08-2018,3,10778,10426,7447,2544,31195,592,540,942,2074,33269
13-08-2018,4,10865,10649,7507,2603,31624,593,557,983,2133,33757
13-08-2018,5,11091,10992,8137,2819,33039,677,643,1117,2437,35476
13-08-2018,6,11988,12043,8767,3300,36098,802,753,1269,2824,38922
13-08-2018,7,12930,13686,9024,3848,39488,912,870,1415,3197,42685
13-08-2018,8,13384,14290,9113,4144,40931,969,939,1498,3406,44337
13-08-2018,9,13288,14562,9233,4255,41338,989,957,1541,3487,44825
13-08-2018,10,13310,14785,9195,4393,41683,992,958,1550,3500,45183
13-08-2018,11,13218,15008,9206,4433,41865,984,938,1533,3455,45320
13-08-2018,12,13299,14876,9200,4360,41735,1000,959,1553,3512,45247
13-08-2018,13,13359,14726,9151,4392,41628,982,957,1546,3485,45113
13-08-2018,14,13268,14555,9070,4300,41193,975,932,1526,3433,44626
13-08-2018,15,13091,14375,9054,4151,40671,943,912,1483,3338,44009
13-08-2018,16,13044,14141,9007,4094,40286,918,881,1427,3226,43512
13-08-2018,17,12873,14246,9030,4315,40464,895,858,1390,3143,43607
13-08-2018,18,12603,13880,9055,4220,39758,879,833,1364,3076,42834
13-08-2018,19,12630,13587,9036,4011,39264,862,816,1350,3028,42292
13-08-2018,20,12648,13582,8753,3808,38791,861,826,1370,3057,41848
13-08-2018,21,12679,13363,8944,3653,38639,842,788,1289,2919,41558
13-08-2018,22,12552,12419,8623,3346,36940,751,693,1149,2593,39533
13-08-2018,23,11957,11520,8079,3018,34574,688,624,1092,2404,36978
14-08-2018,0,11232,11066,7768,2820,32886,659,575,1039,2273,35159
14-08-2018,1,10986,10699,7586,2735,32006,641,556,1009,2206,34212
14-08-2018,2,10762,10617,7559,2689,31627,632,546,996,2174,33801
14-08-2018,3,10722,10506,7568,2724,31520,636,553,996,2185,33705
14-08-2018,4,10824,10528,7620,2788,31760,631,563,1019,2213,33973
14-08-2018,5,11095,10722,8188,2976,32981,706,642,1145,2493,35474
14-08-2018,6,11903,11919,8773,3471,36066,820,762,1286,2868,38934
14-08-2018,7,12835,13577,9089,3971,39472,931,880,1429,3240,42712
14-08-2018,8,13294,14176,9247,4238,40955,984,936,1506,3426,44381
14-08-2018,9,13186,14327,9226,4258,40997,992,971,1540,3503,44500
14-08-2018,10,13343,14317,9213,4410,41283,985,959,1570,3514,44797
14-08-2018,11,13329,14504,9186,4248,41267,973,933,1575,3481,44748
14-08-2018,12,13332,14628,9121,4137,41218,1000,957,1596,3553,44771
14-08-2018,13,13178,14616,9146,4346,41286,985,955,1582,3522,44808
14-08-2018,14,13149,14557,9019,4279,41004,972,940,1547,3459,44463
14-08-2018,15,13009,14534,9021,4158,40722,940,926,1500,3366,44088
14-08-2018,16,13021,14302,8997,4120,40440,917,897,1451,3265,43705
14-08-2018,17,12926,14243,8930,4320,40419,906,881,1416,3203,43622
14-08-2018,18,12824,13988,9050,4194,40056,890,871,1410,3171,43227
14-08-2018,19,12734,13786,9040,3913,39473,882,868,1370,3120,42593
14-08-2018,20,12592,13748,8759,3710,38809,894,865,1340,3099,41908
14-08-2018,21,12663,13573,8937,3637,38810,839,799,1245,2883,41693
14-08-2018,22,12500,12707,8584,3375,37166,748,708,1138,2594,39760
14-08-2018,23,11930,11687,8058,3042,34717,687,645,1093,2425,37142
15-08-2018,0,11184,10991,7772,2811,32758,650,595,1023,2268,35026
15-08-2018,1,10764,10742,7629,2661,31796,644,575,988,2207,34003
15-08-2018,2,10604,10612,7591,2605,31412,634,566,969,2169,33581
15-08-2018,3,10583,10644,7634,2626,31487,631,572,965,2168,33655
15-08-2018,4,10643,10658,7682,2682,31665,646,586,966,2198,33863
15-08-2018,5,10976,11012,8283,2864,33135,723,656,997,2376,35511
15-08-2018,6,11812,12127,8911,3376,36226,833,779,1086,2698,38924
15-08-2018,7,12895,13590,9196,3915,39596,938,897,1191,3026,42622
15-08-2018,8,13274,14399,9282,4184,41139,1011,959,1280,3250,44389
15-08-2018,9,13106,14497,9265,4270,41138,1028,972,1325,3325,44463
15-08-2018,10,13198,14726,9271,4369,41564,1033,968,1339,3340,44904
15-08-2018,11,13266,14748,9309,4384,41707,1033,953,1343,3329,45036
15-08-2018,12,13183,14744,9263,4378,41568,1044,969,1335,3348,44916
15-08-2018,13,13151,14669,9252,4389,41461,1031,963,1320,3314,44775
15-08-2018,14,13051,14430,9191,4287,40959,1024,941,1302,3267,44226
15-08-2018,15,13130,14360,9098,4183,40771,994,919,1284,3197,43968
15-08-2018,16,13156,13944,9046,4102,40248,968,884,1267,3119,43367
15-08-2018,17,12956,14120,9028,4241,40345,943,868,1259,3070,43415
15-08-2018,18,12762,14135,9139,4146,40182,919,848,1245,3012,43194
15-08-2018,19,12697,13825,9112,3905,39539,899,847,1241,2987,42526
15-08-2018,20,12529,13305,8822,3709,38365,908,858,1279,3045,41410
15-08-2018,21,12489,13098,8971,3648,38206,865,805,1203,2873,41079
15-08-2018,22,12336,12103,8650,3378,36467,774,711,1088,2573,39040
15-08-2018,23,11467,11262,8164,3077,33970,709,642,1026,2377,36347
16-08-2018,0,10765,10860,7838,2856,32319,678,590,968,2236,34555
16-08-2018,1,10406,10623,7761,2740,31530,663,573,944,2180,33710
16-08-2018,2,10257,10553,7748,2687,31245,657,565,932,2154,33399
16-08-2018,3,10136,10586,7866,2696,31284,658,575,935,2168,33452
16-08-2018,4,10172,10571,7946,2748,31437,666,590,975,2231,33668
16-08-2018,5,10321,10771,8598,2964,32654,737,667,1112,2516,35170
16-08-2018,6,11396,12373,9094,3482,36345,863,788,1271,2922,39267
16-08-2018,7,12503,13780,9259,4026,39568,970,907,1421,3298,42866
16-08-2018,8,13043,14596,9424,4318,41381,1023,967,1498,3488,44869
16-08-2018,9,13229,15008,9401,4420,42058,1035,977,1522,3534,45592
16-08-2018,10,13429,15001,9496,4490,42416,1028,949,1524,3501,45917
16-08-2018,11,13242,15087,9521,4488,42338,1021,916,1534,3471,45809
16-08-2018,12,12844,14753,9385,4446,41428,1043,964,1567,3574,45002
16-08-2018,13,12865,14790,9334,4453,41442,1030,962,1555,3547,44989
16-08-2018,14,12925,14711,9247,4379,41262,1012,949,1535,3496,44758
16-08-2018,15,12990,14498,9206,4186,40880,982,928,1496,3406,44286
16-08-2018,16,13132,14137,9156,4158,40583,955,889,1435,3279,43862
16-08-2018,17,13010,14241,9091,4335,40677,932,880,1410,3222,43899
16-08-2018,18,13045,13983,9182,4212,40422,907,850,1387,3144,43566
16-08-2018,19,12938,13585,9164,4007,39694,886,838,1371,3095,42789
16-08-2018,20,12768,13159,8916,3794,38637,903,857,1402,3162,41799
16-08-2018,21,12636,12878,8996,3701,38211,869,808,1310,2987,41198
16-08-2018,22,12227,11977,8614,3408,36226,773,718,1167,2658,38884
16-08-2018,23,11587,11435,8105,3105,34232,704,639,1075,2418,36650
17-08-2018,0,10945,11044,7796,2867,32652,677,598,1013,2288,34940
17-08-2018,1,10711,10775,7668,2772,31926,658,584,981,2223,34149
17-08-2018,2,10419,10574,7666,2714,31373,647,570,972,2189,33562
17-08-2018,3,10352,10584,7790,2702,31428,651,574,981,2206,33634
17-08-2018,4,10362,10777,7828,2767,31734,655,595,1023,2273,34007
17-08-2018,5,10839,10971,8429,2937,33176,732,656,1135,2523,35699
17-08-2018,6,11442,12370,9056,3363,36231,851,782,1291,2924,39155
17-08-2018,7,12525,14027,9332,3917,39801,960,897,1436,3293,43094
17-08-2018,8,12803,14688,9509,4181,41181,1014,963,1527,3504,44685
17-08-2018,9,12759,14754,9504,4251,41268,1030,981,1555,3566,44834
17-08-2018,10,12786,14425,9585,4343,41139,1036,992,1566,3594,44733
17-08-2018,11,12910,14537,9573,4329,41349,1031,974,1567,3572,44921
17-08-2018,12,12970,14694,9546,4214,41424,1050,1001,1581,3632,45056
17-08-2018,13,12771,14491,9538,4141,40941,1030,981,1568,3579,44520
17-08-2018,14,12462,13964,9462,4004,39892,1011,964,1535,3510,43402
17-08-2018,15,12164,13363,9430,3897,38854,980,939,1493,3412,42266
17-08-2018,16,12340,13129,9371,3869,38709,953,910,1452,3315,42024
17-08-2018,17,12277,13227,9274,4012,38790,928,884,1420,3232,42022
17-08-2018,18,12129,13234,9176,3921,38460,898,857,1382,3137,41597
17-08-2018,19,12012,12949,9059,3634,37654,874,837,1355,3066,40720
17-08-2018,20,11948,12639,8838,3397,36822,880,843,1386,3109,39931
17-08-2018,21,11778,12240,8911,3342,36271,842,801,1301,2944,39215
17-08-2018,22,11613,11959,8552,3144,35268,752,717,1172,2641,37909
17-08-2018,23,11158,11275,8038,2888,33359,695,642,1084,2421,35780
18-08-2018,0,10851,10766,7697,2682,31996,660,603,1021,2284,34280
18-08-2018,1,10716,10444,7539,2562,31261,643,577,991,2211,33472
18-08-2018,2,10451,10389,7514,2501,30855,633,559,977,2169,33024
18-08-2018,3,10363,10292,7480,2486,30621,624,555,976,2155,32776
18-08-2018,4,10212,10018,7345,2476,30051,611,554,982,2147,32198
18-08-2018,5,10142,9761,7413,2496,29812,617,570,1014,2201,32013
18-08-2018,6,10130,9904,7597,2603,30234,667,638,1110,2415,32649
18-08-2018,7,10752,10684,7855,2905,32196,747,732,1229,2708,34904
18-08-2018,8,11154,11469,8120,3189,33932,808,810,1337,2955,36887
18-08-2018,9,11655,11973,8283,3380,35291,838,846,1394,3078,38369
18-08-2018,10,12096,12110,8310,3458,35974,847,851,1405,3103,39077
18-08-2018,11,12096,12326,8307,3516,36245,842,845,1404,3091,39336
18-08-2018,12,11628,12320,8257,3542,35747,837,840,1387,3064,38811
18-08-2018,13,11852,12243,8235,3524,35854,824,832,1369,3025,38879
18-08-2018,14,11949,12270,8342,3465,36026,813,821,1340,2974,39000
18-08-2018,15,12070,12448,8413,3456,36387,804,813,1323,2940,39327
18-08-2018,16,12156,12170,8485,3485,36296,800,808,1310,2918,39214
18-08-2018,17,12076,12411,8467,3666,36620,786,798,1287,2871,39491
18-08-2018,18,12192,12198,8524,3644,36558,783,779,1267,2829,39387
18-08-2018,19,11998,12142,8419,3383,35942,768,773,1251,2792,38734
18-08-2018,20,11780,12110,8347,3207,35444,791,796,1292,2879,38323
18-08-2018,21,11617,11827,8580,3146,35170,763,761,1235,2759,37929
18-08-2018,22,11266,11407,8275,2983,33931,708,684,1128,2520,36451
18-08-2018,23,11122,10964,7845,2764,32695,658,617,1038,2313,35008
19-08-2018,0,10856,10832,7527,2584,31799,625,586,990,2201,34000
19-08-2018,1,10516,10763,7276,2458,31013,604,563,962,2129,33142
19-08-2018,2,10380,10328,7298,2393,30399,595,558,954,2107,32506
19-08-2018,3,10383,10167,7330,2372,30252,590,557,957,2104,32356
19-08-2018,4,10350,10047,7271,2372,30040,577,549,961,2087,32127
19-08-2018,5,10330,9855,7239,2406,29830,582,547,973,2102,31932
19-08-2018,6,10292,9940,7379,2463,30074,624,591,1044,2259,32333
19-08-2018,7,10544,10648,7626,2681,31499,694,670,1148,2512,34011
19-08-2018,8,10803,11227,7831,2920,32781,754,730,1243,2727,35508
19-08-2018,9,11283,11863,8039,3155,34340,795,763,1243,2801,37141
19-08-2018,10,11595,12342,8164,3330,35431,806,773,1312,2891,38322
19-08-2018,11,11640,12452,8168,3356,35616,809,770,1317,2896,38512
19-08-2018,12,11681,12430,8186,3392,35689,813,776,1320,2909,38598
19-08-2018,13,11706,12430,8141,3397,35674,805,776,1306,2887,38561
19-08-2018,14,11696,12371,8135,3341,35543,795,773,1291,2859,38402
19-08-2018,15,11669,12204,8130,3381,35384,785,768,1282,2835,38219
19-08-2018,16,11670,12483,8113,3514,35780,781,772,1284,2837,38617
19-08-2018,17,11876,12940,8197,3814,36827,776,775,1279,2830,39657
19-08-2018,18,11898,12935,8314,3839,36986,767,760,1274,2801,39787
19-08-2018,19,11940,13037,8370,3636,36983,750,764,1281,2795,39778
19-08-2018,20,12190,12892,8264,3499,36845,781,797,1327,2905,39750
19-08-2018,21,12380,12880,8492,3429,37181,756,748,1229,2733,39914
19-08-2018,22,12157,12133,8247,3126,35663,699,666,1103,2468,38131
19-08-2018,23,11518,11393,7772,2851,33534,649,598,1021,2268,35802
20-08-2018,0,11034,10728,7471,2680,31913,614,566,984,2164,34077
20-08-2018,1,10738,10637,7353,2594,31322,592,549,964,2105,33427
20-08-2018,2,10577,10629,7335,2560,31101,584,543,950,2077,33178
20-08-2018,3,10578,10412,7409,2532,30931,585,553,961,2099,33030
20-08-2018,4,10752,10636,7515,2586,31489,582,581,1011,2174,33663
20-08-2018,5,11087,11252,8114,2788,33241,583,653,1157,2393,35634
20-08-2018,6,11923,12899,8872,3401,37095,642,771,1322,2735,39830
20-08-2018,7,13262,14257,9186,3955,40660,715,902,1485,3102,43762
20-08-2018,8,13629,14884,9247,4152,41912,776,955,1575,3306,45218
20-08-2018,9,13662,14966,9323,4287,42238,819,981,1616,3416,45654
20-08-2018,10,13636,14912,9342,4372,42262,832,975,1637,3444,45706
20-08-2018,11,13407,14789,9378,4344,41918,836,956,1618,3410,45328
20-08-2018,12,13334,14734,9303,4270,41641,833,994,1645,3472,45113
20-08-2018,13,13209,14637,9239,4275,41360,828,984,1631,3443,44803
20-08-2018,14,13426,14340,9190,4195,41151,827,969,1626,3422,44573
20-08-2018,15,13394,14171,9132,4026,40723,835,946,1583,3364,44087
20-08-2018,16,13201,14071,9123,3992,40387,838,914,1531,3283,43670
20-08-2018,17,13042,14025,9094,4186,40347,826,893,1500,3219,43566
20-08-2018,18,12969,13804,9143,4110,40026,824,871,1468,3163,43189
20-08-2018,19,12891,13521,9147,3856,39415,831,861,1459,3151,42566
20-08-2018,20,12993,13346,8938,3657,38934,836,868,1481,3185,42119
20-08-2018,21,13029,12946,8965,3601,38541,774,797,1345,2916,41457
20-08-2018,22,12667,12172,8535,3290,36664,707,710,1193,2610,39274
20-08-2018,23,11912,11203,7973,2979,34067,660,626,1103,2389,36456
21-08-2018,0,11411,10829,7662,2791,32693,630,586,1051,2267,34960
21-08-2018,1,11118,10750,7465,2661,31994,616,561,1033,2210,34204
21-08-2018,2,10906,10652,7442,2607,31607,610,552,1025,2187,33794
21-08-2018,3,10889,10516,7503,2608,31516,617,552,1027,2196,33712
21-08-2018,4,10947,10872,7671,2680,32170,629,577,1061,2267,34437
21-08-2018,5,11200,11415,8237,2889,33741,702,646,1179,2527,36268
21-08-2018,6,12376,12890,8767,3369,37402,826,770,1346,2942,40344
21-08-2018,7,13589,14141,9135,3877,40742,938,896,1481,3315,44057
21-08-2018,8,13674,14666,9218,4093,41651,988,951,1566,3505,45156
21-08-2018,9,13416,14853,9217,4216,41702,996,969,1592,3557,45259
21-08-2018,10,13358,14651,9209,4303,41521,998,963,1602,3563,45084
21-08-2018,11,13190,14758,9183,4293,41424,986,946,1595,3527,44951
21-08-2018,12,13166,14695,9074,4203,41138,994,975,1596,3565,44703
21-08-2018,13,13179,14668,8950,4217,41014,971,963,1591,3525,44539
21-08-2018,14,13187,14665,8980,4150,40982,962,946,1564,3472,44454
21-08-2018,15,13122,14492,8940,4003,40557,935,918,1529,3382,43939
21-08-2018,16,13164,14218,9006,3993,40381,918,884,1478,3280,43661
21-08-2018,17,13052,14256,9050,4186,40544,902,869,1452,3223,43767
21-08-2018,18,12949,14160,9107,4076,40292,869,845,1431,3145,43437
21-08-2018,19,12852,13900,9161,3853,39766,860,839,1419,3118,42884
21-08-2018,20,12993,13707,8893,3698,39291,885,857,1453,3195,42486
21-08-2018,21,13172,13592,8945,3645,39354,832,789,1328,2949,42303
21-08-2018,22,12732,12647,8517,3338,37234,731,702,1179,2612,39846
21-08-2018,23,12107,11827,8031,2994,34959,673,624,1099,2396,37355
22-08-2018,0,11404,11475,7682,2812,33373,645,577,1040,2262,35635
22-08-2018,1,11258,11418,7574,2700,32950,618,554,1013,2185,35135
22-08-2018,2,11222,11289,7575,2664,32750,609,546,1002,2157,34907
22-08-2018,3,11009,11197,7749,2677,32632,608,549,1013,2170,34802
22-08-2018,4,10885,11086,7877,2737,32585,617,566,1055,2238,34823
22-08-2018,5,11102,11301,8343,2946,33692,694,635,1173,2502,36194
22-08-2018,6,12057,12800,8974,3430,37261,807,755,1332,2894,40155
22-08-2018,7,13302,14128,9122,3957,40509,908,872,1473,3253,43762
22-08-2018,8,13565,14606,9240,4203,41614,949,935,1552,3436,45050
22-08-2018,9,13527,14982,9150,4241,41900,956,945,1558,3459,45359
22-08-2018,10,13353,15096,9136,4342,41927,954,948,1581,3483,45410
22-08-2018,11,13429,15157,9123,4338,42047,942,925,1578,3445,45492
22-08-2018,12,13247,15086,9193,4302,41828,953,947,1599,3499,45327
22-08-2018,13,13418,15055,9129,4360,41962,941,948,1587,3476,45438
22-08-2018,14,13336,14823,9159,4332,41650,938,935,1570,3443,45093
22-08-2018,15,13216,14730,9073,4227,41246,911,909,1523,3343,44589
22-08-2018,16,13249,14566,9183,4190,41188,892,880,1476,3248,44436
22-08-2018,17,13234,14925,9128,4375,41662,875,864,1451,3190,44852
22-08-2018,18,13291,14585,9234,4196,41306,865,840,1417,3122,44428
22-08-2018,19,13132,14423,9195,3927,40677,858,836,1413,3107,43784
22-08-2018,20,13218,14545,8996,3761,40520,891,857,1449,3197,43717
22-08-2018,21,13127,13992,8860,3704,39683,833,781,1313,2927,42610
22-08-2018,22,12586,12860,8497,3396,37339,739,690,1164,2593,39932
22-08-2018,23,11806,12205,7954,3067,35032,676,609,1091,2376,37408
23-08-2018,0,11131,11452,7663,2855,33101,649,573,1044,2266,35367
23-08-2018,1,10771,11088,7492,2744,32095,635,553,1015,2203,34298
23-08-2018,2,10513,10932,7516,2709,31670,623,545,1002,2170,33840
23-08-2018,3,10581,10891,7580,2728,31780,626,550,1008,2184,33964
23-08-2018,4,10616,11006,7749,2789,32160,649,573,1050,2272,34432
23-08-2018,5,10820,11226,8331,2998,33375,720,646,1178,2544,35919
23-08-2018,6,11796,13079,8955,3473,37303,841,764,1334,2939,40242
23-08-2018,7,12833,14726,9238,4000,40797,945,882,1468,3295,44092
23-08-2018,8,13153,15301,9361,4270,42085,988,942,1546,3476,45561
23-08-2018,9,13172,15288,9414,4358,42232,996,957,1567,3520,45752
23-08-2018,10,13191,15054,9505,4472,42222,993,956,1578,3527,45749
23-08-2018,11,13131,15308,9464,4477,42380,986,942,1580,3508,45888
23-08-2018,12,13048,14976,9441,4450,41915,1008,963,1607,3578,45493
23-08-2018,13,13053,14742,9341,4480,41616,996,957,1600,3553,45169
23-08-2018,14,13207,14936,9263,4414,41820,987,953,1583,3523,45343
23-08-2018,15,13341,15115,9155,4219,41830,961,927,1545,3433,45263
23-08-2018,16,13077,14348,9065,4192,40682,941,894,1497,3332,44014
23-08-2018,17,12911,14359,8983,4351,40604,921,877,1476,3274,43878
23-08-2018,18,13093,14125,9058,4224,40500,903,847,1439,3189,43689
23-08-2018,19,12967,14203,9110,4052,40332,887,837,1427,3151,43483
23-08-2018,20,13028,14234,8922,3892,40076,912,855,1468,3235,43311
23-08-2018,21,13074,13804,8892,3641,39411,849,782,1328,2959,42370
23-08-2018,22,12591,12776,8567,3385,37319,750,691,1187,2628,39947
23-08-2018,23,11914,11999,8128,3082,35123,694,616,1094,2404,37527
24-08-2018,0,11575,11524,7787,2870,33756,664,579,1040,2283,36039
24-08-2018,1,11441,11215,7684,2765,33105,650,563,1013,2226,35331
24-08-2018,2,10965,11139,7706,2670,32480,643,555,998,2196,34676
24-08-2018,3,10868,11071,7747,2666,32352,640,559,1002,2201,34553
24-08-2018,4,10856,11296,7950,2745,32847,660,580,1045,2285,35132
24-08-2018,5,11224,11554,8441,2971,34190,729,647,1174,2550,36740
24-08-2018,6,12013,12868,8956,3461,37298,837,771,1334,2942,40240
24-08-2018,7,13204,14360,9189,4017,40770,943,897,1468,3308,44078
24-08-2018,8,13865,15229,9396,4223,42713,988,957,1363,3308,46021
24-08-2018,9,13697,15409,9458,4256,42820,999,973,1187,3159,45979
24-08-2018,10,13507,15417,9421,4334,42679,999,970,1476,3445,46124
24-08-2018,11,13492,15447,9420,4233,42592,997,952,1587,3536,46128
24-08-2018,12,13172,15227,9409,4175,41983,1030,986,1605,3621,45604
24-08-2018,13,13055,15039,9293,4209,41596,1017,981,1590,3588,45184
24-08-2018,14,13051,14715,9261,4031,41058,1007,966,1559,3532,44590
24-08-2018,15,12979,14607,9173,3759,40518,976,945,1517,3438,43956
24-08-2018,16,12794,14582,9119,3873,40368,948,907,1485,3340,43708
24-08-2018,17,12786,14245,9026,3968,40025,920,885,1441,3246,43271
24-08-2018,18,12693,14063,9164,3950,39870,897,855,1408,3160,43030
24-08-2018,19,12710,13773,9085,3603,39171,879,856,1409,3144,42315
24-08-2018,20,12595,13486,8938,3385,38404,896,863,1441,3200,41604
24-08-2018,21,12622,13049,8908,3331,37910,830,794,1323,2947,40857
24-08-2018,22,12102,12024,8513,3088,35727,745,710,1194,2649,38376
24-08-2018,23,11810,11369,7998,2864,34041,686,637,1114,2437,36478
25-08-2018,0,11258,10868,7659,2670,32455,656,603,1062,2321,34776
25-08-2018,1,11073,10450,7462,2534,31519,633,580,1027,2240,33759
25-08-2018,2,10846,10274,7396,2490,31006,620,568,1008,2196,33202
25-08-2018,3,10834,10295,7408,2456,30993,620,570,1010,2200,33193
25-08-2018,4,10842,10121,7391,2474,30828,625,581,1021,2227,33055
25-08-2018,5,10916,10097,7394,2538,30945,623,595,1049,2267,33212
25-08-2018,6,11029,10353,7608,2599,31589,670,650,1132,2452,34041
25-08-2018,7,11377,11209,7895,2855,33336,747,731,1237,2715,36051
25-08-2018,8,11970,12175,8100,3158,35403,802,788,1322,2912,38315
25-08-2018,9,12500,12908,8153,3334,36895,823,817,1366,3006,39901
25-08-2018,10,12664,13005,8170,3431,37270,841,820,1394,3055,40325
25-08-2018,11,12580,12986,8215,3430,37211,839,812,1400,3051,40262
25-08-2018,12,12549,12845,8230,3360,36984,844,802,1379,3025,40009
25-08-2018,13,12296,12648,8190,3239,36373,838,793,1351,2982,39355
25-08-2018,14,12202,12457,8193,3257,36109,821,780,1312,2913,39022
25-08-2018,15,12151,12340,8308,3209,36008,813,772,1298,2883,38891
25-08-2018,16,12254,12535,8549,3299,36637,816,769,1282,2867,39504
25-08-2018,17,12325,12717,8635,3546,37223,813,769,1278,2860,40083
25-08-2018,18,12260,12989,8633,3549,37431,796,763,1255,2814,40245
25-08-2018,19,12291,12863,8507,3335,36996,796,771,1254,2821,39817
25-08-2018,20,12188,12798,8485,3223,36694,805,778,1268,2851,39545
25-08-2018,21,12250,12626,8499,3142,36517,753,725,1181,2659,39176
25-08-2018,22,11955,11970,8192,2932,35049,692,657,1085,2434,37483
25-08-2018,23,11500,11535,7770,2739,33544,641,595,1011,2247,35791
26-08-2018,0,11163,10684,7443,2540,31830,610,564,966,2140,33970
26-08-2018,1,10917,10442,7309,2434,31102,590,541,942,2073,33175
26-08-2018,2,10734,10383,7252,2373,30742,575,535,928,2038,32780
26-08-2018,3,10652,10333,7323,2390,30698,572,537,929,2038,32736
26-08-2018,4,10620,10353,7309,2366,30648,572,545,937,2054,32702
26-08-2018,5,10629,10304,7320,2405,30658,566,550,951,2067,32725
26-08-2018,6,10628,10318,7401,2418,30765,611,594,1015,2220,32985
26-08-2018,7,10942,10721,7699,2644,32006,676,665,1123,2464,34470
26-08-2018,8,11479,11459,7951,2924,33813,741,723,1217,2681,36494
26-08-2018,9,11929,12020,8164,3151,35264,775,762,1267,2804,38068
26-08-2018,10,12100,12352,8198,3253,35903,779,766,1278,2823,38726
26-08-2018,11,12061,12517,8203,3306,36087,791,761,1281,2833,38920
26-08-2018,12,12095,12504,8187,3306,36092,780,759,1279,2818,38910
26-08-2018,13,12013,12444,8119,3246,35822,774,754,1280,2808,38630
26-08-2018,14,11739,12347,8108,3217,35411,773,751,1259,2783,38194
26-08-2018,15,11827,12192,8113,3196,35328,775,752,1262,2789,38117
26-08-2018,16,11910,12379,8236,3293,35818,784,759,1257,2800,38618
26-08-2018,17,11958,12838,8375,3552,36723,788,763,1261,2812,39535
26-08-2018,18,12184,13084,8580,3570,37418,804,773,1262,2839,40257
26-08-2018,19,12279,13168,8561,3400,37408,810,790,1293,2893,40301
26-08-2018,20,12470,13220,8518,3329,37537,826,800,1294,2920,40457
26-08-2018,21,12635,12989,8631,3247,37502,761,724,1174,2659,40161
26-08-2018,22,12299,12060,8373,2979,35711,689,643,1070,2402,38113
26-08-2018,23,11682,11259,7933,2761,33635,640,580,989,2209,35844
27-08-2018,0,11506,10850,7610,2633,32599,613,547,945,2105,34704
27-08-2018,1,11052,10529,7502,2585,31668,599,534,927,2060,33728
27-08-2018,2,11036,10525,7452,2538,31551,596,528,921,2045,33596
27-08-2018,3,10897,10599,7566,2583,31645,603,539,931,2073,33718
27-08-2018,4,10986,10843,7744,2637,32210,627,573,987,2187,34397
27-08-2018,5,11379,11379,8245,2832,33835,699,639,1132,2470,36305
27-08-2018,6,12484,12833,8898,3381,37596,821,761,1292,2874,40470
27-08-2018,7,13656,14341,9203,3945,41145,935,873,1431,3239,44384
27-08-2018,8,13938,14920,9260,4293,42411,979,928,1498,3405,45816
27-08-2018,9,13902,15297,9225,4370,42794,987,944,1523,3454,46248
27-08-2018,10,13788,15459,9152,4462,42861,989,938,1536,3463,46324
27-08-2018,11,13724,15392,9184,4464,42764,974,919,1544,3437,46201
27-08-2018,12,13708,15163,9094,4362,42327,992,953,1565,3510,45837
27-08-2018,13,13628,15099,9059,4432,42218,979,942,1554,3475,45693
27-08-2018,14,13539,14995,9015,4389,41938,971,921,1531,3423,45361
27-08-2018,15,13578,14933,8951,4221,41683,938,900,1474,3312,44995
27-08-2018,16,13667,14686,8930,4116,41399,910,867,1419,3196,44595
27-08-2018,17,13860,14935,8882,4248,41925,900,851,1395,3146,45071
27-08-2018,18,13696,14527,8978,4237,41438,883,838,1375,3096,44534
27-08-2018,19,13763,14345,8966,3977,41051,883,839,1394,3116,44167
27-08-2018,20,13819,14134,8899,3804,40656,892,862,1439,3193,43849
27-08-2018,21,13730,13569,8861,3657,39817,818,784,1280,2882,42699
27-08-2018,22,13053,12759,8534,3286,37632,731,690,1139,2560,40192
27-08-2018,23,12215,11936,8054,2973,35178,679,613,1056,2348,37526
28-08-2018,0,11560,11298,7754,2781,33393,646,580,1006,2232,35625
28-08-2018,1,11237,10965,7621,2670,32493,631,560,982,2173,34666
28-08-2018,2,10989,10884,7626,2630,32129,625,547,977,2149,34278
28-08-2018,3,11048,10905,7709,2636,32298,634,553,982,2169,34467
28-08-2018,4,11204,11047,7896,2714,32861,661,580,1035,2276,35137
28-08-2018,5,11493,11708,8396,2940,34537,735,647,1168,2550,37087
28-08-2018,6,12455,13218,8929,3448,38050,853,764,1322,2939,40989
28-08-2018,7,13586,14561,9166,3947,41260,969,884,1459,3312,44572
28-08-2018,8,13856,15038,9273,4161,42328,1015,942,1533,3490,45818
28-08-2018,9,13772,15223,9331,3831,42157,1015,947,1557,3519,45676
28-08-2018,10,13700,15304,9332,4255,42591,1008,945,1551,3504,46095
28-08-2018,11,13503,15240,9232,4265,42240,990,927,1546,3463,45703
28-08-2018,12,13530,15036,9172,4224,41962,1011,955,1566,3532,45494
28-08-2018,13,13413,15081,9070,4258,41822,995,942,1560,3497,45319
28-08-2018,14,13415,14937,9067,4198,41617,986,925,1536,3447,45064
28-08-2018,15,13333,14908,8951,4076,41268,953,901,1483,3337,44605
28-08-2018,16,13382,14791,8937,4070,41180,937,871,1454,3262,44442
28-08-2018,17,13254,14987,9011,4283,41535,932,861,1440,3233,44768
28-08-2018,18,13106,14626,9103,4180,41015,922,847,1423,3192,44207
28-08-2018,19,13089,14303,9119,3933,40444,923,854,1446,3223,43667
28-08-2018,20,13278,14435,8943,3809,40465,932,862,1450,3244,43709
28-08-2018,21,13564,13972,8840,3681,40057,852,777,1300,2929,42986
28-08-2018,22,12919,13056,8529,3363,37867,758,688,1151,2597,40464
28-08-2018,23,12086,11973,7979,3041,35079,702,615,1068,2385,37464
29-08-2018,0,11509,11457,7696,2814,33476,663,579,1016,2258,35734
29-08-2018,1,11216,11155,7563,2685,32619,645,558,992,2195,34814
29-08-2018,2,11129,11034,7525,2633,32321,643,555,983,2181,34502
29-08-2018,3,11005,10956,7623,2638,32222,643,559,991,2193,34415
29-08-2018,4,11103,11031,7893,2723,32750,674,589,1042,2305,35055
29-08-2018,5,11384,11559,8458,2950,34351,746,665,1186,2597,36948
29-08-2018,6,12317,13214,9028,3452,38011,869,777,1346,2992,41003
29-08-2018,7,13574,14694,9215,3938,41421,978,895,1483,3356,44777
29-08-2018,8,14048,15025,9264,4146,42483,1015,956,1554,3525,46008
29-08-2018,9,14056,15098,9208,4208,42570,1016,967,1558,3541,46111
29-08-2018,10,13986,15122,9262,4340,42710,1010,959,1562,3531,46241
29-08-2018,11,13896,15160,9232,4318,42606,989,940,1557,3486,46092
29-08-2018,12,13703,15066,9208,4245,42222,1002,972,1554,3528,45750
29-08-2018,13,13470,14872,9151,4249,41742,992,964,1551,3507,45249
29-08-2018,14,13495,14860,9059,4233,41647,990,947,1544,3481,45128
29-08-2018,15,13593,14797,8982,4093,41465,983,927,1516,3426,44891
29-08-2018,16,13556,14693,8870,4029,41148,951,894,1471,3316,44464
29-08-2018,17,13580,14810,8902,4193,41485,940,879,1444,3263,44748
29-08-2018,18,13362,14541,8938,4080,40921,923,856,1421,3200,44121
29-08-2018,19,13306,14330,8877,3867,40380,923,864,1444,3231,43611
29-08-2018,20,13158,14376,8801,3770,40105,937,888,1467,3292,43397
29-08-2018,21,13123,13867,8677,3635,39302,858,794,1311,2963,42265
29-08-2018,22,12595,12807,8306,3293,37001,765,698,1162,2625,39626
29-08-2018,23,11666,11795,7781,2956,34198,711,621,1070,2402,36600
30-08-2018,0,11248,11319,7460,2734,32761,675,585,1026,2286,35047
30-08-2018,1,10858,11082,7393,2595,31928,660,565,1003,2228,34156
30-08-2018,2,10687,11030,7376,2591,31684,640,560,995,2195,33879
30-08-2018,3,10650,10912,7473,2612,31647,648,567,1001,2216,33863
30-08-2018,4,10796,11048,7720,2733,32297,690,593,1048,2331,34628
30-08-2018,5,11137,11635,8312,2973,34057,763,663,1186,2612,36669
30-08-2018,6,12017,13363,8940,3466,37786,877,784,1342,3003,40789
30-08-2018,7,13120,14837,9237,3961,41155,989,904,1479,3372,44527
30-08-2018,8,13668,15222,9344,4177,42411,1030,959,1541,3530,45941
30-08-2018,9,13592,15316,9385,4273,42566,1037,973,1557,3567,46133
30-08-2018,10,13424,15374,9402,4356,42556,1036,966,1570,3572,46128
30-08-2018,11,13222,15395,9396,4375,42388,1014,950,1574,3538,45926
30-08-2018,12,13164,15472,9385,4284,42305,1023,972,1592,3587,45892
30-08-2018,13,13189,15454,9287,4254,42184,1013,965,1583,3561,45745
30-08-2018,14,13181,15130,9247,4162,41720,1003,943,1552,3498,45218
30-08-2018,15,13073,15191,9209,4082,41555,974,927,1508,3409,44964
30-08-2018,16,13119,14948,9150,4160,41377,950,895,1462,3307,44684
30-08-2018,17,13046,14951,9122,4450,41569,923,878,1430,3231,44800
30-08-2018,18,12918,14749,9250,4317,41234,912,856,1407,3175,44409
30-08-2018,19,12983,14623,9257,4089,40952,919,862,1439,3220,44172
30-08-2018,20,13079,14694,9074,3940,40787,931,884,1468,3283,44070
30-08-2018,21,13181,13750,8964,3741,39636,847,799,1310,2956,42592
30-08-2018,22,12664,12645,8559,3375,37243,751,696,1148,2595,39838
30-08-2018,23,11830,11762,8048,3046,34686,697,622,1063,2382,37068
31-08-2018,0,11406,11242,7755,2863,33266,670,578,1021,2269,35535
31-08-2018,1,11083,11099,7636,2730,32548,651,562,1002,2215,34763
31-08-2018,2,11152,10953,7635,2676,32416,640,557,996,2193,34609
31-08-2018,3,11246,10843,7733,2660,32482,647,561,1007,2215,34697
31-08-2018,4,11174,11026,7978,2716,32894,674,588,1060,2322,35216
31-08-2018,5,11472,11556,8442,2959,34429,741,654,1188,2583,37012
31-08-2018,6,12502,12938,9008,3454,37902,853,766,1339,2958,40860
31-08-2018,7,13582,14517,9328,3994,41421,945,881,1467,3293,44714
31-08-2018,8,13802,15246,9464,4226,42738,984,938,1539,3461,46199
31-08-2018,9,13727,15646,9449,4282,43104,1001,949,1575,3525,46629
31-08-2018,10,13684,15775,9463,4350,43272,1003,952,1586,3541,46813
31-08-2018,11,13551,15630,9364,4256,42801,992,930,1582,3504,46305
31-08-2018,12,13406,15072,9298,4066,41842,1015,955,1588,3558,45400
31-08-2018,13,13088,15064,9216,3964,41332,995,948,1563,3506,44838
31-08-2018,14,12926,15033,9218,3884,41061,977,934,1529,3440,44501
31-08-2018,15,12964,14868,9139,3733,40704,952,913,1474,3339,44043
31-08-2018,16,12847,14729,9144,3745,40465,920,890,1441,3251,43716
31-08-2018,17,12771,14704,9124,3912,40511,906,874,1422,3202,43713
31-08-2018,18,12734,14574,9113,3850,40271,895,861,1399,3155,43426
31-08-2018,19,12714,14323,9110,3628,39775,900,865,1425,3190,42965
31-08-2018,20,12688,14138,9034,3520,39380,909,861,1423,3193,42573
31-08-2018,21,12817,13643,8930,3356,38746,832,780,1278,2890,41636
31-08-2018,22,12476,12611,8466,3092,36645,739,709,1154,2602,39247
31-08-2018,23,11984,11829,7950,2844,34607,679,636,1077,2392,36999
01-09-2018,0,11564,11320,7605,2679,33168,644,603,1026,2273,35441
01-09-2018,1,11249,11100,7413,2564,32326,622,576,992,2190,34516
01-09-2018,2,11163,10946,7355,2499,31963,612,562,972,2146,34109
01-09-2018,3,10990,10705,7437,2465,31597,611,563,975,2149,33746
01-09-2018,4,10916,10680,7547,2479,31622,619,574,991,2184,33806
01-09-2018,5,11005,10846,7594,2532,31977,622,578,1021,2221,34198
01-09-2018,6,11189,10946,7726,2614,32475,663,634,1106,2403,34878
01-09-2018,7,11514,11602,8042,2855,34013,744,717,1219,2680,36693
01-09-2018,8,11935,12410,8295,3205,35845,814,787,1304,2905,38750
01-09-2018,9,12516,13154,8430,3387,37487,821,804,1342,2967,40454
01-09-2018,10,12692,13390,8540,3452,38074,818,806,1350,2974,41048
01-09-2018,11,12564,13500,8526,3456,38046,808,808,1349,2965,41011
01-09-2018,12,12455,13311,8484,3391,37641,814,802,1342,2958,40599
01-09-2018,13,12366,13029,8455,3342,37192,811,799,1324,2934,40126
01-09-2018,14,12266,12899,8530,3276,36971,811,795,1300,2906,39877
01-09-2018,15,12201,12741,8605,3246,36793,798,788,1290,2876,39669
01-09-2018,16,12212,12652,8667,3310,36841,781,780,1277,2838,39679
01-09-2018,17,12296,13016,8657,3526,37495,788,777,1262,2827,40322
01-09-2018,18,12397,13075,8717,3544,37733,787,769,1248,2804,40537
01-09-2018,19,12538,12849,8700,3392,37479,797,795,1286,2878,40357
01-09-2018,20,12499,13179,8642,3323,37643,817,814,1313,2944,40587
01-09-2018,21,12487,12918,8648,3242,37295,744,739,1200,2683,39978
01-09-2018,22,12096,12122,8267,3021,35506,682,672,1094,2448,37954
01-09-2018,23,11632,11436,7774,2809,33651,630,606,1012,2248,35899
02-09-2018,0,11343,10951,7452,2628,32374,602,564,964,2130,34504
02-09-2018,1,11069,10722,7262,2512,31565,584,545,940,2069,33634
02-09-2018,2,10774,10615,7246,2455,31090,573,539,930,2042,33132
02-09-2018,3,10709,10487,7309,2423,30928,568,540,930,2038,32966
02-09-2018,4,10639,10494,7365,2429,30927,575,550,943,2068,32995
02-09-2018,5,10613,10586,7219,2476,30894,570,546,958,2074,32968
02-09-2018,6,10563,10640,7381,2532,31116,610,600,1018,2228,33344
02-09-2018,7,10693,10902,7662,2740,31997,680,670,1129,2479,34476
02-09-2018,8,11070,11467,7912,3041,33490,743,743,1233,2719,36209
02-09-2018,9,11548,12323,8079,3246,35196,775,776,1293,2844,38040
02-09-2018,10,11869,12540,8112,3353,35874,781,783,1301,2865,38739
02-09-2018,11,11926,12598,8086,3364,35974,771,781,1300,2852,38826
02-09-2018,12,11874,12480,8085,3354,35793,771,777,1298,2846,38639
02-09-2018,13,11738,12488,8050,3329,35605,768,770,1286,2824,38429
02-09-2018,14,11786,12516,8030,3294,35626,764,766,1274,2804,38430
02-09-2018,15,11961,12489,8027,3283,35760,765,765,1267,2797,38557
02-09-2018,16,11912,12591,8105,3369,35977,772,767,1264,2803,38780
02-09-2018,17,12086,12956,8262,3688,36992,781,771,1278,2830,39822
02-09-2018,18,12115,13220,8428,3684,37447,793,769,1285,2847,40294
02-09-2018,19,12181,13177,8537,3506,37401,823,817,1347,2987,40388
02-09-2018,20,12389,13307,8535,3443,37674,840,838,1365,3043,40717
02-09-2018,21,12507,12742,8575,3330,37154,760,745,1221,2726,39880
02-09-2018,22,11970,11846,8329,3027,35172,689,649,1082,2420,37592
02-09-2018,23,11347,11221,7823,2763,33154,642,581,997,2220,35374
03-09-2018,0,10820,11018,7611,2618,32067,611,550,957,2118,34185
03-09-2018,1,10553,10752,7463,2551,31319,595,538,941,2074,33393
03-09-2018,2,10384,10646,7392,2529,30951,593,528,937,2058,33009
03-09-2018,3,10447,10857,7455,2542,31301,597,535,949,2081,33382
03-09-2018,4,10560,10983,7709,2635,31887,629,572,1010,2211,34098
03-09-2018,5,10958,11465,8275,2883,33581,712,665,1186,2563,36144
03-09-2018,6,12297,13216,8886,3420,37819,841,797,1365,3003,40822
03-09-2018,7,13502,14460,9165,3972,41099,959,895,1495,3349,44448
03-09-2018,8,13820,15087,9309,4197,42413,1005,924,1527,3456,45869
03-09-2018,9,13579,15215,9281,4258,42333,1000,928,1518,3446,45779
03-09-2018,10,13501,15214,9337,4321,42373,992,933,1522,3447,45820
03-09-2018,11,13417,15206,9412,4319,42354,975,923,1536,3434,45788
03-09-2018,12,13406,15223,9330,4243,42202,996,963,1575,3534,45736
03-09-2018,13,13412,15264,9245,4257,42178,984,959,1565,3508,45686
03-09-2018,14,13424,15307,9206,4155,42092,977,948,1547,3472,45564
03-09-2018,15,13397,15135,9161,4063,41756,947,933,1503,3383,45139
03-09-2018,16,13375,15031,9109,4039,41554,924,910,1461,3295,44849
03-09-2018,17,13281,15126,9059,4242,41708,904,891,1438,3233,44941
03-09-2018,18,13005,14541,9129,4147,40822,883,873,1411,3167,43989
03-09-2018,19,12897,14287,9134,3924,40242,898,904,1459,3261,43503
03-09-2018,20,13180,14355,9028,3870,40433,911,901,1455,3267,43700
03-09-2018,21,13290,13751,8923,3657,39621,822,798,1295,2915,42536
03-09-2018,22,12562,12880,8501,3345,37288,723,700,1158,2581,39869
03-09-2018,23,11753,11997,7915,3026,34691,665,620,1068,2353,37044
04-09-2018,0,11224,11350,7574,2823,32971,636,584,1022,2242,35213
04-09-2018,1,10957,11189,7421,2714,32281,619,564,1002,2185,34466
04-09-2018,2,10819,11011,7433,2676,31939,615,557,991,2163,34102
04-09-2018,3,10841,11091,7497,2669,32098,623,565,1000,2188,34286
04-09-2018,4,10768,11236,7807,2740,32551,655,599,1057,2311,34862
04-09-2018,5,11106,11817,8345,2975,34243,738,686,1233,2657,36900
04-09-2018,6,12272,13476,8932,3511,38191,860,811,1375,3046,41237
04-09-2018,7,13441,14814,9251,4001,41507,961,873,1499,3333,44840
04-09-2018,8,13794,15082,9444,4184,42504,998,969,1551,3518,46022
04-09-2018,9,13937,15381,9447,4274,43039,1003,978,1559,3540,46579
04-09-2018,10,13781,15597,9431,4354,43163,1003,969,1566,3538,46701
04-09-2018,11,13621,15470,9467,4371,42929,987,933,1562,3482,46411
04-09-2018,12,13508,15396,9367,4318,42589,1017,962,1564,3543,46132
04-09-2018,13,13402,15283,9281,4326,42292,1005,958,1549,3512,45804
04-09-2018,14,13461,15177,9252,4230,42120,996,940,1540,3476,45596
04-09-2018,15,13450,15137,9214,4119,41920,962,922,1501,3385,45305
04-09-2018,16,13528,15053,9214,4078,41873,939,888,1460,3287,45160
04-09-2018,17,13391,15076,9183,4254,41904,920,877,1447,3244,45148
04-09-2018,18,13190,14806,9196,4144,41336,908,855,1425,3188,44524
04-09-2018,19,13182,14805,9292,3935,41214,935,883,1481,3299,44513
04-09-2018,20,13341,15039,9140,3889,41409,913,870,1467,3250,44659
04-09-2018,21,13299,14295,8940,3721,40255,818,778,1282,2878,43133
04-09-2018,22,12783,13262,8513,3384,37942,722,680,1143,2545,40487
04-09-2018,23,12136,12391,7965,3055,35547,669,610,1052,2331,37878
05-09-2018,0,11480,11651,7658,2864,33653,643,571,1016,2230,35883
05-09-2018,1,11071,11303,7470,2767,32611,628,552,997,2177,34788
05-09-2018,2,10896,11182,7497,2723,32298,624,547,993,2164,34462
05-09-2018,3,10908,11091,7573,2736,32308,629,555,1004,2188,34496
05-09-2018,4,10922,11363,7880,2797,32962,658,592,1053,2303,35265
05-09-2018,5,11327,11853,8375,3034,34589,747,689,1243,2679,37268
05-09-2018,6,12383,13326,8963,3538,38210,874,820,1396,3090,41300
05-09-2018,7,13631,14718,9266,4029,41644,978,929,1518,3425,45069
05-09-2018,8,13910,15151,9440,4277,42778,1018,971,1572,3561,46339
05-09-2018,9,13887,15281,9354,4333,42855,1021,976,1567,3564,46419
05-09-2018,10,13746,15437,9455,4438,43076,1012,958,1575,3545,46621
05-09-2018,11,13710,15431,9480,4438,43059,991,936,1579,3506,46565
05-09-2018,12,13707,15264,9480,4413,42864,1014,966,1585,3565,46429
05-09-2018,13,13613,15149,9448,4448,42658,1000,959,1577,3536,46194
05-09-2018,14,13514,15102,9403,4336,42355,989,937,1551,3477,45832
05-09-2018,15,13570,15124,9316,4164,42174,958,920,1512,3390,45564
05-09-2018,16,13548,14974,9281,4082,41885,940,891,1463,3294,45179
05-09-2018,17,13369,15052,9258,4250,41929,917,875,1447,3239,45168
05-09-2018,18,13331,14696,9367,4104,41498,916,861,1433,3210,44708
05-09-2018,19,13161,14768,9454,3917,41300,937,894,1498,3329,44629
05-09-2018,20,13304,14829,9212,3802,41147,925,890,1481,3296,44443
05-09-2018,21,13229,13973,8985,3672,39859,831,790,1298,2919,42778
05-09-2018,22,12703,12970,8578,3380,37631,737,695,1161,2593,40224
05-09-2018,23,11897,12078,8029,3046,35050,679,620,1080,2379,37429
06-09-2018,0,11285,11475,7707,2844,33311,655,578,1028,2261,35572
06-09-2018,1,11065,11219,7461,2728,32473,641,561,1002,2204,34677
06-09-2018,2,11006,11082,7496,2691,32275,636,553,993,2182,34457
06-09-2018,3,10918,11158,7575,2688,32339,640,557,1003,2200,34539
06-09-2018,4,11000,11271,7906,2759,32936,674,594,1060,2328,35264
06-09-2018,5,11533,11891,8396,2978,34798,779,692,1245,2716,37514
06-09-2018,6,12399,13223,8838,3486,37946,902,820,1396,3118,41064
06-09-2018,7,13494,14749,9163,3998,41404,1008,925,1513,3446,44850
06-09-2018,8,13799,15068,9281,4216,42364,1041,978,1570,3589,45953
06-09-2018,9,13955,15187,9290,4286,42718,1036,983,1591,3610,46328
06-09-2018,10,13774,15216,9393,4380,42763,1029,984,1588,3601,46364
06-09-2018,11,13617,15191,9385,4366,42559,1012,965,1570,3547,46106
06-09-2018,12,13612,15135,9333,4327,42407,1039,992,1601,3632,46039
06-09-2018,13,13410,14974,9273,4359,42016,1025,986,1593,3604,45620
06-09-2018,14,13578,14840,9233,4277,41928,1022,974,1581,3577,45505
06-09-2018,15,13589,14993,9126,4127,41835,994,955,1545,3494,45329
06-09-2018,16,13679,14763,9084,4114,41640,969,922,1496,3387,45027
06-09-2018,17,13616,14958,9060,4225,41859,945,910,1472,3327,45186
06-09-2018,18,13642,14668,9150,4185,41645,937,886,1450,3273,44918
06-09-2018,19,13642,14582,9371,3976,41571,962,921,1517,3400,44971
06-09-2018,20,13861,14690,9167,3979,41697,952,906,1499,3357,45054
06-09-2018,21,13402,13930,8987,3738,40057,858,807,1323,2988,43045
06-09-2018,22,12728,12966,8632,3441,37767,754,699,1171,2624,40391
06-09-2018,23,11782,11967,8085,3126,34960,697,625,1082,2404,37364
07-09-2018,0,11373,11431,7767,2911,33482,667,586,1029,2282,35764
07-09-2018,1,11039,11120,7613,2853,32625,651,571,1004,2226,34851
07-09-2018,2,10909,11043,7615,2823,32390,642,563,995,2200,34590
07-09-2018,3,10892,11050,7747,2780,32469,651,570,1007,2228,34697
07-09-2018,4,10951,11143,8038,2865,32997,681,603,1063,2347,35344
07-09-2018,5,11187,11673,8538,3093,34491,769,693,1251,2713,37204
07-09-2018,6,12204,13208,9068,3610,38090,893,817,1404,3114,41204
07-09-2018,7,13509,14816,9373,4058,41756,994,920,1515,3429,45185
07-09-2018,8,13726,15203,9412,4310,42651,1025,969,1556,3550,46201
07-09-2018,9,13801,15357,9342,4369,42869,1023,974,1564,3561,46430
07-09-2018,10,13805,15579,9432,4386,43202,1020,964,1559,3543,46745
07-09-2018,11,13520,15412,9417,4383,42732,1008,943,1560,3511,46243
07-09-2018,12,13385,15300,9337,4242,42264,1030,969,1582,3581,45845
07-09-2018,13,13495,14898,9207,4132,41732,1012,965,1573,3550,45282
07-09-2018,14,13455,14535,9103,3994,41087,1002,954,1539,3495,44582
07-09-2018,15,13192,14439,9054,3906,40591,969,925,1487,3381,43972
07-09-2018,16,13194,14176,9054,4005,40429,952,894,1446,3292,43721
07-09-2018,17,13079,14126,9091,4148,40444,924,876,1420,3220,43664
07-09-2018,18,12955,13980,9164,4011,40110,911,849,1393,3153,43263
07-09-2018,19,12790,13955,9239,3748,39732,938,880,1447,3265,42997
07-09-2018,20,12749,13745,9037,3627,39158,919,867,1435,3221,42379
07-09-2018,21,12477,12986,8785,3414,37662,830,779,1281,2890,40552
07-09-2018,22,12084,12186,8453,3155,35878,744,687,1167,2598,38476
07-09-2018,23,11547,11319,7933,2896,33695,694,618,1082,2394,36089
08-09-2018,0,11088,10817,7636,2668,32209,655,577,1016,2248,34457
08-09-2018,1,10861,10616,7502,2575,31554,637,551,986,2174,33728
08-09-2018,2,10880,10432,7454,2493,31259,626,544,976,2146,33405
08-09-2018,3,10762,10362,7487,2462,31073,625,545,972,2142,33215
08-09-2018,4,10723,10356,7595,2489,31163,636,559,994,2189,33352
08-09-2018,5,10954,10507,7642,2581,31684,644,577,1039,2260,33944
08-09-2018,6,10987,10728,7834,2699,32248,679,622,1112,2413,34661
08-09-2018,7,11155,11350,8067,2927,33499,758,713,1224,2695,36194
08-09-2018,8,11938,12060,8350,3202,35550,816,777,1313,2906,38456
08-09-2018,9,12692,12797,8434,3503,37426,837,802,1339,2978,40404
08-09-2018,10,12583,13062,8482,3529,37656,839,802,1343,2984,40640
08-09-2018,11,12462,12929,8458,3530,37379,830,803,1337,2970,40349
08-09-2018,12,12094,12749,8429,3591,36863,828,805,1314,2947,39810
08-09-2018,13,11951,12507,8311,3582,36351,821,802,1297,2920,39271
08-09-2018,14,11993,12252,8342,3562,36149,818,791,1283,2892,39041
08-09-2018,15,12025,12164,8465,3485,36139,809,777,1280,2866,39005
08-09-2018,16,12119,11998,8574,3503,36194,816,771,1265,2852,39046
08-09-2018,17,12237,12239,8718,3631,36825,814,766,1260,2840,39665
08-09-2018,18,12464,12635,8761,3601,37461,815,765,1257,2837,40298
08-09-2018,19,12401,12817,8835,3455,37508,857,805,1326,2988,40496
08-09-2018,20,12436,12781,8592,3351,37160,846,787,1302,2935,40095
08-09-2018,21,12256,12032,8525,3208,36021,782,724,1200,2706,38727
08-09-2018,22,12035,11540,8250,2978,34803,710,652,1101,2463,37266
08-09-2018,23,11637,11162,7776,2736,33311,660,592,1020,2272,35583
09-09-2018,0,11124,10687,7434,2617,31862,638,559,971,2168,34030
09-09-2018,1,10700,10388,7258,2509,30855,623,539,945,2107,32962
09-09-2018,2,10660,10298,7242,2448,30648,614,531,932,2077,32725
09-09-2018,3,10662,10335,7255,2431,30683,612,528,929,2069,32752
09-09-2018,4,10626,10422,7340,2444,30832,617,542,947,2106,32938
09-09-2018,5,10728,10444,7299,2493,30964,619,551,980,2150,33114
09-09-2018,6,10780,10485,7305,2573,31143,642,592,1027,2261,33404
09-09-2018,7,10832,10745,7586,2784,31947,710,665,1133,2508,34455
09-09-2018,8,11289,11503,7861,3078,33731,779,734,1235,2748,36479
09-09-2018,9,11829,12303,8115,3306,35553,810,772,1287,2869,38422
09-09-2018,10,12107,12841,8251,3324,36523,817,773,1292,2882,39405
09-09-2018,11,12344,12842,8233,3356,36775,815,761,1297,2873,39648
09-09-2018,12,12464,12945,8151,3385,36945,812,756,1297,2865,39810
09-09-2018,13,12184,12758,8103,3367,36412,808,755,1285,2848,39260
09-09-2018,14,12066,12635,8117,3369,36187,807,747,1271,2825,39012
09-09-2018,15,11897,12611,8171,3383,36062,807,738,1270,2815,38877
09-09-2018,16,11980,12672,8263,3497,36412,826,742,1269,2837,39249
09-09-2018,17,12049,13099,8413,3787,37348,829,747,1272,2848,40196
09-09-2018,18,12309,13318,8567,3722,37916,839,755,1290,2884,40800
09-09-2018,19,12293,13367,8680,3548,37888,899,823,1384,3106,40994
09-09-2018,20,12831,13445,8397,3527,38200,875,811,1354,3040,41240
09-09-2018,21,12477,12630,8366,3326,36799,787,718,1199,2704,39503
09-09-2018,22,12117,11928,8104,3012,35161,711,636,1073,2420,37581
09-09-2018,23,11403,11270,7691,2793,33157,668,572,990,2230,35387
10-09-2018,0,10965,10735,7467,2654,31821,647,544,949,2140,33961
10-09-2018,1,10772,10631,7370,2562,31335,633,538,932,2103,33438
10-09-2018,2,10730,10545,7348,2541,31164,609,536,930,2075,33239
10-09-2018,3,10708,10444,7461,2558,31171,617,543,942,2102,33273
10-09-2018,4,10760,10488,7772,2596,31616,654,581,1007,2242,33858
10-09-2018,5,11190,11189,8489,2818,33686,748,681,1215,2644,36330
10-09-2018,6,12261,12908,9061,3424,37654,875,803,1360,3038,40692
10-09-2018,7,13460,14428,9347,3854,41089,979,909,1485,3373,44462
10-09-2018,8,13479,14952,9419,4171,42021,1015,961,1549,3525,45546
10-09-2018,9,13577,15207,9584,4289,42657,1019,964,1566,3549,46206
10-09-2018,10,13550,15308,9557,4261,42676,1012,951,1561,3524,46200
10-09-2018,11,13249,15281,9490,4473,42493,992,922,1557,3471,45964
10-09-2018,12,13167,15298,9404,4347,42216,1008,949,1592,3549,45765
10-09-2018,13,13115,15313,9318,4452,42198,994,946,1580,3520,45718
10-09-2018,14,13010,15012,9240,4369,41631,989,929,1562,3480,45111
10-09-2018,15,13157,14748,9114,4170,41189,958,909,1513,3380,44569
10-09-2018,16,13249,14805,9092,4146,41292,939,872,1455,3266,44558
10-09-2018,17,13047,15065,9065,4322,41499,919,863,1435,3217,44716
10-09-2018,18,12880,14580,9184,4219,40863,913,851,1430,3194,44057
10-09-2018,19,12977,14528,9406,4035,40946,953,898,1522,3373,44319
10-09-2018,20,13246,14669,9109,3928,40952,917,868,1459,3244,44196
10-09-2018,21,13043,13539,8854,3654,39090,824,766,1285,2875,41965
10-09-2018,22,12434,12349,8485,3304,36572,723,670,1135,2528,39100
10-09-2018,23,11760,11753,8015,3003,34531,668,604,1059,2331,36862
11-09-2018,0,11284,10886,7697,2806,32673,640,582,1026,2248,34921
11-09-2018,1,10947,10904,7532,2707,32090,626,560,1005,2191,34281
11-09-2018,2,10958,10994,7541,2652,32145,614,552,997,2163,34308
11-09-2018,3,10906,11163,7679,2676,32424,623,563,994,2180,34604
11-09-2018,4,11056,11157,8009,2726,32948,655,595,1051,2301,35249
11-09-2018,5,11341,11519,8654,2983,34497,754,708,1250,2712,37209
11-09-2018,6,12420,12977,9205,3539,38141,872,825,1399,3096,41237
11-09-2018,7,13481,14415,9537,4065,41498,974,929,1509,3412,44910
11-09-2018,8,13332,14947,9715,4310,42304,997,963,1553,3513,45817
11-09-2018,9,13606,15084,9719,4458,42867,996,960,1545,3501,46368
11-09-2018,10,13613,15318,9672,4624,43227,994,954,1559,3507,46734
11-09-2018,11,13649,15378,9636,4553,43216,984,932,1546,3462,46678
11-09-2018,12,13656,15433,9536,5390,44015,1012,958,1561,3531,47546
11-09-2018,13,13552,15207,9362,4657,42778,997,948,1546,3491,46269
11-09-2018,14,13647,14995,9358,4590,42590,995,934,1538,3467,46057
11-09-2018,15,13496,15304,9400,4471,42671,965,922,1495,3382,46053
11-09-2018,16,13491,15370,9478,4387,42726,941,890,1452,3283,46009
11-09-2018,17,13426,16176,9502,4551,43655,930,887,1441,3258,46913
11-09-2018,18,13223,16579,9607,4421,43830,935,890,1449,3274,47104
11-09-2018,19,13277,16344,9697,4205,43523,964,916,1523,3403,46926
11-09-2018,20,13689,16134,9135,4049,43007,918,868,1462,3248,46255
11-09-2018,21,13442,15203,9001,3772,41418,825,770,1280,2875,44293
11-09-2018,22,13077,14126,8646,3435,39284,732,679,1155,2566,41850
11-09-2018,23,12064,12887,8119,3124,36194,676,608,1084,2368,38562
12-09-2018,0,11558,11422,7796,2823,33599,655,576,1035,2266,35865
12-09-2018,1,11347,11076,7665,2749,32837,634,564,1001,2199,35036
12-09-2018,2,11228,10983,7648,2714,32573,631,557,997,2185,34758
12-09-2018,3,11216,10988,7735,2718,32657,630,563,1008,2201,34858
12-09-2018,4,11352,11112,8069,2772,33305,659,602,1057,2318,35623
12-09-2018,5,11702,11658,8787,3026,35173,758,706,1264,2728,37901
12-09-2018,6,12924,13540,9142,3705,39311,870,816,1420,3106,42417
12-09-2018,7,14195,15003,9463,4192,42853,968,915,1530,3413,46266
12-09-2018,8,14518,15206,9511,4345,43580,1008,965,1566,3539,47119
12-09-2018,9,14334,15413,9513,4388,43648,1003,959,1567,3529,47177
12-09-2018,10,13973,15501,9607,4426,43507,995,945,1566,3506,47013
12-09-2018,11,13989,15347,9567,4435,43338,981,920,1557,3458,46796
12-09-2018,12,13812,15203,9528,4376,42919,999,944,1578,3521,46440
12-09-2018,13,13656,14990,9421,4439,42506,980,929,1569,3478,45984
12-09-2018,14,13803,14722,9366,4362,42253,976,908,1557,3441,45694
12-09-2018,15,13687,14470,9358,4175,41690,943,895,1528,3366,45056
12-09-2018,16,13690,14547,9368,4185,41790,935,856,1470,3261,45051
12-09-2018,17,13653,14833,9362,4403,42251,898,852,1462,3212,45463
12-09-2018,18,13782,14780,9498,4267,42327,947,852,1475,3274,45601
12-09-2018,19,13794,14957,9755,4052,42558,976,887,1545,3408,45966
12-09-2018,20,14101,14904,9312,4031,42348,933,836,1467,3236,45584
12-09-2018,21,13962,14024,9110,3784,40880,837,747,1281,2865,43745
12-09-2018,22,13195,12938,8746,3398,38277,742,656,1148,2546,40823
12-09-2018,23,12497,12197,8225,3071,35990,684,596,1077,2357,38347
13-09-2018,0,12043,11658,7916,2860,34477,659,567,1035,2261,36738
13-09-2018,1,11722,11175,7780,2754,33431,645,550,1003,2198,35629
13-09-2018,2,11611,11151,7737,2718,33217,637,544,995,2176,35393
13-09-2018,3,11644,11340,7867,2723,33574,644,557,1000,2201,35775
13-09-2018,4,11724,11561,8155,2783,34223,680,605,1058,2343,36566
13-09-2018,5,12044,12064,8764,3038,35910,773,702,1266,2741,38651
13-09-2018,6,13159,13505,9276,3591,39531,890,814,1394,3098,42629
13-09-2018,7,14365,15024,9583,4049,43021,997,911,1514,3422,46443
13-09-2018,8,14722,15708,9625,4280,44335,1022,949,1566,3537,47872
13-09-2018,9,14524,15447,9616,4301,43888,1018,953,1558,3529,47417
13-09-2018,10,14283,15261,9605,4380,43529,1006,943,1551,3500,47029
13-09-2018,11,14043,15281,9548,4394,43266,987,919,1538,3444,46710
13-09-2018,12,14040,15364,9410,4310,43124,1002,948,1550,3500,46624
13-09-2018,13,13891,14998,9327,4329,42545,989,941,1543,3473,46018
13-09-2018,14,13977,14705,9290,4289,42261,981,922,1525,3428,45689
13-09-2018,15,13889,14804,9187,4192,42072,956,905,1491,3352,45424
13-09-2018,16,14028,15076,9179,4161,42444,946,864,1439,3249,45693
13-09-2018,17,14069,15124,9194,4343,42730,930,856,1425,3211,45941
13-09-2018,18,13776,15079,9314,4198,42367,942,850,1438,3230,45597
13-09-2018,19,13888,15179,9661,4034,42762,985,904,1520,3409,46171
13-09-2018,20,14120,14858,9323,3971,42272,940,862,1462,3264,45536
13-09-2018,21,13941,14050,9112,3706,40809,851,767,1277,2895,43704
13-09-2018,22,13358,12956,8761,3361,38436,747,674,1141,2562,40998
13-09-2018,23,12630,11972,8235,3061,35898,692,601,1068,2361,38259
14-09-2018,0,11977,11439,7943,2880,34239,664,571,1028,2263,36502
14-09-2018,1,11663,11270,7799,2785,33517,648,553,1009,2210,35727
14-09-2018,2,11573,11231,7816,2731,33351,643,545,1000,2188,35539
14-09-2018,3,11554,11011,7952,2733,33250,648,555,1006,2209,35459
14-09-2018,4,11587,11144,8233,2796,33760,685,595,1067,2347,36107
14-09-2018,5,11843,11891,8923,3033,35690,790,700,1255,2745,38435
14-09-2018,6,13230,13395,9368,3622,39615,902,810,1386,3098,42713
14-09-2018,7,14326,15072,9576,4097,43071,999,906,1495,3400,46471
14-09-2018,8,14544,15593,9601,4305,44043,1020,951,1545,3516,47559
14-09-2018,9,14434,15868,9525,4316,44143,1011,952,1549,3512,47655
14-09-2018,10,14560,15682,9481,4399,44122,1010,942,1542,3494,47616
14-09-2018,11,14321,15476,9431,4365,43593,998,920,1534,3452,47045
14-09-2018,12,14213,15244,9334,4249,43040,1017,941,1547,3505,46545
14-09-2018,13,14013,14891,9276,4157,42337,997,929,1532,3458,45795
14-09-2018,14,13980,14647,9333,4003,41963,981,911,1506,3398,45361
14-09-2018,15,13769,14191,9281,3918,41159,950,883,1472,3305,44464
14-09-2018,16,13917,14026,9271,3975,41189,918,861,1436,3215,44404
14-09-2018,17,13791,14539,9342,4159,41831,899,1049,1403,3351,45182
14-09-2018,18,13758,14366,9482,4085,41691,891,895,1387,3173,44864
14-09-2018,19,13845,14087,9665,3859,41456,932,870,1481,3283,44739
14-09-2018,20,13721,13726,9259,3719,40425,891,837,1429,3157,43582
14-09-2018,21,13313,12709,9104,3472,38598,807,754,1265,2826,41424
14-09-2018,22,12804,11993,8650,3234,36681,725,668,1156,2549,39230
14-09-2018,23,12238,11591,8162,2895,34886,676,614,1075,2365,37251
15-09-2018,0,12084,11325,7890,2672,33971,650,584,1033,2267,36238
15-09-2018,1,11783,11193,7668,2558,33202,631,560,1005,2196,35398
15-09-2018,2,11535,10723,7668,2498,32424,623,549,993,2165,34589
15-09-2018,3,11498,10586,7746,2476,32306,622,555,993,2170,34476
15-09-2018,4,11611,10584,7842,2485,32522,637,573,1015,2225,34747
15-09-2018,5,11657,10811,8014,2556,33038,649,593,1069,2311,35349
15-09-2018,6,11847,11141,8055,2704,33747,680,637,1138,2455,36202
15-09-2018,7,12205,11590,8291,2962,35048,762,726,1243,2731,37779
15-09-2018,8,13014,12658,8533,3260,37465,810,779,1311,2900,40365
15-09-2018,9,13440,13253,8692,3409,38794,825,798,1346,2969,41763
15-09-2018,10,13586,13326,8743,3471,39126,820,795,1351,2966,42092
15-09-2018,11,13420,13345,8695,3468,38928,810,793,1356,2959,41887
15-09-2018,12,13179,12972,8696,3450,38297,809,789,1339,2937,41234
15-09-2018,13,13066,12797,8635,3407,37905,797,778,1309,2884,40789
15-09-2018,14,12885,12688,8595,3383,37551,794,770,1287,2851,40402
15-09-2018,15,12830,12689,8743,3299,37561,789,760,1283,2832,40393
15-09-2018,16,12824,12930,8928,3370,38052,803,769,1273,2845,40897
15-09-2018,17,12882,13262,9019,3604,38767,810,777,1237,2824,41591
15-09-2018,18,13119,13743,9088,3634,39584,834,770,1312,2916,42500
15-09-2018,19,13319,13754,9202,3470,39745,865,813,1358,3036,42781
15-09-2018,20,13301,13479,8790,3399,38969,826,772,1298,2896,41865
15-09-2018,21,12976,12950,8663,3213,37802,763,704,1181,2648,40450
15-09-2018,22,12672,12218,8358,3010,36258,696,634,1086,2416,38674
15-09-2018,23,12321,11679,7930,2796,34726,646,580,1008,2234,36960
16-09-2018,0,12025,11268,7687,2651,33631,619,548,959,2126,35757
16-09-2018,1,11743,11095,7547,2528,32913,603,531,936,2070,34983
16-09-2018,2,11582,10763,7545,2442,32332,593,527,924,2044,34376
16-09-2018,3,11537,10633,7570,2427,32167,592,530,921,2043,34210
16-09-2018,4,11574,10963,7619,2447,32603,599,546,936,2081,34684
16-09-2018,5,11727,11115,7667,2507,33016,616,563,979,2158,35174
16-09-2018,6,11837,11076,7657,2641,33211,638,593,1024,2255,35466
16-09-2018,7,11950,11532,7875,2829,34186,706,669,1135,2510,36696
16-09-2018,8,12289,12357,8141,3128,35915,759,732,1234,2725,38640
16-09-2018,9,12779,13219,8276,3321,37595,779,763,1273,2815,40410
16-09-2018,10,13096,13176,8240,3407,37919,778,763,1284,2825,40744
16-09-2018,11,13081,13233,8208,3428,37950,767,752,1276,2795,40745
16-09-2018,12,13153,13253,8104,3449,37959,762,745,1274,2781,40740
16-09-2018,13,13171,12984,8054,3489,37698,758,740,1263,2761,40459
16-09-2018,14,13146,13001,8013,3487,37647,756,733,1245,2734,40381
16-09-2018,15,13290,13052,8052,3414,37808,763,734,1243,2740,40548
16-09-2018,16,13385,13465,8189,3537,38576,781,738,1250,2769,41345
16-09-2018,17,13585,13972,8366,3867,39790,802,747,1259,2808,42598
16-09-2018,18,13610,14100,8636,3877,40223,836,773,1301,2910,43133
16-09-2018,19,13771,14318,8965,3811,40865,897,834,1410,3141,44006
16-09-2018,20,13854,13915,8631,3673,40073,850,794,1334,2978,43051
16-09-2018,21,13530,13097,8661,3386,38674,761,709,1173,2643,41317
16-09-2018,22,12924,12281,8410,3082,36697,679,622,1062,2363,39060
16-09-2018,23,12269,11817,7962,2882,34930,630,559,992,2181,37111
17-09-2018,0,11703,11276,7726,2727,33432,610,534,941,2085,35517
17-09-2018,1,11434,11101,7641,2615,32791,600,520,928,2048,34839
17-09-2018,2,11455,11142,7585,2561,32743,596,518,926,2040,34783
17-09-2018,3,11385,10952,7729,2531,32597,600,527,941,2068,34665
17-09-2018,4,11564,11249,8086,2616,33515,641,573,1013,2227,35742
17-09-2018,5,12022,11973,8889,2906,35790,752,680,1234,2666,38456
17-09-2018,6,13197,13962,9353,3526,40038,863,794,1387,3044,43082
17-09-2018,7,14486,15177,9632,3939,43234,975,897,1507,3379,46613
17-09-2018,8,14908,15481,9738,4187,44314,1029,945,1558,3532,47846
17-09-2018,9,14686,15626,9692,4276,44280,1043,949,1555,3547,47827
17-09-2018,10,14537,15710,9631,4378,44256,1052,944,1545,3541,47797
17-09-2018,11,14439,15589,9699,4378,44105,1043,916,1545,3504,47609
17-09-2018,12,14335,15520,9635,4311,43801,1049,946,1567,3562,47363
17-09-2018,13,14460,15289,9533,4310,43592,1023,939,1550,3512,47104
17-09-2018,14,14351,15055,9371,4255,43032,994,934,1521,3449,46481
17-09-2018,15,14206,15105,9281,4152,42744,972,913,1484,3369,46113
17-09-2018,16,14397,15347,9359,4059,43162,947,881,1442,3270,46432
17-09-2018,17,14342,15749,9328,4371,43790,932,879,1441,3252,47042
17-09-2018,18,14196,15507,9455,4269,43427,935,881,1470,3286,46713
17-09-2018,19,14123,15688,9694,4104,43609,962,914,1546,3422,47031
17-09-2018,20,14207,15349,9180,3980,42716,904,853,1444,3201,45917
17-09-2018,21,13960,14275,9114,3686,41035,809,756,1271,2836,43871
17-09-2018,22,13348,13401,8747,3372,38868,714,660,1135,2509,41377
17-09-2018,23,12609,12281,8218,3077,36185,664,592,1057,2313,38498
18-09-2018,0,12172,11546,7910,2879,34507,634,565,1011,2210,36717
18-09-2018,1,11659,11165,7699,2784,33307,614,549,987,2150,35457
18-09-2018,2,11400,11173,7700,2729,33002,604,544,974,2122,35124
18-09-2018,3,11304,11031,7816,2727,32878,615,551,985,2151,35029
18-09-2018,4,11417,11396,8139,2785,33737,652,591,1053,2296,36033
18-09-2018,5,11832,12194,8846,3016,35888,764,703,1261,2728,38616
18-09-2018,6,13015,13801,9277,3595,39688,880,821,1409,3110,42798
18-09-2018,7,14107,15030,9503,4097,42737,986,926,1528,3440,46177
18-09-2018,8,14461,15416,9582,4308,43767,1003,969,1556,3528,47295
18-09-2018,9,14445,15287,9528,4317,43577,991,963,1571,3525,47102
18-09-2018,10,14262,15294,9521,4374,43451,978,945,1564,3487,46938
18-09-2018,11,14085,15316,9495,4358,43254,961,922,1538,3421,46675
18-09-2018,12,13883,14982,9378,4310,42553,984,948,1566,3498,46051
18-09-2018,13,13731,14670,9371,4341,42113,965,943,1559,3467,45580
18-09-2018,14,13852,14552,9420,4272,42096,957,924,1539,3420,45516
18-09-2018,15,13733,14516,9343,4176,41768,935,911,1498,3344,45112
18-09-2018,16,13662,14388,9410,4236,41696,921,881,1454,3256,44952
18-09-2018,17,13564,14761,9387,4459,42171,914,875,1445,3234,45405
18-09-2018,18,13552,14565,9650,4364,42131,923,876,1451,3250,45381
18-09-2018,19,13634,14510,9764,4235,42143,967,926,1552,3445,45588
18-09-2018,20,13579,14170,9305,4133,41187,904,872,1449,3225,44412
18-09-2018,21,13178,13344,9167,3837,39526,812,776,1274,2862,42388
18-09-2018,22,12393,12592,8795,3472,37252,728,678,1142,2548,39800
18-09-2018,23,11827,11759,8272,3124,34982,673,608,1048,2329,37311
19-09-2018,0,11507,11235,7943,2900,33585,645,584,1020,2249,35834
19-09-2018,1,11004,11138,7817,2768,32727,610,564,1001,2175,34902
19-09-2018,2,11144,10931,7749,2703,32527,605,563,997,2165,34692
19-09-2018,3,11121,10978,7847,2729,32675,610,564,1002,2176,34851
19-09-2018,4,11298,11058,8211,2817,33384,655,605,1067,2327,35711
19-09-2018,5,11498,11817,8911,3048,35274,762,710,1273,2745,38019
19-09-2018,6,12655,13359,9308,3648,38970,867,819,1390,3076,42046
19-09-2018,7,13678,14436,9554,4105,41773,958,921,1504,3383,45156
19-09-2018,8,13679,15093,9592,4252,42616,993,962,1551,3506,46122
19-09-2018,9,13649,15401,9571,4213,42834,979,967,1556,3502,46336
19-09-2018,10,13474,15306,9530,4469,42779,974,955,1557,3486,46265
19-09-2018,11,13664,15167,9489,4422,42742,963,936,1557,3456,46198
19-09-2018,12,13669,15004,9413,4259,42345,978,963,1584,3525,45870
19-09-2018,13,13539,14608,9391,4470,42008,959,963,1577,3499,45507
19-09-2018,14,13332,14546,9327,4386,41591,955,955,1562,3472,45063
19-09-2018,15,13429,14674,9231,4254,41588,934,942,1516,3392,44980
19-09-2018,16,13700,14920,9336,4288,42244,915,900,1472,3287,45531
19-09-2018,17,13830,14854,9319,4536,42539,900,887,1459,3246,45785
19-09-2018,18,14008,14438,9516,4391,42353,909,887,1478,3274,45627
19-09-2018,19,13995,14710,9678,4288,42671,953,936,1571,3460,46131
19-09-2018,20,13819,14522,9156,4536,42033,897,874,1477,3248,45281
19-09-2018,21,13475,13501,8973,3928,39877,802,773,1286,2861,42738
19-09-2018,22,12869,12441,8656,3587,37553,705,676,1153,2534,40087
19-09-2018,23,12064,11570,8160,3228,35022,650,615,1081,2346,37368
20-09-2018,0,11816,11123,7846,2946,33731,628,589,1044,2261,35992
20-09-2018,1,11612,11008,7674,2844,33138,606,574,1019,2199,35337
20-09-2018,2,11236,10911,7670,2758,32575,613,563,1013,2189,34764
20-09-2018,3,11196,10898,7778,2693,32565,606,572,1026,2204,34769
20-09-2018,4,11400,11195,8035,2759,33389,640,611,1090,2341,35730
20-09-2018,5,11916,11779,8643,3091,35429,752,713,1286,2751,38180
20-09-2018,6,13009,13192,9065,3614,38880,862,821,1430,3113,41993
20-09-2018,7,14080,14522,9384,4135,42121,960,919,1534,3413,45534
20-09-2018,8,14284,14820,9467,4356,42927,991,963,1595,3549,46476
20-09-2018,9,14294,15066,9456,4386,43202,985,956,1593,3534,46736
20-09-2018,10,14214,15050,9443,4448,43155,973,954,1590,3517,46672
20-09-2018,11,14029,15003,9358,4500,42890,959,939,1581,3479,46369
20-09-2018,12,13897,15438,9301,4441,43077,985,963,1612,3560,46637
20-09-2018,13,13921,15097,9211,4429,42658,971,966,1610,3547,46205
20-09-2018,14,13819,14670,9194,4349,42032,963,948,1594,3505,45537
20-09-2018,15,13869,14593,9158,4215,41835,945,935,1557,3437,45272
20-09-2018,16,13915,14682,9191,4184,41972,924,890,1506,3320,45292
20-09-2018,17,14007,15121,9174,4228,42530,907,881,1483,3271,45801
20-09-2018,18,14015,15145,9429,4123,42712,922,899,1505,3326,46038
20-09-2018,19,14252,15465,9666,4005,43388,951,936,1584,3471,46859
20-09-2018,20,14345,15154,9137,3846,42482,893,875,1482,3250,45732
20-09-2018,21,14035,14539,8998,3711,41283,796,784,1291,2871,44154
20-09-2018,22,13364,13429,8549,3395,38737,702,694,1162,2558,41295
20-09-2018,23,12778,12390,8061,3088,36317,653,625,1088,2366,38683
21-09-2018,0,12138,11672,7740,2952,34502,620,591,1039,2250,36752
21-09-2018,1,11644,11365,7608,2906,33523,605,573,1012,2190,35713
21-09-2018,2,11580,11265,7600,2860,33305,600,560,1005,2165,35470
21-09-2018,3,11533,11242,7658,2810,33243,606,561,1013,2180,35423
21-09-2018,4,11619,11161,8117,2842,33739,646,603,1082,2331,36070
21-09-2018,5,12021,11608,8900,3066,35595,760,711,1289,2760,38355
21-09-2018,6,13243,12982,9264,3611,39100,857,814,1431,3102,42202
21-09-2018,7,14638,14438,9576,4140,42792,958,911,1539,3408,46200
21-09-2018,8,14892,14691,9578,4304,43465,998,962,1579,3539,47004
21-09-2018,9,14793,14798,9565,4343,43499,1004,968,1594,3566,47065
21-09-2018,10,14788,15000,9586,4499,43873,984,955,1592,3531,47404
21-09-2018,11,14574,14713,9528,4501,43316,959,932,1576,3467,46783
21-09-2018,12,14340,14373,9418,4416,42547,983,955,1603,3541,46088
21-09-2018,13,14388,14448,9344,4329,42509,965,953,1586,3504,46013
21-09-2018,14,14501,14334,9312,4094,42241,951,940,1554,3445,45686
21-09-2018,15,14322,14233,9245,3957,41757,925,917,1516,3358,45115
21-09-2018,16,14047,14386,9248,3955,41636,904,887,1475,3266,44902
21-09-2018,17,13584,14982,9193,4097,41856,893,873,1448,3214,45070
21-09-2018,18,13842,14555,9447,4051,41895,918,877,1466,3261,45156
21-09-2018,19,14086,14746,9564,3875,42271,950,912,1525,3387,45658
21-09-2018,20,13855,14044,9024,3675,40598,889,855,1433,3177,43775
21-09-2018,21,13605,13483,8912,3394,39394,810,772,1298,2880,42274
21-09-2018,22,13037,12978,8524,3110,37649,722,681,1161,2564,40213
21-09-2018,23,12551,12366,7983,2896,35796,680,615,1072,2367,38163
22-09-2018,0,12174,11626,7678,2732,34210,655,592,1021,2268,36478
22-09-2018,1,11841,11386,7491,2683,33401,632,574,991,2197,35598
22-09-2018,2,11800,11302,7475,2605,33182,616,567,976,2159,35341
22-09-2018,3,11756,11235,7527,2544,33062,614,563,976,2153,35215
22-09-2018,4,11884,11253,7627,2549,33313,625,572,993,2190,35503
22-09-2018,5,11878,11422,7859,2631,33790,657,607,1063,2327,36117
22-09-2018,6,12128,11725,7889,2783,34525,679,648,1120,2447,36972
22-09-2018,7,12428,12021,8136,3001,35586,753,729,1239,2721,38307
22-09-2018,8,12942,12648,8391,3303,37284,816,792,1338,2946,40230
22-09-2018,9,13611,13193,8547,3525,38876,840,813,1375,3028,41904
22-09-2018,10,13859,13632,8638,3617,39746,842,806,1374,3022,42768
22-09-2018,11,13916,13633,8683,3604,39836,832,789,1376,2997,42833
22-09-2018,12,13672,13593,8641,3674,39580,825,780,1358,2963,42543
22-09-2018,13,13444,13440,8623,3640,39147,816,770,1337,2923,42070
22-09-2018,14,13128,13259,8626,3555,38568,806,758,1316,2880,41448
22-09-2018,15,13026,13265,8722,3464,38477,798,746,1298,2842,41319
22-09-2018,16,13211,13178,8775,3545,38709,803,747,1286,2836,41545
22-09-2018,17,13338,13260,8917,3696,39211,812,750,1280,2842,42053
22-09-2018,18,13477,13664,9142,3698,39981,844,771,1332,2947,42928
22-09-2018,19,13579,13914,9261,3563,40317,872,809,1376,3057,43374
22-09-2018,20,13448,13506,8800,3422,39176,822,764,1300,2886,42062
22-09-2018,21,13204,12984,8772,3169,38129,761,700,1189,2650,40779
22-09-2018,22,12762,12397,8546,2943,36648,699,630,1084,2413,39061
22-09-2018,23,12300,11526,8084,2715,34625,656,570,1012,2238,36863
23-09-2018,0,12136,11384,7774,2577,33871,632,542,965,2139,36010
23-09-2018,1,11857,10929,7597,2537,32920,617,523,931,2071,34991
23-09-2018,2,11819,10799,7579,2452,32649,616,518,920,2054,34703
23-09-2018,3,11808,10726,7653,2426,32613,613,519,927,2059,34672
23-09-2018,4,11870,10928,7722,2425,32945,624,537,949,2110,35055
23-09-2018,5,12032,11375,7854,2475,33736,646,560,1000,2206,35942
23-09-2018,6,12131,11610,7763,2632,34136,639,584,1028,2251,36387
23-09-2018,7,12317,11602,8018,2812,34749,717,662,1152,2531,37280
23-09-2018,8,12818,12564,8170,3105,36657,772,724,1251,2747,39404
23-09-2018,9,13173,12852,8407,3259,37691,803,749,1289,2841,40532
23-09-2018,10,13611,13143,8489,3387,38630,813,748,1305,2866,41496
23-09-2018,11,13625,13384,8446,3414,38869,811,747,1306,2864,41733
23-09-2018,12,13566,13398,8284,3408,38656,812,744,1295,2851,41507
23-09-2018,13,13451,13252,8209,3392,38304,806,740,1286,2832,41136
23-09-2018,14,13400,13127,8264,3388,38179,799,731,1269,2799,40978
23-09-2018,15,13391,13045,8348,3368,38152,804,730,1265,2799,40951
23-09-2018,16,13378,13343,8519,3485,38725,822,723,1269,2814,41539
23-09-2018,17,13444,13836,8688,3837,39805,834,725,1291,2850,42655
23-09-2018,18,13673,14258,9062,3889,40882,882,758,1364,3004,43886
23-09-2018,19,14068,14784,9210,3822,41884,914,796,1424,3134,45018
23-09-2018,20,14266,14434,8859,3671,41230,857,759,1319,2935,44165
23-09-2018,21,14078,13895,8954,3400,40327,779,696,1181,2656,42983
23-09-2018,22,13629,13084,8724,3115,38552,703,629,1070,2402,40954
23-09-2018,23,13123,12346,8196,2856,36521,657,573,988,2218,38739
24-09-2018,0,12680,11746,8020,2742,35188,626,533,947,2106,37294
24-09-2018,1,12442,11793,7757,2627,34619,616,521,932,2069,36688
24-09-2018,2,12447,11711,7805,2604,34567,621,520,934,2075,36642
24-09-2018,3,12520,11717,7927,2633,34797,632,522,946,2100,36897
24-09-2018,4,12691,12002,8243,2680,35616,663,542,1015,2220,37836
24-09-2018,5,13331,12701,9107,2963,38102,786,595,1259,2640,40742
24-09-2018,6,14499,14496,9448,3606,42049,898,648,1422,2968,45017
24-09-2018,7,15860,15943,9844,4215,45862,1004,741,1528,3273,49135
24-09-2018,8,16140,16474,9910,4383,46907,1031,811,1588,3430,50337
24-09-2018,9,16052,16570,9842,4413,46877,1027,832,1587,3446,50323
24-09-2018,10,15951,16332,9800,4542,46625,1013,843,1574,3430,50055
24-09-2018,11,15485,15964,9727,4584,45760,992,827,1508,3327,49087
24-09-2018,12,15175,15940,9632,4512,45259,1025,832,1546,3403,48662
24-09-2018,13,14978,15700,9516,4489,44683,1001,818,1543,3362,48045
24-09-2018,14,15126,15430,9403,4399,44358,990,804,1536,3330,47688
24-09-2018,15,15062,15407,9312,4236,44017,965,802,1503,3270,47287
24-09-2018,16,15145,15406,9376,4188,44115,945,791,1464,3200,47315
24-09-2018,17,15095,15858,9407,4440,44800,946,799,1465,3210,48010
24-09-2018,18,15090,16076,9703,4417,45286,977,839,1510,3326,48612
24-09-2018,19,15472,16408,9890,4318,46088,992,870,1551,3413,49501
24-09-2018,20,15579,15879,9363,4155,44976,932,822,1449,3203,48179
24-09-2018,21,15239,14929,9287,3798,43253,842,733,1281,2856,46109
24-09-2018,22,14800,13717,8946,3406,40869,743,646,1139,2528,43397
24-09-2018,23,14053,12861,8453,3068,38435,684,577,1066,2327,40762
25-09-2018,0,13466,12424,8157,2904,36951,661,546,1016,2223,39174
25-09-2018,1,13238,12454,8075,2823,36590,641,528,992,2161,38751
25-09-2018,2,13168,12451,8055,2782,36456,640,519,987,2146,38602
25-09-2018,3,13234,12642,8174,2797,36847,648,534,1000,2182,39029
25-09-2018,4,13296,12713,8448,2878,37335,687,574,1069,2330,39665
25-09-2018,5,13914,13553,9251,3132,39850,817,704,1287,2808,42658
25-09-2018,6,15417,15510,9575,3764,44266,920,822,1426,3168,47434
25-09-2018,7,16621,16839,9797,4270,47527,1011,928,1543,3482,51009
25-09-2018,8,17013,17184,9828,4439,48464,1018,982,1575,3575,52039
25-09-2018,9,16342,16795,9705,4533,47375,1013,989,1568,3570,50945
25-09-2018,10,15980,16302,9686,4563,46531,1005,975,1561,3541,50072
25-09-2018,11,15642,15722,9615,4542,45521,999,946,1544,3489,49010
25-09-2018,12,15400,15730,9421,4395,44946,1024,967,1567,3558,48504
25-09-2018,13,15391,15381,9236,4349,44357,1013,954,1539,3506,47863
25-09-2018,14,15264,15299,9172,4255,43990,1002,937,1523,3462,47452
25-09-2018,15,15365,15195,9213,4172,43945,973,920,1495,3388,47333
25-09-2018,16,15401,15007,9322,4198,43928,962,885,1443,3290,47218
25-09-2018,17,15358,15424,9437,4386,44605,965,887,1459,3311,47916
25-09-2018,18,15358,15736,9836,4350,45280,1002,912,1513,3427,48707
25-09-2018,19,15386,16123,9936,4339,45784,1026,933,1570,3529,49313
25-09-2018,20,15187,15486,9439,4160,44272,967,876,1468,3311,47583
25-09-2018,21,14936,14574,9283,3842,42635,875,783,1294,2952,45587
25-09-2018,22,14348,13708,9003,3478,40537,773,690,1154,2617,43154
25-09-2018,23,13594,12951,8504,3213,38262,716,622,1083,2421,40683
26-09-2018,0,13025,12247,8177,3035,36484,709,607,1040,2356,38840
26-09-2018,1,12694,12042,7978,2943,35657,689,581,1011,2281,37938
26-09-2018,2,12534,12059,7973,2897,35463,682,572,1007,2261,37724
26-09-2018,3,12557,12013,8065,2936,35571,690,576,1024,2290,37861
26-09-2018,4,12427,12094,8446,3024,35991,727,621,1089,2437,38428
26-09-2018,5,12854,12836,9277,3265,38232,849,735,1305,2889,41121
26-09-2018,6,14042,14613,9638,3909,42202,946,852,1447,3245,45447
26-09-2018,7,15276,15924,9827,4416,45443,1051,950,1566,3567,49010
26-09-2018,8,15234,16179,9917,4555,45885,1084,1005,1626,3715,49600
26-09-2018,9,15072,16291,9813,4575,45751,1084,1007,1613,3704,49455
26-09-2018,10,15012,16638,9986,4677,46313,1092,1000,1612,3704,50017
26-09-2018,11,14611,16389,10066,4686,45752,1086,982,1598,3666,49418
26-09-2018,12,14655,16352,10007,4601,45615,1113,1009,1619,3741,49356
26-09-2018,13,14653,16083,9923,4585,45244,1107,1014,1608,3729,48973
26-09-2018,14,14449,16065,9846,4507,44867,1098,1017,1595,3710,48577
26-09-2018,15,14373,16123,9739,4416,44651,1063,1001,1566,3630,48281
26-09-2018,16,14513,16151,9764,4417,44845,1042,966,1536,3544,48389
26-09-2018,17,14458,16120,9795,4619,44992,1049,963,1547,3559,48551
26-09-2018,18,14490,16128,10185,4540,45343,1066,984,1596,3646,48989
26-09-2018,19,14866,16151,10230,4391,45638,1046,972,1572,3590,49228
26-09-2018,20,14841,15645,9578,4146,44210,982,904,1467,3353,47563
26-09-2018,21,14451,14910,9347,3854,42562,885,804,1298,2987,45549
26-09-2018,22,13820,13919,9101,3490,40330,786,703,1154,2643,42973
26-09-2018,23,13206,13103,8669,3195,38173,732,640,1083,2455,40628
27-09-2018,0,12608,12653,8398,2999,36658,707,611,1049,2367,39025
27-09-2018,1,12423,12337,8210,2886,35856,693,590,1028,2311,38167
27-09-2018,2,12320,12261,8189,2859,35629,683,585,1018,2286,37915
27-09-2018,3,12402,12237,8317,2845,35801,687,592,1033,2312,38113
27-09-2018,4,12526,12510,8683,2825,36544,726,628,1090,2444,38988
27-09-2018,5,13048,13021,9514,3098,38681,846,748,1312,2906,41587
27-09-2018,6,14335,14816,9873,3693,42717,941,860,1464,3265,45982
27-09-2018,7,15738,16053,10056,4378,46225,1039,960,1570,3569,49794
27-09-2018,8,15990,16450,10113,4933,47486,1062,996,1603,3661,51147
27-09-2018,9,15923,16218,10047,5021,47209,1050,984,1591,3625,50834
27-09-2018,10,15755,16259,9939,5050,47003,1034,975,1569,3578,50581
27-09-2018,11,15746,16439,9924,4639,46748,1011,944,1531,3486,50234
27-09-2018,12,15611,16388,9820,4484,46303,1030,963,1554,3547,49850
27-09-2018,13,15645,16274,9793,4541,46253,1017,953,1540,3510,49763
27-09-2018,14,15447,16035,9774,4465,45721,1009,935,1518,3462,49183
27-09-2018,15,15515,16098,9758,4395,45766,987,917,1478,3382,49148
27-09-2018,16,15779,15970,9831,4325,45905,980,890,1440,3310,49215
27-09-2018,17,15680,16285,10006,4556,46527,989,900,1454,3343,49870
27-09-2018,18,15598,16284,10279,4524,46685,1010,943,1540,3493,50178
27-09-2018,19,15871,16528,10224,4457,47080,1037,953,1592,3582,50662
27-09-2018,20,15904,16005,9930,4232,46071,981,899,1486,3366,49437
27-09-2018,21,15415,15312,9816,3953,44496,886,807,1311,3004,47500
27-09-2018,22,14905,14528,9525,3641,42599,794,716,1175,2685,45284
27-09-2018,23,14246,13666,9083,3323,40318,739,648,1101,2488,42806
28-09-2018,0,13558,13076,8783,3070,38487,718,621,1049,2388,40875
28-09-2018,1,13199,12731,8599,2982,37511,705,605,1027,2337,39848
28-09-2018,2,13184,12596,8548,2888,37216,697,599,1015,2311,39527
28-09-2018,3,13238,12583,8697,2866,37384,704,607,1029,2340,39724
28-09-2018,4,13223,12889,8994,2944,38050,739,653,1092,2484,40534
28-09-2018,5,13937,13545,9842,3207,40531,855,758,1305,2918,43449
28-09-2018,6,15203,15122,10177,3708,44210,978,858,1459,3295,47505
28-09-2018,7,16575,16354,10384,4243,47556,1071,936,1561,3568,51124
28-09-2018,8,17016,16749,10468,4414,48647,1109,978,1603,3690,52337
28-09-2018,9,16617,16874,10292,4422,48205,1098,985,1589,3672,51877
28-09-2018,10,16356,16689,10179,4463,47687,1083,973,1579,3635,51322
28-09-2018,11,15847,16137,10118,4436,46538,1057,944,1567,3568,50106
28-09-2018,12,15481,15659,9900,4247,45287,1071,961,1569,3601,48888
28-09-2018,13,15351,15267,9863,4143,44624,1051,947,1561,3559,48183
28-09-2018,14,15270,15053,9814,4019,44156,1030,925,1510,3465,47621
28-09-2018,15,15181,14703,9808,3923,43615,1007,910,1474,3391,47006
28-09-2018,16,15119,14702,9823,3953,43597,992,882,1447,3321,46918
28-09-2018,17,15021,15332,9964,4108,44425,991,882,1442,3315,47740
28-09-2018,18,15366,15829,10367,4117,45679,1033,921,1517,3471,49150
28-09-2018,19,15869,16224,10362,4069,46524,1023,925,1544,3492,50016
28-09-2018,20,15619,15615,9994,3840,45068,971,881,1447,3299,48367
28-09-2018,21,15215,14891,9997,3566,43669,892,805,1286,2983,46652
28-09-2018,22,14813,14324,9723,3291,42151,804,729,1169,2702,44853
28-09-2018,23,14365,13941,9231,3020,40557,747,662,1093,2502,43059
29-09-2018,0,13829,13421,8861,2808,38919,717,618,1027,2362,41281
29-09-2018,1,13360,13197,8733,2674,37964,702,596,1006,2304,40268
29-09-2018,2,13061,13054,8695,2603,37413,694,578,995,2267,39680
29-09-2018,3,12989,12960,8757,2573,37279,698,581,999,2278,39557
29-09-2018,4,13015,13140,8849,2558,37562,713,595,1022,2330,39892
29-09-2018,5,13160,13234,9138,2630,38162,756,642,1098,2496,40658
29-09-2018,6,13306,13522,9100,2777,38705,777,670,1162,2609,41314
29-09-2018,7,13696,13583,9295,2937,39511,857,759,1281,2897,42408
29-09-2018,8,14165,14042,9389,3074,40670,903,818,1366,3087,43757
29-09-2018,9,14742,14570,9323,3320,41955,906,838,1377,3121,45076
29-09-2018,10,14989,14765,9293,3623,42670,898,833,1378,3109,45779
29-09-2018,11,15017,14521,9254,3719,42511,885,819,1370,3074,45585
29-09-2018,12,14973,14169,9168,3736,42046,888,814,1365,3067,45113
29-09-2018,13,15016,14021,9074,3732,41843,880,797,1325,3002,44845
29-09-2018,14,14627,14166,9205,3603,41601,868,780,1301,2949,44550
29-09-2018,15,14530,14162,9341,3537,41570,864,775,1285,2924,44494
29-09-2018,16,14658,14290,9555,3584,42087,885,773,1284,2942,45029
29-09-2018,17,14835,14668,9815,3792,43110,909,784,1295,2988,46098
29-09-2018,18,14973,14917,10228,3851,43969,972,840,1381,3193,47162
29-09-2018,19,14994,14967,10044,3773,43778,973,860,1424,3257,47035
29-09-2018,20,14646,14379,9637,3573,42235,916,813,1334,3063,45298
29-09-2018,21,14279,13517,9609,3383,40788,844,742,1219,2805,43593
29-09-2018,22,13849,13060,9393,3223,39525,773,675,1130,2578,42103
29-09-2018,23,13380,12616,8861,3000,37857,727,619,1060,2406,40263
30-09-2018,0,13066,12198,8494,2839,36597,700,589,996,2285,38882
30-09-2018,1,12702,12059,8279,2747,35787,680,569,973,2222,38009
30-09-2018,2,12666,11945,8175,2651,35437,672,559,962,2193,37630
30-09-2018,3,12619,11759,8196,2515,35089,662,557,960,2179,37268
30-09-2018,4,12660,11644,8245,2507,35056,670,571,982,2223,37279
30-09-2018,5,12792,11892,8356,2597,35637,693,607,1045,2345,37982
30-09-2018,6,12917,11881,8274,2779,35851,710,626,1083,2419,38270
30-09-2018,7,12955,11811,8392,2957,36115,775,697,1191,2663,38778
30-09-2018,8,13235,12594,8649,3243,37721,842,760,1293,2895,40616
30-09-2018,9,13665,13670,8849,3443,39627,875,793,1329,2997,42624
30-09-2018,10,13858,14268,8939,3534,40599,886,798,1332,3016,43615
30-09-2018,11,13967,14135,8928,3617,40647,889,798,1330,3017,43664
30-09-2018,12,13842,13945,8863,3568,40218,891,795,1321,3007,43225
30-09-2018,13,13824,13987,8770,3599,40180,880,793,1307,2980,43160
30-09-2018,14,13862,13918,8764,3595,40139,878,794,1287,2959,43098
30-09-2018,15,13813,13498,8835,3573,39719,881,796,1280,2957,42676
30-09-2018,16,13637,13757,8900,3519,39813,898,811,1287,2996,42809
30-09-2018,17,14104,14116,9071,3743,41034,924,832,1325,3081,44115
30-09-2018,18,14322,14938,9557,3830,42647,980,883,1435,3298,45945
30-09-2018,19,14815,15031,9492,3838,43176,962,889,1455,3306,46482
30-09-2018,20,14605,14537,9037,3642,41821,907,829,1354,3090,44911
30-09-2018,21,14594,14100,9109,3363,41166,823,748,1215,2786,43952
30-09-2018,22,14083,13454,8994,3138,39669,748,661,1088,2497,42166
30-09-2018,23,13548,12633,8579,2927,37687,703,600,1008,2311,39998
01-10-2018,0,13051,12229,8286,2751,36317,680,568,970,2218,38535
01-10-2018,1,12918,12141,8167,2650,35876,666,559,958,2183,38059
01-10-2018,2,12893,12068,8157,2583,35701,660,555,952,2167,37868
01-10-2018,3,13008,12097,8312,2612,36029,666,569,972,2207,38236
01-10-2018,4,13106,12407,8627,2712,36852,710,616,1044,2370,39222
01-10-2018,5,13717,13324,9591,2954,39586,843,762,1300,2905,42491
01-10-2018,6,15265,15102,9977,3691,44035,956,876,1460,3292,47327
01-10-2018,7,16276,16679,10150,4274,47379,1048,979,1594,3621,51000
01-10-2018,8,16619,16966,10209,4477,48271,1077,1030,1648,3755,52026
01-10-2018,9,16338,16895,10093,4457,47783,1073,1022,1632,3727,51510
01-10-2018,10,16097,16818,10008,4510,47433,1064,1003,1614,3681,51114
01-10-2018,11,15634,16455,9952,4504,46545,1040,962,1580,3582,50127
01-10-2018,12,15373,16057,9783,4476,45689,1059,973,1583,3615,49304
01-10-2018,13,15174,15899,9687,4507,45267,1043,971,1568,3582,48849
01-10-2018,14,15134,15732,9564,4415,44845,1041,955,1546,3542,48387
01-10-2018,15,15189,15987,9501,4299,44976,1022,931,1501,3454,48430
01-10-2018,16,15248,15639,9537,4202,44626,1004,903,1455,3362,47988
01-10-2018,17,15257,16045,9554,4502,45358,1001,913,1461,3375,48733
01-10-2018,18,15446,16510,10002,4452,46410,1059,975,1565,3599,50009
01-10-2018,19,15905,16864,9995,4446,47210,1036,977,1586,3599,50809
01-10-2018,20,15797,16399,9463,4183,45842,972,911,1483,3366,49208
01-10-2018,21,15476,15689,9421,3810,44396,874,816,1297,2987,47383
01-10-2018,22,14931,14808,9237,3532,42508,779,721,1162,2662,45170
01-10-2018,23,14306,13930,8746,3310,40292,723,649,1092,2464,42756
02-10-2018,0,13772,13298,8414,3216,38700,700,629,1045,2374,41074
02-10-2018,1,13586,13143,8323,3060,38112,686,600,1024,2310,40422
02-10-2018,2,13432,13128,8273,2992,37825,682,592,1022,2296,40121
02-10-2018,3,13493,12910,8445,2969,37817,686,598,1037,2321,40138
02-10-2018,4,13533,13046,8770,3074,38423,726,628,1100,2454,40877
02-10-2018,5,13896,13732,9621,3215,40464,855,764,1333,2952,43416
02-10-2018,6,15084,15432,9954,3800,44270,978,886,1498,3362,47632
02-10-2018,7,16331,16817,10029,4354,47531,1062,991,1608,3661,51192
02-10-2018,8,16803,17214,9990,4621,48628,1093,1040,1651,3784,52412
02-10-2018,9,16498,17085,10029,4786,48398,1078,1028,1625,3731,52129
02-10-2018,10,16398,17195,9958,4967,48518,1070,1012,1618,3700,52218
02-10-2018,11,16413,17585,9830,4964,48792,1048,971,1588,3607,52399
02-10-2018,12,16129,17205,9712,5035,48081,1069,989,1607,3665,51746
02-10-2018,13,16163,16803,9654,5090,47710,1042,981,1596,3619,51329
02-10-2018,14,16191,16663,9652,4689,47195,1046,968,1589,3603,50798
02-10-2018,15,16132,16756,9737,4483,47108,1022,955,1558,3535,50643
02-10-2018,16,16204,16688,9788,4468,47148,1008,928,1511,3447,50595
02-10-2018,17,16541,16961,9917,4713,48132,1020,937,1520,3477,51609
02-10-2018,18,16400,17137,10296,4660,48493,1062,987,1605,3654,52147
02-10-2018,19,16241,17301,10115,4609,48266,1045,983,1598,3626,51892
02-10-2018,20,16285,16882,9810,4338,47315,983,914,1488,3385,50700
02-10-2018,21,15879,16106,9626,3986,45597,892,814,1317,3023,48620
02-10-2018,22,15210,15119,9305,3638,43272,799,720,1177,2696,45968
02-10-2018,23,14528,14293,8772,3327,40920,741,656,1097,2494,43414
03-10-2018,0,14013,13622,8409,3141,39185,717,613,1055,2385,41570
03-10-2018,1,13775,13361,8280,3053,38469,697,595,1032,2324,40793
03-10-2018,2,13652,13212,8246,2986,38096,695,591,1034,2320,40416
03-10-2018,3,13630,13420,8325,3028,38403,697,602,1042,2341,40744
03-10-2018,4,13837,13691,8586,3096,39210,741,658,1101,2500,41710
03-10-2018,5,14368,14424,9345,3313,41450,862,786,1338,2986,44436
03-10-2018,6,15710,16057,9735,3942,45444,994,910,1509,3413,48857
03-10-2018,7,17007,17361,9823,4473,48664,1089,1017,1622,3728,52392
03-10-2018,8,17216,17707,9920,4591,49434,1131,1075,1676,3882,53316
03-10-2018,9,17001,17743,9931,4649,49324,1124,1068,1679,3871,53195
03-10-2018,10,16818,17731,9924,4742,49215,1115,1040,1663,3818,53033
03-10-2018,11,16450,17500,9900,4758,48608,1093,1011,1629,3733,52341
03-10-2018,12,16180,17362,9761,4647,47950,1112,1021,1632,3765,51715
03-10-2018,13,15915,16988,9719,4593,47215,1094,1010,1612,3716,50931
03-10-2018,14,15631,16718,9702,4552,46603,1086,1003,1600,3689,50292
03-10-2018,15,15460,16489,9667,4385,46001,1056,982,1559,3597,49598
03-10-2018,16,15488,16503,9682,4341,46014,1041,948,1530,3519,49533
03-10-2018,17,15744,16881,9820,4604,47049,1053,948,1540,3541,50590
03-10-2018,18,15813,17690,10249,4449,48201,1097,998,1619,3714,51915
03-10-2018,19,16354,17952,10153,4279,48738,1074,988,1602,3664,52402
03-10-2018,20,16072,17209,9619,4024,46924,1015,935,1494,3444,50368
03-10-2018,21,15742,16209,9472,3849,45272,920,837,1334,3091,48363
03-10-2018,22,15184,14831,9271,3512,42798,822,741,1192,2755,45553
03-10-2018,23,14593,14062,8801,3195,40651,767,668,1108,2543,43194
04-10-2018,0,14140,13692,8542,3016,39390,739,627,1063,2429,41819
04-10-2018,1,13870,13540,8395,2908,38713,717,609,1049,2375,41088
04-10-2018,2,13755,13866,8423,2855,38899,710,600,1041,2351,41250
04-10-2018,3,13808,14412,8542,2861,39623,717,614,1054,2385,42008
04-10-2018,4,14132,14650,8930,2923,40635,753,657,1103,2513,43148
04-10-2018,5,14550,15383,9905,3163,43001,883,784,1343,3010,46011
04-10-2018,6,15826,17502,10325,3796,47449,1007,908,1513,3428,50877
04-10-2018,7,16981,18285,10379,4269,49914,1092,996,1649,3737,53651
04-10-2018,8,17359,18454,10376,4392,50581,1108,1041,1680,3829,54410
04-10-2018,9,17400,17942,10346,4515,50203,1090,1050,1671,3811,54014
04-10-2018,10,17114,17565,10285,4601,49565,1067,1029,1641,3737,53302
04-10-2018,11,16856,17314,10315,4602,49087,1061,991,1625,3677,52764
04-10-2018,12,16805,16973,10196,4548,48522,1072,1004,1640,3716,52238
04-10-2018,13,16558,16873,10027,4554,48012,1067,988,1627,3682,51694
04-10-2018,14,16426,16508,9965,4458,47357,1064,966,1608,3638,50995
04-10-2018,15,16258,16849,9925,4356,47388,1054,946,1560,3560,50948
04-10-2018,16,16332,16743,10038,4350,47463,1050,910,1514,3474,50937
04-10-2018,17,16230,17063,10071,4584,47948,1057,928,1536,3521,51469
04-10-2018,18,16082,17312,10578,4553,48525,1123,990,1634,3747,52272
04-10-2018,19,16276,17141,10520,4469,48406,1098,985,1626,3709,52115
04-10-2018,20,15976,16401,10057,4205,46639,1038,925,1525,3488,50127
04-10-2018,21,15632,15323,9896,3855,44706,943,823,1344,3110,47816
04-10-2018,22,14950,14405,9588,3524,42467,847,738,1213,2798,45265
04-10-2018,23,14117,13775,9153,3260,40305,789,662,1138,2589,42894
05-10-2018,0,13469,13051,8833,3070,38423,769,630,1089,2488,40911
05-10-2018,1,13154,12472,8679,2958,37263,744,603,1061,2408,39671
05-10-2018,2,13175,12219,8687,2915,36996,738,597,1060,2395,39391
05-10-2018,3,12918,12200,8801,2939,36858,744,601,1067,2412,39270
05-10-2018,4,13044,12548,9153,2944,37689,778,640,1139,2557,40246
05-10-2018,5,13440,13300,9977,3170,39887,903,774,1367,3044,42931
05-10-2018,6,14766,14984,10420,3758,43928,1029,903,1533,3465,47393
05-10-2018,7,16005,16345,10602,4260,47212,1118,991,1659,3768,50980
05-10-2018,8,16267,16553,10704,4411,47935,1155,1035,1721,3911,51846
05-10-2018,9,16306,16980,10655,4458,48399,1154,1032,1712,3898,52297
05-10-2018,10,16030,16967,10639,4558,48194,1152,1010,1696,3858,52052
05-10-2018,11,15871,16604,10610,4520,47605,1123,982,1676,3781,51386
05-10-2018,12,15867,16064,10440,4379,46750,1138,1000,1674,3812,50562
05-10-2018,13,15613,15808,10140,4272,45833,1109,988,1637,3734,49567
05-10-2018,14,15095,15336,9873,4089,44393,1101,978,1609,3688,48081
05-10-2018,15,14982,15261,9747,3968,43958,1065,957,1566,3588,47546
05-10-2018,16,15218,15727,9792,3942,44679,1043,937,1534,3514,48193
05-10-2018,17,15186,15748,9868,4193,44995,1046,944,1533,3523,48518
05-10-2018,18,15305,15891,10374,4234,45804,1077,976,1599,3652,49456
05-10-2018,19,15545,15820,10238,4110,45713,1044,953,1569,3566,49279
05-10-2018,20,15158,14889,9638,3838,43523,987,897,1473,3357,46880
05-10-2018,21,15002,14419,9604,3594,42619,909,815,1314,3038,45657
05-10-2018,22,14548,13481,9355,3308,40692,823,730,1197,2750,43442
05-10-2018,23,14040,12722,8833,3034,38629,770,665,1126,2561,41190
06-10-2018,0,13573,12464,8541,2825,37403,736,620,1069,2425,39828
06-10-2018,1,13216,12272,8348,2690,36526,711,597,1042,2350,38876
06-10-2018,2,13158,12086,8328,2640,36212,700,587,1029,2316,38528
06-10-2018,3,13089,12059,8442,2622,36212,697,591,1024,2312,38524
06-10-2018,4,13248,12113,8517,2629,36507,711,609,1044,2364,38871
06-10-2018,5,13368,12410,8733,2716,37227,744,652,1125,2521,39748
06-10-2018,6,13711,13039,8722,2929,38401,769,700,1191,2660,41061
06-10-2018,7,14169,13555,8887,3172,39783,835,777,1303,2915,42698
06-10-2018,8,14630,14280,9086,3455,41451,900,834,1384,3118,44569
06-10-2018,9,15227,15042,9213,3629,43111,932,845,1391,3168,46279
06-10-2018,10,15603,15180,9194,3683,43660,936,831,1380,3147,46807
06-10-2018,11,15475,14905,9092,3729,43201,931,815,1375,3121,46322
06-10-2018,12,15170,14830,9008,3710,42718,925,812,1346,3083,45801
06-10-2018,13,15005,14607,9012,3636,42260,918,803,1324,3045,45305
06-10-2018,14,14883,14492,8984,3581,41940,924,792,1305,3021,44961
06-10-2018,15,14986,14478,9082,3587,42133,919,789,1295,3003,45136
06-10-2018,16,15083,14683,9355,3683,42804,923,788,1296,3007,45811
06-10-2018,17,15297,15220,9711,3966,44194,938,803,1327,3068,47262
06-10-2018,18,15355,15691,10178,4065,45289,983,871,1437,3291,48580
06-10-2018,19,15550,15354,9897,3914,44715,956,863,1439,3258,47973
06-10-2018,20,15190,14763,9391,3644,42988,907,822,1352,3081,46069
06-10-2018,21,14793,14090,9364,3424,41671,840,757,1244,2841,44512
06-10-2018,22,14360,13700,9214,3214,40488,780,690,1125,2595,43083
06-10-2018,23,14052,12896,8825,3026,38799,730,638,1058,2426,41225
07-10-2018,0,13792,12616,8510,2770,37688,693,602,1012,2307,39995
07-10-2018,1,13573,12174,8368,2635,36750,677,583,989,2249,38999
07-10-2018,2,13407,12146,8344,2564,36461,666,569,976,2211,38672
07-10-2018,3,13406,12168,8380,2581,36535,669,570,978,2217,38752
07-10-2018,4,13527,12267,8491,2617,36902,680,589,996,2265,39167
07-10-2018,5,13724,12158,8689,2739,37310,708,622,1059,2389,39699
07-10-2018,6,13978,12631,8744,2919,38272,742,652,1104,2498,40770
07-10-2018,7,14371,13143,8852,3112,39478,795,707,1190,2692,42170
07-10-2018,8,14894,13889,9067,3347,41197,864,776,1293,2933,44130
07-10-2018,9,15204,14580,9167,3519,42470,903,813,1343,3059,45529
07-10-2018,10,15295,14911,9213,3579,42998,928,820,1342,3090,46088
07-10-2018,11,15145,14813,9122,3559,42639,921,814,1342,3077,45716
07-10-2018,12,14877,14620,9035,3541,42073,931,817,1343,3091,45164
07-10-2018,13,14604,14283,8920,3481,41288,931,818,1341,3090,44378
07-10-2018,14,14576,14071,8823,3483,40953,925,821,1334,3080,44033
07-10-2018,15,14685,14066,8863,3464,41078,931,831,1345,3107,44185
07-10-2018,16,14682,14395,9040,3534,41651,931,846,1366,3143,44794
07-10-2018,17,14813,15208,9372,3904,43297,957,885,1413,3255,46552
07-10-2018,18,15277,16118,9987,4044,45426,1021,924,1493,3438,48864
07-10-2018,19,15652,16425,9858,3967,45902,990,909,1462,3361,49263
07-10-2018,20,15534,15930,9426,3726,44616,942,858,1353,3153,47769
07-10-2018,21,15171,14921,9487,3495,43074,875,773,1226,2874,45948
07-10-2018,22,14810,13881,9475,3247,41413,796,689,1102,2587,44000
07-10-2018,23,14187,13346,9151,3031,39715,752,630,1034,2416,42131
08-10-2018,0,13796,12888,8899,2866,38449,729,597,992,2318,40767
08-10-2018,1,13522,12591,8747,2771,37631,718,591,984,2293,39924
08-10-2018,2,13375,12627,8687,2743,37432,714,593,980,2287,39719
08-10-2018,3,13270,12616,8799,2745,37430,727,603,996,2326,39756
08-10-2018,4,13238,12957,9148,2873,38216,774,651,1073,2498,40714
08-10-2018,5,13337,13609,10153,3128,40227,909,776,1333,3018,43245
08-10-2018,6,14637,15423,10598,3787,44445,1033,899,1506,3438,47883
08-10-2018,7,15828,16970,10629,4444,47871,1123,990,1621,3734,51605
08-10-2018,8,16095,17294,10654,4612,48655,1152,1047,1687,3886,52541
08-10-2018,9,16113,17279,10570,4586,48548,1139,1041,1661,3841,52389
08-10-2018,10,16145,17458,10541,4627,48771,1124,1015,1636,3775,52546
08-10-2018,11,15817,17509,10467,4618,48411,1104,971,1592,3667,52078
08-10-2018,12,15706,17424,10398,4562,48090,1119,983,1612,3714,51804
08-10-2018,13,15593,17205,10289,4564,47651,1101,974,1588,3663,51314
08-10-2018,14,15436,17095,10250,4464,47245,1094,952,1567,3613,50858
08-10-2018,15,15408,17262,10201,4324,47195,1071,936,1527,3534,50729
08-10-2018,16,15359,16958,10269,4319,46905,1050,909,1492,3451,50356
08-10-2018,17,15426,17188,10439,4626,47679,1084,935,1527,3546,51225
08-10-2018,18,15596,17563,10648,4625,48432,1114,980,1648,3742,52174
08-10-2018,19,15744,17393,10383,4446,47966,1076,951,1613,3640,51606
08-10-2018,20,15460,16483,9762,4165,45870,1028,887,1496,3411,49281
08-10-2018,21,14948,15632,9640,3890,44110,936,792,1315,3043,47153
08-10-2018,22,14471,14379,9373,3535,41758,841,701,1186,2728,44486
08-10-2018,23,13492,13300,8802,3213,38807,777,637,1118,2532,41339
09-10-2018,0,13089,12699,8453,3037,37278,748,605,1077,2430,39708
09-10-2018,1,12859,12751,8246,2976,36832,741,585,1053,2379,39211
09-10-2018,2,12644,12552,8168,2911,36275,730,581,1045,2356,38631
09-10-2018,3,12651,12476,8212,2912,36251,741,597,1057,2395,38646
09-10-2018,4,12627,12684,8549,2958,36818,783,640,1126,2549,39367
09-10-2018,5,13081,13358,9323,3211,38973,910,764,1358,3032,42005
09-10-2018,6,14376,14938,9738,3829,42881,1055,893,1542,3490,46371
09-10-2018,7,15413,16119,9730,4378,45640,1131,981,1649,3761,49401
09-10-2018,8,15736,16695,9780,4544,46755,1158,1029,1697,3884,50639
09-10-2018,9,15647,16892,9791,4517,46847,1157,1014,1667,3838,50685
09-10-2018,10,15510,16925,9769,4600,46804,1149,993,1637,3779,50583
09-10-2018,11,15483,16979,9751,4561,46774,1130,959,1604,3693,50467
09-10-2018,12,15016,16789,9700,4485,45990,1154,976,1612,3742,49732
09-10-2018,13,15240,16933,9675,4470,46318,1132,965,1587,3684,50002
09-10-2018,14,15314,16876,9680,4389,46259,1128,947,1549,3624,49883
09-10-2018,15,15274,16660,9663,4268,45865,1102,932,1510,3544,49409
09-10-2018,16,15086,16426,9755,4323,45590,1079,899,1477,3455,49045
09-10-2018,17,15164,16669,9939,4787,46559,1101,924,1520,3545,50104
09-10-2018,18,15427,17026,10154,4710,47317,1130,982,1640,3752,51069
09-10-2018,19,15323,16750,9923,4447,46443,1091,959,1616,3666,50109
09-10-2018,20,14853,15561,9330,4157,43901,1029,890,1505,3424,47325
09-10-2018,21,14673,14910,9233,3841,42657,936,793,1327,3056,45713
09-10-2018,22,14054,13759,9018,3537,40368,835,704,1194,2733,43101
09-10-2018,23,13317,12694,8482,3164,37657,781,639,1125,2545,40202
10-10-2018,0,12816,12376,8142,2999,36333,750,605,1076,2431,38764
10-10-2018,1,12617,11944,7887,2897,35345,731,596,1054,2381,37726
10-10-2018,2,12378,11725,7811,2855,34769,725,583,1038,2346,37115
10-10-2018,3,12366,11630,7920,2884,34800,735,591,1051,2377,37177
10-10-2018,4,12507,12144,8258,2934,35843,776,630,1119,2525,38368
10-10-2018,5,12810,13126,9041,3200,38177,907,761,1347,3015,41192
10-10-2018,6,14019,15195,9516,3825,42555,1053,896,1527,3476,46031
10-10-2018,7,15219,16382,9540,4360,45501,1136,983,1641,3760,49261
10-10-2018,8,15167,16518,9601,4483,45769,1166,1032,1673,3871,49640
10-10-2018,9,15115,16794,9600,4512,46021,1159,1024,1635,3818,49839
10-10-2018,10,15003,16626,9619,4557,45805,1147,1008,1613,3768,49573
10-10-2018,11,14840,16372,9579,4531,45322,1126,973,1581,3680,49002
10-10-2018,12,14807,16109,9383,4452,44751,1139,999,1592,3730,48481
10-10-2018,13,14881,15760,9315,4446,44402,1117,990,1572,3679,48081
10-10-2018,14,14835,15985,9324,4347,44491,1106,976,1546,3628,48119
10-10-2018,15,14788,16094,9314,4220,44416,1077,953,1500,3530,47946
10-10-2018,16,14569,15897,9389,4184,44039,1057,920,1465,3442,47481
10-10-2018,17,14512,15969,9590,4392,44463,1067,942,1489,3498,47961
10-10-2018,18,14671,16512,10173,4437,45793,1099,991,1623,3713,49506
10-10-2018,19,14903,16372,10044,4425,45744,1073,963,1593,3629,49373
10-10-2018,20,14740,15384,9580,4162,43866,1022,895,1481,3398,47264
10-10-2018,21,14549,14580,9433,3859,42421,931,801,1317,3049,45470
10-10-2018,22,13884,13778,9181,3481,40324,836,712,1179,2727,43051
10-10-2018,23,13377,12638,8680,3159,37854,779,651,1104,2534,40388
11-10-2018,0,12662,12289,8404,2954,36309,751,614,1064,2429,38738
11-10-2018,1,12407,12163,8195,2863,35628,735,603,1049,2387,38015
11-10-2018,2,12135,12057,8194,2860,35246,717,593,1047,2357,37603
11-10-2018,3,12141,11873,8343,2845,35202,723,599,1060,2382,37584
11-10-2018,4,12376,12014,8750,2890,36030,762,643,1125,2530,38560
11-10-2018,5,12770,12917,9545,3140,38372,903,770,1365,3038,41410
11-10-2018,6,13850,14688,10052,3769,42359,1038,899,1543,3480,45839
11-10-2018,7,15120,16016,10103,4313,45552,1116,981,1630,3727,49279
11-10-2018,8,15387,16341,10099,4463,46290,1137,1024,1671,3832,50122
11-10-2018,9,15395,16209,10048,4445,46097,1119,1021,1654,3794,49891
11-10-2018,10,15274,16104,10017,4481,45876,1096,1007,1630,3733,49609
11-10-2018,11,14945,15979,9943,4427,45294,1058,974,1582,3614,48908
11-10-2018,12,14679,16015,9845,4314,44853,1064,993,1599,3656,48509
11-10-2018,13,14691,15700,9833,4322,44546,1045,980,1582,3607,48153
11-10-2018,14,14666,15603,9813,4324,44406,1038,956,1561,3555,47961
11-10-2018,15,14522,15713,9821,4117,44173,1007,937,1513,3457,47630
11-10-2018,16,14507,15582,9962,4115,44166,995,905,1472,3372,47538
11-10-2018,17,14722,15595,10116,4302,44735,1024,927,1495,3446,48181
11-10-2018,18,14886,15681,10438,4367,45372,1063,991,1625,3679,49051
11-10-2018,19,15052,15421,10183,4328,44984,1024,967,1606,3597,48581
11-10-2018,20,14843,15402,9648,4083,43976,962,908,1483,3353,47329
11-10-2018,21,14410,14567,9529,3763,42269,871,811,1320,3002,45271
11-10-2018,22,13908,13439,9241,3409,39997,777,720,1189,2686,42683
11-10-2018,23,13247,12340,8732,3073,37392,716,656,1102,2474,39866
12-10-2018,0,12695,11876,8410,2859,35840,690,620,1074,2384,38224
12-10-2018,1,12387,12140,8240,2762,35529,675,607,1053,2335,37864
12-10-2018,2,12300,12178,8235,2731,35444,670,600,1032,2302,37746
12-10-2018,3,12294,12301,8338,2752,35685,674,606,1056,2336,38021
12-10-2018,4,12444,12369,8661,2840,36314,716,647,1127,2490,38804
12-10-2018,5,12838,13425,9443,3097,38803,864,771,1351,2986,41789
12-10-2018,6,13822,15291,9996,3697,42806,993,894,1518,3405,46211
12-10-2018,7,14999,16717,9939,4265,45920,1077,979,1608,3664,49584
12-10-2018,8,15257,16826,10089,4414,46586,1117,1014,1642,3773,50359
12-10-2018,9,15241,16364,10060,4328,45993,1104,1001,1618,3723,49716
12-10-2018,10,15212,16475,10091,4399,46177,1085,980,1603,3668,49845
12-10-2018,11,15004,16313,10044,4383,45744,1051,938,1568,3557,49301
12-10-2018,12,14842,15834,10007,4294,44977,1057,956,1578,3591,48568
12-10-2018,13,14900,15227,9887,4185,44199,1027,946,1552,3525,47724
12-10-2018,14,14831,14975,9844,4042,43692,1010,922,1527,3459,47151
12-10-2018,15,14553,14998,9777,3915,43243,980,904,1485,3369,46612
12-10-2018,16,14726,14814,9791,3905,43236,970,875,1462,3307,46543
12-10-2018,17,14824,14966,10039,4125,43954,996,902,1474,3372,47326
12-10-2018,18,14941,15149,10287,4252,44629,1040,949,1591,3580,48209
12-10-2018,19,14921,14701,10020,4120,43762,1002,925,1548,3475,47237
12-10-2018,20,14428,13999,9506,3792,41725,940,864,1447,3251,44976
12-10-2018,21,14167,13194,9432,3529,40322,856,790,1305,2951,43273
12-10-2018,22,13558,12946,9110,3277,38891,763,709,1175,2647,41538
12-10-2018,23,12974,12152,8691,3012,36829,711,644,1103,2458,39287
13-10-2018,0,12726,11728,8374,2829,35657,686,614,1062,2362,38019
13-10-2018,1,12318,11461,8225,2706,34710,677,594,1042,2313,37023
13-10-2018,2,12091,11354,8148,2610,34203,669,581,1027,2277,36480
13-10-2018,3,11939,11287,8182,2585,33993,668,582,1039,2289,36282
13-10-2018,4,11994,11291,8327,2602,34214,682,602,1061,2345,36559
13-10-2018,5,12141,11468,8583,2651,34843,720,647,1130,2497,37340
13-10-2018,6,12296,11989,8693,2858,35836,764,701,1209,2674,38510
13-10-2018,7,12653,12477,8730,3133,36993,818,758,1306,2882,39875
13-10-2018,8,13088,12946,8885,3387,38306,869,819,1373,3061,41367
13-10-2018,9,13597,13454,8970,3557,39578,903,826,1399,3128,42706
13-10-2018,10,13934,13805,9067,3631,40437,900,814,1400,3114,43551
13-10-2018,11,13964,13888,9048,3591,40491,885,805,1384,3074,43565
13-10-2018,12,13922,13691,9006,3545,40164,876,795,1366,3037,43201
13-10-2018,13,13836,13457,8957,3491,39741,862,784,1339,2985,42726
13-10-2018,14,13715,13248,9067,3420,39450,851,774,1308,2933,42383
13-10-2018,15,13585,13357,9117,3387,39446,845,772,1297,2914,42360
13-10-2018,16,13776,13535,9253,3449,40013,861,772,1292,2925,42938
13-10-2018,17,14005,13883,9730,3763,41381,905,807,1322,3034,44415
13-10-2018,18,14212,14132,9975,3900,42219,951,869,1440,3260,45479
13-10-2018,19,14195,13857,9684,3800,41536,921,854,1416,3191,44727
13-10-2018,20,13647,13283,9112,3544,39586,875,809,1345,3029,42615
13-10-2018,21,13236,12733,9118,3314,38401,808,744,1250,2802,41203
13-10-2018,22,12773,12061,8915,3084,36833,744,678,1145,2567,39400
13-10-2018,23,12236,11573,8489,2852,35150,700,631,1057,2388,37538
14-10-2018,0,12017,11163,8145,2699,34024,671,599,1027,2297,36321
14-10-2018,1,11698,10916,7978,2584,33176,647,578,1001,2226,35402
14-10-2018,2,11483,10837,7909,2545,32774,645,569,989,2203,34977
14-10-2018,3,11366,10863,7903,2508,32640,643,569,989,2201,34841
14-10-2018,4,11398,11013,7998,2524,32933,655,580,1006,2241,35174
14-10-2018,5,11503,11104,8189,2579,33375,685,621,1067,2373,35748
14-10-2018,6,11728,11381,8275,2745,34129,717,659,1111,2487,36616
14-10-2018,7,12233,11839,8250,2949,35271,767,712,1198,2677,37948
14-10-2018,8,12560,12217,8398,3192,36367,827,784,1289,2900,39267
14-10-2018,9,12822,12702,8521,3328,37373,842,801,1327,2970,40343
14-10-2018,10,13383,13231,8555,3407,38576,833,795,1327,2955,41531
14-10-2018,11,13405,13231,8503,3372,38511,815,782,1314,2911,41422
14-10-2018,12,13173,12887,8333,3355,37748,801,771,1301,2873,40621
14-10-2018,13,13096,12753,8283,3321,37453,807,759,1250,2816,40269
14-10-2018,14,13240,12729,8308,3306,37583,813,756,1240,2809,40392
14-10-2018,15,13355,12792,8406,3266,37819,817,756,1246,2819,40638
14-10-2018,16,13451,13102,8568,3375,38496,837,766,1274,2877,41373
14-10-2018,17,13659,13752,8975,3685,40071,904,816,1361,3081,43152
14-10-2018,18,13942,14170,9362,3890,41364,971,889,1499,3359,44723
14-10-2018,19,14037,14083,9119,3782,41021,931,886,1467,3284,44305
14-10-2018,20,13790,13698,8744,3517,39749,876,826,1377,3079,42828
14-10-2018,21,13671,13114,8823,3288,38896,801,738,1239,2778,41674
14-10-2018,22,13198,12395,8684,3062,37339,735,655,1115,2505,39844
14-10-2018,23,12544,11917,8257,2836,35554,689,602,1018,2309,37863
15-10-2018,0,11994,11512,7917,2702,34125,665,573,978,2216,36341
15-10-2018,1,11744,11318,7806,2641,33509,654,562,965,2181,35690
15-10-2018,2,11995,11212,7763,2607,33577,650,554,959,2163,35740
15-10-2018,3,12047,11127,7921,2604,33699,658,569,971,2198,35897
15-10-2018,4,12130,11251,8263,2677,34321,695,617,1046,2358,36679
15-10-2018,5,12638,12203,9053,2909,36803,827,750,1312,2889,39692
15-10-2018,6,13784,13922,9685,3410,40801,976,885,1496,3357,44158
15-10-2018,7,15009,15764,9806,4008,44587,1059,968,1589,3616,48203
15-10-2018,8,15450,15837,9973,4236,45496,1096,1007,1618,3721,49217
15-10-2018,9,15335,15975,9929,4316,45555,1081,1001,1601,3683,49238
15-10-2018,10,15323,16002,9822,4419,45566,1064,975,1575,3614,49180
15-10-2018,11,15228,16054,9773,4412,45467,1040,938,1543,3521,48988
15-10-2018,12,15125,15615,9675,4361,44776,1049,875,1557,3481,48257
15-10-2018,13,15033,15431,9614,4351,44429,1016,940,1543,3499,47928
15-10-2018,14,15078,15387,9676,4249,44390,1011,929,1527,3467,47857
15-10-2018,15,15146,15410,9673,4102,44331,986,906,1496,3388,47719
15-10-2018,16,15264,15342,9718,4067,44391,974,877,1446,3297,47688
15-10-2018,17,15458,15455,10007,4298,45218,1006,913,1502,3421,48639
15-10-2018,18,15495,15735,10264,4409,45903,1044,963,1608,3615,49518
15-10-2018,19,15677,15457,10088,4235,45457,1005,934,1583,3522,48979
15-10-2018,20,15527,14815,9592,3931,43865,944,868,1459,3271,47136
15-10-2018,21,15083,14114,9548,3651,42396,852,776,1282,2910,45306
15-10-2018,22,14540,13234,9225,3362,40361,760,689,1156,2605,42966
15-10-2018,23,13734,12393,8686,3083,37896,705,629,1089,2423,40319
16-10-2018,0,13302,11847,8472,2896,36517,680,596,1039,2315,38832
16-10-2018,1,13063,11609,8310,2779,35761,668,582,1024,2274,38035
16-10-2018,2,12990,11614,8345,2745,35694,661,577,1026,2264,37958
16-10-2018,3,13036,11612,8396,2745,35789,672,594,1034,2300,38089
16-10-2018,4,13278,11804,8613,2818,36513,714,630,1101,2445,38958
16-10-2018,5,13633,12611,9387,3042,38673,846,752,1329,2927,41600
16-10-2018,6,14806,14469,9986,3529,42790,984,891,1519,3394,46184
16-10-2018,7,16389,16038,9971,3978,46376,1057,974,1612,3643,50019
16-10-2018,8,16524,16263,10000,4228,47015,1084,1014,1635,3733,50748
16-10-2018,9,16391,16128,10002,4409,46930,1070,1000,1625,3695,50625
16-10-2018,10,16285,16029,10029,4465,46808,1051,979,1596,3626,50434
16-10-2018,11,15902,16072,10049,4466,46489,1021,945,1569,3535,50024
16-10-2018,12,15656,16097,9957,4401,46111,1040,967,1589,3596,49707
16-10-2018,13,15664,16015,9852,4393,45924,1032,944,1575,3551,49475
16-10-2018,14,15435,15378,9838,4292,44943,1018,922,1550,3490,48433
16-10-2018,15,15800,15486,9810,4123,45219,993,908,1501,3402,48621
16-10-2018,16,15781,15584,9933,4108,45406,984,885,1465,3334,48740
16-10-2018,17,15672,15836,10281,4368,46157,1035,935,1517,3487,49644
16-10-2018,18,15908,16140,10538,4341,46927,1071,971,1621,3663,50590
16-10-2018,19,15980,15954,10329,4184,46447,1042,941,1582,3565,50012
16-10-2018,20,15646,15294,9751,3951,44642,976,877,1476,3329,47971
16-10-2018,21,15303,14524,9716,3721,43264,881,785,1295,2961,46225
16-10-2018,22,14681,13333,9513,3440,40967,790,701,1174,2665,43632
16-10-2018,23,13925,12473,8952,3151,38501,730,637,1100,2467,40968
17-10-2018,0,13453,12141,8738,2953,37285,710,611,1066,2387,39672
17-10-2018,1,13153,11865,8598,2832,36448,692,593,1042,2327,38775
17-10-2018,2,13077,11542,8523,2777,35919,685,591,1038,2314,38233
17-10-2018,3,12962,11659,8616,2781,36018,688,597,1049,2334,38352
17-10-2018,4,12722,11709,8844,2845,36120,732,645,1121,2498,38618
17-10-2018,5,12977,12360,9576,3060,37973,869,775,1352,2996,40969
17-10-2018,6,14197,14214,10125,3549,42085,1001,915,1537,3453,45538
17-10-2018,7,15479,15850,10168,4124,45621,1077,992,1625,3694,49315
17-10-2018,8,15543,16256,10238,4344,46381,1110,1024,1643,3777,50158
17-10-2018,9,15559,16164,10317,4410,46450,1093,1013,1626,3732,50182
17-10-2018,10,15389,16054,10341,4480,46264,1068,987,1612,3667,49931
17-10-2018,11,15230,16047,10298,4433,46008,1028,949,1577,3554,49562
17-10-2018,12,15073,15810,10192,4402,45477,1041,959,1590,3590,49067
17-10-2018,13,14830,15476,10127,4397,44830,1022,952,1573,3547,48377
17-10-2018,14,14995,15436,10134,4277,44842,1018,933,1552,3503,48345
17-10-2018,15,14884,15465,9994,4099,44442,1002,921,1518,3441,47883
17-10-2018,16,14888,15298,10026,4091,44303,991,906,1489,3386,47689
17-10-2018,17,14828,15728,10447,4302,45305,1032,956,1554,3542,48847
17-10-2018,18,15233,16066,10647,4358,46304,1054,993,1653,3700,50004
17-10-2018,19,15238,15783,10346,4207,45574,1018,957,1603,3578,49152
17-10-2018,20,15130,14849,9719,3977,43675,963,906,1510,3379,47054
17-10-2018,21,14724,14107,9674,3694,42199,879,812,1348,3039,45238
17-10-2018,22,14241,13069,9394,3403,40107,787,719,1210,2716,42823
17-10-2018,23,13572,12553,8851,3108,38084,731,655,1135,2521,40605
18-10-2018,0,12978,12069,8558,2912,36517,701,626,1108,2435,38952
18-10-2018,1,12763,11631,8381,2799,35574,682,607,1086,2375,37949
18-10-2018,2,12653,11739,8383,2750,35525,676,598,1073,2347,37872
18-10-2018,3,12677,11899,8420,2742,35738,680,614,1095,2389,38127
18-10-2018,4,12854,11976,8675,2800,36305,728,652,1154,2534,38839
18-10-2018,5,13418,12812,9455,3001,38686,862,781,1369,3012,41698
18-10-2018,6,14681,14637,10101,3491,42910,993,907,1553,3453,46363
18-10-2018,7,16144,16141,10112,4036,46433,1052,991,1648,3691,50124
18-10-2018,8,16295,16213,10115,4159,46782,1072,1023,1658,3753,50535
18-10-2018,9,16096,16048,10074,4284,46502,1055,1012,1636,3703,50205
18-10-2018,10,15935,16177,10145,4335,46592,1036,992,1589,3617,50209
18-10-2018,11,15538,16058,10137,4325,46058,1007,944,1569,3520,49578
18-10-2018,12,15298,15616,10124,4468,45506,1026,964,1589,3579,49085
18-10-2018,13,15075,15051,10037,4430,44593,1021,956,1570,3547,48140
18-10-2018,14,15117,14908,9938,4185,44148,1035,940,1560,3535,47683
18-10-2018,15,15002,14791,9930,4065,43788,1024,919,1532,3475,47263
18-10-2018,16,15022,14855,9941,4044,43862,1027,899,1487,3413,47275
18-10-2018,17,15349,15778,10195,4272,45594,1072,955,1536,3563,49157
18-10-2018,18,15581,16360,10476,4429,46846,1066,983,1636,3685,50531
18-10-2018,19,15677,16347,10293,4284,46601,1026,951,1589,3566,50167
18-10-2018,20,15739,16034,9795,4030,45598,962,890,1486,3338,48936
18-10-2018,21,15486,15388,9786,3743,44403,878,804,1319,3001,47404
18-10-2018,22,14883,14519,9548,3444,42394,791,731,1204,2726,45120
18-10-2018,23,14228,13918,9065,3184,40395,734,660,1121,2515,42910
19-10-2018,0,13771,13380,8719,2969,38839,711,628,1080,2419,41258
19-10-2018,1,13468,13154,8650,2861,38133,699,612,1059,2370,40503
19-10-2018,2,13219,13332,8603,2811,37965,691,612,1060,2363,40328
19-10-2018,3,13228,13413,8782,2826,38249,703,618,1068,2389,40638
19-10-2018,4,13577,13607,9093,2886,39163,741,649,1121,2511,41674
19-10-2018,5,14017,14506,9910,3090,41523,875,770,1345,2990,44513
19-10-2018,6,15157,16586,10455,3560,45758,1020,914,1552,3486,49244
19-10-2018,7,16821,18018,10513,4114,49466,1090,986,1649,3725,53191
19-10-2018,8,17065,18126,10585,4370,50146,1113,1023,1682,3818,53964
19-10-2018,9,16975,17972,10545,4426,49918,1092,1012,1663,3767,53685
19-10-2018,10,16803,17659,10473,4445,49380,1070,994,1643,3707,53087
19-10-2018,11,16473,17175,10393,4393,48434,1047,942,1607,3596,52030
19-10-2018,12,16186,16627,10213,4274,47300,1062,955,1609,3626,50926
19-10-2018,13,15926,16106,10158,4183,46373,1036,940,1577,3553,49926
19-10-2018,14,15821,15672,10103,4026,45622,1030,920,1549,3499,49121
19-10-2018,15,15792,15318,10183,3921,45214,1009,903,1514,3426,48640
19-10-2018,16,15873,15293,10147,3936,45249,1003,893,1481,3377,48626
19-10-2018,17,15947,15830,10505,4069,46351,1056,945,1542,3543,49894
19-10-2018,18,16319,16432,10684,4222,47657,1072,970,1615,3657,51314
19-10-2018,19,16197,16305,10478,4026,47006,1022,935,1562,3519,50525
19-10-2018,20,15780,15726,10001,3749,45256,967,873,1471,3311,48567
19-10-2018,21,15408,14857,10044,3505,43814,891,797,1317,3005,46819
19-10-2018,22,15087,14043,9742,3296,42168,809,727,1210,2746,44914
19-10-2018,23,14632,13279,9292,3083,40286,758,674,1138,2570,42856
20-10-2018,0,14003,12794,9069,2891,38757,730,635,1088,2453,41210
20-10-2018,1,13804,12611,8855,2754,38024,704,614,1065,2383,40407
20-10-2018,2,13536,12535,8799,2685,37555,706,609,1053,2368,39923
20-10-2018,3,13425,12394,8868,2652,37339,706,608,1051,2365,39704
20-10-2018,4,13544,12529,8991,2652,37716,720,635,1086,2441,40157
20-10-2018,5,13701,12849,9310,2696,38556,760,686,1172,2618,41174
20-10-2018,6,14157,13142,9502,2865,39666,812,743,1257,2812,42478
20-10-2018,7,14592,13742,9508,3169,41011,868,802,1334,3004,44015
20-10-2018,8,14989,14261,9744,3392,42386,922,855,1405,3182,45568
20-10-2018,9,15388,14917,9795,3576,43676,942,878,1441,3261,46937
20-10-2018,10,15751,15041,9816,3667,44275,933,870,1440,3243,47518
20-10-2018,11,15683,15253,9762,3650,44348,918,848,1428,3194,47542
20-10-2018,12,15420,15011,9663,3560,43654,909,838,1415,3162,46816
20-10-2018,13,15178,14705,9594,3499,42976,896,822,1386,3104,46080
20-10-2018,14,15025,14325,9656,3460,42466,896,809,1362,3067,45533
20-10-2018,15,14925,14160,9787,3472,42344,898,800,1349,3047,45391
20-10-2018,16,15009,14360,10076,3549,42994,914,810,1347,3071,46065
20-10-2018,17,15371,15176,10557,3826,44930,984,865,1426,3275,48205
20-10-2018,18,15821,15776,10584,3940,46121,999,901,1484,3384,49505
20-10-2018,19,15650,15259,10173,3730,44812,960,878,1428,3266,48078
20-10-2018,20,15202,14966,9749,3544,43461,915,836,1354,3105,46566
20-10-2018,21,14845,14274,9752,3385,42256,857,770,1249,2876,45132
20-10-2018,22,14439,13485,9616,3182,40722,788,706,1164,2658,43380
20-10-2018,23,14079,12691,9229,2990,38989,735,650,1079,2464,41453
21-10-2018,0,13613,12498,8887,2818,37816,715,616,1030,2361,40177
21-10-2018,1,13230,12126,8643,2690,36689,695,602,1007,2304,38993
21-10-2018,2,12866,12018,8598,2625,36107,685,591,989,2265,38372
21-10-2018,3,12796,11883,8589,2615,35883,688,596,993,2277,38160
21-10-2018,4,12789,12019,8679,2603,36090,700,613,1014,2327,38417
21-10-2018,5,12817,12317,8829,2657,36620,741,654,1088,2483,39103
21-10-2018,6,13029,12648,8889,2809,37375,781,699,1166,2646,40021
21-10-2018,7,13235,13054,8925,3047,38261,823,746,1228,2797,41058
21-10-2018,8,13627,13459,9070,3341,39497,890,805,1324,3019,42516
21-10-2018,9,14054,13787,9211,3564,40616,912,832,1352,3096,43712
21-10-2018,10,14331,14187,9293,3654,41465,900,825,1342,3067,44532
21-10-2018,11,14516,14471,9338,3681,42006,883,812,1321,3016,45022
21-10-2018,12,14396,14284,9303,3679,41662,863,803,1322,2988,44650
21-10-2018,13,14280,14178,9227,3648,41333,854,796,1312,2962,44295
21-10-2018,14,14381,14242,9228,3626,41477,857,792,1289,2938,44415
21-10-2018,15,14430,14376,9259,3653,41718,866,791,1290,2947,44665
21-10-2018,16,14368,14645,9467,3730,42210,897,804,1320,3021,45231
21-10-2018,17,14561,15155,9993,4146,43855,977,861,1416,3254,47109
21-10-2018,18,14912,15521,10025,4247,44705,998,897,1521,3416,48121
21-10-2018,19,14734,15237,9670,4009,43650,953,879,1484,3316,46966
21-10-2018,20,14585,14400,9325,3757,42067,899,829,1398,3126,45193
21-10-2018,21,14283,13860,9470,3457,41070,829,750,1268,2847,43917
21-10-2018,22,14027,13029,9405,3169,39630,751,674,1142,2567,42197
21-10-2018,23,13467,12583,8936,2923,37909,713,615,1069,2397,40306
22-10-2018,0,12971,12194,8623,2792,36580,685,586,1021,2292,38872
22-10-2018,1,12751,11803,8460,2715,35729,672,571,1000,2243,37972
22-10-2018,2,12749,11790,8414,2699,35652,664,566,995,2225,37877
22-10-2018,3,12959,11978,8466,2664,36067,671,577,1005,2253,38320
22-10-2018,4,13163,12488,8808,2752,37211,723,618,1083,2424,39635
22-10-2018,5,13790,13252,9556,3053,39651,842,741,1345,2928,42579
22-10-2018,6,15232,14968,10102,3747,44049,977,877,1558,3412,47461
22-10-2018,7,16669,16772,10266,4348,48055,1083,988,1675,3746,51801
22-10-2018,8,16941,17066,10282,4477,48766,1129,1045,1706,3880,52646
22-10-2018,9,16678,16798,10383,4512,48371,1135,1047,1691,3873,52244
22-10-2018,10,16263,16767,10375,4517,47922,1125,1043,1679,3847,51769
22-10-2018,11,16159,16676,10271,4496,47602,1097,1016,1647,3760,51362
22-10-2018,12,15802,16383,10093,4442,46720,1115,1037,1661,3813,50533
22-10-2018,13,15750,16414,9970,4422,46556,1081,1045,1656,3782,50338
22-10-2018,14,15702,15950,9937,4377,45966,1054,1021,1647,3722,49688
22-10-2018,15,15728,15862,9993,4206,45789,1030,992,1615,3637,49426
22-10-2018,16,16043,16191,9940,4228,46402,1029,956,1593,3578,49980
22-10-2018,17,16319,16824,10293,4571,48007,1089,993,1652,3734,51741
22-10-2018,18,16735,17235,10522,4722,49214,1087,989,1668,3744,52958
22-10-2018,19,16621,17022,10369,4470,48482,1049,953,1604,3606,52088
22-10-2018,20,16186,16220,9912,4160,46478,993,897,1499,3389,49867
22-10-2018,21,15838,15422,9816,3903,44979,911,798,1336,3045,48024
22-10-2018,22,15188,14448,9607,3553,42796,811,710,1201,2722,45518
22-10-2018,23,14414,13659,9110,3226,40409,758,646,1125,2529,42938
23-10-2018,0,13908,13309,8817,3042,39076,736,610,1069,2415,41491
23-10-2018,1,13540,13236,8676,2946,38398,727,584,1056,2367,40765
23-10-2018,2,13299,13184,8704,2896,38083,727,582,1049,2358,40441
23-10-2018,3,13284,13144,8830,2888,38146,731,582,1064,2377,40523
23-10-2018,4,13338,13344,9184,2950,38816,766,636,1139,2541,41357
23-10-2018,5,13846,14101,10012,3187,41146,875,754,1378,3007,44153
23-10-2018,6,15313,15722,10586,3815,45436,1012,889,1589,3490,48926
23-10-2018,7,16656,17355,10601,4447,49059,1107,997,1702,3806,52865
23-10-2018,8,16719,17430,10627,4655,49431,1137,1052,1747,3936,53367
23-10-2018,9,16538,17412,10582,4645,49177,1139,1061,1744,3944,53121
23-10-2018,10,16349,17363,10525,4644,48881,1137,1053,1744,3934,52815
23-10-2018,11,16257,17424,10464,4651,48796,1126,1020,1727,3873,52669
23-10-2018,12,16067,17283,10341,4618,48309,1139,1048,1753,3940,52249
23-10-2018,13,15944,17200,10272,4519,47935,1125,1039,1731,3895,51830
23-10-2018,14,15879,16934,10279,4413,47505,1126,1028,1702,3856,51361
23-10-2018,15,16050,17082,10322,4341,47795,1107,1003,1658,3768,51563
23-10-2018,16,16205,17276,10546,4362,48389,1101,980,1617,3698,52087
23-10-2018,17,16309,17627,10942,4582,49460,1140,1013,1679,3832,53292
23-10-2018,18,16740,17839,11026,4678,50283,1120,995,1689,3804,54087
23-10-2018,19,16702,17658,10797,4441,49598,1078,958,1622,3658,53256
23-10-2018,20,16470,17094,10238,4127,47929,1018,900,1523,3441,51370
23-10-2018,21,16227,16591,10131,3833,46782,922,807,1353,3082,49864
23-10-2018,22,15606,15717,9921,3560,44804,836,718,1205,2759,47563
23-10-2018,23,14906,14808,9473,3260,42447,780,655,1124,2559,45006
24-10-2018,0,14369,14159,9202,3101,40831,752,629,1081,2462,43293
24-10-2018,1,14115,14082,8959,3010,40166,737,611,1052,2400,42566
24-10-2018,2,13955,13987,8850,2964,39756,734,602,1050,2386,42142
24-10-2018,3,14034,14184,8945,2995,40158,737,611,1064,2412,42570
24-10-2018,4,14110,14258,9292,3024,40684,774,657,1136,2567,43251
24-10-2018,5,14674,15057,10117,3292,43140,888,770,1375,3033,46173
24-10-2018,6,16190,16962,10661,3896,47709,1020,906,1585,3511,51220
24-10-2018,7,17677,18832,10731,4523,51763,1116,1002,1692,3810,55573
24-10-2018,8,17979,18973,10676,4656,52284,1161,1063,1738,3962,56246
24-10-2018,9,17810,18951,10668,4601,52030,1172,1074,1725,3971,56001
24-10-2018,10,17567,18497,10704,4634,51402,1167,1063,1711,3941,55343
24-10-2018,11,17213,17888,10586,4655,50342,1138,1031,1697,3866,54208
24-10-2018,12,16685,17490,10471,4599,49245,1144,1041,1716,3901,53146
24-10-2018,13,16637,17156,10406,4594,48793,1130,1028,1701,3859,52652
24-10-2018,14,16668,17096,10351,4507,48622,1123,1008,1883,4014,52636
24-10-2018,15,16705,17282,10348,4347,48682,1092,983,1651,3726,52408
24-10-2018,16,16912,17283,10486,4340,49021,1089,967,1608,3664,52685
24-10-2018,17,17132,18100,10863,4673,50768,1138,1012,1658,3808,54576
24-10-2018,18,17276,18496,11057,4842,51671,1122,1003,1676,3801,55472
24-10-2018,19,17225,18057,10819,4572,50673,1083,961,1610,3654,54327
24-10-2018,20,16610,17472,10284,4287,48653,1034,898,1500,3432,52085
24-10-2018,21,16182,16745,10221,4064,47212,948,815,1347,3110,50322
24-10-2018,22,15560,15513,9984,3655,44712,860,730,1216,2806,47518
24-10-2018,23,14821,14640,9533,3304,42298,803,662,1126,2591,44889
25-10-2018,0,14264,14228,9297,3072,40861,781,634,1091,2506,43367
25-10-2018,1,13974,14010,9146,2967,40097,769,612,1072,2453,42550
25-10-2018,2,13764,13946,9099,2934,39743,761,606,1062,2429,42172
25-10-2018,3,13751,13862,9229,2953,39795,772,615,1077,2464,42259
25-10-2018,4,13825,14225,9544,3025,40619,809,658,1146,2613,43232
25-10-2018,5,14287,15025,10354,3284,42950,926,771,1393,3090,46040
25-10-2018,6,15768,16718,10953,3861,47300,1065,911,1605,3581,50881
25-10-2018,7,17278,18095,10946,4505,50824,1147,1010,1698,3855,54679
25-10-2018,8,17633,18311,10819,4648,51411,1196,1064,1729,3989,55400
25-10-2018,9,17255,17989,10853,4615,50712,1192,1070,1712,3974,54686
25-10-2018,10,16851,17876,10831,4657,50215,1169,1056,1703,3928,54143
25-10-2018,11,16520,17547,10693,4617,49377,1153,1026,1673,3852,53229
25-10-2018,12,16468,17143,10693,4553,48857,1165,1037,1694,3896,52753
25-10-2018,13,16574,17171,10643,4493,48881,1149,1030,1683,3862,52743
25-10-2018,14,16660,16962,10572,4383,48577,1141,1017,1677,3835,52412
25-10-2018,15,16546,16979,10461,4290,48276,1118,997,1656,3771,52047
25-10-2018,16,16732,17522,10643,4315,49212,1114,973,1624,3711,52923
25-10-2018,17,16935,18225,11096,4612,50868,1164,1024,1677,3865,54733
25-10-2018,18,17224,18634,11200,4682,51740,1148,1022,1693,3863,55603
25-10-2018,19,17348,18234,11006,4440,51028,1109,987,1625,3721,54749
25-10-2018,20,16929,17664,10549,4178,49320,1053,922,1516,3491,52811
25-10-2018,21,16537,17187,10486,3918,48128,969,834,1368,3171,51299
25-10-2018,22,16130,16256,10277,3576,46239,877,750,1218,2845,49084
25-10-2018,23,15459,15421,9819,3237,43936,812,678,1137,2627,46563
26-10-2018,0,15037,14813,9517,3011,42378,781,650,1103,2534,44912
26-10-2018,1,14706,14693,9312,2883,41594,770,632,1089,2491,44085
26-10-2018,2,14538,14761,9272,2844,41415,765,630,1082,2477,43892
26-10-2018,3,14608,14818,9382,2833,41641,770,635,1091,2496,44137
26-10-2018,4,14706,14960,9693,2922,42281,804,675,1156,2635,44916
26-10-2018,5,15308,15882,10433,3188,44811,922,781,1392,3095,47906
26-10-2018,6,16605,18112,11008,3830,49555,1055,904,1595,3554,53109
26-10-2018,7,18195,19709,11131,4460,53495,1145,1005,1683,3833,57328
26-10-2018,8,18728,19768,10942,4627,54065,1172,1048,1708,3928,57993
26-10-2018,9,18492,19341,10948,4610,53391,1172,1050,1689,3911,57302
26-10-2018,10,18320,19192,10967,4645,53124,1158,1031,1828,4017,57141
26-10-2018,11,18012,18919,10908,4770,52609,1133,994,1837,3964,56573
26-10-2018,12,17799,18637,10970,4525,51931,1147,1007,1625,3779,55710
26-10-2018,13,17491,18214,10939,4430,51074,1121,993,1601,3715,54789
26-10-2018,14,17301,17853,10824,4265,50243,1115,969,1571,3655,53898
26-10-2018,15,17406,17848,10862,4210,50326,1093,958,1546,3597,53923
26-10-2018,16,17424,17881,11027,4254,50586,1097,948,1540,3585,54171
26-10-2018,17,17555,18350,11352,4436,51693,1151,1001,1628,3780,55473
26-10-2018,18,17747,18334,11404,4506,51991,1125,989,1640,3754,55745
26-10-2018,19,17473,17761,11137,4174,50545,1085,951,1582,3618,54163
26-10-2018,20,17070,17231,10598,3969,48868,1031,906,1493,3430,52298
26-10-2018,21,16667,16369,10628,3732,47396,958,831,1363,3152,50548
26-10-2018,22,16107,15598,10407,3405,45517,875,748,1245,2868,48385
26-10-2018,23,15616,15048,9934,3242,43840,830,679,1156,2665,46505
27-10-2018,0,15298,14792,9573,3037,42700,811,638,1111,2560,45260
27-10-2018,1,14990,14523,9359,2844,41716,790,617,1079,2486,44202
27-10-2018,2,14799,14371,9295,2812,41277,781,615,1070,2466,43743
27-10-2018,3,14791,14313,9342,2808,41254,783,617,1066,2466,43720
27-10-2018,4,14914,14297,9487,2829,41527,794,633,1089,2516,44043
27-10-2018,5,15079,14574,9818,2953,42424,830,671,1181,2682,45106
27-10-2018,6,15437,15129,10053,3142,43761,881,730,1287,2898,46659
27-10-2018,7,15999,15924,10095,3442,45460,931,789,1365,3085,48545
27-10-2018,8,16695,16537,10234,3699,47165,994,853,1464,3311,50476
27-10-2018,9,17268,17132,10306,3818,48524,1030,882,1523,3435,51959
27-10-2018,10,17517,17572,10338,3898,49325,1043,890,1550,3483,52808
27-10-2018,11,17329,17677,10330,3929,49265,1044,875,1539,3458,52723
27-10-2018,12,17099,17579,10344,3857,48879,1047,876,1517,3440,52319
27-10-2018,13,16884,17473,10299,3781,48437,1041,869,1473,3383,51820
27-10-2018,14,16701,17299,10342,3752,48094,1058,853,1440,3351,51445
27-10-2018,15,16943,17185,10520,3705,48353,1056,839,1429,3324,51677
27-10-2018,16,16955,17417,10878,3823,49073,1085,845,1430,3360,52433
27-10-2018,17,17394,18135,11408,4159,51096,1123,898,1494,3515,54611
27-10-2018,18,17948,18484,11394,4349,52175,1096,901,1524,3521,55696
27-10-2018,19,17645,18019,10970,4086,50720,1047,878,1465,3390,54110
27-10-2018,20,17186,17530,10509,3809,49034,997,840,1390,3227,52261
27-10-2018,21,16992,17089,10528,3620,48229,936,765,1282,2983,51212
27-10-2018,22,16641,16268,10345,3444,46698,875,697,1168,2740,49438
27-10-2018,23,16050,15616,9960,3235,44861,821,645,1101,2567,47428
28-10-2018,0,15788,15004,9652,3030,43474,791,617,1061,2469,45943
28-10-2018,1,15577,14894,9483,2894,42848,770,596,1030,2396,45244
28-10-2018,2,15134,14557,9254,2817,41762,756,584,1030,2370,44132
28-10-2018,2,15123,14491,9257,2814,41685,752,581,1013,2346,44031
28-10-2018,3,15462,14482,9381,2831,42156,752,591,1013,2356,44512
28-10-2018,4,15582,14618,9578,2859,42637,764,613,1044,2421,45058
28-10-2018,5,15800,15030,9828,2973,43631,797,654,1125,2576,46207
28-10-2018,6,16105,15510,9813,3211,44639,826,691,1184,2701,47340
28-10-2018,7,16517,15891,9977,3480,45865,891,765,1293,2949,48814
28-10-2018,8,17124,16695,10162,3746,47727,952,819,1365,3136,50863
28-10-2018,9,17516,17352,10269,3859,48996,973,835,1382,3190,52186
28-10-2018,10,17497,17423,10296,3910,49126,972,833,1391,3196,52322
28-10-2018,11,17127,17460,10205,3923,48715,973,828,1397,3198,51913
28-10-2018,12,16904,17697,10111,3884,48596,973,821,1392,3186,51782
28-10-2018,13,16899,17202,10064,3872,48037,971,813,1374,3158,51195
28-10-2018,14,16716,17156,10140,3834,47846,981,812,1372,3165,51011
28-10-2018,15,17024,17338,10508,3858,48728,1009,834,1394,3237,51965
28-10-2018,16,17644,18244,11073,4065,51026,1098,922,1515,3535,54561
28-10-2018,17,18161,19009,11208,4714,53092,1106,932,1563,3601,56693
28-10-2018,18,18307,18795,11233,4524,52859,1084,911,1535,3530,56389
28-10-2018,19,18136,18376,10951,4203,51666,1037,888,1472,3397,55063
28-10-2018,20,17895,17981,10583,3923,50382,980,834,1368,3182,53564
28-10-2018,21,17526,17140,10815,3669,49150,898,752,1248,2898,52048
28-10-2018,22,16961,16565,10744,3403,47673,838,685,1153,2676,50349
28-10-2018,23,16384,16318,10458,3139,46299,804,629,1096,2529,48828
29-10-2018,0,15989,15522,10218,2994,44723,786,604,1054,2444,47167
29-10-2018,1,15818,15305,10069,2930,44122,778,593,1040,2411,46533
29-10-2018,2,15764,15384,10038,2917,44103,782,586,1036,2404,46507
29-10-2018,3,15796,15428,10151,2943,44318,799,601,1059,2459,46777
29-10-2018,4,16035,15771,10544,3140,45490,847,657,1148,2652,48142
29-10-2018,5,16802,16553,11425,3350,48130,986,798,1390,3174,51304
29-10-2018,6,18387,18467,11834,4008,52696,1102,926,1588,3616,56312
29-10-2018,7,19789,19462,11824,4558,55633,1214,1026,1744,3984,59617
29-10-2018,8,20182,19868,11884,4761,56695,1252,1091,1810,4153,60848
29-10-2018,9,19883,19912,11781,4794,56370,1233,1106,1822,4161,60531
29-10-2018,10,19623,19996,11648,4873,56140,1224,1092,1810,4126,60266
29-10-2018,11,19293,19967,11561,4765,55586,1197,1053,1777,4027,59613
29-10-2018,12,19311,19904,11495,4701,55411,1219,1065,1791,4075,59486
29-10-2018,13,19283,19550,11436,4740,55009,1204,1059,1769,4032,59041
29-10-2018,14,19348,19446,11289,4705,54788,1199,1058,1757,4014,58802
29-10-2018,15,19396,19743,11222,4605,54966,1209,1059,1742,4010,58976
29-10-2018,16,19742,20176,11573,4740,56231,1260,1081,1777,4118,60349
29-10-2018,17,19959,20502,11527,5175,57163,1248,1068,1756,4072,61235
29-10-2018,18,19781,19924,11832,4973,56510,1213,1028,1704,3945,60455
29-10-2018,19,19364,19391,11608,4771,55134,1169,988,1634,3791,58925
29-10-2018,20,18853,18619,11099,4476,53047,1106,912,1531,3549,56596
29-10-2018,21,18443,17722,11102,4191,51458,1005,820,1367,3192,54650
29-10-2018,22,17759,16591,10902,3876,49128,920,740,1241,2901,52029
29-10-2018,23,17002,15994,10502,3475,46973,864,673,1156,2693,49666
30-10-2018,0,16308,15497,10242,3295,45342,841,647,1114,2602,47944
30-10-2018,1,16061,15195,10017,3218,44491,823,631,1096,2550,47041
30-10-2018,2,15957,15177,9897,3161,44192,819,623,1093,2535,46727
30-10-2018,3,16136,15229,9997,3068,44430,825,639,1104,2568,46998
30-10-2018,4,16328,15254,10388,3141,45111,867,686,1178,2731,47842
30-10-2018,5,16818,15967,11217,3405,47407,1005,819,1392,3216,50623
30-10-2018,6,18266,17572,11486,4074,51398,1132,945,1572,3649,55047
30-10-2018,7,19762,18928,11408,4645,54743,1227,1053,1705,3985,58728
30-10-2018,8,19999,19284,11424,4841,55548,1265,1106,1750,4121,59669
30-10-2018,9,19842,19670,11423,4913,55848,1257,1106,1740,4103,59951
30-10-2018,10,19751,20181,11425,4999,56356,1246,1089,1735,4070,60426
30-10-2018,11,19609,19446,11388,4989,55432,1229,1053,1701,3983,59415
30-10-2018,12,19375,19274,11379,4860,54888,1251,1077,1714,4042,58930
30-10-2018,13,19214,19328,11350,4819,54711,1236,1069,1692,3997,58708
30-10-2018,14,19189,19194,11336,4647,54366,1238,1058,1683,3979,58345
30-10-2018,15,19524,19304,11546,4444,54818,1232,1062,1673,3967,58785
30-10-2018,16,19597,19551,11814,4567,55529,1262,1088,1719,4069,59598
30-10-2018,17,19783,20055,11807,5028,56673,1242,1069,1713,4024,60697
30-10-2018,18,19514,19815,11632,4926,55887,1203,1030,1669,3902,59789
30-10-2018,19,18876,19384,11325,4602,54187,1165,986,1601,3752,57939
30-10-2018,20,18625,18490,10797,4237,52149,1101,919,1493,3513,55662
30-10-2018,21,17893,17228,10823,3867,49811,999,823,1339,3161,52972
30-10-2018,22,17266,16061,10571,3606,47504,908,737,1204,2849,50353
30-10-2018,23,16319,15204,10051,3251,44825,843,683,1123,2649,47474
31-10-2018,0,15579,14656,9651,3106,42992,828,655,1094,2577,45569
31-10-2018,1,15116,14296,9486,3026,41924,813,642,1074,2529,44453
31-10-2018,2,14925,14046,9486,2973,41430,811,635,1068,2514,43944
31-10-2018,3,15076,13811,9498,2972,41357,820,647,1085,2552,43909
31-10-2018,4,15097,14171,9819,3086,42173,858,691,1153,2702,44875
31-10-2018,5,15542,14898,10636,3327,44403,954,823,1373,3150,47553
31-10-2018,6,16839,16350,11039,3994,48222,1076,952,1525,3553,51775
31-10-2018,7,18372,17683,11034,4508,51597,1176,1049,1639,3864,55461
31-10-2018,8,18286,17726,10988,4681,51681,1213,1090,1660,3963,55644
31-10-2018,9,18157,17746,10944,4679,51526,1221,1071,1646,3938,55464
31-10-2018,10,17953,17968,10951,4741,51613,1218,1048,1635,3901,55514
31-10-2018,11,17899,18105,10929,4727,51660,1189,1004,1604,3797,55457
31-10-2018,12,17754,18129,10857,4651,51391,1200,1026,1594,3820,55211
31-10-2018,13,17891,18189,10785,4661,51526,1180,1019,1578,3777,55303
31-10-2018,14,18011,17923,10860,4507,51301,1172,1001,1543,3716,55017
31-10-2018,15,17917,18085,10965,4435,51402,1167,1005,1523,3695,55097
31-10-2018,16,18081,18394,11085,4564,52124,1200,1047,1638,3885,56009
31-10-2018,17,18504,18873,11050,4995,53422,1181,1048,1661,3890,57312
31-10-2018,18,17875,18436,11013,4870,52194,1143,1012,1607,3762,55956
31-10-2018,19,17395,18006,10708,4565,50674,1107,977,1528,3612,54286
31-10-2018,20,17406,17341,10161,4285,49193,1045,938,1429,3412,52605
31-10-2018,21,17103,16573,10148,3987,47811,946,838,1298,3082,50893
31-10-2018,22,16463,15511,9885,3611,45470,867,755,1190,2812,48282
31-10-2018,23,15736,14705,9351,3286,43078,806,693,1124,2623,45701
01-11-2018,0,15186,14171,9035,3103,41495,782,662,1074,2518,44013
01-11-2018,1,14967,13976,8869,2959,40771,768,638,1053,2459,43230
01-11-2018,2,14833,13835,8852,2926,40446,764,637,1034,2435,42881
01-11-2018,3,14751,13760,8965,2975,40451,777,645,1034,2456,42907
01-11-2018,4,14826,13837,9257,3069,40989,817,685,1055,2557,43546
01-11-2018,5,15255,14670,9978,3358,43261,946,810,1121,2877,46138
01-11-2018,6,16661,16240,10465,4040,47406,1065,932,1178,3175,50581
01-11-2018,7,17945,17467,10364,4543,50319,1152,1025,1251,3428,53747
01-11-2018,8,17947,17521,10468,4661,50597,1186,1070,1301,3557,54154
01-11-2018,9,17799,17413,10488,4624,50324,1183,1062,1303,3548,53872
01-11-2018,10,17607,17674,10535,4643,50459,1165,1040,1295,3500,53959
01-11-2018,11,17597,17454,10521,4636,50208,1136,1003,1283,3422,53630
01-11-2018,12,17533,16997,10394,4580,49504,1145,1028,1278,3451,52955
01-11-2018,13,17551,17031,10386,4596,49564,1138,1019,1270,3427,52991
01-11-2018,14,17543,17145,10457,4524,49669,1136,1015,1282,3433,53102
01-11-2018,15,17669,17491,10636,4473,50269,1140,1025,1317,3482,53751
01-11-2018,16,18076,17872,11044,4640,51632,1175,1057,1407,3639,55271
01-11-2018,17,18070,18192,10985,5062,52309,1156,1049,1415,3620,55929
01-11-2018,18,17554,17893,10998,4861,51306,1131,1003,1397,3531,54837
01-11-2018,19,17295,17436,10869,4533,50133,1093,968,1353,3414,53547
01-11-2018,20,17005,16775,10389,4260,48429,1030,902,1284,3216,51645
01-11-2018,21,16419,16045,10449,3944,46857,940,815,1210,2965,49822
01-11-2018,22,15770,14778,10211,3548,44307,855,725,1108,2688,46995
01-11-2018,23,14699,13931,9729,3246,41605,790,662,1047,2499,44104
02-11-2018,0,14341,13528,9468,3041,40378,762,637,1018,2417,42795
02-11-2018,1,14057,13097,9313,2931,39398,744,618,1000,2362,41760
02-11-2018,2,13796,12966,9272,2886,38920,737,612,988,2337,41257
02-11-2018,3,13642,13054,9335,2891,38922,739,624,1003,2366,41288
02-11-2018,4,13809,13318,9667,2946,39740,782,668,1059,2509,42249
02-11-2018,5,14433,13972,10463,3177,42045,911,791,1219,2921,44966
02-11-2018,6,15608,15789,10888,3907,46192,1038,922,1363,3323,49515
02-11-2018,7,17069,17115,10933,4466,49583,1131,1012,1473,3616,53199
02-11-2018,8,17474,17584,11016,4630,50704,1164,1055,1539,3758,54462
02-11-2018,9,17424,17435,11001,4678,50538,1160,1050,1561,3771,54309
02-11-2018,10,17246,17515,10923,4741,50425,1147,1035,1549,3731,54156
02-11-2018,11,17167,17593,10865,4612,50237,1121,999,1527,3647,53884
02-11-2018,12,17137,17436,10827,4506,49906,1160,1013,1521,3694,53600
02-11-2018,13,17154,17313,10775,4469,49711,1155,1005,1503,3663,53374
02-11-2018,14,17028,17210,10834,4332,49404,1133,989,1490,3612,53016
02-11-2018,15,16996,17221,11080,4157,49454,1144,1000,1503,3647,53101
02-11-2018,16,17098,17264,11161,4372,49895,1163,1034,1603,3800,53695
02-11-2018,17,17344,17629,11065,4770,50808,1133,1030,1603,3766,54574
02-11-2018,18,17311,17198,10932,4646,50087,1090,981,1550,3621,53708
02-11-2018,19,17025,16380,10611,4253,48269,1039,945,1486,3470,51739
02-11-2018,20,16604,15676,10017,3936,46233,985,886,1399,3270,49503
02-11-2018,21,16114,15068,10060,3695,44937,908,820,1278,3006,47943
02-11-2018,22,15552,14359,9703,3471,43085,832,741,1184,2757,45842
02-11-2018,23,15125,13530,9149,3215,41019,775,681,1125,2581,43600
03-11-2018,0,14831,13035,8863,2993,39722,741,616,1063,2420,42142
03-11-2018,1,14368,12610,8740,2878,38596,717,602,1041,2360,40956
03-11-2018,2,14327,12538,8657,2844,38366,710,598,1024,2332,40698
03-11-2018,3,14337,12625,8673,2826,38461,707,601,1022,2330,40791
03-11-2018,4,14499,12656,8729,2857,38741,722,623,1044,2389,41130
03-11-2018,5,14713,12794,8943,2970,39420,764,667,1114,2545,41965
03-11-2018,6,14996,13431,9063,3181,40671,805,708,1197,2710,43381
03-11-2018,7,15533,13968,9218,3432,42151,859,779,1291,2929,45080
03-11-2018,8,16118,14618,9421,3700,43857,930,839,1378,3147,47004
03-11-2018,9,16613,15241,9579,3838,45271,960,867,1420,3247,48518
03-11-2018,10,16909,15376,9738,3890,45913,955,862,1426,3243,49156
03-11-2018,11,16873,15061,9713,3869,45516,953,846,1419,3218,48734
03-11-2018,12,16650,14865,9656,3800,44971,957,835,1415,3207,48178
03-11-2018,13,16523,14791,9656,3752,44722,958,831,1391,3180,47902
03-11-2018,14,16483,14948,9757,3727,44915,974,829,1390,3193,48108
03-11-2018,15,16398,15313,10008,3727,45446,1010,844,1419,3273,48719
03-11-2018,16,16811,16088,10429,3962,47290,1056,925,1521,3502,50792
03-11-2018,17,17091,16270,10568,4453,48382,1040,914,1525,3479,51861
03-11-2018,18,16727,16023,10419,4354,47523,1008,884,1478,3370,50893
03-11-2018,19,16044,15601,10177,4025,45847,971,855,1426,3252,49099
03-11-2018,20,15684,15016,9820,3804,44324,921,805,1350,3076,47400
03-11-2018,21,15159,14564,10072,3569,43364,858,735,1252,2845,46209
03-11-2018,22,14881,14191,9923,3332,42327,802,679,1156,2637,44964
03-11-2018,23,14445,13485,9491,3112,40533,762,626,1091,2479,43012
04-11-2018,0,13870,13235,9191,2940,39236,734,599,1053,2386,41622
04-11-2018,1,13464,13041,9029,2857,38391,719,584,1020,2323,40714
04-11-2018,2,13172,12842,8926,2822,37762,705,578,1013,2296,40058
04-11-2018,3,13137,12913,8943,2818,37811,693,581,1016,2290,40101
04-11-2018,4,13142,13002,9012,2810,37966,714,598,1038,2350,40316
04-11-2018,5,13178,13179,9125,2873,38355,754,633,1102,2489,40844
04-11-2018,6,13515,13526,9162,3052,39255,774,660,1142,2576,41831
04-11-2018,7,13679,13944,9250,3293,40166,832,720,1227,2779,42945
04-11-2018,8,14034,14540,9386,3568,41528,885,782,1315,2982,44510
04-11-2018,9,14636,15103,9536,3748,43023,907,812,1381,3100,46123
04-11-2018,10,15253,15267,9603,3837,43960,906,810,1395,3111,47071
04-11-2018,11,15517,15467,9597,3824,44405,897,802,1392,3091,47496
04-11-2018,12,15435,15415,9522,3808,44180,889,797,1388,3074,47254
04-11-2018,13,15415,15336,9499,3771,44021,889,796,1382,3067,47088
04-11-2018,14,15427,15419,9589,3769,44204,905,795,1382,3082,47286
04-11-2018,15,15694,15870,9885,3834,45283,957,827,1418,3202,48485
04-11-2018,16,16005,16771,10263,4069,47108,1056,923,1546,3525,50633
04-11-2018,17,16232,17137,10305,4519,48193,1064,930,1575,3569,51762
04-11-2018,18,15889,17079,10295,4389,47652,1045,905,1547,3497,51149
04-11-2018,19,15711,16734,10009,4094,46548,1009,883,1462,3354,49902
04-11-2018,20,15545,16328,9656,3846,45375,959,834,1380,3173,48548
04-11-2018,21,15284,15554,9854,3588,44280,884,756,1263,2903,47183
04-11-2018,22,14780,14744,9672,3337,42533,818,680,1156,2654,45187
04-11-2018,23,14168,13954,9290,3090,40502,770,622,1090,2482,42984
05-11-2018,0,13752,13743,9010,2919,39424,738,592,1036,2366,41790
05-11-2018,1,13408,13607,8820,2832,38667,728,577,1014,2319,40986
05-11-2018,2,13447,13436,8742,2805,38430,737,576,1016,2329,40759
05-11-2018,3,13529,13377,8841,2816,38563,745,590,1037,2372,40935
05-11-2018,4,13661,13610,9167,2892,39330,787,645,1117,2549,41879
05-11-2018,5,13991,14261,10006,3180,41438,925,772,1367,3064,44502
05-11-2018,6,15359,16332,10585,3815,46091,1057,917,1548,3522,49613
05-11-2018,7,16737,17787,10692,4403,49619,1153,1018,1672,3843,53462
05-11-2018,8,17011,17942,10733,4573,50259,1183,1081,1733,3997,54256
05-11-2018,9,17122,18024,10722,4676,50544,1187,1077,1746,4010,54554
05-11-2018,10,16994,18173,10716,4807,50690,1170,1062,1741,3973,54663
05-11-2018,11,16861,18341,10659,4764,50625,1143,1036,1720,3899,54524
05-11-2018,12,16969,18265,10558,4634,50426,1173,1057,1741,3971,54397
05-11-2018,13,16856,18163,10502,4646,50167,1158,1045,1728,3931,54098
05-11-2018,14,16923,18244,10532,4605,50304,1162,1042,1719,3923,54227
05-11-2018,15,17038,18608,10802,4587,51035,1178,1058,1711,3947,54982
05-11-2018,16,17387,18942,10997,4756,52082,1203,1074,1750,4027,56109
05-11-2018,17,17385,19256,10902,5118,52661,1176,1052,1731,3959,56620
05-11-2018,18,17240,18961,10903,4876,51980,1142,1009,1683,3834,55814
05-11-2018,19,16970,18608,10640,4555,50773,1093,979,1610,3682,54455
05-11-2018,20,16565,17704,10112,4289,48670,1042,913,1496,3451,52121
05-11-2018,21,16151,16561,10189,3980,46881,952,814,1340,3106,49987
05-11-2018,22,15469,15282,9885,3624,44260,860,724,1209,2793,47053
05-11-2018,23,14724,14410,9448,3299,41881,804,657,1129,2590,44471
06-11-2018,0,14053,13733,9088,3153,40027,773,630,1104,2507,42534
06-11-2018,1,13731,13316,8923,2993,38963,760,609,1087,2456,41419
06-11-2018,2,13708,13058,8814,2997,38577,755,611,1081,2447,41024
06-11-2018,3,13700,12880,8825,3008,38413,765,620,1094,2479,40892
06-11-2018,4,13823,13187,9118,3087,39215,808,659,1158,2625,41840
06-11-2018,5,14334,14142,9890,3319,41685,937,784,1374,3095,44780
06-11-2018,6,15722,16041,10398,3949,46110,1080,920,1557,3557,49667
06-11-2018,7,16962,17125,10459,4480,49026,1165,1015,1667,3847,52873
06-11-2018,8,17199,17449,10511,4650,49809,1196,1058,1713,3967,53776
06-11-2018,9,17026,17605,10530,4689,49850,1195,1063,1715,3973,53823
06-11-2018,10,17035,17609,10567,4748,49959,1188,1048,1713,3949,53908
06-11-2018,11,16942,17637,10566,4708,49853,1163,1016,1694,3873,53726
06-11-2018,12,16752,17631,10501,4652,49536,1174,1032,1712,3918,53454
06-11-2018,13,16778,17571,10544,4659,49552,1171,1030,1706,3907,53459
06-11-2018,14,17012,17506,10632,4588,49738,1176,1024,1689,3889,53627
06-11-2018,15,17026,17543,10899,4492,49960,1190,1041,1701,3932,53892
06-11-2018,16,17286,18137,10994,4686,51103,1192,1061,1769,4022,55125
06-11-2018,17,17372,18330,10945,5136,51783,1166,1043,1753,3962,55745
06-11-2018,18,17224,18013,10898,4937,51072,1138,1004,1696,3838,54910
06-11-2018,19,17053,17773,10626,4626,50078,1106,962,1623,3691,53769
06-11-2018,20,16684,17144,10025,4320,48173,1046,903,1516,3465,51638
06-11-2018,21,16138,16283,10102,4008,46531,956,809,1364,3129,49660
06-11-2018,22,15525,15194,9798,3677,44194,865,726,1240,2831,47025
06-11-2018,23,14506,14222,9280,3348,41356,797,673,1178,2648,44004
07-11-2018,0,14166,13687,8899,3156,39908,767,626,1121,2514,42422
07-11-2018,1,13777,13347,8770,3038,38932,751,612,1095,2458,41390
07-11-2018,2,13623,13202,8727,2963,38515,750,613,1097,2460,40975
07-11-2018,3,13545,13245,8762,2982,38534,758,617,1100,2475,41009
07-11-2018,4,13682,13463,9031,3068,39244,798,657,1164,2619,41863
07-11-2018,5,13871,14283,9747,3338,41239,930,778,1374,3082,44321
07-11-2018,6,15382,16384,10242,4050,46058,1072,918,1553,3543,49601
07-11-2018,7,17012,17926,10270,4579,49787,1157,1006,1662,3825,53612
07-11-2018,8,17123,18025,10280,4701,50129,1189,1049,1710,3948,54077
07-11-2018,9,16984,17799,10296,4702,49781,1186,1052,1711,3949,53730
07-11-2018,10,16839,17856,10353,4761,49809,1182,1032,1708,3922,53731
07-11-2018,11,16806,17642,10368,4793,49609,1166,1004,1682,3852,53461
07-11-2018,12,16678,17670,10286,4764,49398,1185,1029,1718,3932,53330
07-11-2018,13,16705,17885,10180,4705,49475,1173,1029,1712,3914,53389
07-11-2018,14,16887,17874,10253,4625,49639,1177,1026,1710,3913,53552
07-11-2018,15,17072,18331,10440,4534,50377,1193,1046,1695,3934,54311
07-11-2018,16,17416,18534,10542,4727,51219,1210,1065,1735,4010,55229
07-11-2018,17,17205,18836,10483,5147,51671,1189,1047,1723,3959,55630
07-11-2018,18,17003,18437,10458,4955,50853,1153,1005,1667,3825,54678
07-11-2018,19,16614,18081,10287,4630,49612,1114,974,1602,3690,53302
07-11-2018,20,16350,17307,9762,4341,47760,1059,909,1501,3469,51229
07-11-2018,21,15942,16589,9871,4043,46445,971,823,1368,3162,49607
07-11-2018,22,15336,15523,9951,3673,44483,882,727,1236,2845,47328
07-11-2018,23,14652,14715,9458,3328,42153,822,668,1163,2653,44806
08-11-2018,0,14149,13951,9142,3164,40406,787,631,1113,2531,42937
08-11-2018,1,13736,13582,8539,3037,38894,771,621,1096,2488,41382
08-11-2018,2,13419,13350,8510,2968,38247,763,615,1091,2469,40716
08-11-2018,3,13483,13382,8583,2996,38444,775,630,1107,2512,40956
08-11-2018,4,13638,13710,8902,3083,39333,814,675,1185,2674,42007
08-11-2018,5,14262,14655,9725,3341,41983,945,795,1414,3154,45137
08-11-2018,6,15457,16517,10358,4013,46345,1086,935,1593,3614,49959
08-11-2018,7,16966,18000,10391,4580,49937,1167,1022,1703,3892,53829
08-11-2018,8,16857,18085,10410,4737,50089,1210,1067,1761,4038,54127
08-11-2018,9,16683,18168,10486,4715,50052,1206,1068,1759,4033,54085
08-11-2018,10,16667,18210,10489,4794,50160,1193,1057,1752,4002,54162
08-11-2018,11,16617,18109,10457,4759,49942,1172,1020,1720,3912,53854
08-11-2018,12,16498,18222,10362,4659,49741,1192,1049,1737,3978,53719
08-11-2018,13,16491,18267,10420,4674,49852,1177,1049,1715,3941,53793
08-11-2018,14,16477,18099,10351,4596,49523,1183,1042,1709,3934,53457
08-11-2018,15,16644,18196,10555,4475,49870,1201,1066,1715,3982,53852
08-11-2018,16,17056,18700,10635,4622,51013,1202,1076,1780,4058,55071
08-11-2018,17,17167,18904,10617,5069,51757,1174,1058,1757,3989,55746
08-11-2018,18,17013,18318,10659,4889,50879,1141,1017,1702,3860,54739
08-11-2018,19,16788,17845,10485,4546,49664,1099,977,1636,3712,53376
08-11-2018,20,16446,17223,9985,4289,47943,1041,919,1532,3492,51435
08-11-2018,21,16042,16366,10075,3983,46466,958,843,1383,3184,49650
08-11-2018,22,15459,15347,9840,3660,44306,870,748,1255,2873,47179
08-11-2018,23,14512,14493,9326,3352,41683,810,685,1187,2682,44365
09-11-2018,0,14087,13913,9016,3151,40167,775,646,1141,2562,42729
09-11-2018,1,13779,13397,8860,3111,39147,754,631,1117,2502,41649
09-11-2018,2,13562,13149,8773,3004,38488,748,615,1105,2468,40956
09-11-2018,3,13568,13194,8823,3011,38596,758,629,1118,2505,41101
09-11-2018,4,13656,13495,9245,3085,39481,800,674,1189,2663,42144
09-11-2018,5,14252,14360,10089,3326,42027,932,802,1417,3151,45178
09-11-2018,6,15613,16141,10636,3987,46377,1069,943,1600,3612,49989
09-11-2018,7,17019,17652,10735,4578,49984,1157,1028,1704,3889,53873
09-11-2018,8,17246,17813,10740,4714,50513,1189,1077,1752,4018,54531
09-11-2018,9,17077,17913,10753,4721,50464,1186,1070,1746,4002,54466
09-11-2018,10,16944,18024,10774,4779,50521,1186,1059,1740,3985,54506
09-11-2018,11,16740,18017,10738,4726,50221,1167,1028,1721,3916,54137
09-11-2018,12,16624,17988,10703,4597,49912,1187,1040,1737,3964,53876
09-11-2018,13,16511,17708,10593,4524,49336,1173,1034,1721,3928,53264
09-11-2018,14,16608,17537,10670,4439,49254,1171,1023,1704,3898,53152
09-11-2018,15,16670,17663,10934,4358,49625,1200,1050,1715,3965,53590
09-11-2018,16,17116,17952,10989,4525,50582,1215,1063,1770,4048,54630
09-11-2018,17,17248,18073,10998,4835,51154,1183,1041,1735,3959,55113
09-11-2018,18,17317,17434,10939,4639,50329,1132,995,1674,3801,54130
09-11-2018,19,16711,16761,10680,4265,48417,1104,957,1598,3659,52076
09-11-2018,20,16351,16011,10160,3995,46517,1047,898,1505,3450,49967
09-11-2018,21,15680,15085,10201,3730,44696,973,812,1369,3154,47850
09-11-2018,22,15284,14354,9885,3425,42948,886,738,1251,2875,45823
09-11-2018,23,14666,13477,9408,3271,40822,838,680,1173,2691,43513
10-11-2018,0,14023,12829,9087,3045,38984,799,636,1107,2542,41526
10-11-2018,1,13790,12488,8873,2876,38027,777,614,1075,2466,40493
10-11-2018,2,13676,12382,8791,2811,37660,768,609,1063,2440,40100
10-11-2018,3,13413,12301,8834,2789,37337,769,610,1068,2447,39784
10-11-2018,4,13340,12318,8934,2773,37365,788,630,1093,2511,39876
10-11-2018,5,13507,12631,9245,2842,38225,826,678,1189,2693,40918
10-11-2018,6,13766,13012,9384,3082,39244,879,736,1283,2898,42142
10-11-2018,7,14100,13607,9542,3405,40654,935,799,1385,3119,43773
10-11-2018,8,14730,14253,9676,3735,42394,998,855,1459,3312,45706
10-11-2018,9,15391,14946,9918,3954,44209,1030,886,1491,3407,47616
10-11-2018,10,15765,15544,10009,4057,45375,1036,896,1517,3449,48824
10-11-2018,11,15814,15707,10095,3990,45606,1032,885,1514,3431,49037
10-11-2018,12,15849,15742,10123,3937,45651,1032,883,1497,3412,49063
10-11-2018,13,15867,15799,10139,3916,45721,1035,885,1459,3379,49100
10-11-2018,14,15795,15766,10375,3897,45833,1044,882,1448,3374,49207
10-11-2018,15,15915,16128,10752,3946,46741,1090,916,1487,3493,50234
10-11-2018,16,16232,16738,10874,4222,48066,1111,954,1596,3661,51727
10-11-2018,17,16432,16937,10961,4538,48868,1094,940,1581,3615,52483
10-11-2018,18,16397,16518,10830,4220,47965,1065,907,1516,3488,51453
10-11-2018,19,16063,16050,10504,3913,46530,1028,880,1455,3363,49893
10-11-2018,20,15522,15466,10047,3682,44717,981,835,1384,3200,47917
10-11-2018,21,14965,14827,10162,3459,43413,916,765,1294,2975,46388
10-11-2018,22,14607,14159,9969,3320,42055,857,703,1183,2743,44798
10-11-2018,23,14023,13583,9493,3128,40227,807,646,1109,2562,42789
11-11-2018,0,13635,12982,9156,2834,38607,774,615,1083,2472,41079
11-11-2018,1,13405,12547,8937,2679,37568,753,594,1050,2397,39965
11-11-2018,2,13019,12415,8785,2598,36817,745,588,1027,2360,39177
11-11-2018,3,12861,12275,8784,2581,36501,743,591,1031,2365,38866
11-11-2018,4,12886,12346,8880,2596,36708,753,607,1054,2414,39122
11-11-2018,5,13146,12561,9076,2656,37439,785,643,1121,2549,39988
11-11-2018,6,13178,12885,9098,2843,38004,823,681,1179,2683,40687
11-11-2018,7,13357,13191,9331,3103,38982,858,723,1243,2824,41806
11-11-2018,8,13727,13835,9500,3363,40425,945,797,1360,3102,43527
11-11-2018,9,14177,14520,9674,3582,41953,984,832,1419,3235,45188
11-11-2018,10,14770,14966,9749,3840,43325,993,842,1433,3268,46593
11-11-2018,11,14780,15481,9844,3843,43948,995,845,1456,3296,47244
11-11-2018,12,14801,15651,9790,3749,43991,993,843,1463,3299,47290
11-11-2018,13,14969,15654,9722,3738,44083,992,843,1464,3299,47382
11-11-2018,14,14926,15793,9835,3743,44297,1001,854,1463,3318,47615
11-11-2018,15,15111,15999,10135,3772,45017,1052,890,1497,3439,48456
11-11-2018,16,15470,16634,10247,4027,46378,1084,931,1573,3588,49966
11-11-2018,17,15439,16675,10349,4565,47028,1074,926,1566,3566,50594
11-11-2018,18,15376,16701,10340,4470,46887,1058,908,1536,3502,50389
11-11-2018,19,15222,16376,10122,4183,45903,1022,886,1488,3396,49299
11-11-2018,20,15027,15629,9804,3867,44327,974,845,1406,3225,47552
11-11-2018,21,14870,15003,10079,3622,43574,904,764,1257,2925,46499
11-11-2018,22,14265,14131,9918,3318,41632,842,700,1152,2694,44326
11-11-2018,23,13602,13463,9463,3052,39580,788,644,1083,2515,42095
12-11-2018,0,13215,13262,9296,2943,38716,754,609,1042,2405,41121
12-11-2018,1,13094,13162,9086,2852,38194,740,599,1024,2363,40557
12-11-2018,2,12839,13189,9057,2797,37882,742,598,1039,2379,40261
12-11-2018,3,12720,13084,9128,2852,37784,753,606,1041,2400,40184
12-11-2018,4,12740,13350,9449,2883,38422,797,648,1120,2565,40987
12-11-2018,5,13273,14244,10284,3125,40926,932,778,1374,3084,44010
12-11-2018,6,14472,16065,10927,3857,45321,1090,934,1581,3605,48926
12-11-2018,7,15912,17524,11118,4463,49017,1198,1036,1701,3935,52952
12-11-2018,8,16266,17709,11070,4604,49649,1244,1095,1755,4094,53743
12-11-2018,9,16431,17848,11055,4622,49956,1245,1104,1761,4110,54066
12-11-2018,10,16260,17850,10903,4720,49733,1237,1096,1754,4087,53820
12-11-2018,11,16085,17795,10954,4706,49540,1229,1067,1734,4030,53570
12-11-2018,12,15978,17674,10911,4530,49093,1253,1088,1757,4098,53191
12-11-2018,13,15971,17858,10902,4532,49263,1247,1087,1746,4080,53343
12-11-2018,14,16062,18123,10991,4616,49792,1258,1087,1729,4074,53866
12-11-2018,15,16371,18246,11176,4564,50357,1271,1103,1740,4114,54471
12-11-2018,16,16757,18727,11211,4819,51514,1258,1096,1761,4115,55629
12-11-2018,17,16637,18915,11114,5170,51836,1230,1076,1728,4034,55870
12-11-2018,18,16457,18439,11045,4938,50879,1192,1025,1678,3895,54774
12-11-2018,19,16196,17997,10742,4605,49540,1137,981,1609,3727,53267
12-11-2018,20,16002,17265,10168,4256,47691,1080,920,1508,3508,51199
12-11-2018,21,15532,16218,10188,3963,45901,988,823,1356,3167,49068
12-11-2018,22,15036,15100,9873,3716,43725,893,741,1230,2864,46589
12-11-2018,23,13993,14085,9391,3392,40861,838,671,1151,2660,43521
13-11-2018,0,13579,13440,9086,3184,39289,810,636,1115,2561,41850
13-11-2018,1,13346,13225,8801,3110,38482,793,611,1097,2501,40983
13-11-2018,2,13240,13038,8745,3081,38104,798,612,1087,2497,40601
13-11-2018,3,13165,12856,8762,3091,37874,805,621,1101,2527,40401
13-11-2018,4,13200,13002,9118,3076,38396,844,664,1166,2674,41070
13-11-2018,5,13599,13738,9925,3301,40563,969,794,1397,3160,43723
13-11-2018,6,14945,15630,10527,3995,45097,1121,949,1604,3674,48771
13-11-2018,7,16333,17266,10729,4617,48945,1226,1037,1698,3961,52906
13-11-2018,8,16605,17365,10669,4727,49366,1253,1098,1745,4096,53462
13-11-2018,9,16412,17504,10624,4587,49127,1252,1100,1751,4103,53230
13-11-2018,10,16251,17645,10562,4739,49197,1248,1102,1741,4091,53288
13-11-2018,11,16148,17620,10505,4794,49067,1224,1072,1739,4035,53102
13-11-2018,12,16300,17348,10486,4735,48869,1243,1101,1761,4105,52974
13-11-2018,13,16493,17398,10528,4696,49115,1231,1088,1753,4072,53187
13-11-2018,14,16427,17349,10674,4693,49143,1241,1089,1754,4084,53227
13-11-2018,15,16676,17687,10962,4636,49961,1253,1107,1769,4129,54090
13-11-2018,16,17298,18434,11108,4823,51663,1241,1101,1783,4125,55788
13-11-2018,17,17163,18452,11030,5090,51735,1207,1079,1764,4050,55785
13-11-2018,18,17152,18044,11033,4860,51089,1171,1035,1700,3906,54995
13-11-2018,19,17228,17535,10776,4526,50065,1121,996,1649,3766,53831
13-11-2018,20,16883,16637,10220,4216,47956,1050,938,1541,3529,51485
13-11-2018,21,16510,15841,10218,3978,46547,948,840,1382,3170,49717
13-11-2018,22,15861,14953,9887,3583,44284,860,750,1243,2853,47137
13-11-2018,23,15078,13958,9354,3277,41667,801,685,1160,2646,44313
14-11-2018,0,14393,13295,9046,3070,39804,769,644,1118,2531,42335
14-11-2018,1,14133,13152,8866,2938,39089,762,624,1091,2477,41566
14-11-2018,2,14068,13016,8659,2897,38640,761,620,1080,2461,41101
14-11-2018,3,14183,13152,8755,2898,38988,769,625,1079,2473,41461
14-11-2018,4,14258,13465,9127,3025,39875,800,666,1154,2620,42495
14-11-2018,5,14905,14434,9941,3270,42550,922,790,1398,3110,45660
14-11-2018,6,16307,16532,10476,3914,47229,1081,937,1593,3611,50840
14-11-2018,7,17754,17814,10590,4553,50711,1161,1021,1692,3874,54585
14-11-2018,8,17977,18020,10553,4657,51207,1196,1070,1736,4002,55209
14-11-2018,9,17733,17927,10506,4690,50856,1189,1055,1730,3974,54830
14-11-2018,10,17420,17864,10495,4796,50575,1174,1050,1721,3945,54520
14-11-2018,11,17529,17862,10432,4779,50602,1151,1014,1692,3857,54459
14-11-2018,12,17534,17706,10365,4692,50297,1177,1042,1706,3925,54222
14-11-2018,13,17673,17886,10365,4706,50630,1170,1039,1701,3910,54540
14-11-2018,14,17942,17920,10487,4702,51051,1177,1030,1698,3905,54956
14-11-2018,15,18197,18218,10830,4633,51878,1208,1061,1709,3978,55856
14-11-2018,16,18502,18389,10850,4840,52581,1215,1070,1755,4040,56621
14-11-2018,17,18214,18468,10876,5157,52715,1189,1060,1733,3982,56697
14-11-2018,18,17546,17995,10870,4950,51361,1156,1022,1677,3855,55216
14-11-2018,19,17291,17148,10663,4622,49724,1112,982,1614,3708,53432
14-11-2018,20,16822,16723,10120,4313,47978,1052,929,1526,3507,51485
14-11-2018,21,16500,15928,10135,4084,46647,957,842,1373,3172,49819
14-11-2018,22,15728,15034,9835,3747,44344,860,748,1241,2849,47193
14-11-2018,23,14833,14136,9316,3396,41681,799,682,1163,2644,44325
15-11-2018,0,14178,13855,8975,3183,40191,763,647,1129,2539,42730
15-11-2018,1,13819,13765,8737,3072,39393,748,633,1112,2493,41886
15-11-2018,2,13628,13588,8716,3012,38944,740,626,1110,2476,41420
15-11-2018,3,13556,13910,8792,3010,39268,747,635,1123,2505,41773
15-11-2018,4,13532,13949,9088,3091,39660,785,678,1197,2660,42320
15-11-2018,5,13797,14868,9998,3366,42029,932,801,1426,3159,45188
15-11-2018,6,14933,16530,10584,4026,46073,1083,948,1589,3620,49693
15-11-2018,7,16328,17906,10724,4616,49574,1160,1027,1687,3874,53448
15-11-2018,8,16566,17667,10691,4750,49674,1198,1072,1734,4004,53678
15-11-2018,9,16425,17554,10614,4718,49311,1191,1055,1735,3981,53292
15-11-2018,10,16307,17691,10551,4746,49295,1183,1044,1733,3960,53255
15-11-2018,11,16142,17433,10530,4592,48697,1166,1018,1707,3891,52588
15-11-2018,12,16194,17332,10523,4399,48448,1185,1041,1725,3951,52399
15-11-2018,13,16156,17256,10527,4387,48326,1177,1035,1703,3915,52241
15-11-2018,14,16191,17358,10635,4420,48604,1182,1039,1702,3923,52527
15-11-2018,15,16254,18001,10884,4426,49565,1207,1079,1728,4014,53579
15-11-2018,16,16674,18270,10867,4693,50504,1204,1082,1770,4056,54560
15-11-2018,17,16656,18500,10750,5079,50985,1181,1068,1744,3993,54978
15-11-2018,18,16459,18048,10837,4859,50203,1144,1021,1689,3854,54057
15-11-2018,19,16048,17491,10524,4516,48579,1104,983,1630,3717,52296
15-11-2018,20,15925,17050,10069,4269,47313,1050,927,1533,3510,50823
15-11-2018,21,15446,16069,10108,3947,45570,968,837,1376,3181,48751
15-11-2018,22,14968,15106,9809,3592,43475,877,747,1250,2874,46349
15-11-2018,23,14170,14042,9301,3303,40816,813,684,1176,2673,43489
16-11-2018,0,13743,13294,8943,3086,39066,778,645,1140,2563,41629
16-11-2018,1,13309,12880,8810,3015,38014,762,626,1117,2505,40519
16-11-2018,2,13306,12737,8748,2963,37754,753,618,1103,2474,40228
16-11-2018,3,13269,12802,8817,2971,37859,772,627,1119,2518,40377
16-11-2018,4,13219,12910,9104,3029,38262,819,667,1201,2687,40949
16-11-2018,5,13761,14048,9992,3311,41112,955,804,1437,3196,44308
16-11-2018,6,14860,16071,10558,3987,45476,1095,947,1620,3662,49138
16-11-2018,7,16265,17930,10570,4591,49356,1174,1031,1720,3925,53281
16-11-2018,8,16793,18012,10533,4747,50085,1209,1075,1772,4056,54141
16-11-2018,9,16486,17823,10523,4671,49503,1205,1066,1786,4057,53560
16-11-2018,10,16284,17775,10542,4678,49279,1189,1059,1774,4022,53301
16-11-2018,11,16269,17580,10526,4579,48954,1154,1025,1747,3926,52880
16-11-2018,12,16186,17263,10417,4448,48314,1172,1031,1764,3967,52281
16-11-2018,13,16249,16946,10432,4336,47963,1158,1021,1736,3915,51878
16-11-2018,14,16066,17107,10483,4219,47875,1160,1017,1721,3898,51773
16-11-2018,15,16247,17230,10798,4180,48455,1186,1053,1735,3974,52429
16-11-2018,16,16621,17734,10921,4487,49763,1185,1074,1782,4041,53804
16-11-2018,17,16599,17971,10898,4862,50330,1149,1056,1739,3944,54274
16-11-2018,18,16275,17343,10795,4676,49089,1117,1008,1693,3818,52907
16-11-2018,19,15922,16703,10478,4320,47423,1073,974,1624,3671,51094
16-11-2018,20,15484,16093,9992,4066,45635,1012,914,1528,3454,49089
16-11-2018,21,15086,15316,10151,3822,44375,943,841,1400,3184,47559
16-11-2018,22,14592,14582,9789,3576,42539,856,765,1284,2905,45444
16-11-2018,23,14082,13999,9308,3252,40641,803,701,1207,2711,43352
17-11-2018,0,13654,13673,8923,3035,39285,773,660,1147,2580,41865
17-11-2018,1,13440,13251,8689,2902,38282,750,646,1118,2514,40796
17-11-2018,2,13314,13015,8559,2798,37686,731,627,1104,2462,40148
17-11-2018,3,13172,12992,8678,2796,37638,736,638,1110,2484,40122
17-11-2018,4,13092,13327,8769,2820,38008,755,659,1140,2554,40562
17-11-2018,5,13208,13401,9061,2943,38613,788,707,1238,2733,41346
17-11-2018,6,13660,13815,9244,3159,39878,841,762,1341,2944,42822
17-11-2018,7,14215,14825,9331,3542,41913,894,817,1428,3139,45052
17-11-2018,8,14835,15417,9427,3824,43503,953,878,1521,3352,46855
17-11-2018,9,15510,16023,9619,3991,45143,989,910,1551,3450,48593
17-11-2018,10,15883,16325,9732,4067,46007,1000,919,1564,3483,49490
17-11-2018,11,16012,16478,9703,4023,46216,994,915,1552,3461,49677
17-11-2018,12,15921,16345,9673,3959,45898,991,912,1545,3448,49346
17-11-2018,13,15841,16065,9692,3904,45502,990,921,1512,3423,48925
17-11-2018,14,15890,16039,9934,3866,45729,997,915,1511,3423,49152
17-11-2018,15,16154,16437,10422,3885,46898,1054,950,1573,3577,50475
17-11-2018,16,16436,17209,10720,4177,48542,1067,979,1634,3680,52222
17-11-2018,17,16545,17321,10776,4626,49268,1049,953,1606,3608,52876
17-11-2018,18,16441,16867,10631,4498,48437,1023,915,1606,3544,51981
17-11-2018,19,16159,16379,10308,4209,47055,989,889,1499,3377,50432
17-11-2018,20,15608,15857,9861,3957,45283,945,852,1428,3225,48508
17-11-2018,21,15335,15347,10072,3757,44511,885,789,1317,2991,47502
17-11-2018,22,15042,14891,9921,3542,43396,823,726,1217,2766,46162
17-11-2018,23,14643,14397,9453,3303,41796,772,665,1123,2560,44356
18-11-2018,0,14345,13895,9062,3153,40455,746,628,1080,2454,42909
18-11-2018,1,13961,13403,8889,2975,39228,727,607,1054,2388,41616
18-11-2018,2,13871,13292,8823,2909,38895,717,594,1043,2354,41249
18-11-2018,3,13862,13228,8787,2870,38747,710,593,1046,2349,41096
18-11-2018,4,13936,13114,8869,2870,38789,722,615,1068,2405,41194
18-11-2018,5,14064,13347,9048,2918,39377,761,644,1133,2538,41915
18-11-2018,6,14250,13693,9155,3116,40214,800,686,1193,2679,42893
18-11-2018,7,14563,14090,9200,3349,41202,835,716,1251,2802,44004
18-11-2018,8,15069,14575,9220,3623,42487,899,776,1358,3033,45520
18-11-2018,9,15820,15473,9434,3829,44556,949,818,1421,3188,47744
18-11-2018,10,15967,15962,9634,3938,45501,963,832,1443,3238,48739
18-11-2018,11,16000,16360,9757,3945,46062,959,840,1450,3249,49311
18-11-2018,12,16064,16480,9748,3854,46146,956,830,1445,3231,49377
18-11-2018,13,16020,16348,9769,3833,45970,961,818,1438,3217,49187
18-11-2018,14,16135,16389,10063,3851,46438,989,827,1437,3253,49691
18-11-2018,15,16594,16805,10479,3969,47847,1073,872,1505,3450,51297
18-11-2018,16,17181,17473,10602,4322,49578,1105,893,1601,3599,53177
18-11-2018,17,17357,17715,10736,4737,50545,1101,878,1599,3578,54123
18-11-2018,18,17213,17619,10706,4571,50109,1080,840,1569,3489,53598
18-11-2018,19,17161,17305,10502,4261,49229,1044,810,1505,3359,52588
18-11-2018,20,16858,16642,10200,3914,47614,983,770,1417,3170,50784
18-11-2018,21,16483,16088,10458,3675,46704,917,727,1290,2934,49638
18-11-2018,22,16130,15344,10292,3387,45153,848,689,1176,2713,47866
18-11-2018,23,15514,14653,9950,3180,43297,796,649,1100,2545,45842
19-11-2018,0,15152,14447,9731,3037,42367,769,608,1072,2449,44816
19-11-2018,1,14964,14285,9530,2974,41753,758,589,1054,2401,44154
19-11-2018,2,14921,14300,9453,2955,41629,756,577,1044,2377,44006
19-11-2018,3,14952,14254,9546,2963,41715,771,580,1060,2411,44126
19-11-2018,4,15117,14356,9937,3066,42476,815,606,1144,2565,45041
19-11-2018,5,15685,15400,10738,3323,45146,963,653,1401,3017,48163
19-11-2018,6,17135,17464,11326,4021,49946,1105,702,1627,3434,53380
19-11-2018,7,18866,19426,11442,4785,54519,1196,749,1740,3685,58204
19-11-2018,8,19220,19676,11424,4900,55220,1232,819,1799,3850,59070
19-11-2018,9,19008,19556,11396,4913,54873,1240,868,1814,3922,58795
19-11-2018,10,18984,19641,11341,4990,54956,1237,881,1810,3928,58884
19-11-2018,11,18850,19569,11343,4967,54729,1225,874,1788,3887,58616
19-11-2018,12,18820,19400,11236,4940,54396,1250,882,1810,3942,58338
19-11-2018,13,18926,19318,11220,4961,54425,1245,877,1794,3916,58341
19-11-2018,14,18936,19299,11326,4912,54473,1253,882,1781,3916,58389
19-11-2018,15,19163,19805,11652,4845,55465,1277,937,1792,4006,59471
19-11-2018,16,19601,20150,11673,5051,56475,1286,973,1819,4078,60553
19-11-2018,17,19698,20235,11607,5430,56970,1252,972,1789,4013,60983
19-11-2018,18,19147,20058,11582,5118,55905,1207,950,1734,3891,59796
19-11-2018,19,18864,19535,11395,4786,54580,1165,922,1676,3763,58343
19-11-2018,20,18557,18696,10914,4507,52674,1110,875,1568,3553,56227
19-11-2018,21,18010,17700,11029,4196,50935,1010,786,1409,3205,54140
19-11-2018,22,17362,16430,10690,3878,48360,920,712,1253,2885,51245
19-11-2018,23,16564,15880,10314,3567,46325,859,653,1174,2686,49011
20-11-2018,0,15954,15648,10060,3375,45037,840,615,1137,2592,47629
20-11-2018,1,15544,15332,9845,3266,43987,844,600,1115,2559,46546
20-11-2018,2,15496,15125,9762,3236,43619,837,594,1117,2548,46167
20-11-2018,3,15582,15040,9854,3269,43745,846,609,1131,2586,46331
20-11-2018,4,15753,15235,10234,3332,44554,856,657,1202,2715,47269
20-11-2018,5,16255,16069,11065,3572,46961,980,789,1449,3218,50179
20-11-2018,6,17672,17985,11508,4248,51413,1138,950,1665,3753,55166
20-11-2018,7,19301,19562,11634,4922,55419,1228,1044,1772,4044,59463
20-11-2018,8,19392,19686,11556,4601,55235,1255,1108,1816,4179,59414
20-11-2018,9,19331,19755,11468,4993,55547,1257,1107,1813,4177,59724
20-11-2018,10,19143,19702,11429,5084,55358,1241,1097,1807,4145,59503
20-11-2018,11,19227,19536,11373,5049,55185,1226,1068,1780,4074,59259
20-11-2018,12,19058,19382,11291,4929,54660,1249,1088,1793,4130,58790
20-11-2018,13,19032,19320,11204,4960,54516,1242,1086,1784,4112,58628
20-11-2018,14,19072,19635,11317,4994,55018,1247,1091,1791,4129,59147
20-11-2018,15,19268,20102,11576,4905,55851,1276,1129,1823,4228,60079
20-11-2018,16,19826,20389,11574,5133,56922,1267,1114,1848,4229,61151
20-11-2018,17,19816,20694,11504,5373,57387,1233,1093,1814,4140,61527
20-11-2018,18,19552,20403,11516,5148,56619,1196,1050,1760,4006,60625
20-11-2018,19,19205,19851,11193,4862,55111,1150,1010,1693,3853,58964
20-11-2018,20,19007,19223,10694,4564,53488,1095,947,1587,3629,57117
20-11-2018,21,18526,18376,10718,4218,51838,998,854,1435,3287,55125
20-11-2018,22,17910,17225,10525,3924,49584,904,766,1282,2952,52536
20-11-2018,23,16974,16228,10045,3654,46901,843,696,1200,2739,49640
21-11-2018,0,16370,15519,9673,3404,44966,806,663,1159,2628,47594
21-11-2018,1,16156,15261,9476,3326,44219,792,647,1136,2575,46794
21-11-2018,2,15915,15159,9402,3256,43732,794,642,1129,2565,46297
21-11-2018,3,15915,15188,9456,3274,43833,809,651,1144,2604,46437
21-11-2018,4,15945,15316,9872,3397,44530,850,698,1220,2768,47298
21-11-2018,5,16542,16087,10789,3685,47103,985,825,1461,3271,50374
21-11-2018,6,17932,18383,11329,4314,51958,1141,970,1674,3785,55743
21-11-2018,7,19423,20097,11479,4901,55900,1232,1063,1779,4074,59974
21-11-2018,8,19740,19947,11421,5027,56135,1266,1109,1833,4208,60343
21-11-2018,9,19226,20031,11341,5068,55666,1268,1106,1759,4133,59799
21-11-2018,10,19239,19868,11268,5113,55488,1260,1092,1818,4170,59658
21-11-2018,11,18913,19747,11205,5034,54899,1241,1063,1801,4105,59004
21-11-2018,12,18868,19821,11128,4956,54773,1263,1089,1818,4170,58943
21-11-2018,13,18870,19735,11156,4923,54684,1255,1091,1811,4157,58841
21-11-2018,14,19149,19783,11324,4871,55127,1271,1091,1815,4177,59304
21-11-2018,15,19469,20158,11743,4855,56225,1308,1122,1842,4272,60497
21-11-2018,16,19845,20546,11891,5082,57364,1302,1111,1857,4270,61634
21-11-2018,17,19843,20803,11929,5417,57992,1268,1094,1817,4179,62171
21-11-2018,18,19530,20201,12025,5137,56893,1225,1050,1762,4037,60930
21-11-2018,19,19225,19671,11661,4792,55349,1185,1017,1698,3900,59249
21-11-2018,20,18920,19067,11105,4526,53618,1121,953,1593,3667,57285
21-11-2018,21,18465,18209,11114,4249,52037,1030,861,1452,3343,55380
21-11-2018,22,17734,17094,10786,3931,49545,942,777,1319,3038,52583
21-11-2018,23,16909,16214,10217,3543,46883,882,707,1237,2826,49709
22-11-2018,0,16523,15718,9936,3415,45592,853,672,1182,2707,48299
22-11-2018,1,16164,15597,9731,3271,44763,834,657,1169,2660,47423
22-11-2018,2,16006,15440,9675,3190,44311,818,651,1161,2630,46941
22-11-2018,3,16032,15336,9779,3231,44378,818,659,1177,2654,47032
22-11-2018,4,16296,15545,10185,3297,45323,848,706,1247,2801,48124
22-11-2018,5,16789,16551,10993,3519,47852,972,833,1487,3292,51144
22-11-2018,6,18348,18763,11508,4184,52803,1133,986,1697,3816,56619
22-11-2018,7,20027,20350,11656,4812,56845,1213,1075,1807,4095,60940
22-11-2018,8,20457,20416,11537,4956,57366,1236,1120,1868,4224,61590
22-11-2018,9,20191,20240,11524,4931,56886,1238,1120,1870,4228,61114
22-11-2018,10,19953,20558,11484,5077,57072,1230,1110,1860,4200,61272
22-11-2018,11,19841,20654,11413,5074,56982,1214,1075,1839,4128,61110
22-11-2018,12,19529,20711,11273,4989,56502,1239,1104,1849,4192,60694
22-11-2018,13,19582,20626,11304,4978,56490,1232,1105,1837,4174,60664
22-11-2018,14,19720,20913,11423,4893,56949,1240,1111,1837,4188,61137
22-11-2018,15,19968,21475,11722,4871,58036,1261,1143,1862,4266,62302
22-11-2018,16,20406,21666,11726,5051,58849,1255,1125,1883,4263,63112
22-11-2018,17,20483,21652,11663,5363,59161,1230,1095,1826,4151,63312
22-11-2018,18,20152,21185,11654,5143,58134,1196,1045,1761,4002,62136
22-11-2018,19,20123,20792,11483,4855,57253,1157,1008,1703,3868,61121
22-11-2018,20,19725,20281,10969,4565,55540,1110,949,1599,3658,59198
22-11-2018,21,19351,19713,11108,4225,54397,1014,859,1445,3318,57715
22-11-2018,22,18608,18689,10908,3905,52110,926,777,1325,3028,55138
22-11-2018,23,17760,17666,10428,3593,49447,864,709,1239,2812,52259
23-11-2018,0,17348,17131,10181,3409,48069,833,671,1191,2695,50764
23-11-2018,1,17068,16694,10034,3291,47087,811,652,1168,2631,49718
23-11-2018,2,16822,16539,10007,3228,46596,808,648,1159,2615,49211
23-11-2018,3,16821,16544,10119,3243,46727,819,659,1173,2651,49378
23-11-2018,4,16916,16693,10534,3332,47475,865,701,1256,2822,50297
23-11-2018,5,17537,17454,11424,3604,50019,996,825,1486,3307,53326
23-11-2018,6,18955,19589,11987,4201,54732,1158,976,1692,3826,58558
23-11-2018,7,20695,20801,11941,4772,58209,1242,1067,1793,4102,62311
23-11-2018,8,20906,21094,11786,4981,58767,1273,1120,1833,4226,62993
23-11-2018,9,20810,21140,11838,5089,58877,1282,1118,1839,4239,63116
23-11-2018,10,20715,21284,11862,5112,58973,1267,1109,1835,4211,63184
23-11-2018,11,20519,21053,11771,5088,58431,1252,1072,1801,4125,62556
23-11-2018,12,20231,21067,11633,4980,57911,1265,1087,1817,4169,62080
23-11-2018,13,20018,20983,11574,4869,57444,1254,1083,1811,4148,61592
23-11-2018,14,20266,20869,11644,4753,57532,1252,1083,1786,4121,61653
23-11-2018,15,20435,20997,11832,4719,57983,1281,1116,1813,4210,62193
23-11-2018,16,20585,21219,11890,4913,58607,1255,1099,1834,4188,62795
23-11-2018,17,20497,21045,11789,5064,58395,1216,1080,1790,4086,62481
23-11-2018,18,20294,20630,11698,4930,57552,1164,1031,1734,3929,61481
23-11-2018,19,19957,20223,11399,4610,56189,1129,1000,1660,3789,59978
23-11-2018,20,19547,19380,10938,4296,54161,1062,946,1571,3579,57740
23-11-2018,21,19233,18719,11020,4047,53019,994,868,1447,3309,56328
23-11-2018,22,18793,17947,10712,3778,51230,920,797,1346,3063,54293
23-11-2018,23,18238,17363,10248,3526,49375,859,734,1264,2857,52232
24-11-2018,0,17417,16691,9888,3292,47288,822,689,1202,2713,50001
24-11-2018,1,17115,16356,9656,3132,46259,796,662,1169,2627,48886
24-11-2018,2,16979,16252,9546,3047,45824,793,656,1157,2606,48430
24-11-2018,3,16907,16260,9528,3020,45715,790,656,1150,2596,48311
24-11-2018,4,16925,16410,9656,3041,46032,808,675,1179,2662,48694
24-11-2018,5,17077,16700,10000,3137,46914,847,720,1267,2834,49748
24-11-2018,6,17390,17275,10205,3352,48222,905,798,1385,3088,51310
24-11-2018,7,17776,17836,10454,3650,49716,949,866,1467,3282,52998
24-11-2018,8,18398,18402,10521,3926,51247,1004,934,1566,3504,54751
24-11-2018,9,19088,19093,10654,4168,53003,1041,970,1620,3631,56634
24-11-2018,10,19364,19175,10666,4298,53503,1047,973,1639,3659,57162
24-11-2018,11,19140,19341,10571,4317,53369,1036,970,1637,3643,57012
24-11-2018,12,19057,19423,10535,4246,53261,1040,964,1631,3635,56896
24-11-2018,13,18938,19365,10481,4213,52997,1037,955,1617,3609,56606
24-11-2018,14,18878,19336,10840,4191,53245,1053,960,1620,3633,56878
24-11-2018,15,19000,19775,11340,4228,54343,1116,1008,1676,3800,58143
24-11-2018,16,19383,20444,11585,4444,55856,1126,1013,1696,3835,59691
24-11-2018,17,19457,20614,11653,4784,56508,1111,996,1660,3767,60275
24-11-2018,18,19285,20039,11548,4656,55528,1084,962,1618,3664,59192
24-11-2018,19,19030,19362,11198,4340,53930,1046,931,1541,3518,57448
24-11-2018,20,18700,18731,10784,4081,52296,1005,886,1480,3371,55667
24-11-2018,21,18279,18246,11012,3839,51376,946,830,1375,3151,54527
24-11-2018,22,17948,17463,10856,3607,49874,892,758,1274,2924,52798
24-11-2018,23,17536,17049,10378,3433,48396,846,696,1184,2726,51122
25-11-2018,0,17299,16618,10077,3241,47235,817,659,1127,2603,49838
25-11-2018,1,16969,16316,9857,3093,46235,803,642,1104,2549,48784
25-11-2018,2,16842,16029,9784,3016,45671,800,631,1094,2525,48196
25-11-2018,3,16728,16087,9773,2975,45563,803,632,1096,2531,48094
25-11-2018,4,16731,16201,9872,2985,45789,813,646,1113,2572,48361
25-11-2018,5,16843,16520,10072,3057,46492,845,681,1185,2711,49203
25-11-2018,6,17157,16910,10129,3233,47429,892,731,1252,2875,50304
25-11-2018,7,17435,17589,10323,3523,48870,940,774,1310,3024,51894
25-11-2018,8,17906,18182,10463,3796,50347,1012,848,1416,3276,53623
25-11-2018,9,18481,18961,10677,4020,52139,1044,890,1505,3439,55578
25-11-2018,10,18916,19584,10796,4144,53440,1049,899,1522,3470,56910
25-11-2018,11,18901,19551,10809,4187,53448,1044,894,1531,3469,56917
25-11-2018,12,18757,19501,10761,4175,53194,1038,889,1549,3476,56670
25-11-2018,13,18743,19209,10746,4146,52844,1038,886,1544,3468,56312
25-11-2018,14,18873,19407,10977,4125,53382,1062,894,1544,3500,56882
25-11-2018,15,19174,19960,11397,4150,54681,1139,952,1614,3705,58386
25-11-2018,16,19606,20797,11567,4499,56469,1171,985,1668,3824,60293
25-11-2018,17,19588,20960,11637,4830,57015,1163,979,1661,3803,60818
25-11-2018,18,19516,20810,11571,4763,56660,1138,960,1631,3729,60389
25-11-2018,19,19437,20468,11364,4486,55755,1102,945,1571,3618,59373
25-11-2018,20,19282,19941,10991,4227,54441,1057,906,1490,3453,57894
25-11-2018,21,18929,19172,11298,3974,53373,982,827,1344,3153,56526
25-11-2018,22,18461,18325,11135,3717,51638,923,753,1232,2908,54546
25-11-2018,23,17787,17585,10724,3466,49562,877,718,1173,2768,52330
26-11-2018,0,17219,17035,10497,3309,48060,850,725,1154,2729,50789
26-11-2018,1,16908,16712,10320,3212,47152,842,748,1133,2723,49875
26-11-2018,2,16795,16576,10287,3205,46863,833,706,1125,2664,49527
26-11-2018,3,16941,16754,10387,3325,47407,838,662,1135,2635,50042
26-11-2018,4,17050,17074,10794,3422,48340,895,713,1210,2818,51158
26-11-2018,5,17770,17971,11697,3678,51116,1039,842,1461,3342,54458
26-11-2018,6,19196,20145,12180,4291,55812,1201,995,1675,3871,59683
26-11-2018,7,20945,21609,12207,4948,59709,1295,1073,1804,4172,63881
26-11-2018,8,21349,22103,12093,5216,60761,1326,1125,1864,4315,65076
26-11-2018,9,21196,22035,12003,5165,60399,1321,1152,1859,4332,64731
26-11-2018,10,21067,21855,11936,5164,60022,1299,1148,1855,4302,64324
26-11-2018,11,20785,21596,11893,5093,59367,1272,1107,1833,4212,63579
26-11-2018,12,20616,21416,11795,4993,58820,1309,1126,1841,4276,63096
26-11-2018,13,20482,21313,11761,4984,58540,1293,1113,1828,4234,62774
26-11-2018,14,20644,21455,11846,4914,58859,1304,1116,1823,4243,63102
26-11-2018,15,20947,21790,12047,4910,59694,1313,1147,1858,4318,64012
26-11-2018,16,21443,22259,12025,5225,60952,1299,1128,1862,4289,65241
26-11-2018,17,21168,22659,11900,5559,61286,1273,1104,1824,4201,65487
26-11-2018,18,20966,22383,11959,5325,60633,1236,1065,1768,4069,64702
26-11-2018,19,20914,21946,11838,4980,59678,1197,1041,1712,3950,63628
26-11-2018,20,20740,21159,11372,4686,57957,1129,972,1605,3706,61663
26-11-2018,21,20324,20574,11451,4388,56737,1050,884,1447,3381,60118
26-11-2018,22,19644,19498,11202,4037,54381,962,796,1325,3083,57464
26-11-2018,23,18891,18619,10755,3710,51975,901,739,1257,2897,54872
27-11-2018,0,18211,17892,10422,3522,50047,874,702,1202,2778,52825
27-11-2018,1,17774,17900,10175,3425,49274,860,672,1180,2712,51986
27-11-2018,2,17623,17728,10153,3362,48866,853,661,1166,2680,51546
27-11-2018,3,17689,17946,10257,3371,49263,863,673,1187,2723,51986
27-11-2018,4,17935,18401,10695,3474,50505,906,722,1256,2884,53389
27-11-2018,5,18618,19530,11507,3743,53398,1039,846,1483,3368,56766
27-11-2018,6,20078,21643,11979,4426,58126,1194,995,1692,3881,62007
27-11-2018,7,21601,23149,12027,5047,61824,1280,1077,1804,4161,65985
27-11-2018,8,22026,23421,11854,5217,62518,1310,1127,1843,4280,66798
27-11-2018,9,21789,23256,11709,5148,61902,1295,1123,1844,4262,66164
27-11-2018,10,21558,23121,11765,5252,61696,1286,1101,1812,4199,65895
27-11-2018,11,21230,22755,11762,5151,60898,1258,1065,1777,4100,64998
27-11-2018,12,21024,22137,11786,5076,60023,1270,1089,1783,4142,64165
27-11-2018,13,20951,22097,11799,5037,59884,1266,1089,1773,4128,64012
27-11-2018,14,21099,22275,11994,4965,60333,1295,1094,1778,4167,64500
27-11-2018,15,21288,22814,12155,4932,61189,1345,1145,1837,4327,65516
27-11-2018,16,21624,23437,12112,5194,62367,1338,1143,1877,4358,66725
27-11-2018,17,21509,23593,12144,5548,62794,1307,1124,1831,4262,67056
27-11-2018,18,21228,23240,12154,5338,61960,1264,1083,1779,4126,66086
27-11-2018,19,21115,23008,11954,4981,61058,1216,1052,1716,3984,65042
27-11-2018,20,20997,22752,11460,4724,59933,1146,1003,1616,3765,63698
27-11-2018,21,20436,21990,11499,4425,58350,1058,913,1470,3441,61791
27-11-2018,22,19958,20683,11257,4073,55971,969,825,1344,3138,59109
27-11-2018,23,19048,19659,10736,3763,53206,918,755,1275,2948,56154
28-11-2018,0,18438,18952,10482,3633,51505,892,724,1227,2843,54348
28-11-2018,1,17985,18758,10295,3480,50518,879,702,1208,2789,53307
28-11-2018,2,17754,18773,10224,3439,50190,872,695,1203,2770,52960
28-11-2018,3,17601,18885,10366,3468,50320,882,704,1227,2813,53133
28-11-2018,4,17875,19259,10764,3543,51441,923,746,1293,2962,54403
28-11-2018,5,18504,20251,11591,3832,54178,1059,877,1543,3479,57657
28-11-2018,6,20078,22433,11932,4481,58924,1217,1038,1770,4025,62949
28-11-2018,7,21620,23982,12049,5153,62804,1311,1121,1878,4310,67114
28-11-2018,8,22058,24031,11869,5328,63286,1348,1168,1931,4447,67733
28-11-2018,9,21958,23556,11773,5342,62629,1337,1172,1936,4445,67074
28-11-2018,10,21652,23347,11802,5355,62156,1316,1155,1931,4402,66558
28-11-2018,11,21213,23169,11792,5261,61435,1278,1111,1892,4281,65716
28-11-2018,12,21262,22755,11654,5204,60875,1291,1128,1909,4328,65203
28-11-2018,13,21097,22695,11785,5190,60767,1283,1119,1893,4295,65062
28-11-2018,14,21398,22801,11997,5118,61314,1310,1132,1839,4281,65595
28-11-2018,15,21713,23592,12124,5077,62506,1365,1192,1929,4486,66992
28-11-2018,16,21770,23900,12192,5345,63207,1380,1187,1936,4503,67710
28-11-2018,17,21362,23376,12254,5635,62627,1357,1164,1891,4412,67039
28-11-2018,18,20845,22856,12297,5400,61398,1314,1122,1829,4265,65663
28-11-2018,19,20676,22368,12038,5073,60155,1261,1088,1771,4120,64275
28-11-2018,20,20253,21501,11386,4792,57932,1206,1023,1661,3890,61822
28-11-2018,21,19953,20757,11437,4499,56646,1120,933,1504,3557,60203
28-11-2018,22,19209,19413,11173,4147,53942,1018,838,1363,3219,57161
28-11-2018,23,18358,18170,10706,3837,51071,954,772,1265,2991,54062
29-11-2018,0,17577,17625,10385,3618,49205,925,736,1229,2890,52095
29-11-2018,1,17015,17327,10164,3497,48003,910,720,1201,2831,50834
29-11-2018,2,16913,17176,10090,3448,47627,907,720,1200,2827,50454
29-11-2018,3,16840,17196,10175,3454,47665,917,733,1217,2867,50532
29-11-2018,4,16842,17411,10609,3529,48391,961,782,1289,3032,51423
29-11-2018,5,17142,17933,11509,3810,50394,1095,900,1530,3525,53919
29-11-2018,6,18747,20003,11881,4436,55067,1238,1064,1750,4052,59119
29-11-2018,7,20238,21707,12070,5105,59120,1348,1154,1880,4382,63502
29-11-2018,8,20290,21738,11903,5324,59255,1369,1206,1932,4507,63762
29-11-2018,9,20123,21723,11837,5340,59023,1362,1206,1929,4497,63520
29-11-2018,10,19805,21919,11764,5425,58913,1353,1188,1923,4464,63377
29-11-2018,11,19592,21834,11718,5401,58545,1336,1152,1870,4358,62903
29-11-2018,12,19412,21681,11692,5322,58107,1349,1170,1876,4395,62502
29-11-2018,13,19610,21917,11652,5320,58499,1346,1170,1856,4372,62871
29-11-2018,14,19529,21922,11915,5244,58610,1370,1170,1874,4414,63024
29-11-2018,15,19640,22199,12054,5193,59086,1400,1218,1932,4550,63636
29-11-2018,16,19971,23046,12056,5380,60453,1388,1205,1952,4545,64998
29-11-2018,17,19786,22825,12040,5636,60287,1357,1180,1920,4457,64744
29-11-2018,18,19239,21858,11961,5385,58443,1320,1133,1862,4315,62758
29-11-2018,19,19141,21249,11696,5048,57134,1272,1085,1794,4151,61285
29-11-2018,20,18430,20551,11212,4751,54944,1212,1018,1681,3911,58855
29-11-2018,21,18085,19526,11260,4489,53360,1128,927,1520,3575,56935
29-11-2018,22,17379,18539,10992,4094,51004,1032,838,1388,3258,54262
29-11-2018,23,16728,17512,10523,3737,48500,968,763,1300,3031,51531
30-11-2018,0,15902,16894,10279,3503,46578,938,730,1252,2920,49498
30-11-2018,1,15512,16479,10080,3368,45439,919,707,1225,2851,48290
30-11-2018,2,15316,16380,10044,3278,45018,909,702,1225,2836,47854
30-11-2018,3,15148,16187,10123,3316,44774,915,713,1241,2869,47643
30-11-2018,4,14998,16459,10489,3406,45352,949,758,1316,3023,48375
30-11-2018,5,15803,17596,11315,3659,48373,1084,885,1556,3525,51898
30-11-2018,6,16968,19172,11789,4294,52223,1242,1036,1781,4059,56282
30-11-2018,7,18316,21080,12048,4960,56404,1333,1130,1892,4355,60759
30-11-2018,8,18668,21491,11999,5082,57240,1355,1173,1914,4442,61682
30-11-2018,9,18536,21261,11829,5091,56717,1351,1168,1896,4415,61132
30-11-2018,10,18467,21402,11782,5112,56763,1341,1145,1877,4363,61126
30-11-2018,11,18369,21286,11774,5078,56507,1310,1105,1843,4258,60765
30-11-2018,12,18225,21097,11711,4940,55973,1324,1129,1849,4302,60275
30-11-2018,13,18371,20942,11721,4869,55903,1313,1117,1835,4265,60168
30-11-2018,14,18406,21016,11899,4684,56005,1321,1115,1829,4265,60270
30-11-2018,15,18203,20977,11937,4607,55724,1363,1169,1887,4419,60143
30-11-2018,16,18368,20985,11875,4840,56068,1353,1165,1920,4438,60506
30-11-2018,17,18223,20750,11790,5067,55830,1322,1141,1877,4340,60170
30-11-2018,18,18027,20190,11746,4898,54861,1279,1091,1826,4196,59057
30-11-2018,19,17577,19531,11510,4550,53168,1235,1053,1757,4045,57213
30-11-2018,20,17062,18685,10978,4269,50994,1177,984,1663,3824,54818
30-11-2018,21,16638,17876,11000,4048,49562,1103,908,1537,3548,53110
30-11-2018,22,16086,17046,10749,3787,47668,1024,832,1416,3272,50940
30-11-2018,23,15526,16453,10273,3515,45767,971,761,1333,3065,48832
01-12-2018,0,15012,15683,9934,3319,43948,936,723,1280,2939,46887
01-12-2018,1,14756,15237,9669,3175,42837,916,699,1258,2873,45710
01-12-2018,2,14462,15040,9569,3092,42163,910,696,1241,2847,45010
01-12-2018,3,14247,14883,9561,3023,41714,918,699,1244,2861,44575
01-12-2018,4,14177,14993,9665,3060,41895,935,722,1278,2935,44830
01-12-2018,5,14289,15261,9990,3069,42609,978,769,1364,3111,45720
01-12-2018,6,14731,15880,10141,3266,44018,1058,842,1469,3369,47387
01-12-2018,7,15344,16901,10451,3604,46300,1116,904,1548,3568,49868
01-12-2018,8,16096,17843,10550,3865,48354,1174,971,1665,3810,52164
01-12-2018,9,16739,18479,10674,4058,49950,1203,1004,1707,3914,53864
01-12-2018,10,17173,18688,10756,4196,50813,1196,1010,1707,3913,54726
01-12-2018,11,17027,18912,10765,4165,50869,1184,995,1698,3877,54746
01-12-2018,12,17046,19051,10803,4118,51018,1178,989,1682,3849,54867
01-12-2018,13,17013,18710,10900,4077,50700,1179,993,1662,3834,54534
01-12-2018,14,16930,18823,11214,4108,51075,1203,995,1660,3858,54933
01-12-2018,15,17232,19070,11598,4160,52060,1273,1056,1730,4059,56119
01-12-2018,16,17512,19275,11764,4405,52956,1277,1069,1768,4114,57070
01-12-2018,17,17798,19131,11824,4634,53387,1256,1050,1735,4041,57428
01-12-2018,18,17381,18815,11696,4494,52386,1227,1020,1701,3948,56334
01-12-2018,19,17023,18178,11291,4206,50698,1185,998,1649,3832,54530
01-12-2018,20,16694,17458,10848,3967,48967,1144,949,1585,3678,52645
01-12-2018,21,16329,16913,11055,3759,48056,1072,870,1461,3403,51459
01-12-2018,22,15897,16274,10873,3538,46582,1001,809,1362,3172,49754
01-12-2018,23,15368,15630,10450,3289,44737,941,747,1285,2973,47710
02-12-2018,0,14874,14969,10057,3096,42996,925,702,1228,2855,45851
02-12-2018,1,14449,14626,9838,2983,41896,909,689,1199,2797,44693
02-12-2018,2,14690,14431,9748,2912,41781,880,677,1188,2745,44526
02-12-2018,3,14666,14372,9748,2875,41661,897,678,1189,2764,44425
02-12-2018,4,14247,14495,9812,2972,41526,919,696,1208,2823,44349
02-12-2018,5,13653,14669,10019,3069,41410,940,737,1279,2956,44366
02-12-2018,6,14810,15185,10098,3221,43314,995,794,1354,3143,46457
02-12-2018,7,14976,15882,10361,3504,44723,1046,849,1419,3314,48037
02-12-2018,8,15503,16101,10445,3825,45874,1103,912,1517,3532,49406
02-12-2018,9,16160,17077,10582,4016,47835,1142,951,1587,3680,51515
02-12-2018,10,17054,17711,10745,4173,49683,1152,961,1615,3728,53411
02-12-2018,11,17175,18647,10803,4204,50829,1154,962,1645,3761,54590
02-12-2018,12,17057,18701,10809,4196,50763,1155,960,1643,3758,54521
02-12-2018,13,17198,18252,10886,4162,50498,1152,964,1633,3749,54247
02-12-2018,14,17265,18174,11136,4178,50753,1181,972,1621,3774,54527
02-12-2018,15,17513,18569,11306,4204,51592,1242,1035,1697,3974,55566
02-12-2018,16,17445,18839,11326,4410,52020,1257,1055,1735,4047,56067
02-12-2018,17,17225,18967,11394,4716,52302,1250,1047,1721,4018,56320
02-12-2018,18,17143,18614,11343,4580,51680,1229,1020,1690,3939,55619
02-12-2018,19,16891,18278,11122,4295,50586,1199,989,1631,3819,54405
02-12-2018,20,16937,17666,10721,4022,49346,1147,939,1542,3628,52974
02-12-2018,21,16619,16993,10953,3789,48354,1077,857,1408,3342,51696
02-12-2018,22,15993,16254,10788,3533,46568,987,782,1298,3067,49635
02-12-2018,23,15453,15446,10437,3269,44605,927,721,1211,2859,47464
03-12-2018,0,14962,14857,10091,3092,43002,919,688,1180,2787,45789
03-12-2018,1,13579,14523,9879,3005,40986,905,672,1153,2730,43716
03-12-2018,2,13153,14579,9820,2967,40519,903,665,1149,2717,43236
03-12-2018,3,13109,14619,9931,3007,40666,910,680,1165,2755,43421
03-12-2018,4,13343,14777,10371,3098,41589,955,732,1246,2933,44522
03-12-2018,5,14202,15557,11313,3358,44430,1090,866,1512,3468,47898
03-12-2018,6,16402,17807,11907,4021,50137,1250,1028,1738,4016,54153
03-12-2018,7,18035,19428,12161,4733,54357,1366,1135,1867,4368,58725
03-12-2018,8,18506,20190,12027,4957,55680,1392,1190,1922,4504,60184
03-12-2018,9,18257,19657,11876,4983,54773,1393,1191,1925,4509,59282
03-12-2018,10,17981,19680,11859,5025,54545,1386,1177,1915,4478,59023
03-12-2018,11,18044,19887,11820,5046,54797,1368,1144,1893,4405,59202
03-12-2018,12,17966,19762,11818,4976,54522,1392,1170,1908,4470,58992
03-12-2018,13,18320,19635,11878,4987,54820,1389,1170,1893,4452,59272
03-12-2018,14,18198,19472,12025,4922,54617,1408,1176,1898,4482,59099
03-12-2018,15,18214,19798,12147,4846,55005,1426,1212,1931,4569,59574
03-12-2018,16,18439,19937,12085,5068,55529,1391,1179,1906,4476,60005
03-12-2018,17,18286,19974,11982,5329,55571,1361,1158,1864,4383,59954
03-12-2018,18,18033,19562,11963,5134,54692,1313,1108,1802,4223,58915
03-12-2018,19,17690,18849,11787,4797,53123,1264,1072,1735,4071,57194
03-12-2018,20,17395,17837,11318,4498,51048,1205,1004,1638,3847,54895
03-12-2018,21,17186,16937,11364,4137,49624,1110,893,1478,3481,53105
03-12-2018,22,16632,16065,11106,3823,47626,1018,806,1340,3164,50790
03-12-2018,23,15945,15167,10616,3531,45259,951,736,1241,2928,48187
04-12-2018,0,15493,14959,10271,3362,44085,923,704,1211,2838,46923
04-12-2018,1,15093,14635,10038,3261,43027,904,681,1190,2775,45802
04-12-2018,2,14911,14619,9930,3224,42684,894,669,1182,2745,45429
04-12-2018,3,14795,14835,9998,3238,42866,902,683,1200,2785,45651
04-12-2018,4,14875,14920,10367,3327,43489,942,720,1268,2930,46419
04-12-2018,5,15691,15761,11169,3582,46203,1076,852,1494,3422,49625
04-12-2018,6,16754,17644,11552,4221,50171,1234,1018,1713,3965,54136
04-12-2018,7,18287,18953,11820,4891,53951,1338,1117,1838,4293,58244
04-12-2018,8,18810,19099,11677,5088,54674,1346,1149,1879,4374,59048
04-12-2018,9,18690,19209,11536,5038,54473,1338,1149,1882,4369,58842
04-12-2018,10,18733,19392,11558,5081,54764,1319,1133,1874,4326,59090
04-12-2018,11,18908,19429,11523,5025,54885,1295,1102,1856,4253,59138
04-12-2018,12,19031,19369,11453,4908,54761,1313,1125,1864,4302,59063
04-12-2018,13,18951,19319,11516,4901,54687,1296,1119,1860,4275,58962
04-12-2018,14,18991,19507,11677,4855,55030,1315,1133,1870,4318,59348
04-12-2018,15,19209,20343,11675,4856,56083,1336,1170,1913,4419,60502
04-12-2018,16,19802,20812,11568,5146,57328,1313,1144,1887,4344,61672
04-12-2018,17,19769,20908,11477,5430,57584,1275,1110,1846,4231,61815
04-12-2018,18,19245,20583,11579,5225,56632,1238,1065,1782,4085,60717
04-12-2018,19,19268,20353,11451,4945,56017,1191,1025,1724,3940,59957
04-12-2018,20,19121,19977,10891,4643,54632,1124,951,1624,3699,58331
04-12-2018,21,18497,19269,10924,4407,53097,1027,861,1443,3331,56428
04-12-2018,22,17597,18095,10639,4049,50380,926,784,1310,3020,53400
04-12-2018,23,16742,17170,10143,3754,47809,854,717,1239,2810,50619
05-12-2018,0,16725,16536,9835,3550,46646,827,677,1194,2698,49344
05-12-2018,1,16520,16351,9657,3404,45932,812,656,1163,2631,48563
05-12-2018,2,16326,16310,9593,3319,45548,805,653,1160,2618,48166
05-12-2018,3,16318,16417,9713,3364,45812,818,670,1178,2666,48478
05-12-2018,4,16276,16804,10119,3416,46615,856,710,1252,2818,49433
05-12-2018,5,17034,17668,10921,3600,49223,981,841,1485,3307,52530
05-12-2018,6,18385,19773,11439,4285,53882,1137,998,1712,3847,57729
05-12-2018,7,20072,21466,11708,4791,58037,1244,1099,1836,4179,62216
05-12-2018,8,20682,21657,11590,4911,58840,1267,1133,1872,4272,63112
05-12-2018,9,20379,21556,11476,4847,58258,1259,1124,1865,4248,62506
05-12-2018,10,20186,21710,11461,4888,58245,1247,1105,1859,4211,62456
05-12-2018,11,19910,21456,11479,4897,57742,1228,1080,1830,4138,61880
05-12-2018,12,19831,21062,11385,4808,57086,1247,1100,1836,4183,61269
05-12-2018,13,19746,21040,11433,4826,57045,1249,1102,1825,4176,61221
05-12-2018,14,20041,21076,11697,4791,57605,1276,1114,1829,4219,61824
05-12-2018,15,20348,21486,11778,4756,58368,1304,1165,1880,4349,62717
05-12-2018,16,20628,21721,11797,5030,59176,1283,1156,1896,4335,63511
05-12-2018,17,20566,21830,11735,5323,59454,1259,1134,1860,4253,63707
05-12-2018,18,20146,21608,11744,5129,58627,1226,1085,1805,4116,62743
05-12-2018,19,19962,21153,11517,4786,57418,1185,1049,1739,3973,61391
05-12-2018,20,19588,20315,11043,4497,55443,1124,1005,1636,3765,59208
05-12-2018,21,19293,19478,11119,4197,54087,1026,893,1484,3403,57490
05-12-2018,22,18675,18384,10912,3870,51841,931,802,1348,3081,54922
05-12-2018,23,17781,17159,10369,3530,48839,873,730,1253,2856,51695
06-12-2018,0,17310,16591,10081,3319,47301,868,695,1208,2771,50072
06-12-2018,1,16740,16348,9908,3242,46238,843,675,1193,2711,48949
06-12-2018,2,16477,16359,9842,3191,45869,842,667,1194,2703,48572
06-12-2018,3,16666,16387,9864,3198,46115,860,682,1210,2752,48867
06-12-2018,4,16756,16511,10020,3264,46551,900,730,1283,2913,49464
06-12-2018,5,17402,17285,10255,3460,48402,1046,861,1525,3432,51834
06-12-2018,6,18869,19437,10424,4104,52834,1203,1029,1757,3989,56823
06-12-2018,7,20598,20748,10673,4825,56844,1310,1125,1859,4294,61138
06-12-2018,8,20993,21088,10639,5013,57733,1315,1155,1893,4363,62096
06-12-2018,9,20832,21014,10737,5005,57588,1311,1155,1878,4344,61932
06-12-2018,10,20502,21319,10874,5019,57714,1231,1150,1874,4255,61969
06-12-2018,11,20406,21144,10844,5002,57396,1252,1123,1852,4227,61623
06-12-2018,12,20422,21084,10808,4964,57278,1304,1137,1866,4307,61585
06-12-2018,13,20394,21047,10866,5010,57317,1295,1129,1851,4275,61592
06-12-2018,14,20559,21344,11207,5007,58117,1326,1133,1863,4322,62439
06-12-2018,15,20871,21937,11516,5006,59330,1347,1184,1917,4448,63778
06-12-2018,16,21191,22186,11560,5151,60088,1324,1158,1905,4387,64475
06-12-2018,17,21030,21882,11484,5292,59688,1299,1134,1871,4304,63992
06-12-2018,18,20647,21382,11239,5089,58357,1263,1097,1820,4180,62537
06-12-2018,19,20409,21039,11130,4812,57390,1216,1060,1764,4040,61430
06-12-2018,20,20105,20061,10875,4512,55553,1151,999,1677,3827,59380
06-12-2018,21,19854,18829,11186,4248,54117,1063,902,1530,3495,57612
06-12-2018,22,19254,17553,11069,3991,51867,967,812,1379,3158,55025
06-12-2018,23,18386,16420,10614,3644,49064,902,749,1288,2939,52003
07-12-2018,0,17531,15923,10277,3395,47126,865,714,1240,2819,49945
07-12-2018,1,17082,15651,10098,3237,46068,846,694,1217,2757,48825
07-12-2018,2,16864,15535,10010,3191,45600,836,684,1211,2731,48331
07-12-2018,3,16990,15542,10078,3179,45789,848,698,1224,2770,48559
07-12-2018,4,17054,15755,10377,3227,46413,892,744,1298,2934,49347
07-12-2018,5,17311,16557,11003,3416,48287,1020,872,1531,3423,51710
07-12-2018,6,18920,18588,11336,4020,52864,1181,1029,1745,3955,56819
07-12-2018,7,20272,20159,11620,4745,56796,1293,1136,1866,4295,61091
07-12-2018,8,20594,20687,11580,4938,57799,1316,1176,1904,4396,62195
07-12-2018,9,20618,20554,11528,4932,57632,1309,1175,1901,4385,62017
07-12-2018,10,20588,20598,11552,4827,57565,1303,1164,1905,4372,61937
07-12-2018,11,20348,20503,11546,4711,57108,1279,1138,1883,4300,61408
07-12-2018,12,20581,20356,11495,4523,56955,1297,1151,1883,4331,61286
07-12-2018,13,20301,20237,11524,4517,56579,1289,1136,1848,4273,60852
07-12-2018,14,20387,20209,11879,4439,56914,1344,1138,1829,4311,61225
07-12-2018,15,20361,20370,11973,4473,57177,1331,1179,1862,4372,61549
07-12-2018,16,20590,20246,11894,4670,57400,1311,1154,1863,4328,61728
07-12-2018,17,20441,20274,11863,4796,57374,1276,1128,1811,4215,61589
07-12-2018,18,20171,19782,11829,4550,56332,1224,1076,1744,4044,60376
07-12-2018,19,19899,18877,11635,4271,54682,1190,1041,1697,3928,58610
07-12-2018,20,19581,17991,11208,4066,52846,1147,985,1613,3745,56591
07-12-2018,21,18968,17240,11337,3813,51358,1063,901,1457,3421,54779
07-12-2018,22,18449,16473,11081,3553,49556,983,816,1330,3129,52685
07-12-2018,23,17739,15903,10584,3430,47656,916,749,1250,2915,50571
08-12-2018,0,16952,15258,10193,3233,45636,871,711,1198,2780,48416
08-12-2018,1,16517,15064,9941,3175,44697,848,690,1173,2711,47408
08-12-2018,2,16357,15051,9846,3128,44382,835,679,1159,2673,47055
08-12-2018,3,16267,14920,9863,3073,44123,833,679,1169,2681,46804
08-12-2018,4,16294,14951,9977,3093,44315,848,706,1197,2751,47066
08-12-2018,5,16358,15074,10210,3205,44847,892,750,1282,2924,47771
08-12-2018,6,16599,15445,10326,3290,45660,951,819,1379,3149,48809
08-12-2018,7,17277,16185,10616,3630,47708,1028,894,1470,3392,51100
08-12-2018,8,18148,16986,10770,3916,49820,1069,941,1561,3571,53391
08-12-2018,9,18738,17674,10857,4134,51403,1103,979,1626,3708,55111
08-12-2018,10,19202,18005,10937,4218,52362,1109,984,1664,3757,56119
08-12-2018,11,19208,18253,10966,4243,52670,1103,976,1662,3741,56411
08-12-2018,12,19162,18407,10976,4285,52830,1107,979,1665,3751,56581
08-12-2018,13,19006,18140,11066,4328,52540,1109,982,1630,3721,56261
08-12-2018,14,18977,18241,11400,4326,52944,1136,982,1613,3731,56675
08-12-2018,15,19101,18833,11546,4368,53848,1170,1025,1677,3872,57720
08-12-2018,16,19242,19028,11650,4612,54532,1164,1016,1690,3870,58402
08-12-2018,17,19513,18920,11732,4824,54989,1141,997,1657,3795,58784
08-12-2018,18,19278,18768,11586,4685,54317,1107,968,1607,3682,57999
08-12-2018,19,18788,18103,11215,4360,52466,1073,938,1552,3563,56029
08-12-2018,20,18209,17484,10767,4196,50656,1027,890,1476,3393,54049
08-12-2018,21,17780,16895,10916,3917,49508,940,826,1370,3136,52644
08-12-2018,22,17370,16226,10722,3685,48003,899,764,1274,2937,50940
08-12-2018,23,17115,15651,10259,3429,46454,846,708,1194,2748,49202
09-12-2018,0,16690,15099,9856,3217,44862,811,666,1146,2623,47485
09-12-2018,1,16412,14736,9584,3077,43809,785,646,1119,2550,46359
09-12-2018,2,16250,14648,9448,3003,43349,771,638,1105,2514,45863
09-12-2018,3,16187,14495,9419,2927,43028,772,642,1107,2521,45549
09-12-2018,4,16200,14523,9500,2914,43137,788,656,1129,2573,45710
09-12-2018,5,16245,14672,9655,2968,43540,817,691,1193,2701,46241
09-12-2018,6,16355,15177,9714,3151,44397,869,743,1263,2875,47272
09-12-2018,7,16826,15716,9961,3444,45947,916,800,1332,3048,48995
09-12-2018,8,17356,16512,10057,3745,47670,980,849,1418,3247,50917
09-12-2018,9,17827,17100,10180,3947,49054,1024,898,1478,3400,52454
09-12-2018,10,18454,17605,10307,4053,50419,1044,910,1501,3455,53874
09-12-2018,11,18654,17957,10335,4096,51042,1048,913,1510,3471,54513
09-12-2018,12,18604,18210,10318,4081,51213,1047,909,1514,3470,54683
09-12-2018,13,18553,18126,10373,4074,51126,1048,911,1514,3473,54599
09-12-2018,14,18676,18212,10654,4094,51636,1092,930,1535,3557,55193
09-12-2018,15,19045,18628,10772,4171,52616,1141,987,1620,3748,56364
09-12-2018,16,19325,19000,10781,4433,53539,1147,998,1654,3799,57338
09-12-2018,17,19209,19066,10814,4761,53850,1139,987,1639,3765,57615
09-12-2018,18,19049,18793,10822,4661,53325,1120,966,1608,3694,57019
09-12-2018,19,19164,18645,10654,4423,52886,1085,949,1555,3589,56475
09-12-2018,20,18849,18172,10266,4220,51507,1033,903,1468,3404,54911
09-12-2018,21,18552,17621,10514,4014,50701,967,828,1364,3159,53860
09-12-2018,22,18050,16989,10387,3774,49200,909,752,1247,2908,52108
09-12-2018,23,17554,16259,9995,3517,47325,852,698,1164,2714,50039
10-12-2018,0,16967,15511,9688,3406,45572,816,664,1128,2608,48180
10-12-2018,1,16509,15107,9481,3296,44393,810,649,1106,2565,46958
10-12-2018,2,16425,15159,9412,3265,44261,810,642,1097,2549,46810
10-12-2018,3,16429,15209,9543,3305,44486,819,653,1110,2582,47068
10-12-2018,4,16504,15637,9936,3413,45490,854,698,1182,2734,48224
10-12-2018,5,16970,16479,10827,3662,47938,1005,834,1427,3266,51204
10-12-2018,6,18616,18559,11369,4258,52802,1152,992,1646,3790,56592
10-12-2018,7,20135,20534,11622,4900,57191,1272,1097,1777,4146,61337
10-12-2018,8,20600,20913,11632,4880,58025,1285,1126,1819,4230,62255
10-12-2018,9,20121,20878,11475,4847,57321,1280,1133,1811,4224,61545
10-12-2018,10,20021,20855,11474,4912,57262,1284,1119,1803,4206,61468
10-12-2018,11,19850,20807,11440,4873,56970,1275,1087,1774,4136,61106
10-12-2018,12,19610,20693,11393,4817,56513,1309,1104,1784,4197,60710
10-12-2018,13,19728,20618,11486,4826,56658,1313,1112,1780,4205,60863
10-12-2018,14,19813,20745,11738,4749,57045,1325,1122,1780,4227,61272
10-12-2018,15,20004,21259,11745,4719,57727,1335,1165,1830,4330,62057
10-12-2018,16,20294,21484,11723,5142,58643,1312,1137,1817,4266,62909
10-12-2018,17,20300,21587,11667,5461,59015,1284,1110,1785,4179,63194
10-12-2018,18,19784,21122,11645,5232,57783,1238,1066,1736,4040,61823
10-12-2018,19,19398,20538,11452,4922,56310,1212,1035,1682,3929,60239
10-12-2018,20,19257,19842,11053,4648,54800,1151,979,1578,3708,58508
10-12-2018,21,18850,18937,11147,4396,53330,1061,892,1414,3367,56697
10-12-2018,22,18233,17972,10897,4062,51164,981,804,1287,3072,54236
10-12-2018,23,17550,17002,10363,3752,48667,915,733,1222,2870,51537
11-12-2018,0,16811,16340,9992,3543,46686,887,693,1164,2744,49430
11-12-2018,1,16545,15969,9824,3430,45768,869,679,1143,2691,48459
11-12-2018,2,16332,15744,9757,3336,45169,866,674,1137,2677,47846
11-12-2018,3,16195,15794,9847,3354,45190,868,685,1145,2698,47888
11-12-2018,4,16354,16084,10157,3405,46000,910,734,1223,2867,48867
11-12-2018,5,16937,16728,11003,3605,48273,1044,862,1462,3368,51641
11-12-2018,6,18524,18900,11458,4220,53102,1196,1017,1681,3894,56996
11-12-2018,7,20010,20500,11602,4920,57032,1301,1118,1810,4229,61261
11-12-2018,8,20668,20724,11534,5112,58038,1304,1158,1841,4303,62341
11-12-2018,9,20466,20743,11445,5018,57672,1294,1163,1840,4297,61969
11-12-2018,10,20397,20696,11481,5079,57653,1298,1150,1843,4291,61944
11-12-2018,11,20095,20666,11475,5034,57270,1293,1125,1822,4240,61510
11-12-2018,12,19709,20677,11534,4918,56838,1296,1145,1832,4273,61111
11-12-2018,13,19899,20679,11560,4940,57078,1305,1149,1819,4273,61351
11-12-2018,14,20087,20825,11805,4765,57482,1334,1153,1820,4307,61789
11-12-2018,15,20482,21380,11827,4869,58558,1345,1194,1861,4400,62958
11-12-2018,16,20865,21461,11774,5130,59230,1327,1166,1861,4354,63584
11-12-2018,17,20784,21422,11732,5411,59349,1298,1146,1825,4269,63618
11-12-2018,18,20474,20840,11746,5188,58248,1257,1102,1771,4130,62378
11-12-2018,19,20260,20415,11646,4869,57190,1225,1071,1721,4017,61207
11-12-2018,20,20190,19874,11145,4600,55809,1163,995,1625,3783,59592
11-12-2018,21,19749,18973,11206,4267,54195,1072,904,1475,3451,57646
11-12-2018,22,19286,17859,10967,3929,52041,980,823,1350,3153,55194
11-12-2018,23,18479,17252,10488,3589,49808,915,754,1268,2937,52745
12-12-2018,0,17762,16482,10155,3371,47770,884,703,1192,2779,50549
12-12-2018,1,17379,16038,10009,3277,46703,864,694,1162,2720,49423
12-12-2018,2,17162,15907,9841,3251,46161,856,691,1157,2704,48865
12-12-2018,3,17181,16081,9883,3273,46418,864,704,1171,2739,49157
12-12-2018,4,17387,16324,10234,3344,47289,904,742,1249,2895,50184
12-12-2018,5,18107,17381,11130,3591,50209,1045,862,1495,3402,53611
12-12-2018,6,19592,19587,11661,4271,55111,1203,1017,1712,3932,59043
12-12-2018,7,21204,21393,11931,4940,59468,1317,1124,1829,4270,63738
12-12-2018,8,21679,21805,11840,5144,60468,1322,1159,1849,4330,64798
12-12-2018,9,21493,21502,11699,5052,59746,1317,1159,1855,4331,64077
12-12-2018,10,21440,21650,11721,5047,59858,1315,1144,1871,4330,64188
12-12-2018,11,21229,21643,11754,5014,59640,1297,1119,1850,4266,63906
12-12-2018,12,21057,21612,11695,4921,59285,1325,1142,1866,4333,63618
12-12-2018,13,21070,21623,11710,4970,59373,1319,1149,1863,4331,63704
12-12-2018,14,21236,21720,11901,4862,59719,1342,1142,1869,4353,64072
12-12-2018,15,21572,22279,11982,4880,60713,1350,1183,1884,4417,65130
12-12-2018,16,21993,22542,12018,5132,61685,1330,1154,1870,4354,66039
12-12-2018,17,21801,22710,12024,5409,61944,1299,1127,1829,4255,66199
12-12-2018,18,21641,22085,12163,5186,61075,1261,1077,1770,4108,65183
12-12-2018,19,21430,21148,12023,4872,59473,1230,1053,1723,4006,63479
12-12-2018,20,21148,20753,11502,4559,57962,1181,993,1623,3797,61759
12-12-2018,21,20695,19742,11539,4297,56273,1095,904,1467,3466,59739
12-12-2018,22,20070,18705,11269,3899,53943,1001,821,1336,3158,57101
12-12-2018,23,19197,17755,10804,3558,51314,937,746,1250,2933,54247
13-12-2018,0,18747,16991,10519,3344,49601,902,713,1199,2814,52415
13-12-2018,1,18084,16642,10325,3247,48298,883,698,1173,2754,51052
13-12-2018,2,17896,16498,10259,3226,47879,875,691,1169,2735,50614
13-12-2018,3,17923,16724,10357,3225,48229,881,699,1187,2767,50996
13-12-2018,4,18087,16753,10739,3324,48903,918,744,1247,2909,51812
13-12-2018,5,18553,17465,11576,3620,51214,1051,872,1500,3423,54637
13-12-2018,6,20051,19715,11969,4310,56045,1213,1030,1725,3968,60013
13-12-2018,7,21824,21718,12229,4974,60745,1319,1153,1851,4323,65068
13-12-2018,8,22306,21725,12172,5206,61409,1331,1177,1888,4396,65805
13-12-2018,9,22140,21697,12051,5175,61063,1321,1182,1899,4402,65465
13-12-2018,10,21976,21891,12052,5245,61164,1311,1174,1894,4379,65543
13-12-2018,11,21787,22112,12028,5215,61142,1297,1143,1873,4313,65455
13-12-2018,12,21816,22023,12008,5124,60971,1328,1163,1892,4383,65354
13-12-2018,13,21782,21938,12075,5103,60898,1325,1163,1883,4371,65269
13-12-2018,14,21899,22131,12311,5034,61375,1352,1170,1893,4415,65790
13-12-2018,15,22207,22567,12375,5005,62154,1373,1205,1920,4498,66652
13-12-2018,16,22265,22606,12306,5204,62381,1351,1173,1883,4407,66788
13-12-2018,17,22389,22703,12226,5466,62784,1325,1145,1843,4313,67097
13-12-2018,18,22184,22216,12282,5288,61970,1285,1109,1779,4173,66143
13-12-2018,19,21830,21844,12084,4988,60746,1248,1074,1726,4048,64794
13-12-2018,20,21552,21217,11617,4710,59096,1187,1016,1626,3829,62925
13-12-2018,21,21183,20411,11715,4373,57682,1100,913,1470,3483,61165
13-12-2018,22,20490,19355,11405,4033,55283,1016,834,1341,3191,58474
13-12-2018,23,19655,18460,10925,3722,52762,949,761,1256,2966,55728
14-12-2018,0,19087,17743,10676,3514,51020,919,723,1206,2848,53868
14-12-2018,1,18705,17427,10493,3392,50017,898,700,1178,2776,52793
14-12-2018,2,18458,17292,10428,3352,49530,891,691,1166,2748,52278
14-12-2018,3,18627,17493,10491,3361,49972,899,700,1181,2780,52752
14-12-2018,4,18674,17766,10982,3433,50855,938,743,1260,2941,53796
14-12-2018,5,19328,18833,11844,3671,53676,1071,865,1503,3439,57115
14-12-2018,6,20757,20907,12387,4349,58400,1229,1027,1713,3969,62369
14-12-2018,7,22309,22426,12665,4999,62399,1346,1143,1845,4334,66733
14-12-2018,8,23106,23012,12434,5208,63760,1360,1169,1875,4404,68164
14-12-2018,9,23058,22870,12346,5141,63415,1354,1172,1865,4391,67806
14-12-2018,10,22847,22801,12353,5191,63192,1348,1180,1877,4405,67597
14-12-2018,11,22663,22805,12329,5165,62962,1331,1133,1840,4304,67266
14-12-2018,12,22622,22663,12314,4966,62565,1337,1125,1845,4307,66872
14-12-2018,13,22480,22497,12362,4912,62251,1327,1127,1827,4281,66532
14-12-2018,14,22510,22225,12631,4798,62164,1356,1136,1816,4308,66472
14-12-2018,15,22713,22708,12697,4768,62886,1375,1179,1850,4404,67290
14-12-2018,16,22892,22819,12658,4973,63342,1352,1155,1847,4354,67696
14-12-2018,17,22709,22761,12638,5144,63252,1317,1128,1802,4247,67499
14-12-2018,18,22391,22280,12623,4888,62182,1282,1081,1745,4108,66290
14-12-2018,19,22018,21430,12471,4571,60490,1239,1043,1683,3965,64455
14-12-2018,20,21482,20515,11965,4310,58272,1173,995,1600,3768,62040
14-12-2018,21,21077,19899,11957,4006,56939,1108,914,1464,3486,60425
14-12-2018,22,20402,19104,11738,3733,54977,1025,821,1347,3193,58170
14-12-2018,23,19775,18312,11197,3488,52772,966,757,1264,2987,55759
15-12-2018,0,19186,17662,10927,3300,51075,933,715,1206,2854,53929
15-12-2018,1,18628,17259,10730,3134,49751,907,692,1167,2766,52517
15-12-2018,2,18529,17006,10636,3058,49229,892,683,1158,2733,51962
15-12-2018,3,18432,17036,10629,3005,49102,889,689,1165,2743,51845
15-12-2018,4,18352,17139,10783,3034,49308,904,711,1193,2808,52116
15-12-2018,5,18483,17291,11060,3098,49932,947,758,1286,2991,52923
15-12-2018,6,18694,17765,11264,3313,51036,1006,819,1382,3207,54243
15-12-2018,7,19195,18563,11576,3636,52970,1082,888,1481,3451,56421
15-12-2018,8,20074,19477,11672,3979,55202,1138,948,1576,3662,58864
15-12-2018,9,20698,19967,11797,4167,56629,1170,982,1606,3758,60387
15-12-2018,10,21225,20390,11798,4298,57711,1175,989,1616,3780,61491
15-12-2018,11,21358,20543,11793,4305,57999,1175,981,1612,3768,61767
15-12-2018,12,21317,20469,11796,4251,57833,1176,975,1606,3757,61590
15-12-2018,13,21228,20371,11802,4190,57591,1173,978,1599,3750,61341
15-12-2018,14,21186,20545,12158,4174,58063,1203,990,1618,3811,61874
15-12-2018,15,21376,20852,12403,4247,58878,1249,1043,1685,3977,62855
15-12-2018,16,21539,21107,12510,4502,59658,1248,1042,1703,3993,63651
15-12-2018,17,21522,21161,12498,4775,59956,1230,1019,1673,3922,63878
15-12-2018,18,21270,20555,12383,4690,58898,1202,991,1645,3838,62736
15-12-2018,19,20707,20101,12074,4403,57285,1162,967,1591,3720,61005
15-12-2018,20,20108,19523,11603,4150,55384,1114,920,1499,3533,58917
15-12-2018,21,19751,18697,11704,3984,54136,1058,853,1384,3295,57431
15-12-2018,22,19334,17914,11539,3791,52578,995,783,1285,3063,55641
15-12-2018,23,19019,17278,11079,3612,50988,947,733,1223,2903,53891
16-12-2018,0,18554,16861,10768,3424,49607,922,696,1176,2794,52401
16-12-2018,1,18025,16522,10505,3300,48352,898,676,1146,2720,51072
16-12-2018,2,17817,16342,10378,3240,47777,884,667,1132,2683,50460
16-12-2018,3,17706,16102,10371,3196,47375,887,667,1133,2687,50062
16-12-2018,4,17580,16151,10454,3245,47430,904,686,1156,2746,50176
16-12-2018,5,17737,16275,10639,3298,47949,940,719,1225,2884,50833
16-12-2018,6,18099,16821,10691,3490,49101,991,769,1285,3045,52146
16-12-2018,7,18431,17583,10962,3709,50685,1056,829,1364,3249,53934
16-12-2018,8,18805,18238,11138,3990,52171,1093,879,1448,3420,55591
16-12-2018,9,19370,19216,11280,4165,54031,1139,922,1515,3576,57607
16-12-2018,10,19867,19629,11441,4309,55246,1152,939,1557,3648,58894
16-12-2018,11,20221,20127,11540,4361,56249,1159,945,1571,3675,59924
16-12-2018,12,20139,20234,11527,4340,56240,1175,949,1572,3696,59936
16-12-2018,13,20233,20363,11581,4348,56525,1173,947,1574,3694,60219
16-12-2018,14,20272,20384,11873,4333,56862,1217,971,1591,3779,60641
16-12-2018,15,20433,20732,12029,4396,57590,1258,1035,1697,3990,61580
16-12-2018,16,20606,21341,12049,4618,58614,1270,1048,1728,4046,62660
16-12-2018,17,20572,21492,12063,4885,59012,1259,1043,1714,4016,63028
16-12-2018,18,20319,21137,12052,4779,58287,1239,1019,1693,3951,62238
16-12-2018,19,20102,20911,11890,4522,57425,1203,998,1654,3855,61280
16-12-2018,20,19903,20389,11496,4241,56029,1152,954,1576,3682,59711
16-12-2018,21,19565,19614,11772,3985,54936,1060,874,1451,3385,58321
16-12-2018,22,19104,18710,11597,3708,53119,987,801,1335,3123,56242
16-12-2018,23,18350,17793,11162,3465,50770,933,735,1236,2904,53674
17-12-2018,0,17724,17101,10845,3303,48973,905,706,1193,2804,51777
17-12-2018,1,17469,16935,10688,3201,48293,894,690,1160,2744,51037
17-12-2018,2,17307,16850,10662,3165,47984,893,688,1149,2730,50714
17-12-2018,3,16909,16836,10738,3166,47649,901,695,1168,2764,50413
17-12-2018,4,17285,17257,11186,3256,48984,946,744,1245,2935,51919
17-12-2018,5,18133,18282,12075,3535,52025,1089,880,1502,3471,55496
17-12-2018,6,19376,20588,12533,4249,56746,1257,1037,1725,4019,60765
17-12-2018,7,21042,21998,12688,4940,60668,1364,1132,1861,4357,65025
17-12-2018,8,21730,22429,12555,5193,61907,1378,1171,1897,4446,66353
17-12-2018,9,21541,22381,12395,5207,61524,1376,1181,1892,4449,65973
17-12-2018,10,21537,22523,12266,5246,61572,1363,1167,1869,4399,65971
17-12-2018,11,21584,22698,12227,5202,61711,1348,1133,1846,4327,66038
17-12-2018,12,21550,22234,12231,5112,61127,1370,1144,1869,4383,65510
17-12-2018,13,21369,22218,12198,5170,60955,1355,1151,1864,4370,65325
17-12-2018,14,21474,22182,12493,5120,61269,1367,1152,1859,4378,65647
17-12-2018,15,21630,22933,12516,5076,62155,1403,1196,1908,4507,66662
17-12-2018,16,21723,22857,12508,5239,62327,1369,1170,1905,4444,66771
17-12-2018,17,21366,22585,12394,5510,61855,1340,1149,1862,4351,66206
17-12-2018,18,21065,22276,12363,5325,61029,1306,1102,1819,4227,65256
17-12-2018,19,20961,21967,12179,5010,60117,1274,1067,1777,4118,64235
17-12-2018,20,20723,21063,11790,4704,58280,1224,1018,1694,3936,62216
17-12-2018,21,20348,20264,11896,4370,56878,1135,932,1543,3610,60488
17-12-2018,22,19637,19252,11599,4005,54493,1038,843,1398,3279,57772
17-12-2018,23,18833,18225,11125,3678,51861,973,762,1305,3040,54901
18-12-2018,0,18050,17466,10766,3455,49737,938,721,1245,2904,52641
18-12-2018,1,17782,17223,10523,3315,48843,920,702,1217,2839,51682
18-12-2018,2,17704,17036,10413,3274,48427,914,692,1208,2814,51241
18-12-2018,3,17701,17145,10500,3256,48602,917,699,1223,2839,51441
18-12-2018,4,18013,17387,10922,3333,49655,947,741,1287,2975,52630
18-12-2018,5,18627,18408,11791,3602,52428,1073,862,1527,3462,55890
18-12-2018,6,19932,20418,12214,4262,56826,1224,1021,1744,3989,60815
18-12-2018,7,21758,21841,12444,4959,61002,1349,1137,1865,4351,65353
18-12-2018,8,22190,22152,12403,5186,61931,1365,1164,1901,4430,66361
18-12-2018,9,21947,21888,12196,5108,61139,1361,1159,1921,4441,65580
18-12-2018,10,21724,21990,12145,5208,61067,1354,1145,1904,4403,65470
18-12-2018,11,21707,21842,12107,5145,60801,1324,1107,1872,4303,65104
18-12-2018,12,21756,21705,12016,5079,60556,1342,1139,1903,4384,64940
18-12-2018,13,21563,21561,12021,5096,60241,1331,1137,1894,4362,64603
18-12-2018,14,21880,21857,12240,4996,60973,1356,1147,1901,4404,65377
18-12-2018,15,22188,22427,12305,4952,61872,1381,1194,1946,4521,66393
18-12-2018,16,22254,22405,12330,5076,62065,1359,1171,1923,4453,66518
18-12-2018,17,21988,22297,12249,5322,61856,1330,1142,1891,4363,66219
18-12-2018,18,21519,21948,12294,5115,60876,1298,1095,1842,4235,65111
18-12-2018,19,21128,21352,12091,4766,59337,1266,1068,1784,4118,63455
18-12-2018,20,20844,20555,11660,4469,57528,1193,1004,1688,3885,61413
18-12-2018,21,20335,19737,11659,4182,55913,1103,913,1521,3537,59450
18-12-2018,22,19557,18615,11360,3861,53393,1026,826,1373,3225,56618
18-12-2018,23,18852,17679,10886,3601,51018,966,758,1277,3001,54019
19-12-2018,0,18342,17005,10535,3397,49279,939,717,1226,2882,52161
19-12-2018,1,17916,16708,10398,3282,48304,925,703,1200,2828,51132
19-12-2018,2,17704,16713,10335,3201,47953,921,690,1195,2806,50759
19-12-2018,3,17494,16699,10442,3332,47967,931,699,1208,2838,50805
19-12-2018,4,17556,16958,10796,3420,48730,965,749,1281,2995,51725
19-12-2018,5,18069,17645,11639,3668,51021,1095,876,1525,3496,54517
19-12-2018,6,19511,19657,12009,4235,55412,1252,1038,1747,4037,59449
19-12-2018,7,20958,21334,12210,4872,59374,1372,1145,1887,4404,63778
19-12-2018,8,21485,21885,12084,5140,60594,1377,1169,1924,4470,65064
19-12-2018,9,21240,21477,11986,5139,59842,1351,1169,1918,4438,64280
19-12-2018,10,21137,21543,11955,5225,59860,1364,1152,1903,4419,64279
19-12-2018,11,20878,21405,11987,5170,59440,1348,1123,1886,4357,63797
19-12-2018,12,20728,21476,11940,5083,59227,1360,1136,1898,4394,63621
19-12-2018,13,20591,21297,11912,5085,58885,1353,1130,1876,4359,63244
19-12-2018,14,20683,21273,12113,5032,59101,1376,1131,1875,4382,63483
19-12-2018,15,20915,21665,12293,5034,59907,1415,1182,1923,4520,64427
19-12-2018,16,21090,21644,12261,5229,60224,1400,1157,1912,4469,64693
19-12-2018,17,20825,21673,12240,5428,60166,1374,1133,1881,4388,64554
19-12-2018,18,20303,21478,12314,5213,59308,1341,1092,1816,4249,63557
19-12-2018,19,19913,20819,12156,4795,57683,1304,1057,1767,4128,61811
19-12-2018,20,19611,20361,11634,4451,56057,1240,1003,1683,3926,59983
19-12-2018,21,19146,19340,11710,4178,54374,1167,905,1531,3603,57977
19-12-2018,22,18421,18355,11430,3824,52030,1083,820,1394,3297,55327
19-12-2018,23,17519,17502,10959,3527,49507,1021,747,1291,3059,52566
20-12-2018,0,17062,16827,10645,3339,47873,987,713,1242,2942,50815
20-12-2018,1,16674,16479,10396,3196,46745,970,693,1229,2892,49637
20-12-2018,2,16490,16229,10356,3136,46211,965,685,1223,2873,49084
20-12-2018,3,16446,16212,10447,3167,46272,978,696,1223,2897,49169
20-12-2018,4,16552,16395,10818,3234,46999,1013,737,1295,3045,50044
20-12-2018,5,17246,17149,11675,3494,49564,1142,864,1532,3538,53102
20-12-2018,6,18429,19180,12174,4044,53827,1295,1022,1761,4078,57905
20-12-2018,7,19862,21085,12368,4730,58045,1403,1138,1901,4442,62487
20-12-2018,8,20511,21572,12183,4984,59250,1421,1171,1923,4515,63765
20-12-2018,9,20272,21392,12115,4973,58752,1426,1172,1928,4526,63278
20-12-2018,10,20067,21452,12048,5053,58620,1414,1166,1928,4508,63128
20-12-2018,11,20104,21275,11961,5029,58369,1398,1132,1904,4434,62803
20-12-2018,12,19843,21214,11972,4938,57967,1416,1152,1922,4490,62457
20-12-2018,13,19969,21263,11954,4959,58145,1403,1155,1912,4470,62615
20-12-2018,14,19939,21389,12147,4863,58338,1412,1157,1913,4482,62820
20-12-2018,15,20313,21995,12270,4795,59373,1422,1196,1965,4583,63956
20-12-2018,16,20273,21895,12270,4933,59371,1395,1167,1940,4502,63873
20-12-2018,17,20012,21736,12178,5134,59060,1368,1137,1900,4405,63465
20-12-2018,18,19687,21346,12250,4943,58226,1336,1094,1843,4273,62499
20-12-2018,19,19580,21003,12107,4621,57311,1291,1066,1792,4149,61460
20-12-2018,20,19263,20069,11762,4375,55469,1232,1009,1696,3937,59406
20-12-2018,21,18763,19406,11835,4099,54103,1152,920,1546,3618,57721
20-12-2018,22,18198,18539,11581,3759,52077,1064,837,1413,3314,55391
20-12-2018,23,17464,17655,11062,3495,49676,999,773,1328,3100,52776
21-12-2018,0,16819,16818,10642,3323,47602,967,731,1280,2978,50580
21-12-2018,1,16519,16645,10420,3194,46778,950,713,1253,2916,49694
21-12-2018,2,16361,16476,10417,3133,46387,942,705,1244,2891,49278
21-12-2018,3,16454,16425,10394,3117,46390,953,716,1245,2914,49304
21-12-2018,4,16675,16658,10747,3171,47251,992,760,1311,3063,50314
21-12-2018,5,16980,17335,11584,3374,49273,1113,881,1523,3517,52790
21-12-2018,6,18193,19259,12047,3743,53242,1255,1031,1728,4014,57256
21-12-2018,7,19300,21187,12406,4301,57194,1384,1138,1851,4373,61567
21-12-2018,8,20221,21698,12374,4712,59005,1412,1159,1880,4451,63456
21-12-2018,9,20225,21618,12252,4875,58970,1402,1156,1884,4442,63412
21-12-2018,10,20230,21553,12301,4897,58981,1383,1137,1857,4377,63358
21-12-2018,11,20104,21685,12207,4804,58800,1357,1103,1828,4288,63088
21-12-2018,12,19964,21581,12115,4689,58349,1360,1112,1819,4291,62640
21-12-2018,13,19866,21095,12130,4582,57673,1344,1100,1786,4230,61903
21-12-2018,14,19992,20958,12388,4540,57878,1360,1095,1753,4208,62086
21-12-2018,15,20170,21165,12515,4552,58402,1393,1145,1824,4362,62764
21-12-2018,16,20318,21221,12503,4710,58752,1377,1142,1852,4371,63123
21-12-2018,17,20118,21225,12460,4898,58701,1343,1116,1827,4286,62987
21-12-2018,18,19908,20873,12460,4763,58004,1306,1077,1767,4150,62154
21-12-2018,19,19629,20186,12360,4453,56628,1265,1044,1693,4002,60630
21-12-2018,20,19231,19280,11929,4188,54628,1216,988,1615,3819,58447
21-12-2018,21,18775,18363,11993,3923,53054,1138,903,1465,3506,56560
21-12-2018,22,18467,17560,11758,3673,51458,1062,830,1357,3249,54707
21-12-2018,23,17787,17093,11250,3458,49588,1008,764,1289,3061,52649
22-12-2018,0,17306,17030,10913,3245,48494,974,722,1223,2919,51413
22-12-2018,1,16906,16676,10700,3116,47398,957,708,1187,2852,50250
22-12-2018,2,16641,16468,10528,3037,46674,945,695,1170,2810,49484
22-12-2018,3,16617,16569,10531,3024,46741,942,695,1165,2802,49543
22-12-2018,4,16634,16871,10666,3041,47212,955,713,1193,2861,50073
22-12-2018,5,16815,16852,10910,3155,47732,995,764,1279,3038,50770
22-12-2018,6,17264,17454,11085,3367,49170,1050,825,1369,3244,52414
22-12-2018,7,17774,18233,11446,3706,51159,1125,896,1455,3476,54635
22-12-2018,8,18676,19181,11678,3971,53506,1169,934,1527,3630,57136
22-12-2018,9,19362,19833,11749,4155,55099,1210,961,1575,3746,58845
22-12-2018,10,19759,20186,11795,4264,56004,1213,973,1590,3776,59780
22-12-2018,11,19868,20436,11761,4249,56314,1207,958,1596,3761,60075
22-12-2018,12,19882,20329,11783,4196,56190,1206,954,1590,3750,59940
22-12-2018,13,19651,19997,11814,4158,55620,1202,953,1575,3730,59350
22-12-2018,14,19448,20095,12020,4153,55716,1231,966,1583,3780,59496
22-12-2018,15,19713,20768,12247,4217,56945,1286,1027,1680,3993,60938
22-12-2018,16,20048,21095,12299,4454,57896,1289,1039,1743,4071,61967
22-12-2018,17,19947,21280,12420,4691,58338,1262,1021,1705,3988,62326
22-12-2018,18,20033,21070,12367,4611,58081,1233,989,1645,3867,61948
22-12-2018,19,19566,20597,12161,4332,56656,1196,967,1601,3764,60420
22-12-2018,20,19227,20004,11733,4094,55058,1155,920,1519,3594,58652
22-12-2018,21,18743,19203,11829,3853,53628,1092,850,1411,3353,56981
22-12-2018,22,18467,18538,11596,3620,52221,1033,794,1322,3149,55370
22-12-2018,23,17926,17897,11154,3374,50351,976,729,1240,2945,53296
23-12-2018,0,17206,17287,10763,3169,48425,945,697,1200,2842,51267
23-12-2018,1,16861,16913,10427,3013,47214,922,673,1153,2748,49962
23-12-2018,2,16624,16762,10323,2948,46657,910,657,1140,2707,49364
23-12-2018,3,16701,16694,10276,2963,46634,901,662,1150,2713,49347
23-12-2018,4,16798,16827,10349,2987,46961,911,681,1185,2777,49738
23-12-2018,5,16933,17017,10509,3050,47509,941,722,1250,2913,50422
23-12-2018,6,17136,17579,10574,3205,48494,984,775,1305,3064,51558
23-12-2018,7,17649,18275,10967,3482,50373,1041,835,1380,3256,53629
23-12-2018,8,18310,19026,11151,3828,52315,1076,888,1460,3424,55739
23-12-2018,9,18885,19580,11343,4078,53886,1118,925,1530,3573,57459
23-12-2018,10,19362,20210,11387,4232,55191,1128,931,1543,3602,58793
23-12-2018,11,19605,20639,11370,4260,55874,1126,923,1549,3598,59472
23-12-2018,12,19535,20723,11294,4221,55773,1131,916,1551,3598,59371
23-12-2018,13,19568,20751,11293,4200,55812,1138,912,1556,3606,59418
23-12-2018,14,19526,20922,11544,4223,56215,1163,923,1575,3661,59876
23-12-2018,15,19654,21416,11824,4275,57169,1220,1003,1670,3893,61062
23-12-2018,16,20003,21944,11893,4457,58297,1214,1027,1710,3951,62248
23-12-2018,17,20098,22095,12003,4672,58868,1190,1016,1688,3894,62762
23-12-2018,18,19943,21787,12020,4557,58307,1171,989,1656,3816,62123
23-12-2018,19,19606,21284,11872,4307,57069,1135,966,1606,3707,60776
23-12-2018,20,19242,20454,11522,4063,55281,1099,928,1519,3546,58827
23-12-2018,21,18787,19658,11751,3837,54033,1033,861,1413,3307,57340
23-12-2018,22,18568,19098,11640,3588,52894,961,794,1299,3054,55948
23-12-2018,23,17989,18276,11127,3362,50754,903,740,1246,2889,53643
24-12-2018,0,17712,17453,10761,3171,49097,866,694,1182,2742,51839
24-12-2018,1,17271,16851,10502,3002,47626,840,675,1162,2677,50303
24-12-2018,2,17192,16710,10345,2909,47156,829,667,1142,2638,49794
24-12-2018,3,17167,16767,10347,2887,47168,828,672,1141,2641,49809
24-12-2018,4,17242,16785,10415,2900,47342,844,690,1169,2703,50045
24-12-2018,5,17640,17333,10725,2959,48657,877,719,1205,2801,51458
24-12-2018,6,18440,18223,10997,3139,50799,935,781,1293,3009,53808
24-12-2018,7,19108,19097,11458,3456,53119,997,842,1383,3222,56341
24-12-2018,8,19804,20132,11640,3797,55373,1048,883,1482,3413,58786
24-12-2018,9,20458,20538,11709,4006,56711,1089,927,1556,3572,60283
24-12-2018,10,20745,20858,11609,4107,57319,1113,938,1579,3630,60949
24-12-2018,11,21090,20757,11551,4135,57533,1115,936,1571,3622,61155
24-12-2018,12,20555,20667,11507,4089,56818,1116,937,1561,3614,60432
24-12-2018,13,20544,20073,11397,4075,56089,1121,936,1550,3607,59696
24-12-2018,14,20690,19749,11543,4105,56087,1147,946,1565,3658,59745
24-12-2018,15,20980,20122,11561,4278,56941,1191,1004,1647,3842,60783
24-12-2018,16,20859,20178,11357,4621,57015,1168,1001,1631,3800,60815
24-12-2018,17,19732,19537,11169,4857,55295,1115,960,1519,3594,58889
24-12-2018,18,18866,18949,11025,4115,52955,1061,901,1426,3388,56343
24-12-2018,19,18233,18360,10817,3694,51104,1034,866,1387,3287,54391
24-12-2018,20,17630,17914,10579,3593,49716,1015,831,1353,3199,52915
24-12-2018,21,17371,17480,10940,3491,49282,982,795,1327,3104,52386
24-12-2018,22,17113,16994,10861,3386,48354,949,750,1264,2963,51317
24-12-2018,23,17003,16563,10460,3307,47333,902,697,1187,2786,50119
25-12-2018,0,16836,16174,10048,3276,46334,864,677,1114,2655,48989
25-12-2018,1,16433,15687,9751,3114,44985,835,683,1077,2595,47580
25-12-2018,2,16221,15271,9554,2969,44015,823,670,1058,2551,46566
25-12-2018,3,16095,14889,9459,2903,43346,815,670,1055,2540,45886
25-12-2018,4,16099,14895,9574,2956,43524,828,683,1077,2588,46112
25-12-2018,5,16213,15127,9704,3025,44069,854,710,1126,2690,46759
25-12-2018,6,16649,15502,9644,3155,44950,890,749,1187,2826,47776
25-12-2018,7,17026,15960,9794,3402,46182,944,762,1248,2954,49136
25-12-2018,8,17350,16466,9876,3505,47197,981,780,1324,3085,50282
25-12-2018,9,17838,16918,9916,3720,48392,1020,821,1394,3235,51627
25-12-2018,10,18184,17155,10034,3836,49209,1035,846,1416,3297,52506
25-12-2018,11,18274,17140,10018,3905,49337,1044,839,1389,3272,52609
25-12-2018,12,18198,17090,9913,3882,49083,1040,829,1344,3213,52296
25-12-2018,13,18207,16947,9922,3898,48974,1035,825,1310,3170,52144
25-12-2018,14,18155,17096,10154,3837,49242,1056,842,1305,3203,52445
25-12-2018,15,18416,17595,10268,3842,50121,1105,902,1386,3393,53514
25-12-2018,16,18427,17737,10233,4022,50419,1092,918,1433,3443,53862
25-12-2018,17,18042,17521,10262,4188,50013,1060,906,1419,3385,53398
25-12-2018,18,17587,17224,10148,4104,49063,1030,883,1396,3309,52372
25-12-2018,19,17548,17005,10030,3933,48516,1012,865,1369,3246,51762
25-12-2018,20,17528,16703,9727,3761,47719,978,832,1334,3144,50863
25-12-2018,21,17372,16055,10010,3628,47065,928,778,1268,2974,50039
25-12-2018,22,16850,15560,9878,3430,45718,875,723,1207,2805,48523
25-12-2018,23,16436,14902,9439,3270,44047,833,672,1141,2646,46693
26-12-2018,0,16380,14723,9107,3126,43336,797,640,1078,2515,45851
26-12-2018,1,15815,14392,8937,2997,42141,760,624,1046,2430,44571
26-12-2018,2,15751,14170,8798,2929,41648,774,607,1038,2419,44067
26-12-2018,3,15725,14232,8859,2948,41764,779,602,1037,2418,44182
26-12-2018,4,15670,14199,8943,2987,41799,775,619,1053,2447,44246
26-12-2018,5,15998,14365,9208,3098,42669,806,657,1107,2570,45239
26-12-2018,6,16523,15243,9292,3202,44260,862,710,1172,2744,47004
26-12-2018,7,16964,15771,9514,3420,45669,919,767,1219,2905,48574
26-12-2018,8,17327,16617,9579,3708,47231,957,810,1284,3051,50282
26-12-2018,9,17774,17236,9712,3930,48652,992,854,1361,3207,51859
26-12-2018,10,17899,17560,9844,4063,49366,1007,866,1396,3269,52635
26-12-2018,11,18024,17711,9868,4106,49709,1000,869,1397,3266,52975
26-12-2018,12,18472,17505,9854,3929,49760,1008,864,1384,3256,53016
26-12-2018,13,18301,17216,9888,3800,49205,1013,866,1370,3249,52454
26-12-2018,14,18363,17355,10222,3704,49644,1033,879,1371,3283,52927
26-12-2018,15,18566,18051,10526,3738,50881,1101,936,1455,3492,54373
26-12-2018,16,18477,18385,10572,3893,51327,1100,957,1511,3568,54895
26-12-2018,17,18000,18058,10645,4111,50814,1083,941,1502,3526,54340
26-12-2018,18,17668,17473,10638,4060,49839,1068,916,1481,3465,53304
26-12-2018,19,17444,16925,10439,3940,48748,1047,905,1438,3390,52138
26-12-2018,20,17432,16386,10050,3814,47682,1009,864,1379,3252,50934
26-12-2018,21,16998,15504,10346,3688,46536,949,796,1281,3026,49562
26-12-2018,22,16596,14741,10179,3509,45025,895,736,1199,2830,47855
26-12-2018,23,16243,14226,9766,3239,43474,865,683,1135,2683,46157
27-12-2018,0,16177,13821,9444,3005,42447,827,638,1077,2542,44989
27-12-2018,1,15748,13719,9213,2937,41617,807,623,1056,2486,44103
27-12-2018,2,15584,14451,9130,2884,42049,801,614,1046,2461,44510
27-12-2018,3,15519,14236,9252,2792,41799,806,620,1058,2484,44283
27-12-2018,4,15628,13598,9504,2838,41568,841,656,1105,2602,44170
27-12-2018,5,15986,14093,10024,2972,43075,922,744,1250,2916,45991
27-12-2018,6,16652,15459,10350,3249,45710,1004,861,1414,3279,48989
27-12-2018,7,17338,16566,10687,3671,48262,1102,963,1541,3606,51868
27-12-2018,8,17863,17374,10671,3960,49868,1137,999,1609,3745,53613
27-12-2018,9,18566,17787,10632,4123,51108,1152,1021,1652,3825,54933
27-12-2018,10,18974,18152,10663,4230,52019,1154,1016,1659,3829,55848
27-12-2018,11,18892,18081,10711,4251,51935,1150,991,1644,3785,55720
27-12-2018,12,18665,17931,10705,4218,51519,1157,1001,1643,3801,55320
27-12-2018,13,18423,17961,10678,4201,51263,1158,1004,1635,3797,55060
27-12-2018,14,18695,18142,10926,4189,51952,1180,1017,1644,3841,55793
27-12-2018,15,18809,18542,11079,4224,52654,1226,1068,1703,3997,56651
27-12-2018,16,18956,18854,10997,4338,53145,1218,1061,1716,3995,57140
27-12-2018,17,18854,18770,10989,4567,53180,1191,1037,1677,3905,57085
27-12-2018,18,18539,18567,11018,4432,52556,1151,993,1623,3767,56323
27-12-2018,19,18153,18097,10835,4183,51268,1114,962,1564,3640,54908
27-12-2018,20,17719,17351,10450,3937,49457,1063,916,1483,3462,52919
27-12-2018,21,17409,16748,10602,3701,48460,998,837,1339,3174,51634
27-12-2018,22,16862,15817,10467,3458,46604,940,765,1235,2940,49544
27-12-2018,23,16402,15058,10106,3189,44755,879,697,1153,2729,47484
28-12-2018,0,16039,14497,9844,2994,43374,845,664,1112,2621,45995
28-12-2018,1,15997,14314,9687,2874,42872,825,643,1082,2550,45422
28-12-2018,2,15813,14219,9683,2789,42504,814,634,1071,2519,45023
28-12-2018,3,15841,14362,9797,2760,42760,820,634,1074,2528,45288
28-12-2018,4,16076,14735,10054,2822,43687,841,668,1114,2623,46310
28-12-2018,5,16438,15198,10546,2944,45126,917,752,1245,2914,48040
28-12-2018,6,16976,16651,10775,3221,47623,1002,864,1394,3260,50883
28-12-2018,7,17864,17861,11059,3597,50381,1096,958,1517,3571,53952
28-12-2018,8,18394,18647,11076,3916,52033,1128,993,1560,3681,55714
28-12-2018,9,19024,19083,11061,4116,53284,1147,1007,1546,3700,56984
28-12-2018,10,19375,19260,11085,4212,53932,1142,1007,1542,3691,57623
28-12-2018,11,19564,19100,11126,4225,54015,1137,983,1523,3643,57658
28-12-2018,12,19406,19134,11171,4144,53855,1141,983,1530,3654,57509
28-12-2018,13,19199,18901,11242,4104,53446,1145,980,1556,3681,57127
28-12-2018,14,19273,19140,11557,4079,54049,1170,984,1592,3746,57795
28-12-2018,15,19606,19852,11744,4083,55285,1218,1033,1654,3905,59190
28-12-2018,16,19828,20213,11730,4308,56079,1209,1033,1693,3935,60014
28-12-2018,17,19791,20350,11747,4562,56450,1179,1007,1653,3839,60289
28-12-2018,18,19417,20077,11789,4471,55754,1140,966,1602,3708,59462
28-12-2018,19,19086,19476,11631,4178,54371,1104,938,1547,3589,57960
28-12-2018,20,18470,18784,11174,3904,52332,1046,894,1479,3419,55751
28-12-2018,21,18112,17907,11380,3643,51042,980,820,1341,3141,54183
28-12-2018,22,17481,17052,11215,3410,49158,923,745,1244,2912,52070
28-12-2018,23,16904,16178,10769,3196,47047,868,689,1164,2721,49768
29-12-2018,0,16746,15448,10399,2986,45579,839,648,1117,2604,48183
29-12-2018,1,16167,15205,10201,2835,44408,830,629,1085,2544,46952
29-12-2018,2,16120,14970,10084,2770,43944,820,621,1069,2510,46454
29-12-2018,3,15991,14706,10110,2780,43587,828,625,1066,2519,46106
29-12-2018,4,16017,14811,10203,2778,43809,840,641,1092,2573,46382
29-12-2018,5,16070,14919,10363,2829,44181,882,684,1168,2734,46915
29-12-2018,6,16357,15480,10508,2959,45304,941,738,1254,2933,48237
29-12-2018,7,16720,16075,10763,3187,46745,991,802,1332,3125,49870
29-12-2018,8,17406,16895,10831,3592,48724,1025,846,1409,3280,52004
29-12-2018,9,17975,17229,10883,3768,49855,1070,891,1495,3456,53311
29-12-2018,10,18475,17729,10895,3912,51011,1086,906,1512,3504,54515
29-12-2018,11,18698,17830,10860,3967,51355,1080,902,1521,3503,54858
29-12-2018,12,18660,17610,10841,3979,51090,1075,896,1522,3493,54583
29-12-2018,13,18366,17974,10885,3957,51182,1075,898,1504,3477,54659
29-12-2018,14,18493,18071,11111,3924,51599,1101,914,1504,3519,55118
29-12-2018,15,18776,18487,11415,3968,52646,1155,969,1573,3697,56343
29-12-2018,16,19153,18933,11578,4176,53840,1158,979,1607,3744,57584
29-12-2018,17,19121,19077,11663,4435,54296,1129,956,1578,3663,57959
29-12-2018,18,18918,18656,11596,4384,53554,1103,929,1534,3566,57120
29-12-2018,19,18479,18193,11281,4125,52078,1075,910,1480,3465,55543
29-12-2018,20,18134,17731,10803,3871,50539,1037,863,1412,3312,53851
29-12-2018,21,17765,17242,11028,3652,49687,982,798,1304,3084,52771
29-12-2018,22,17462,16781,10816,3422,48481,920,739,1220,2879,51360
29-12-2018,23,17222,15899,10362,3307,46790,872,678,1142,2692,49482
30-12-2018,0,16722,15049,9977,3157,44905,833,638,1084,2555,47460
30-12-2018,1,16339,14673,9740,3009,43761,816,619,1060,2495,46256
30-12-2018,2,16072,14636,9626,2993,43327,798,604,1043,2445,45772
30-12-2018,3,15881,14443,9631,3041,42996,799,602,1041,2442,45438
30-12-2018,4,15999,14307,9717,3067,43090,811,620,1061,2492,45582
30-12-2018,5,16032,14500,9905,3090,43527,840,653,1127,2620,46147
30-12-2018,6,16601,15092,10045,3199,44937,868,701,1193,2762,47699
30-12-2018,7,16936,15399,10344,3348,46027,932,756,1252,2940,48967
30-12-2018,8,17514,15987,10377,3593,47471,973,797,1321,3091,50562
30-12-2018,9,17870,16571,10638,3755,48834,1021,844,1403,3268,52102
30-12-2018,10,18447,17234,10810,3825,50316,1040,861,1441,3342,53658
30-12-2018,11,18539,17649,10874,3829,50891,1047,860,1457,3364,54255
30-12-2018,12,18453,17926,10852,3834,51065,1051,864,1464,3379,54444
30-12-2018,13,18396,17876,10838,3787,50897,1058,868,1459,3385,54282
30-12-2018,14,18768,17939,11124,3758,51589,1088,885,1474,3447,55036
30-12-2018,15,19032,18437,11397,3808,52674,1146,941,1552,3639,56313
30-12-2018,16,19533,19296,11487,4114,54430,1155,963,1599,3717,58147
30-12-2018,17,19419,19601,11510,4473,55003,1141,946,1586,3673,58676
30-12-2018,18,19163,19552,11481,4469,54665,1133,920,1558,3611,58276
30-12-2018,19,18880,19255,11333,4207,53675,1088,902,1510,3500,57175
30-12-2018,20,18631,18820,11027,3945,52423,1047,865,1439,3351,55774
30-12-2018,21,18217,18054,11334,3717,51322,979,797,1346,3122,54444
30-12-2018,22,17761,17298,11189,3479,49727,917,733,1248,2898,52625
30-12-2018,23,17324,16696,10808,3215,48043,859,677,1178,2714,50757
31-12-2018,0,17126,16124,10527,3021,46798,821,636,1136,2593,49391
31-12-2018,1,16744,15721,10351,2856,45672,790,622,1102,2514,48186
31-12-2018,2,16393,15507,10286,2782,44968,790,619,1085,2494,47462
31-12-2018,3,16239,15337,10311,2776,44663,785,622,1090,2497,47160
31-12-2018,4,16310,15203,10598,2801,44912,805,637,1133,2575,47487
31-12-2018,5,16358,15574,11167,2888,45987,856,674,1241,2771,48758
31-12-2018,6,16970,16435,11470,3033,47908,916,715,1346,2977,50885
31-12-2018,7,17489,17237,11814,3260,49800,1006,761,1441,3208,53008
31-12-2018,8,17868,17815,11833,3528,51044,1030,805,1501,3336,54380
31-12-2018,9,18332,18230,11802,3737,52101,1055,849,1555,3459,55560
31-12-2018,10,18717,18547,11846,3891,53001,1092,875,1568,3535,56536
31-12-2018,11,18952,18834,11836,3935,53557,1091,888,1572,3551,57108
31-12-2018,12,18669,18858,11830,3923,53280,1064,889,1557,3510,56790
31-12-2018,13,18576,18826,11803,3922,53127,1086,892,1548,3526,56653
31-12-2018,14,18668,19049,11992,3924,53633,1107,910,1544,3561,57194
31-12-2018,15,19012,19432,12081,3964,54489,1166,970,1634,3770,58259
31-12-2018,16,19058,19448,11928,4274,54708,1156,1001,1722,3879,58587
31-12-2018,17,18893,19120,11753,4506,54272,1121,978,1684,3783,58055
31-12-2018,18,18236,18183,11667,4393,52479,1057,942,1598,3597,56076
31-12-2018,19,17569,17255,11311,4008,50143,990,881,1491,3362,53505
31-12-2018,20,16899,16421,11010,3750,48080,934,819,1392,3145,51225
31-12-2018,21,16559,15692,11402,3575,47228,883,769,1308,2960,50188
31-12-2018,22,16088,15268,11291,3469,46116,854,731,1255,2840,48956
31-12-2018,23,15839,14965,10816,3343,44963,840,696,1209,2745,47708
01-01-2019,0,15724,14597,10467,3258,44046,842,678,1171,2691,46737
01-01-2019,1,15623,14375,10152,3184,43334,817,648,1121,2586,45920
01-01-2019,2,15705,14153,9920,3073,42851,789,624,1077,2490,45341
01-01-2019,3,15643,13896,9845,2967,42351,769,612,1057,2438,44789
01-01-2019,4,15612,13955,9913,2934,42414,763,614,1058,2435,44849
01-01-2019,5,15728,14166,10027,2939,42860,766,618,1092,2476,45336
01-01-2019,6,16041,14352,9967,3035,43395,781,638,1113,2532,45927
01-01-2019,7,16325,14807,10104,3096,44332,799,652,1123,2574,46906
01-01-2019,8,16655,15064,10084,3204,45007,799,655,1137,2591,47598
01-01-2019,9,16935,15492,10230,3338,45995,831,697,1223,2751,48746
01-01-2019,10,17369,15810,10407,3528,47114,865,733,1290,2888,50002
01-01-2019,11,17611,16045,10533,3682,47871,877,755,1324,2956,50827
01-01-2019,12,17737,16254,10568,3748,48307,882,753,1336,2971,51278
01-01-2019,13,17689,16321,10547,3761,48318,894,755,1333,2982,51300
01-01-2019,14,18082,16874,10838,3801,49595,901,770,1335,3006,52601
01-01-2019,15,18480,17436,11189,3763,50868,972,834,1403,3209,54077
01-01-2019,16,18653,18173,11263,4198,52287,982,861,1459,3302,55589
01-01-2019,17,18629,18388,11298,4380,52695,991,860,1455,3306,56001
01-01-2019,18,18492,18200,11286,4361,52339,972,845,1434,3251,55590
01-01-2019,19,18192,17725,11107,4136,51160,963,827,1403,3193,54353
01-01-2019,20,18035,17424,10745,3934,50138,935,805,1332,3072,53210
01-01-2019,21,17631,17030,10968,3679,49308,878,748,1237,2863,52171
01-01-2019,22,17236,16745,10844,3448,48273,845,688,1149,2682,50955
01-01-2019,23,16737,16335,10517,3212,46801,794,637,1095,2526,49327
02-01-2019,0,16373,16008,10202,3026,45609,757,599,1060,2416,48025
02-01-2019,1,16129,15938,10038,2944,45049,732,582,1031,2345,47394
02-01-2019,2,16015,15771,10023,2890,44699,715,578,1026,2319,47018
02-01-2019,3,16148,15893,10173,2926,45140,718,590,1045,2353,47493
02-01-2019,4,16316,16263,10555,3006,46140,753,635,1112,2500,48640
02-01-2019,5,16812,16919,11191,3205,48127,858,736,1282,2876,51003
02-01-2019,6,18058,18200,11691,3743,51692,983,868,1465,3316,55008
02-01-2019,7,19556,19757,12037,4306,55656,1096,971,1593,3660,59316
02-01-2019,8,20443,20484,12066,4629,57622,1135,1012,1652,3799,61421
02-01-2019,9,20272,20593,12136,4741,57742,1166,1029,1696,3891,61633
02-01-2019,10,20196,20891,12242,4729,58058,1178,1038,1722,3938,61996
02-01-2019,11,19972,20613,12315,4724,57624,1189,1026,1716,3931,61555
02-01-2019,12,19840,20743,12327,4620,57530,1202,1039,1724,3965,61495
02-01-2019,13,19778,20743,12400,4622,57543,1206,1043,1720,3969,61512
02-01-2019,14,20075,21231,12528,4551,58385,1220,1056,1737,4013,62398
02-01-2019,15,20722,21664,12822,4516,59724,1268,1096,1789,4153,63877
02-01-2019,16,20990,21997,12848,4763,60598,1252,1088,1797,4137,64735
02-01-2019,17,20787,22082,12801,5226,60896,1225,1070,1763,4058,64954
02-01-2019,18,20452,21681,12943,5086,60162,1178,1038,1722,3938,64100
02-01-2019,19,20272,21036,12660,4746,58714,1150,1003,1665,3818,62532
02-01-2019,20,19873,20637,12255,4408,57173,1097,953,1568,3618,60791
02-01-2019,21,19402,19882,12422,4122,55828,1032,874,1438,3344,59172
02-01-2019,22,18744,18954,12215,3807,53720,975,802,1315,3092,56812
02-01-2019,23,17694,18177,11801,3528,51200,922,732,1226,2880,54080
03-01-2019,0,17311,17488,11614,3364,49777,884,690,1188,2762,52539
03-01-2019,1,16976,17093,11514,3235,48818,864,675,1170,2709,51527
03-01-2019,2,16762,16823,11440,3201,48226,857,662,1152,2671,50897
03-01-2019,3,16783,16870,11564,3237,48454,860,673,1161,2694,51148
03-01-2019,4,17035,16991,11876,3316,49218,895,721,1229,2845,52063
03-01-2019,5,17540,17636,12611,3523,51310,992,822,1440,3254,54564
03-01-2019,6,18873,19058,13060,4091,55082,1112,946,1624,3682,58764
03-01-2019,7,20395,20612,13236,4745,58988,1227,1055,1751,4033,63021
03-01-2019,8,20638,21410,13191,4976,60215,1257,1093,1784,4134,64349
03-01-2019,9,20548,21439,13305,4961,60253,1273,1105,1792,4170,64423
03-01-2019,10,20457,21382,13329,4966,60134,1272,1097,1782,4151,64285
03-01-2019,11,20413,21190,13250,4957,59810,1266,1071,1768,4105,63915
03-01-2019,12,20238,21162,13092,4878,59370,1284,1094,1778,4156,63526
03-01-2019,13,20074,21021,13136,4886,59117,1263,1091,1772,4126,63243
03-01-2019,14,20073,20980,13315,4805,59173,1280,1093,1778,4151,63324
03-01-2019,15,20057,21153,13611,4772,59593,1328,1140,1818,4286,63879
03-01-2019,16,20304,22013,13641,5047,61005,1334,1137,1831,4302,65307
03-01-2019,17,20226,21969,13644,5459,61298,1313,1112,1799,4224,65522
03-01-2019,18,20019,21545,13664,5216,60444,1280,1062,1756,4098,64542
03-01-2019,19,19717,20712,13428,4866,58723,1256,1044,1706,4006,62729
03-01-2019,20,19286,20238,12956,4537,57017,1203,994,1614,3811,60828
03-01-2019,21,18790,19248,12992,4227,55257,1134,901,1466,3501,58758
03-01-2019,22,18179,18377,12698,3913,53167,1056,813,1346,3215,56382
03-01-2019,23,17297,17267,12100,3583,50247,988,751,1249,2988,53235
04-01-2019,0,16874,16533,11744,3387,48538,947,710,1195,2852,51390
04-01-2019,1,16338,16361,11550,3271,47520,915,683,1168,2766,50286
04-01-2019,2,16199,16183,11415,3188,46985,901,672,1163,2736,49721
04-01-2019,3,16162,16060,11517,3236,46975,902,679,1177,2758,49733
04-01-2019,4,16258,15960,11855,3308,47381,927,717,1242,2886,50267
04-01-2019,5,16753,16345,12398,3576,49072,1031,821,1459,3311,52383
04-01-2019,6,18154,18227,12645,4091,53117,1157,955,1666,3778,56895
04-01-2019,7,19408,19538,12805,4752,56503,1285,1083,1814,4182,60685
04-01-2019,8,19856,20360,12708,4995,57919,1318,1130,1858,4306,62225
04-01-2019,9,19524,20333,12661,4997,57515,1335,1147,1860,4342,61857
04-01-2019,10,19327,20430,12597,5068,57422,1343,1137,1846,4326,61748
04-01-2019,11,19124,20074,12535,4997,56730,1328,1113,1827,4268,60998
04-01-2019,12,18965,19738,12372,4822,55897,1342,1130,1831,4303,60200
04-01-2019,13,18639,19525,12355,4748,55267,1321,1125,1812,4258,59525
04-01-2019,14,18493,19143,12431,4617,54684,1320,1120,1805,4245,58929
04-01-2019,15,18806,19273,12685,4600,55364,1346,1167,1851,4364,59728
04-01-2019,16,18600,19705,12673,4860,55838,1330,1153,1886,4369,60207
04-01-2019,17,18427,19795,12662,5157,56041,1302,1139,1852,4293,60334
04-01-2019,18,18472,19377,12645,4971,55465,1249,1079,1798,4126,59591
04-01-2019,19,18151,18699,12378,4569,53797,1206,1043,1717,3966,57763
04-01-2019,20,17602,18142,11974,4245,51963,1154,987,1627,3768,55731
04-01-2019,21,16991,17425,12080,3937,50433,1075,903,1466,3444,53877
04-01-2019,22,16629,16534,11824,3708,48695,1012,828,1344,3184,51879
04-01-2019,23,15921,15976,11371,3469,46737,949,766,1272,2987,49724
05-01-2019,0,15598,15592,11048,3275,45513,908,721,1220,2849,48362
05-01-2019,1,15219,15149,10826,3087,44281,877,703,1197,2777,47058
05-01-2019,2,14959,14895,10741,3017,43612,856,697,1184,2737,46349
05-01-2019,3,14860,14951,10791,3078,43680,851,690,1180,2721,46401
05-01-2019,4,14929,15101,10888,3013,43931,868,700,1199,2767,46698
05-01-2019,5,15157,15296,11090,3053,44596,906,731,1257,2894,47490
05-01-2019,6,15487,15751,11173,3206,45617,954,791,1329,3074,48691
05-01-2019,7,15873,16506,11487,3489,47355,1019,853,1399,3271,50626
05-01-2019,8,16632,17141,11522,3779,49074,1063,901,1480,3444,52518
05-01-2019,9,17165,17685,11687,3940,50477,1114,948,1561,3623,54100
05-01-2019,10,17360,18266,11781,4032,51439,1137,961,1602,3700,55139
05-01-2019,11,17789,18543,11793,4013,52138,1143,967,1612,3722,55860
05-01-2019,12,17800,18334,11760,3930,51824,1153,972,1620,3745,55569
05-01-2019,13,17496,18165,11760,3892,51313,1146,970,1608,3724,55037
05-01-2019,14,17409,18322,12024,3898,51653,1162,966,1595,3723,55376
05-01-2019,15,17752,18769,12401,3959,52881,1216,1015,1647,3878,56759
05-01-2019,16,18254,19318,12611,4288,54471,1220,1039,1713,3972,58443
05-01-2019,17,18429,19627,12710,4729,55495,1220,1025,1686,3931,59426
05-01-2019,18,18383,19471,12588,4634,55076,1200,997,1644,3841,58917
05-01-2019,19,17812,18875,12266,4301,53254,1169,972,1599,3740,56994
05-01-2019,20,17361,18267,11825,4030,51483,1108,923,1534,3565,55048
05-01-2019,21,16911,17609,11996,3816,50332,1051,853,1406,3310,53642
05-01-2019,22,16407,17068,11845,3570,48890,992,784,1305,3081,51971
05-01-2019,23,16174,16448,11366,3400,47388,942,729,1254,2925,50313
06-01-2019,0,15714,16066,11034,3231,46045,910,694,1202,2806,48851
06-01-2019,1,15553,15739,10819,3112,45223,886,672,1165,2723,47946
06-01-2019,2,15289,15504,10754,3043,44590,873,659,1151,2683,47273
06-01-2019,3,15154,15351,10753,3022,44280,873,660,1145,2678,46958
06-01-2019,4,15152,15272,10823,3046,44293,885,678,1164,2727,47020
06-01-2019,5,15370,15236,10919,3097,44622,917,713,1224,2854,47476
06-01-2019,6,15549,15606,10874,3194,45223,952,764,1286,3002,48225
06-01-2019,7,15784,16240,11177,3437,46638,1000,816,1352,3168,49806
06-01-2019,8,16301,16857,11142,3714,48014,1042,863,1437,3342,51356
06-01-2019,9,16916,17652,11328,3962,49858,1096,916,1513,3525,53383
06-01-2019,10,17176,18162,11446,4115,50899,1116,935,1551,3602,54501
06-01-2019,11,17499,18464,11464,4145,51572,1120,934,1550,3604,55176
06-01-2019,12,17383,18402,11408,4071,51264,1120,929,1548,3597,54861
06-01-2019,13,17500,18420,11347,4064,51331,1118,919,1541,3578,54909
06-01-2019,14,17540,18193,11563,4060,51356,1139,928,1546,3613,54969
06-01-2019,15,17835,18516,11895,4118,52364,1205,991,1628,3824,56188
06-01-2019,16,18248,19340,11963,4415,53966,1231,1037,1713,3981,57947
06-01-2019,17,18104,19608,11944,4825,54481,1221,1034,1701,3956,58437
06-01-2019,18,18015,19290,11934,4725,53964,1200,1012,1674,3886,57850
06-01-2019,19,18112,18713,11681,4363,52869,1166,987,1632,3785,56654
06-01-2019,20,17890,18376,11213,4017,51496,1115,943,1564,3622,55118
06-01-2019,21,17514,17651,11486,3825,50476,1024,862,1441,3327,53803
06-01-2019,22,16902,16947,11258,3552,48659,956,779,1304,3039,51698
06-01-2019,23,16311,16050,10886,3276,46523,906,722,1229,2857,49380
07-01-2019,0,16114,15568,10563,3116,45361,878,687,1182,2747,48108
07-01-2019,1,15987,15517,10293,3048,44845,865,666,1156,2687,47532
07-01-2019,2,15539,15471,10231,3007,44248,857,662,1155,2674,46922
07-01-2019,3,15769,15455,10294,3028,44546,865,672,1177,2714,47260
07-01-2019,4,16044,15670,10661,3104,45479,904,724,1254,2882,48361
07-01-2019,5,16870,16729,11476,3353,48428,1040,859,1508,3407,51835
07-01-2019,6,18059,18864,11884,3979,52786,1193,1023,1747,3963,56749
07-01-2019,7,19806,20080,12084,4740,56710,1308,1140,1867,4315,61025
07-01-2019,8,20265,20772,11943,4963,57943,1318,1172,1920,4410,62353
07-01-2019,9,20220,20975,11796,4937,57928,1326,1186,1928,4440,62368
07-01-2019,10,20039,21148,11784,4936,57907,1326,1181,1925,4432,62339
07-01-2019,11,20007,21053,11779,4853,57692,1303,1151,1894,4348,62040
07-01-2019,12,20050,21141,11734,4893,57818,1325,1167,1903,4395,62213
07-01-2019,13,20089,20897,11704,4939,57629,1310,1163,1881,4354,61983
07-01-2019,14,20158,20971,11836,4892,57857,1317,1151,1874,4342,62199
07-01-2019,15,20272,21349,12051,4807,58479,1343,1181,1896,4420,62899
07-01-2019,16,20413,21648,12034,5003,59098,1327,1170,1909,4406,63504
07-01-2019,17,20364,21597,12012,5340,59313,1297,1148,1877,4322,63635
07-01-2019,18,19904,21002,12032,5145,58083,1258,1103,1837,4198,62281
07-01-2019,19,19559,20367,11867,4796,56589,1214,1063,1768,4045,60634
07-01-2019,20,19139,19652,11447,4499,54737,1158,1001,1670,3829,58566
07-01-2019,21,18605,18856,11543,4240,53244,1064,901,1505,3470,56714
07-01-2019,22,18141,17875,11341,3894,51251,968,811,1356,3135,54386
07-01-2019,23,17598,16920,10869,3530,48917,913,741,1260,2914,51831
08-01-2019,0,16895,16321,10591,3464,47271,885,714,1232,2831,50102
08-01-2019,1,16476,15794,10413,3363,46046,863,690,1202,2755,48801
08-01-2019,2,16256,15547,10416,3196,45415,854,680,1198,2732,48147
08-01-2019,3,16306,15511,10504,3226,45547,860,686,1201,2747,48294
08-01-2019,4,16560,15897,10815,3290,46562,892,725,1268,2885,49447
08-01-2019,5,16875,16605,11600,3560,48640,1020,853,1499,3372,52012
08-01-2019,6,18303,18588,11959,4138,52988,1162,1012,1723,3897,56885
08-01-2019,7,19795,20343,12140,4777,57055,1285,1127,1862,4274,61329
08-01-2019,8,20713,20601,12082,5033,58429,1291,1154,1893,4338,62767
08-01-2019,9,20416,20558,11972,5016,57962,1287,1157,1886,4330,62292
08-01-2019,10,20276,20724,11935,5034,57969,1279,1143,1869,4291,62260
08-01-2019,11,20041,20643,11939,5002,57625,1269,1115,1841,4225,61850
08-01-2019,12,19468,20389,11906,4961,56724,1283,1136,1868,4287,61011
08-01-2019,13,19749,20585,11996,5006,57336,1275,1134,1852,4261,61597
08-01-2019,14,19892,20962,12076,5023,57953,1289,1132,1853,4274,62227
08-01-2019,15,19598,21286,12294,4917,58095,1320,1173,1883,4376,62471
08-01-2019,16,20289,21717,12367,5050,59423,1318,1173,1902,4393,63816
08-01-2019,17,20282,21762,12338,5421,59803,1290,1154,1871,4315,64118
08-01-2019,18,19785,21224,12353,5195,58557,1254,1111,1815,4180,62737
08-01-2019,19,19617,20749,12127,4946,57439,1217,1076,1753,4046,61485
08-01-2019,20,19392,20245,11690,4580,55907,1162,1012,1656,3830,59737
08-01-2019,21,19073,19409,11854,4345,54681,1073,916,1509,3498,58179
08-01-2019,22,18328,18626,11609,4049,52612,979,819,1361,3159,55771
08-01-2019,23,17503,17439,11051,3742,49735,920,747,1270,2937,52672
09-01-2019,0,17088,16797,10739,3660,48284,889,713,1229,2831,51115
09-01-2019,1,16690,16592,10494,3528,47304,879,696,1207,2782,50086
09-01-2019,2,16602,16503,10397,3464,46966,885,687,1200,2772,49738
09-01-2019,3,16278,16428,10474,3459,46639,900,696,1215,2811,49450
09-01-2019,4,16570,16827,10838,3460,47695,939,747,1285,2971,50666
09-01-2019,5,17115,17648,11643,3768,50174,1068,874,1514,3456,53630
09-01-2019,6,18571,19564,12144,4321,54600,1233,1037,1725,3995,58595
09-01-2019,7,20173,21295,12365,4961,58794,1333,1148,1858,4339,63133
09-01-2019,8,20533,21846,12186,5189,59754,1338,1175,1902,4415,64169
09-01-2019,9,20415,21630,12093,5165,59303,1329,1177,1900,4406,63709
09-01-2019,10,20189,21735,12145,5165,59234,1322,1159,1891,4372,63606
09-01-2019,11,19804,21746,12190,5112,58852,1306,1121,1863,4290,63142
09-01-2019,12,19645,21525,12139,5059,58368,1339,1144,1875,4358,62726
09-01-2019,13,19678,21371,12195,5060,58304,1321,1138,1854,4313,62617
09-01-2019,14,19809,21706,12258,4980,58753,1324,1138,1848,4310,63063
09-01-2019,15,20148,22198,12539,4867,59752,1358,1171,1861,4390,64142
09-01-2019,16,20646,22742,12597,5055,61040,1352,1172,1904,4428,65468
09-01-2019,17,20507,22911,12590,5432,61440,1323,1147,1889,4359,65799
09-01-2019,18,20186,22488,12625,5225,60524,1297,1102,1841,4240,64764
09-01-2019,19,19835,22064,12464,4903,59266,1258,1073,1800,4131,63397
09-01-2019,20,19592,21460,11974,4580,57606,1218,1011,1711,3940,61546
09-01-2019,21,19431,20721,11966,4306,56424,1121,920,1549,3590,60014
09-01-2019,22,18710,19755,11781,3926,54172,1012,834,1414,3260,57432
09-01-2019,23,17961,18759,11365,3656,51741,943,768,1309,3020,54761
10-01-2019,0,17446,17996,11016,3511,49969,920,733,1281,2934,52903
10-01-2019,1,17138,17736,10874,3402,49150,905,725,1278,2908,52058
10-01-2019,2,16957,17728,10806,3378,48869,899,715,1280,2894,51763
10-01-2019,3,16959,17757,10923,3386,49025,903,721,1283,2907,51932
10-01-2019,4,17106,18147,11307,3486,50046,944,759,1342,3045,53091
10-01-2019,5,17381,18878,12162,3717,52138,1074,893,1585,3552,55690
10-01-2019,6,18763,20895,12508,4328,56494,1225,1051,1808,4084,60578
10-01-2019,7,20280,22403,12787,4998,60468,1344,1157,1945,4446,64914
10-01-2019,8,20616,22623,12523,5221,60983,1355,1195,1987,4537,65520
10-01-2019,9,20402,22464,12346,5195,60407,1359,1187,1987,4533,64940
10-01-2019,10,20324,22294,12435,5247,60300,1348,1177,1965,4490,64790
10-01-2019,11,20244,22269,12595,5221,60329,1335,1147,1923,4405,64734
10-01-2019,12,20016,22027,12593,5114,59750,1355,1162,1924,4441,64191
10-01-2019,13,19901,21774,12662,5132,59469,1341,1156,1910,4407,63876
10-01-2019,14,19841,21852,12745,5067,59505,1353,1159,1897,4409,63914
10-01-2019,15,19876,22311,12915,5000,60102,1380,1194,1916,4490,64592
10-01-2019,16,20225,22483,12950,5218,60876,1371,1190,1973,4534,65410
10-01-2019,17,20175,22291,12883,5527,60876,1342,1169,1926,4437,65313
10-01-2019,18,19839,21890,12856,5294,59879,1304,1126,1882,4312,64191
10-01-2019,19,19498,21543,12594,4933,58568,1262,1083,1827,4172,62740
10-01-2019,20,19021,20724,11997,4586,56328,1192,1026,1730,3948,60276
10-01-2019,21,18556,19930,12062,4285,54833,1109,941,1570,3620,58453
10-01-2019,22,17768,18612,11824,3918,52122,1012,852,1438,3302,55424
10-01-2019,23,16873,17638,11345,3589,49445,948,773,1357,3078,52523
11-01-2019,0,16479,16792,10956,3427,47654,909,737,1309,2955,50609
11-01-2019,1,16061,16490,10681,3350,46582,890,716,1281,2887,49469
11-01-2019,2,15895,16466,10551,3301,46213,884,709,1277,2870,49083
11-01-2019,3,15868,16565,10630,3298,46361,892,719,1291,2902,49263
11-01-2019,4,16040,16729,11001,3383,47153,935,759,1360,3054,50207
11-01-2019,5,16510,17491,11756,3556,49313,1063,882,1609,3554,52867
11-01-2019,6,18077,19262,12059,4205,53603,1224,1046,1833,4103,57706
11-01-2019,7,19684,20906,12302,4832,57724,1339,1155,1958,4452,62176
11-01-2019,8,20340,21379,12180,5086,58985,1348,1187,2006,4541,63526
11-01-2019,9,20083,21336,12043,4986,58448,1351,1196,2009,4556,63004
11-01-2019,10,20365,21354,11881,4984,58584,1335,1183,1990,4508,63092
11-01-2019,11,19939,21147,11837,4924,57847,1311,1148,1945,4404,62251
11-01-2019,12,19791,20743,11741,4775,57050,1324,1159,1932,4415,61465
11-01-2019,13,19159,20471,11731,4609,55970,1282,1148,1902,4332,60302
11-01-2019,14,19367,20376,11901,4469,56113,1285,1140,1865,4290,60403
11-01-2019,15,19499,20672,12173,4505,56849,1303,1168,1885,4356,61205
11-01-2019,16,19955,21113,12283,4748,58099,1311,1164,1925,4400,62499
11-01-2019,17,20030,21355,12274,5121,58780,1271,1140,1884,4295,63075
11-01-2019,18,19789,20898,12269,4944,57900,1227,1088,1823,4138,62038
11-01-2019,19,19612,20356,12045,4590,56603,1189,1043,1756,3988,60591
11-01-2019,20,19056,19547,11470,4259,54332,1118,982,1659,3759,58091
11-01-2019,21,18559,18903,11634,3982,53078,1035,884,1540,3459,56537
11-01-2019,22,17775,18104,11353,3744,50976,968,808,1404,3180,54156
11-01-2019,23,17534,17324,10896,3491,49245,915,737,1318,2970,52215
12-01-2019,0,17037,16786,10550,3329,47702,880,695,1274,2849,50551
12-01-2019,1,16796,16573,10366,3197,46932,855,675,1249,2779,49711
12-01-2019,2,16528,16376,10278,3133,46315,842,667,1229,2738,49053
12-01-2019,3,16540,16171,10295,3119,46125,843,664,1219,2726,48851
12-01-2019,4,16618,16172,10447,3108,46345,858,682,1240,2780,49125
12-01-2019,5,16866,16575,10727,3162,47330,894,728,1315,2937,50267
12-01-2019,6,17225,17050,10823,3336,48434,945,800,1405,3150,51584
12-01-2019,7,17802,17923,11140,3640,50505,1015,858,1486,3359,53864
12-01-2019,8,18526,18872,11127,3963,52488,1067,909,1572,3548,56036
12-01-2019,9,19240,19487,11174,4116,54017,1105,945,1633,3683,57700
12-01-2019,10,19567,19668,11217,4271,54723,1109,953,1670,3732,58455
12-01-2019,11,19652,19682,11153,4336,54823,1096,942,1645,3683,58506
12-01-2019,12,19436,19404,11054,4334,54228,1096,937,1626,3659,57887
12-01-2019,13,19174,19481,11040,4265,53960,1090,926,1594,3610,57570
12-01-2019,14,19038,19524,11250,4261,54073,1106,923,1567,3596,57669
12-01-2019,15,19191,19852,11812,4270,55125,1171,974,1622,3767,58892
12-01-2019,16,19616,20668,12046,4496,56826,1202,1016,1705,3923,60749
12-01-2019,17,19811,20856,12128,4865,57660,1187,1006,1685,3878,61538
12-01-2019,18,19613,20341,12064,4671,56689,1158,964,1644,3766,60455
12-01-2019,19,19437,19646,11780,4332,55195,1125,938,1580,3643,58838
12-01-2019,20,18977,18993,11343,4053,53366,1083,894,1502,3479,56845
12-01-2019,21,18491,18501,11567,3820,52379,1026,827,1387,3240,55619
12-01-2019,22,18000,17946,11477,3668,51091,971,765,1317,3053,54144
12-01-2019,23,17590,17299,11104,3450,49443,926,706,1244,2876,52319
13-01-2019,0,17204,16525,10769,3246,47744,899,666,1179,2744,50488
13-01-2019,1,16922,16464,10533,3087,47006,883,651,1149,2683,49689
13-01-2019,2,16639,16241,10491,3018,46389,875,646,1141,2662,49051
13-01-2019,3,16525,16280,10481,3006,46292,877,650,1137,2664,48956
13-01-2019,4,16607,16188,10594,3032,46421,888,673,1157,2718,49139
13-01-2019,5,16760,16278,10836,3158,47032,915,710,1223,2848,49880
13-01-2019,6,17129,16748,10914,3196,47987,954,762,1291,3007,50994
13-01-2019,7,17096,17123,11250,3470,48939,1017,819,1356,3192,52131
13-01-2019,8,17436,17539,11364,3796,50135,1057,868,1448,3373,53508
13-01-2019,9,17883,18100,11561,4003,51547,1099,909,1523,3531,55078
13-01-2019,10,18535,18655,11665,4221,53076,1117,915,1541,3573,56649
13-01-2019,11,19001,18821,11639,4275,53736,1117,907,1544,3568,57304
13-01-2019,12,18923,18712,11550,4252,53437,1105,907,1535,3547,56984
13-01-2019,13,18734,18602,11542,4209,53087,1101,899,1518,3518,56605
13-01-2019,14,18818,18628,11669,4162,53277,1113,911,1517,3541,56818
13-01-2019,15,19074,19055,12030,4216,54375,1170,961,1573,3704,58079
13-01-2019,16,19588,19613,12174,4452,55827,1206,1007,1662,3875,59702
13-01-2019,17,19767,19757,12226,4852,56602,1199,992,1663,3854,60456
13-01-2019,18,19430,19680,12199,4736,56045,1191,972,1633,3796,59841
13-01-2019,19,19431,19521,11965,4441,55358,1164,952,1581,3697,59055
13-01-2019,20,19120,18886,11493,4195,53694,1124,913,1494,3531,57225
13-01-2019,21,19014,18324,11700,3970,53008,1052,833,1368,3253,56261
13-01-2019,22,18854,17611,11659,3746,51870,983,760,1252,2995,54865
13-01-2019,23,18270,16985,11250,3514,50019,941,695,1170,2806,52825
14-01-2019,0,17775,17078,10947,3395,49195,915,666,1137,2718,51913
14-01-2019,1,17681,17164,10707,3312,48864,895,646,1118,2659,51523
14-01-2019,2,17576,17279,10609,3281,48745,888,637,1114,2639,51384
14-01-2019,3,17522,17356,10719,3322,48919,889,651,1125,2665,51584
14-01-2019,4,17601,17602,11051,3447,49701,924,703,1208,2835,52536
14-01-2019,5,18045,18779,11826,3714,52364,1059,842,1459,3360,55724
14-01-2019,6,19816,20921,12279,4243,57259,1211,995,1682,3888,61147
14-01-2019,7,21603,22498,12587,4973,61661,1320,1103,1823,4246,65907
14-01-2019,8,22057,22933,12432,5141,62563,1329,1133,1867,4329,66892
14-01-2019,9,21814,22910,12346,5160,62230,1296,1141,1868,4305,66535
14-01-2019,10,21693,22963,12349,5131,62136,1283,1122,1857,4262,66398
14-01-2019,11,21396,22713,12317,5063,61489,1278,1102,1830,4210,65699
14-01-2019,12,21131,22275,12308,4958,60672,1300,1122,1843,4265,64937
14-01-2019,13,20742,21954,12302,4965,59963,1287,1119,1833,4239,64202
14-01-2019,14,20649,21723,12324,4883,59579,1300,1109,1827,4236,63815
14-01-2019,15,20800,22263,12524,4823,60410,1330,1132,1814,4276,64686
14-01-2019,16,21369,22811,12567,5053,61800,1339,1141,1851,4331,66131
14-01-2019,17,21362,23105,12475,5522,62464,1314,1119,1822,4255,66719
14-01-2019,18,21172,22562,12463,5352,61549,1277,1074,1769,4120,65669
14-01-2019,19,20896,22061,12370,5017,60344,1241,1036,1722,3999,64343
14-01-2019,20,20544,21382,11921,4694,58541,1184,970,1634,3788,62329
14-01-2019,21,19990,20303,12137,4384,56814,1088,891,1450,3429,60243
14-01-2019,22,19558,19244,11920,4026,54748,1002,800,1327,3129,57877
14-01-2019,23,18710,18460,11517,3708,52395,943,731,1244,2918,55313
15-01-2019,0,18235,17852,11197,3512,50796,914,695,1205,2814,53610
15-01-2019,1,17751,17667,11025,3404,49847,903,677,1184,2764,52611
15-01-2019,2,17619,17732,11035,3356,49742,901,671,1174,2746,52488
15-01-2019,3,17522,17718,11154,3394,49788,914,681,1195,2790,52578
15-01-2019,4,17795,17978,11466,3511,50750,954,727,1269,2950,53700
15-01-2019,5,18528,18764,12254,3696,53242,1086,855,1514,3455,56697
15-01-2019,6,20064,21208,12608,4324,58204,1247,1009,1734,3990,62194
15-01-2019,7,21537,23203,12799,4982,62521,1355,1111,1855,4321,66842
15-01-2019,8,21873,23668,12654,5147,63342,1366,1149,1891,4406,67748
15-01-2019,9,21413,23501,12577,5220,62711,1361,1147,1882,4390,67101
15-01-2019,10,21270,23552,12497,5263,62582,1348,1130,1876,4354,66936
15-01-2019,11,21246,23401,12470,5193,62310,1332,1090,1850,4272,66582
15-01-2019,12,20950,22928,12411,5124,61413,1345,1112,1867,4324,65737
15-01-2019,13,20827,22696,12406,5128,61057,1332,1106,1846,4284,65341
15-01-2019,14,20822,22399,12475,5014,60710,1339,1105,1827,4271,64981
15-01-2019,15,21091,22584,12703,4898,61276,1357,1141,1832,4330,65606
15-01-2019,16,21422,22884,12763,5031,62100,1354,1146,1882,4382,66482
15-01-2019,17,21343,23031,12724,5396,62494,1323,1132,1862,4317,66811
15-01-2019,18,21194,22692,12745,5212,61843,1283,1087,1790,4160,66003
15-01-2019,19,20978,22143,12561,4873,60555,1253,1090,1724,4067,64622
15-01-2019,20,20699,21290,12057,4523,58569,1182,1034,1622,3838,62407
15-01-2019,21,20408,20451,12105,4202,57166,1098,920,1478,3496,60662
15-01-2019,22,19828,19526,11853,3848,55055,1013,824,1321,3158,58213
15-01-2019,23,18893,18735,11434,3575,52637,951,752,1271,2974,55611
16-01-2019,0,18477,17949,11162,3423,51011,923,715,1223,2861,53872
16-01-2019,1,18171,17929,10969,3291,50360,905,693,1192,2790,53150
16-01-2019,2,17890,17784,10897,3239,49810,901,684,1183,2768,52578
16-01-2019,3,17786,17918,10997,3285,49986,909,695,1200,2804,52790
16-01-2019,4,17913,18485,11367,3326,51091,949,744,1263,2956,54047
16-01-2019,5,18266,19548,12189,3554,53557,1085,865,1494,3444,57001
16-01-2019,6,19771,21440,12647,4198,58056,1231,1019,1719,3969,62025
16-01-2019,7,21589,23318,12752,4813,62472,1338,1117,1844,4299,66771
16-01-2019,8,21848,23496,12563,5006,62913,1349,1158,1880,4387,67300
16-01-2019,9,21497,23159,12471,5010,62137,1357,1150,1871,4378,66515
16-01-2019,10,21401,22850,12473,5041,61765,1349,1125,1862,4336,66101
16-01-2019,11,21189,22545,12579,5039,61352,1327,1095,1826,4248,65600
16-01-2019,12,21078,22294,12517,4970,60859,1342,1107,1818,4267,65126
16-01-2019,13,20953,22082,12498,5022,60555,1319,1093,1801,4213,64768
16-01-2019,14,20978,21915,12597,4975,60465,1330,1080,1795,4205,64670
16-01-2019,15,21269,22001,12844,4875,60989,1358,1115,1804,4277,65266
16-01-2019,16,21644,22318,13035,5027,62024,1376,1139,1860,4375,66399
16-01-2019,17,21434,22317,13093,5345,62189,1348,1121,1835,4304,66493
16-01-2019,18,21065,22016,13150,5140,61371,1309,1077,1783,4169,65540
16-01-2019,19,21048,21423,12989,4828,60288,1262,1048,1729,4039,64327
16-01-2019,20,20864,20753,12523,4507,58647,1206,994,1638,3838,62485
16-01-2019,21,20523,19907,12534,4223,57187,1124,903,1450,3477,60664
16-01-2019,22,19816,18863,12260,3880,54819,1040,812,1313,3165,57984
16-01-2019,23,19083,17933,11811,3609,52436,983,735,1228,2946,55382
17-01-2019,0,18770,17261,11391,3440,50862,953,694,1183,2830,53692
17-01-2019,1,18417,17019,11107,3325,49868,935,672,1159,2766,52634
17-01-2019,2,18257,17256,11016,3273,49802,932,663,1150,2745,52547
17-01-2019,3,18224,17679,11080,3238,50221,919,667,1167,2753,52974
17-01-2019,4,18501,18060,11412,3304,51277,954,714,1241,2909,54186
17-01-2019,5,19118,18791,12251,3506,53666,1073,840,1468,3381,57047
17-01-2019,6,20525,21038,12732,4122,58417,1216,994,1682,3892,62309
17-01-2019,7,22095,23030,12995,4780,62900,1317,1102,1812,4231,67131
17-01-2019,8,22087,23534,12882,4974,63477,1332,1137,1842,4311,67788
17-01-2019,9,21686,23417,12838,5021,62962,1335,1141,1855,4331,67293
17-01-2019,10,21994,23518,12825,5086,63423,1333,1129,1852,4314,67737
17-01-2019,11,21877,23288,12829,5069,63063,1312,1103,1825,4240,67303
17-01-2019,12,21578,23125,12821,4996,62520,1332,1128,1845,4305,66825
17-01-2019,13,21413,22893,12844,5005,62155,1325,1068,1827,4220,66375
17-01-2019,14,21417,22935,12858,4990,62200,1335,1094,1811,4240,66440
17-01-2019,15,21599,23508,13096,4956,63159,1357,1113,1791,4261,67420
17-01-2019,16,22172,24277,13281,5074,64804,1369,1131,1817,4317,69121
17-01-2019,17,22250,24133,13327,5403,65113,1343,1115,1792,4250,69363
17-01-2019,18,22225,23821,13334,5214,64594,1308,1078,1741,4127,68721
17-01-2019,19,22020,23430,13212,4915,63577,1277,1000,1707,3984,67561
17-01-2019,20,21627,22529,12747,4569,61472,1215,902,1589,3706,65178
17-01-2019,21,21128,21533,12758,4278,59697,1132,863,1434,3429,63126
17-01-2019,22,20438,20616,12567,3941,57562,1041,759,1344,3144,60706
17-01-2019,23,19711,19864,12031,3669,55275,989,729,1262,2980,58255
18-01-2019,0,19039,19429,11807,3549,53824,965,686,1215,2866,56690
18-01-2019,1,18724,18925,11604,3458,52711,955,629,1189,2773,55484
18-01-2019,2,18660,18761,11593,3429,52443,946,521,1177,2644,55087
18-01-2019,3,18569,18947,11718,3435,52669,948,538,1190,2676,55345
18-01-2019,4,18882,19217,12115,3518,53732,981,582,1258,2821,56553
18-01-2019,5,19576,20087,12912,3782,56357,1102,835,1483,3420,59777
18-01-2019,6,20639,22408,13275,4407,60729,1257,1011,1702,3970,64699
18-01-2019,7,22447,24385,13544,5061,65437,1354,1105,1834,4293,69730
18-01-2019,8,22877,24517,13440,5237,66071,1379,1144,1873,4396,70467
18-01-2019,9,22471,24123,13388,5163,65145,1371,1129,1861,4361,69506
18-01-2019,10,22539,23908,13345,5114,64906,1352,1101,1845,4298,69204
18-01-2019,11,22263,23531,13262,5029,64085,1329,1073,1805,4207,68292
18-01-2019,12,21838,23139,13166,4830,62973,1339,1090,1802,4231,67204
18-01-2019,13,21483,22644,13062,4748,61937,1327,1082,1790,4199,66136
18-01-2019,14,21521,22353,13135,4610,61619,1331,1071,1766,4168,65787
18-01-2019,15,21745,22520,13509,4512,62286,1338,1086,1755,4179,66465
18-01-2019,16,21918,23314,13735,4762,63729,1348,1117,1838,4303,68032
18-01-2019,17,22073,23571,13710,5226,64580,1316,1093,1800,4209,68789
18-01-2019,18,21764,23325,13752,5074,63915,1287,1053,1748,4088,68003
18-01-2019,19,21230,22881,13537,4697,62345,1246,1015,1697,3958,66303
18-01-2019,20,20513,21938,13089,4369,59909,1189,958,1603,3750,63659
18-01-2019,21,20051,21019,13205,4095,58370,1117,881,1461,3459,61829
18-01-2019,22,19494,20392,12969,3894,56749,1046,802,1365,3213,59962
18-01-2019,23,18952,19776,12523,3610,54861,991,737,1269,2997,57858
19-01-2019,0,18371,19108,12160,3433,53072,957,700,1199,2856,55928
19-01-2019,1,17950,18789,11953,3287,51979,937,677,1179,2793,54772
19-01-2019,2,18010,18620,11901,3230,51761,934,662,1175,2771,54532
19-01-2019,3,17795,18438,11944,3229,51406,933,661,1185,2779,54185
19-01-2019,4,17774,18393,12053,3261,51481,947,682,1195,2824,54305
19-01-2019,5,17869,18538,12342,3346,52095,986,730,1277,2993,55088
19-01-2019,6,18246,19073,12296,3508,53123,1036,794,1359,3189,56312
19-01-2019,7,19027,20007,12580,3830,55444,1099,852,1442,3393,58837
19-01-2019,8,19479,20796,12623,4156,57054,1141,901,1541,3583,60637
19-01-2019,9,20125,21281,12717,4365,58488,1167,937,1618,3722,62210
19-01-2019,10,20645,21465,12659,4448,59217,1157,942,1619,3718,62935
19-01-2019,11,20493,21041,12536,4409,58479,1143,929,1624,3696,62175
19-01-2019,12,20125,20662,12422,4310,57519,1131,915,1610,3656,61175
19-01-2019,13,19979,20431,12392,4243,57045,1121,904,1577,3602,60647
19-01-2019,14,19974,19988,12469,4204,56635,1122,896,1558,3576,60211
19-01-2019,15,20139,20380,12885,4219,57623,1166,934,1601,3701,61324
19-01-2019,16,20607,21315,13164,4450,59536,1212,998,1703,3913,63449
19-01-2019,17,20985,21639,13275,4909,60808,1197,986,1693,3876,64684
19-01-2019,18,20828,21140,13243,4830,60041,1180,962,1647,3789,63830
19-01-2019,19,20427,20538,12859,4479,58303,1140,934,1590,3664,61967
19-01-2019,20,19916,19807,12345,4186,56254,1099,885,1514,3498,59752
19-01-2019,21,19411,19147,12491,3982,55031,1028,815,1400,3243,58274
19-01-2019,22,18972,18310,12300,3795,53377,958,747,1306,3011,56388
19-01-2019,23,18722,17807,11865,3594,51988,910,686,1230,2826,54814
20-01-2019,0,18269,17751,11634,3429,51083,880,661,1183,2724,53807
20-01-2019,1,17901,17539,11344,3312,50096,859,656,1156,2671,52767
20-01-2019,2,17731,17467,11286,3234,49718,856,639,1141,2636,52354
20-01-2019,3,17832,17473,11296,3229,49830,856,635,1142,2633,52463
20-01-2019,4,17825,17640,11391,3243,50099,871,660,1169,2700,52799
20-01-2019,5,17967,17788,11575,3301,50631,901,695,1243,2839,53470
20-01-2019,6,18275,18451,11624,3446,51796,944,744,1301,2989,54785
20-01-2019,7,18783,19195,11941,3717,53636,1006,786,1367,3159,56795
20-01-2019,8,19357,19765,12024,3997,55143,1062,843,1466,3371,58514
20-01-2019,9,20128,20552,12227,4189,57096,1104,882,1527,3513,60609
20-01-2019,10,20387,21050,12279,4238,57954,1122,891,1558,3571,61525
20-01-2019,11,20354,21122,12191,4221,57888,1125,886,1566,3577,61465
20-01-2019,12,20119,21093,12068,4155,57435,1124,881,1559,3564,60999
20-01-2019,13,20014,20847,12020,4104,56985,1125,874,1542,3541,60526
20-01-2019,14,20092,20765,12068,4073,56998,1141,883,1529,3553,60551
20-01-2019,15,20356,20980,12430,4108,57874,1200,914,1559,3673,61547
20-01-2019,16,21025,22102,12756,4374,60257,1265,996,1674,3935,64192
20-01-2019,17,21106,22933,12885,4943,61867,1267,1000,1689,3956,65823
20-01-2019,18,21070,22765,12908,4830,61573,1255,984,1666,3905,65478
20-01-2019,19,20945,22555,12613,4538,60651,1228,970,1619,3817,64468
20-01-2019,20,20708,21950,12228,4243,59129,1171,918,1537,3626,62755
20-01-2019,21,20191,20972,12542,3953,57658,1093,831,1415,3339,60997
20-01-2019,22,19489,20053,12428,3665,55635,1009,758,1317,3084,58719
20-01-2019,23,18921,19368,12145,3439,53873,967,698,1234,2899,56772
21-01-2019,0,18467,18946,11934,3322,52669,951,669,1214,2834,55503
21-01-2019,1,18047,18738,11804,3249,51838,945,657,1170,2772,54610
21-01-2019,2,17964,18716,11884,3213,51777,945,659,1171,2775,54552
21-01-2019,3,18235,18836,12023,3248,52342,956,670,1177,2803,55145
21-01-2019,4,18208,19377,12520,3333,53438,1008,715,1253,2976,56414
21-01-2019,5,18881,20104,13463,3601,56049,1146,848,1507,3501,59550
21-01-2019,6,20372,22384,13805,4242,60803,1306,1007,1730,4043,64846
21-01-2019,7,22024,24366,13998,4915,65303,1414,1101,1843,4358,69661
21-01-2019,8,22405,24646,13879,5125,66055,1439,1149,1886,4474,70529
21-01-2019,9,22372,24430,13952,5162,65916,1434,1146,1887,4467,70383
21-01-2019,10,22246,24494,13923,5181,65844,1416,1129,1870,4415,70259
21-01-2019,11,21765,24414,13634,5095,64908,1385,1101,1836,4322,69230
21-01-2019,12,21499,24285,13551,4973,64308,1393,1108,1845,4346,68654
21-01-2019,13,21549,23752,13582,5003,63886,1374,1096,1830,4300,68186
21-01-2019,14,21709,23735,13669,4947,64060,1387,1090,1805,4282,68342
21-01-2019,15,21834,23992,13928,4811,64565,1408,1106,1803,4317,68882
21-01-2019,16,22088,24269,14171,4972,65500,1452,1142,1860,4454,69954
21-01-2019,17,22216,24562,14165,5454,66397,1433,1123,1840,4396,70793
21-01-2019,18,22043,24138,14155,5271,65607,1401,1090,1796,4287,69894
21-01-2019,19,21891,23510,13943,4933,64277,1375,1054,1743,4172,68449
21-01-2019,20,21523,22668,13464,4635,62290,1319,1000,1657,3976,66266
21-01-2019,21,21201,21532,13554,4334,60621,1241,907,1499,3647,64268
21-01-2019,22,20441,20570,13370,4003,58384,1155,819,1389,3363,61747
21-01-2019,23,19548,19344,12965,3660,55517,1098,751,1316,3165,58682
22-01-2019,0,19111,18554,12723,3513,53901,1078,728,1292,3098,56999
22-01-2019,1,18670,18247,12524,3407,52848,1077,709,1262,3048,55896
22-01-2019,2,18549,18035,12523,3351,52458,1074,708,1254,3036,55494
22-01-2019,3,18460,18039,12718,3374,52591,1083,718,1247,3048,55639
22-01-2019,4,18557,18255,13084,3466,53362,1133,757,1292,3182,56544
22-01-2019,5,19054,19327,13930,3709,56020,1260,890,1532,3682,59702
22-01-2019,6,20455,21480,14187,4349,60471,1409,1049,1742,4200,64671
22-01-2019,7,22199,23105,14374,5013,64691,1510,1151,1866,4527,69218
22-01-2019,8,22613,23163,14233,5204,65213,1543,1193,1899,4635,69848
22-01-2019,9,22381,22951,14178,5205,64715,1534,1189,1908,4631,69346
22-01-2019,10,22311,22841,14100,5269,64521,1525,1170,1905,4600,69121
22-01-2019,11,22078,22675,13994,5227,63974,1491,1142,1886,4519,68493
22-01-2019,12,22135,22598,13819,5122,63674,1494,1148,1899,4541,68215
22-01-2019,13,22180,22550,13695,5148,63573,1467,1136,1881,4484,68057
22-01-2019,14,22178,22616,13636,5076,63506,1474,1130,1866,4470,67976
22-01-2019,15,22301,22716,13804,4969,63790,1490,1137,1857,4484,68274
22-01-2019,16,22757,23146,13958,5073,64934,1530,1166,1901,4597,69531
22-01-2019,17,22448,23473,13881,5509,65311,1505,1147,1884,4536,69847
22-01-2019,18,21999,23187,13825,5312,64323,1469,1106,1818,4393,68716
22-01-2019,19,21764,22587,13545,4980,62876,1422,1074,1777,4273,67149
22-01-2019,20,21450,22025,12965,4755,61195,1360,1003,1674,4037,65232
22-01-2019,21,20928,21013,12911,4473,59325,1268,911,1520,3699,63024
22-01-2019,22,20279,19919,12655,4105,56958,1167,822,1378,3367,60325
22-01-2019,23,19398,18823,12194,3797,54212,1099,757,1294,3150,57362
23-01-2019,0,18749,18236,11784,3572,52341,1064,721,1245,3030,55371
23-01-2019,1,18094,17916,11585,3504,51099,1041,711,1228,2980,54079
23-01-2019,2,17882,17804,11460,3461,50607,1080,703,1228,3011,53618
23-01-2019,3,17999,17801,11574,3443,50817,1034,715,1248,2997,53814
23-01-2019,4,18145,18070,11933,3534,51682,1074,760,1323,3157,54839
23-01-2019,5,18876,18944,12721,3764,54305,1202,874,1552,3628,57933
23-01-2019,6,20293,21061,12995,4436,58785,1348,1030,1777,4155,62940
23-01-2019,7,21849,22831,13117,5141,62938,1448,1142,1898,4488,67426
23-01-2019,8,22252,22890,12870,5269,63281,1465,1176,1947,4588,67869
23-01-2019,9,21983,22914,12802,5270,62969,1458,1171,1937,4566,67535
23-01-2019,10,21698,22956,12773,5301,62728,1446,1155,1929,4530,67258
23-01-2019,11,21761,22856,12683,5261,62561,1422,1116,1878,4416,66977
23-01-2019,12,21581,22587,12605,5155,61928,1431,1133,1868,4432,66360
23-01-2019,13,21581,22382,12614,5143,61720,1413,1126,1844,4383,66103
23-01-2019,14,21620,22326,12559,5056,61561,1413,1126,1831,4370,65931
23-01-2019,15,21553,22664,12778,4976,61971,1420,1137,1819,4376,66347
23-01-2019,16,21916,24496,12885,5100,64397,1444,1162,1901,4507,68904
23-01-2019,17,21888,25083,12773,5529,65273,1417,1152,1918,4487,69760
23-01-2019,18,21527,23855,12842,5352,63576,1379,1109,1882,4370,67946
23-01-2019,19,21224,23200,12750,5047,62221,1329,1074,1826,4229,66450
23-01-2019,20,21176,22690,12284,4771,60921,1273,1007,1736,4016,64937
23-01-2019,21,20793,22126,12326,4500,59745,1178,910,1579,3667,63412
23-01-2019,22,20093,20922,12081,4172,57268,1084,818,1452,3354,60622
23-01-2019,23,19093,19946,11738,3867,54644,1022,746,1374,3142,57786
24-01-2019,0,18539,19260,11450,3664,52913,990,729,1335,3054,55967
24-01-2019,1,18211,18846,11310,3542,51909,972,716,1314,3002,54911
24-01-2019,2,17793,18717,11335,3539,51384,965,713,1309,2987,54371
24-01-2019,3,17748,18835,11509,3555,51647,978,721,1318,3017,54664
24-01-2019,4,17926,19297,11946,3651,52820,1022,762,1393,3177,55997
24-01-2019,5,18623,19966,12892,3870,55351,1145,878,1612,3635,58986
24-01-2019,6,20003,22268,13344,4527,60142,1296,1039,1834,4169,64311
24-01-2019,7,21702,24289,13529,5170,64690,1397,1140,1962,4499,69189
24-01-2019,8,22215,24233,13384,5304,65136,1422,1184,2029,4635,69771
24-01-2019,9,21982,24074,13389,5298,64743,1422,1180,2027,4629,69372
24-01-2019,10,21897,24045,13502,5391,64835,1414,1157,2013,4584,69419
24-01-2019,11,21672,23787,13511,5360,64330,1389,1118,1956,4463,68793
24-01-2019,12,21467,23319,13466,5335,63587,1412,1125,1920,4457,68044
24-01-2019,13,21388,23067,13427,5359,63241,1398,1123,1895,4416,67657
24-01-2019,14,21522,22972,13477,5289,63260,1405,1118,1864,4387,67647
24-01-2019,15,21595,23121,13632,5188,63536,1421,1123,1845,4389,67925
24-01-2019,16,21848,23727,13792,5296,64663,1461,1157,1917,4535,69198
24-01-2019,17,21822,24171,13724,5690,65407,1439,1145,1920,4504,69911
24-01-2019,18,21532,23648,13695,5527,64402,1400,1101,1868,4369,68771
24-01-2019,19,21229,23136,13547,5203,63115,1364,1070,1828,4262,67377
24-01-2019,20,21009,22311,13155,4903,61378,1293,1011,1735,4039,65417
24-01-2019,21,20586,21406,13259,4620,59871,1203,916,1580,3699,63570
24-01-2019,22,19902,20163,12905,4267,57237,1120,818,1453,3391,60628
24-01-2019,23,19053,19411,12455,3949,54868,1056,746,1363,3165,58033
25-01-2019,0,18417,18972,12170,3746,53305,1021,707,1299,3027,56332
25-01-2019,1,18018,18617,12004,3620,52259,1011,695,1281,2987,55246
25-01-2019,2,17833,18404,11959,3549,51745,1002,695,1284,2981,54726
25-01-2019,3,17768,18364,12103,3555,51790,1012,710,1298,3020,54810
25-01-2019,4,17932,18720,12492,3639,52783,1054,751,1362,3167,55950
25-01-2019,5,18571,19559,13258,3873,55261,1187,880,1590,3657,58918
25-01-2019,6,19882,21693,13618,4493,59686,1340,1030,1801,4171,63857
25-01-2019,7,21490,23017,13656,5205,63368,1439,1130,1914,4483,67851
25-01-2019,8,22002,23469,13524,5386,64381,1460,1166,1972,4598,68979
25-01-2019,9,21794,23420,13490,5378,64082,1455,1163,1966,4584,68666
25-01-2019,10,21967,23465,13426,5434,64292,1446,1155,1942,4543,68835
25-01-2019,11,21734,23413,13418,5346,63911,1429,1125,1916,4470,68381
25-01-2019,12,21440,23202,13353,5222,63217,1429,1144,1925,4498,67715
25-01-2019,13,21527,22743,13283,5144,62697,1410,1138,1897,4445,67142
25-01-2019,14,21592,22682,13320,5010,62604,1404,1130,1863,4397,67001
25-01-2019,15,21583,22696,13489,4947,62715,1412,1144,1854,4410,67125
25-01-2019,16,21806,23300,13578,5148,63832,1448,1183,1926,4557,68389
25-01-2019,17,21831,23647,13546,5412,64436,1422,1169,1902,4493,68929
25-01-2019,18,21562,23182,13550,5188,63482,1388,1120,1836,4344,67826
25-01-2019,19,21103,22512,13230,4884,61729,1344,1082,1791,4217,65946
25-01-2019,20,20488,21626,12787,4566,59467,1286,1017,1696,3999,63466
25-01-2019,21,20162,20787,12849,4278,58076,1208,938,1570,3716,61792
25-01-2019,22,19604,20108,12611,4035,56358,1131,858,1444,3433,59791
25-01-2019,23,19087,19078,12167,3817,54149,1077,794,1336,3207,57356
26-01-2019,0,18660,18358,11893,3629,52540,1046,758,1308,3112,55652
26-01-2019,1,18272,18056,11687,3471,51486,1029,736,1273,3038,54524
26-01-2019,2,18012,17761,11611,3397,50781,1017,723,1260,3000,53781
26-01-2019,3,17938,17844,11614,3398,50794,1020,721,1262,3003,53797
26-01-2019,4,18051,18040,11714,3394,51199,1041,735,1277,3053,54252
26-01-2019,5,18224,18329,11957,3444,51954,1081,779,1376,3236,55190
26-01-2019,6,18549,18776,12125,3635,53085,1128,843,1457,3428,56513
26-01-2019,7,19031,19645,12354,3940,54970,1179,895,1524,3598,58568
26-01-2019,8,19704,20246,12376,4253,56579,1247,962,1640,3849,60428
26-01-2019,9,20261,21214,12524,4429,58428,1275,994,1712,3981,62409
26-01-2019,10,20646,21698,12614,4544,59502,1276,989,1729,3994,63496
26-01-2019,11,20776,21728,12569,4508,59581,1265,977,1716,3958,63539
26-01-2019,12,20539,21674,12532,4440,59185,1246,968,1696,3910,63095
26-01-2019,13,20377,21430,12509,4381,58697,1231,961,1656,3848,62545
26-01-2019,14,20298,21148,12585,4331,58362,1234,962,1636,3832,62194
26-01-2019,15,20447,21302,12964,4332,59045,1275,982,1654,3911,62956
26-01-2019,16,20828,22079,13502,4529,60938,1359,1050,1739,4148,65086
26-01-2019,17,21090,22533,13663,4971,62257,1353,1047,1741,4141,66398
26-01-2019,18,20907,22181,13608,4859,61555,1331,1021,1706,4058,65613
26-01-2019,19,20433,21544,13215,4535,59727,1285,1000,1651,3936,63663
26-01-2019,20,19985,20946,12749,4271,57951,1245,954,1577,3776,61727
26-01-2019,21,19616,20137,12952,4043,56748,1190,883,1447,3520,60268
26-01-2019,22,19294,19557,12839,3819,55509,1130,823,1354,3307,58816
26-01-2019,23,18937,18818,12418,3619,53792,1083,764,1295,3142,56934
27-01-2019,0,18423,18624,12147,3481,52675,1056,729,1246,3031,55706
27-01-2019,1,18148,18415,11929,3329,51821,1036,718,1225,2979,54800
27-01-2019,2,18049,18341,11917,3236,51543,1030,709,1216,2955,54498
27-01-2019,3,17939,18288,11985,3212,51424,1031,708,1216,2955,54379
27-01-2019,4,17957,18400,12100,3229,51686,1045,731,1247,3023,54709
27-01-2019,5,18130,18621,12338,3303,52392,1077,768,1322,3167,55559
27-01-2019,6,18421,19174,12385,3484,53464,1118,818,1386,3322,56786
27-01-2019,7,18816,19823,12597,3712,54948,1169,862,1455,3486,58434
27-01-2019,8,19335,20268,12803,3996,56402,1232,927,1568,3727,60129
27-01-2019,9,20143,21012,13063,4225,58443,1271,967,1632,3870,62313
27-01-2019,10,20737,21499,13160,4393,59789,1262,971,1637,3870,63659
27-01-2019,11,20788,21572,13108,4453,59921,1238,962,1621,3821,63742
27-01-2019,12,20606,21581,12982,4445,59614,1224,949,1606,3779,63393
27-01-2019,13,20517,21407,12907,4398,59229,1214,939,1587,3740,62969
27-01-2019,14,20547,21343,13000,4357,59247,1223,934,1584,3741,62988
27-01-2019,15,20585,21530,13263,4340,59718,1269,954,1606,3829,63547
27-01-2019,16,20940,22283,13718,4565,61506,1351,1034,1715,4100,65606
27-01-2019,17,21169,22542,13914,4824,62449,1357,1041,1743,4141,66590
27-01-2019,18,21015,22500,13950,4619,62084,1337,1020,1710,4067,66151
27-01-2019,19,20879,22061,13784,4392,61116,1307,1001,1653,3961,65077
27-01-2019,20,20624,21261,13393,4254,59532,1256,951,1570,3777,63309
27-01-2019,21,20412,20611,13673,3991,58687,1183,873,1464,3520,62207
27-01-2019,22,19872,19892,13598,3693,57055,1113,800,1354,3267,60322
27-01-2019,23,19223,18845,13262,3436,54766,1071,742,1266,3079,57845
28-01-2019,0,18757,18452,12977,3292,53478,1040,714,1231,2985,56463
28-01-2019,1,18498,18267,12755,3175,52695,1021,698,1219,2938,55633
28-01-2019,2,18285,18196,12763,3133,52377,1021,690,1211,2922,55299
28-01-2019,3,18372,18289,12891,3161,52713,1024,706,1227,2957,55670
28-01-2019,4,18708,18666,13256,3240,53870,1073,753,1281,3107,56977
28-01-2019,5,19228,19596,14049,3507,56380,1203,895,1535,3633,60013
28-01-2019,6,20696,21384,14444,4171,60695,1358,1056,1743,4157,64852
28-01-2019,7,22264,23360,14542,4855,65021,1450,1154,1870,4474,69495
28-01-2019,8,22687,23475,14432,5095,65689,1477,1198,1940,4615,70304
28-01-2019,9,22378,23108,14411,5135,65032,1472,1198,1941,4611,69643
28-01-2019,10,22370,23002,14337,5234,64943,1461,1190,1937,4588,69531
28-01-2019,11,22240,23036,14287,5193,64756,1442,1159,1902,4503,69259
28-01-2019,12,22045,22842,14149,5113,64149,1457,1175,1907,4539,68688
28-01-2019,13,21933,22660,14052,5131,63776,1446,1159,1891,4496,68272
28-01-2019,14,21982,22753,13954,5062,63751,1441,1154,1878,4473,68224
28-01-2019,15,22147,23050,13933,4962,64092,1437,1151,1854,4442,68534
28-01-2019,16,22299,23394,14100,5067,64860,1462,1176,1892,4530,69390
28-01-2019,17,22451,23582,14019,5488,65540,1445,1162,1895,4502,70042
28-01-2019,18,22313,23260,13977,5340,64890,1408,1122,1847,4377,69267
28-01-2019,19,22023,22535,13755,4959,63272,1362,1083,1774,4219,67491
28-01-2019,20,21794,21881,13239,4658,61572,1295,1016,1673,3984,65556
28-01-2019,21,21430,20953,13281,4336,60000,1202,924,1505,3631,63631
28-01-2019,22,20709,19799,12955,3982,57445,1108,835,1368,3311,60756
28-01-2019,23,20099,18781,12457,3725,55062,1046,763,1286,3095,58157
29-01-2019,0,19499,18375,12203,3572,53649,1015,731,1260,3006,56655
29-01-2019,1,19163,18107,11971,3482,52723,1005,722,1244,2971,55694
29-01-2019,2,19072,18042,11887,3450,52451,1001,716,1241,2958,55409
29-01-2019,3,19093,18024,11958,3458,52533,1006,728,1255,2989,55522
29-01-2019,4,19434,18267,12313,3540,53554,1049,776,1325,3150,56704
29-01-2019,5,19901,19206,13095,3768,55970,1185,902,1530,3617,59587
29-01-2019,6,21343,21360,13400,4400,60503,1335,1053,1751,4139,64642
29-01-2019,7,23016,23054,13526,5095,64691,1426,1147,1869,4442,69133
29-01-2019,8,23300,23167,13351,5238,65056,1453,1194,1917,4564,69620
29-01-2019,9,23065,23235,13199,5189,64688,1454,1198,1917,4569,69257
29-01-2019,10,22957,23192,13204,5212,64565,1446,1181,1900,4527,69092
29-01-2019,11,22780,23050,13233,5126,64189,1428,1148,1881,4457,68646
29-01-2019,12,22655,22805,13139,5005,63604,1456,1152,1901,4509,68113
29-01-2019,13,22392,22530,13061,4991,62974,1437,1142,1869,4448,67422
29-01-2019,14,22387,22503,13026,4920,62836,1436,1129,1852,4417,67253
29-01-2019,15,22545,22724,13145,4838,63252,1427,1129,1826,4382,67634
29-01-2019,16,22934,23380,13448,4940,64702,1460,1153,1869,4482,69184
29-01-2019,17,23197,24037,13390,5451,66075,1436,1141,1857,4434,70509
29-01-2019,18,22898,23839,13385,5302,65424,1392,1100,1810,4302,69726
29-01-2019,19,22459,23525,13129,4968,64081,1349,1068,1762,4179,68260
29-01-2019,20,22162,22975,12657,4657,62451,1292,1005,1662,3959,66410
29-01-2019,21,21638,22047,12720,4314,60719,1198,898,1493,3589,64308
29-01-2019,22,20872,20781,12436,3992,58081,1102,807,1363,3272,61353
29-01-2019,23,20064,19863,11944,3699,55570,1038,732,1279,3049,58619
30-01-2019,0,19660,19583,11585,3520,54348,1018,694,1245,2957,57305
30-01-2019,1,19324,19405,11342,3418,53489,1000,678,1228,2906,56395
30-01-2019,2,19222,19433,11351,3382,53388,990,674,1228,2892,56280
30-01-2019,3,19243,19481,11419,3401,53544,987,683,1243,2913,56457
30-01-2019,4,19567,19840,11795,3473,54675,1016,731,1316,3063,57738
30-01-2019,5,20187,20728,12654,3731,57300,1143,860,1506,3509,60809
30-01-2019,6,21458,23056,13009,4379,61902,1290,1009,1725,4024,65926
30-01-2019,7,22987,24970,13102,5062,66121,1378,1099,1835,4312,70433
30-01-2019,8,23102,25103,12923,5213,66341,1392,1140,1885,4417,70758
30-01-2019,9,22823,24862,12883,5229,65797,1382,1136,1884,4402,70199
30-01-2019,10,22886,24988,12846,5231,65951,1362,1116,1873,4351,70302
30-01-2019,11,22720,24615,12760,5157,65252,1329,1082,1843,4254,69506
30-01-2019,12,22602,24091,12595,5028,64316,1349,1099,1847,4295,68611
30-01-2019,13,22470,23811,12557,5009,63847,1333,1092,1828,4253,68100
30-01-2019,14,22427,23927,12533,4954,63841,1331,1087,1818,4236,68077
30-01-2019,15,22542,23887,12675,4875,63979,1325,1079,1807,4211,68190
30-01-2019,16,22936,24286,12992,4996,65210,1377,1116,1867,4360,69570
30-01-2019,17,22928,24973,13056,5502,66459,1368,1129,1882,4379,70838
30-01-2019,18,22657,24769,13099,5357,65882,1331,1090,1842,4263,70145
30-01-2019,19,22359,24198,12898,5003,64458,1291,1066,1781,4138,68596
30-01-2019,20,21929,23416,12398,4703,62446,1234,1007,1689,3930,66376
30-01-2019,21,21520,22438,12447,4384,60789,1148,922,1541,3611,64400
30-01-2019,22,20773,21423,12204,4034,58434,1056,827,1403,3286,61720
30-01-2019,23,19993,20331,11788,3757,55869,996,764,1318,3078,58947
31-01-2019,0,19297,19516,11539,3564,53916,962,731,1285,2978,56894
31-01-2019,1,18813,19245,11356,3465,52879,948,720,1256,2924,55803
31-01-2019,2,18750,19068,11319,3420,52557,948,713,1254,2915,55472
31-01-2019,3,18686,19270,11474,3457,52887,960,726,1263,2949,55836
31-01-2019,4,18741,19491,11844,3519,53595,1008,767,1326,3101,56696
31-01-2019,5,19675,20563,12690,3756,56684,1143,899,1554,3596,60280
31-01-2019,6,20977,22740,13054,4400,61171,1297,1046,1768,4111,65282
31-01-2019,7,22468,24228,13118,5092,64906,1383,1137,1880,4400,69306
31-01-2019,8,22942,24315,12983,5281,65521,1416,1187,1934,4537,70058
31-01-2019,9,22719,24297,12919,5293,65228,1412,1198,1941,4551,69779
31-01-2019,10,22660,24334,12837,5392,65223,1397,1182,1942,4521,69744
31-01-2019,11,22331,24126,12741,5361,64559,1372,1143,1910,4425,68984
31-01-2019,12,22383,23971,12729,5237,64320,1378,1149,1893,4420,68740
31-01-2019,13,22282,23516,12647,5177,63622,1350,1131,1862,4343,67965
31-01-2019,14,22343,23321,12607,5106,63377,1349,1109,1846,4304,67681
31-01-2019,15,22396,23633,12751,5002,63782,1348,1106,1823,4277,68059
31-01-2019,16,23079,23934,13080,5097,65190,1400,1143,1854,4397,69587
31-01-2019,17,23672,24531,13077,5533,66813,1392,1145,1869,4406,71219
31-01-2019,18,23197,23981,13116,5372,65666,1356,1099,1815,4270,69936
31-01-2019,19,22677,23226,12904,5046,63853,1315,1069,1749,4133,67986
31-01-2019,20,21491,22524,12438,4706,61159,1262,1001,1649,3912,65071
31-01-2019,21,20671,21487,12581,4385,59124,1176,905,1492,3573,62697
31-01-2019,22,19813,20289,12401,4026,56529,1087,812,1352,3251,59780
31-01-2019,23,18638,19273,11895,3712,53518,1026,750,1275,3051,56569
01-02-2019,0,17636,18519,11668,3562,51385,994,721,1255,2970,54355
01-02-2019,1,17240,18272,11500,3454,50466,978,703,1225,2906,53372
01-02-2019,2,17017,18130,11455,3396,49998,975,700,1211,2886,52884
01-02-2019,3,16884,18220,11619,3416,50139,968,714,1231,2913,53052
01-02-2019,4,17218,18526,12056,3499,51299,1004,759,1282,3045,54344
01-02-2019,5,17874,19413,12838,3747,53872,1124,877,1492,3493,57365
01-02-2019,6,19215,21318,13227,4413,58173,1260,1022,1701,3983,62156
01-02-2019,7,21607,22995,13234,5045,62881,1342,1106,1802,4250,67131
01-02-2019,8,22318,23325,13280,5189,64112,1373,1148,1874,4395,68507
01-02-2019,9,22027,23346,13305,5210,63888,1381,1151,1868,4400,68288
01-02-2019,10,21730,23496,13226,5211,63663,1359,1134,1861,4354,68017
01-02-2019,11,21629,23246,13257,5122,63254,1336,1106,1822,4264,67518
01-02-2019,12,21126,23074,13063,4972,62235,1345,1118,1815,4278,66513
01-02-2019,13,21012,22812,12978,4857,61659,1320,1103,1782,4205,65864
01-02-2019,14,21537,22553,12931,4711,61732,1316,1084,1750,4150,65882
01-02-2019,15,21806,22495,13055,4630,61986,1305,1073,1729,4107,66093
01-02-2019,16,21650,22911,13477,4721,62759,1340,1110,1790,4240,66999
01-02-2019,17,21835,23627,13556,5182,64200,1315,1104,1789,4208,68408
01-02-2019,18,21700,23004,13548,5089,63341,1275,1059,1742,4076,67417
01-02-2019,19,21359,21906,13356,4741,61362,1229,1032,1675,3936,65298
01-02-2019,20,20794,20823,12914,4405,58936,1169,964,1580,3713,62649
01-02-2019,21,20256,19973,12970,4087,57286,1100,881,1443,3424,60710
01-02-2019,22,19624,19074,12755,3850,55303,1022,800,1336,3158,58461
01-02-2019,23,18935,18355,12319,3592,53201,967,728,1257,2952,56153
02-02-2019,0,18501,18137,11970,3419,52027,937,692,1210,2839,54866
02-02-2019,1,18148,17903,11794,3332,51177,917,671,1176,2764,53941
02-02-2019,2,17964,17693,11733,3255,50645,907,658,1164,2729,53374
02-02-2019,3,17789,17691,11681,3228,50389,905,661,1161,2727,53116
02-02-2019,4,17800,17774,11855,3240,50669,915,684,1181,2780,53449
02-02-2019,5,18053,17908,12131,3317,51409,956,729,1261,2946,54355
02-02-2019,6,18365,18394,12200,3487,52446,1009,795,1355,3159,55605
02-02-2019,7,19020,19020,12414,3779,54233,1061,852,1432,3345,57578
02-02-2019,8,19814,19725,12476,4060,56075,1122,924,1529,3575,59650
02-02-2019,9,20578,20601,12560,4293,58032,1157,953,1596,3706,61738
02-02-2019,10,20936,20907,12616,4441,58900,1163,954,1622,3739,62639
02-02-2019,11,20947,21130,12528,4472,59077,1148,956,1613,3717,62794
02-02-2019,12,20819,21237,12440,4413,58909,1146,958,1598,3702,62611
02-02-2019,13,20456,20859,12383,4315,58013,1129,952,1562,3643,61656
02-02-2019,14,20383,20726,12417,4302,57828,1126,948,1529,3603,61431
02-02-2019,15,20547,20770,12706,4288,58311,1138,958,1536,3632,61943
02-02-2019,16,20813,21413,13161,4417,59804,1202,1009,1618,3829,63633
02-02-2019,17,21416,22178,13315,4840,61749,1195,1011,1640,3846,65595
02-02-2019,18,21236,21975,13235,4803,61249,1155,979,1603,3737,64986
02-02-2019,19,20764,21447,12851,4442,59504,1124,950,1542,3616,63120
02-02-2019,20,20207,20518,12339,4162,57226,1090,900,1475,3465,60691
02-02-2019,21,19936,19741,12563,3957,56197,1029,833,1360,3222,59419
02-02-2019,22,19431,19270,12375,3732,54808,970,770,1294,3034,57842
02-02-2019,23,18911,18453,11941,3547,52852,929,700,1211,2840,55692
03-02-2019,0,18437,18064,11660,3388,51549,897,668,1161,2726,54275
03-02-2019,1,18116,18032,11441,3266,50855,871,649,1134,2654,53509
03-02-2019,2,17931,17871,11323,3188,50313,856,642,1119,2617,52930
03-02-2019,3,17885,17881,11372,3154,50292,853,638,1122,2613,52905
03-02-2019,4,17892,17914,11419,3153,50378,862,656,1136,2654,53032
03-02-2019,5,17996,17989,11583,3210,50778,884,691,1205,2780,53558
03-02-2019,6,18317,18538,11680,3372,51907,924,740,1270,2934,54841
03-02-2019,7,18716,19121,11786,3652,53275,967,780,1327,3074,56349
03-02-2019,8,19078,19724,11853,3895,54550,1029,853,1433,3315,57865
03-02-2019,9,19797,20574,12114,4122,56607,1070,889,1488,3447,60054
03-02-2019,10,20163,21188,12177,4244,57772,1080,911,1512,3503,61275
03-02-2019,11,20157,21591,12199,4231,58178,1081,908,1515,3504,61682
03-02-2019,12,19976,21706,12078,4178,57938,1080,909,1505,3494,61432
03-02-2019,13,19755,21431,12008,4128,57322,1067,900,1486,3453,60775
03-02-2019,14,19594,21385,11989,4062,57030,1068,899,1476,3443,60473
03-02-2019,15,19596,21385,12113,4069,57163,1103,909,1496,3508,60671
03-02-2019,16,20250,22165,12432,4227,59074,1187,976,1587,3750,62824
03-02-2019,17,20958,23325,12448,4805,61536,1201,986,1643,3830,65366
03-02-2019,18,21077,23419,12440,4835,61771,1186,948,1626,3760,65531
03-02-2019,19,20851,22835,12129,4540,60355,1156,956,1570,3682,64037
03-02-2019,20,20612,22242,11742,4249,58845,1109,909,1494,3512,62357
03-02-2019,21,20237,21375,12002,3990,57604,1033,824,1366,3223,60827
03-02-2019,22,19752,20547,11852,3745,55896,968,745,1281,2994,58890
03-02-2019,23,19172,20101,11553,3554,54380,923,682,1202,2807,57187
04-02-2019,0,18825,19659,11249,3418,53151,905,660,1156,2721,55872
04-02-2019,1,18529,19324,11031,3335,52219,895,653,1142,2690,54909
04-02-2019,2,18538,19235,11016,3319,52108,895,657,1138,2690,54798
04-02-2019,3,18610,19148,11118,3355,52231,900,678,1158,2736,54967
04-02-2019,4,18772,19443,11507,3435,53157,940,732,1233,2905,56062
04-02-2019,5,19260,20324,12390,3694,55668,1072,853,1460,3385,59053
04-02-2019,6,20799,22462,12867,4338,60466,1232,938,1676,3846,64312
04-02-2019,7,22249,23961,12909,5068,64187,1318,1100,1781,4199,68386
04-02-2019,8,22493,24233,12804,5256,64786,1354,1157,1869,4380,69166
04-02-2019,9,22507,24227,12795,5257,64786,1358,1157,1890,4405,69191
04-02-2019,10,22503,23958,12756,5264,64481,1357,1133,1880,4370,68851
04-02-2019,11,22211,23630,12724,5288,63853,1335,1105,1846,4286,68139
04-02-2019,12,21985,23318,12762,5190,63255,1348,1129,1847,4324,67579
04-02-2019,13,21981,23111,12684,5164,62940,1339,1123,1825,4287,67227
04-02-2019,14,22013,23046,12701,4833,62593,1340,1106,1797,4243,66836
04-02-2019,15,22100,23131,12705,5001,62937,1322,1099,1778,4199,67136
04-02-2019,16,22335,23356,13054,5128,63873,1358,1112,1813,4283,68156
04-02-2019,17,22507,23937,13122,5544,65110,1347,1116,1846,4309,69419
04-02-2019,18,22195,23397,13138,5408,64138,1306,1074,1801,4181,68319
04-02-2019,19,21855,22731,12996,5071,62653,1259,1035,1732,4026,66679
04-02-2019,20,21458,22146,12574,4754,60932,1209,973,1626,3808,64740
04-02-2019,21,20852,21230,12708,4483,59273,1121,886,1465,3472,62745
04-02-2019,22,20221,19915,12449,4114,56699,1012,791,1334,3137,59836
04-02-2019,23,19242,19029,12036,3852,54159,940,720,1264,2924,57083
05-02-2019,0,18708,18418,11765,3599,52490,909,684,1217,2810,55300
05-02-2019,1,18465,18174,11507,3453,51599,893,668,1187,2748,54347
05-02-2019,2,18052,18109,11451,3409,51021,880,659,1180,2719,53740
05-02-2019,3,17943,17999,11462,3427,50831,890,675,1200,2765,53596
05-02-2019,4,18067,18233,11831,3473,51604,929,721,1253,2903,54507
05-02-2019,5,18711,18837,12616,3705,53869,1068,855,1472,3395,57264
05-02-2019,6,20271,20763,12980,4353,58367,1213,998,1683,3894,62261
05-02-2019,7,21841,22674,12957,5010,62482,1290,1081,1802,4173,66655
05-02-2019,8,22295,22681,12865,5140,62981,1331,1134,1853,4318,67299
05-02-2019,9,22046,22597,12742,5138,62523,1321,1132,1856,4309,66832
05-02-2019,10,21851,22696,12724,5152,62423,1320,1120,1854,4294,66717
05-02-2019,11,21634,22660,12642,5140,62076,1299,1099,1838,4236,66312
05-02-2019,12,21415,22290,12573,5018,61296,1322,1123,1842,4287,65583
05-02-2019,13,21063,22122,12557,5039,60781,1284,1113,1832,4229,65010
05-02-2019,14,21105,21864,12520,4929,60418,1299,1103,1829,4231,64649
05-02-2019,15,21178,22039,12539,4810,60566,1295,1096,1794,4185,64751
05-02-2019,16,21405,22230,12926,4846,61407,1336,1119,1821,4276,65683
05-02-2019,17,21711,23052,13004,5277,63044,1331,1123,1842,4296,67340
05-02-2019,18,21669,22659,13032,5190,62550,1300,1079,1802,4181,66731
05-02-2019,19,21420,22052,12780,4876,61128,1260,1049,1742,4051,65179
05-02-2019,20,21112,21383,12264,4552,59311,1208,981,1636,3825,63136
05-02-2019,21,20820,20566,12332,4241,57959,1111,899,1480,3490,61449
05-02-2019,22,20232,19529,12102,3847,55710,1026,808,1353,3187,58897
05-02-2019,23,19337,18682,11688,3574,53281,971,739,1269,2979,56260
06-02-2019,0,18802,18420,11416,3397,52035,949,716,1226,2891,54926
06-02-2019,1,18571,18296,11177,3294,51338,941,698,1195,2834,54172
06-02-2019,2,18537,18574,11185,3254,51550,944,687,1189,2820,54370
06-02-2019,3,18483,18652,11371,3284,51790,951,699,1200,2850,54640
06-02-2019,4,18720,18959,11769,3361,52809,993,740,1262,2995,55804
06-02-2019,5,19190,20024,12528,3616,55358,1117,868,1482,3467,58825
06-02-2019,6,20524,22051,12887,4225,59687,1244,1009,1681,3934,63621
06-02-2019,7,22318,24017,12878,4911,64124,1300,1093,1790,4183,68307
06-02-2019,8,22699,24214,12892,5083,64888,1327,1141,1843,4311,69199
06-02-2019,9,22510,24105,12884,5082,64581,1313,1145,1849,4307,68888
06-02-2019,10,22346,23831,12788,4872,63837,1332,1130,1840,4302,68139
06-02-2019,11,22127,23618,12718,5163,63626,1322,1109,1817,4248,67874
06-02-2019,12,21915,23372,12661,5172,63120,1338,1125,1827,4290,67410
06-02-2019,13,21641,23208,12599,5155,62603,1315,1116,1805,4236,66839
06-02-2019,14,21840,23248,12565,5050,62703,1297,1091,1784,4172,66875
06-02-2019,15,21931,23544,12642,4881,62998,1284,1079,1762,4125,67123
06-02-2019,16,21927,23666,13191,4941,63725,1336,1107,1769,4212,67937
06-02-2019,17,22048,24068,13283,5332,64731,1340,1127,1810,4277,69008
06-02-2019,18,21803,23651,13382,5184,64020,1313,1089,1763,4165,68185
06-02-2019,19,21417,23040,13219,4849,62525,1274,1062,1719,4055,66580
06-02-2019,20,21107,22145,12712,4522,60486,1223,1011,1620,3854,64340
06-02-2019,21,20593,20809,12736,4174,58312,1128,913,1462,3503,61815
06-02-2019,22,19870,19527,12354,3796,55547,1032,828,1333,3193,58740
06-02-2019,23,19128,18428,11947,3520,53023,973,759,1265,2997,56020
07-02-2019,0,18359,17538,11594,3331,50822,947,728,1218,2893,53715
07-02-2019,1,17894,17220,11389,3216,49719,929,710,1190,2829,52548
07-02-2019,2,17907,17038,11352,3166,49463,921,701,1187,2809,52272
07-02-2019,3,17926,17031,11374,3175,49506,929,711,1203,2843,52349
07-02-2019,4,18080,17319,11762,3242,50403,969,758,1264,2991,53394
07-02-2019,5,18470,18038,12581,3514,52603,1103,897,1467,3467,56070
07-02-2019,6,20184,19788,13023,4177,57172,1251,1056,1667,3974,61146
07-02-2019,7,21393,21395,12793,4829,60410,1330,1130,1773,4233,64643
07-02-2019,8,21753,21551,12650,5022,60976,1354,1170,1831,4355,65331
07-02-2019,9,21526,21589,12577,5071,60763,1347,1161,1827,4335,65098
07-02-2019,10,21513,21624,12536,5173,60846,1343,1142,1818,4303,65149
07-02-2019,11,21197,21823,12418,5189,60627,1320,1111,1804,4235,64862
07-02-2019,12,20977,21846,12279,5174,60276,1342,1124,1808,4274,64550
07-02-2019,13,21076,21601,12220,5185,60082,1328,1120,1788,4236,64318
07-02-2019,14,20962,21382,12041,5125,59510,1322,1105,1760,4187,63697
07-02-2019,15,21013,21400,12108,5013,59534,1305,1100,1717,4122,63656
07-02-2019,16,21093,21810,12438,5035,60376,1344,1121,1763,4228,64604
07-02-2019,17,21512,22321,12417,5417,61667,1332,1132,1818,4282,65949
07-02-2019,18,21412,22109,12464,5296,61281,1295,1092,1777,4164,65445
07-02-2019,19,21070,21236,12291,4948,59545,1252,1044,1716,4012,63557
07-02-2019,20,20864,20319,11825,4630,57638,1190,982,1607,3779,61417
07-02-2019,21,20196,19320,11957,4315,55788,1102,890,1442,3434,59222
07-02-2019,22,19538,18395,11695,3955,53583,1014,805,1315,3134,56717
07-02-2019,23,18700,17668,11266,3618,51252,950,736,1225,2911,54163
08-02-2019,0,18103,17234,10936,3468,49741,919,695,1184,2798,52539
08-02-2019,1,17768,17052,10699,3367,48886,895,677,1157,2729,51615
08-02-2019,2,17520,16988,10599,3307,48414,889,670,1149,2708,51122
08-02-2019,3,17497,16969,10713,3286,48465,887,681,1163,2731,51196
08-02-2019,4,17798,17426,11030,3332,49586,930,723,1233,2886,52472
08-02-2019,5,18182,18284,11804,3592,51862,1056,852,1452,3360,55222
08-02-2019,6,19660,20129,12171,4208,56168,1205,993,1659,3857,60025
08-02-2019,7,21090,21594,12212,4803,59699,1269,1079,1781,4129,63828
08-02-2019,8,21442,21615,12209,4971,60237,1315,1129,1846,4290,64527
08-02-2019,9,21452,21556,12124,4990,60122,1312,1129,1844,4285,64407
08-02-2019,10,20888,21271,12138,5035,59332,1303,1108,1832,4243,63575
08-02-2019,11,20390,21031,12049,4957,58427,1283,1077,1781,4141,62568
08-02-2019,12,19945,20697,11939,4819,57400,1293,1085,1800,4178,61578
08-02-2019,13,19821,20403,11824,4817,56865,1270,1076,1769,4115,60980
08-02-2019,14,19762,20250,11724,4694,56430,1261,1061,1752,4074,60504
08-02-2019,15,19825,20267,11728,4639,56459,1243,1058,1716,4017,60476
08-02-2019,16,20040,20526,12044,4722,57332,1278,1078,1758,4114,61446
08-02-2019,17,20501,21156,12085,5102,58844,1271,1090,1790,4151,62995
08-02-2019,18,20343,20863,11989,5033,58228,1232,1047,1739,4018,62246
08-02-2019,19,19949,19911,11838,4651,56349,1183,1012,1668,3863,60212
08-02-2019,20,19318,18847,11330,4315,53810,1120,945,1570,3635,57445
08-02-2019,21,18681,18201,11385,4039,52306,1044,866,1427,3337,55643
08-02-2019,22,18227,17523,11138,3769,50657,965,790,1321,3076,53733
08-02-2019,23,17611,16695,10704,3521,48531,917,725,1227,2869,51400
09-02-2019,0,17020,16251,10381,3405,47057,886,686,1181,2753,49810
09-02-2019,1,16607,16028,10154,3307,46096,864,664,1153,2681,48777
09-02-2019,2,16450,15849,10031,3189,45519,851,649,1146,2646,48165
09-02-2019,3,16324,15824,10056,3168,45372,852,647,1147,2646,48018
09-02-2019,4,16310,15998,10120,3226,45654,850,670,1172,2692,48346
09-02-2019,5,16680,16146,10464,3314,46604,879,715,1253,2847,49451
09-02-2019,6,16717,16679,10553,3476,47425,920,771,1331,3022,50447
09-02-2019,7,17172,17280,10612,3807,48871,968,823,1409,3200,52071
09-02-2019,8,17831,17933,10795,4129,50688,1040,889,1501,3430,54118
09-02-2019,9,18631,18570,10968,4276,52445,1068,921,1548,3537,55982
09-02-2019,10,18726,18905,11090,4373,53094,1068,928,1563,3559,56653
09-02-2019,11,18720,18961,11058,4329,53068,1059,920,1543,3522,56590
09-02-2019,12,18538,18928,11040,4281,52787,1055,908,1511,3474,56261
09-02-2019,13,18396,18822,11022,4286,52526,1048,898,1482,3428,55954
09-02-2019,14,18146,18606,11066,4325,52143,1037,890,1468,3395,55538
09-02-2019,15,18245,18560,11266,4351,52422,1054,902,1476,3432,55854
09-02-2019,16,18459,18942,11779,4397,53577,1121,953,1556,3630,57207
09-02-2019,17,18888,19614,11959,4718,55179,1136,978,1614,3728,58907
09-02-2019,18,18976,19386,11920,4638,54920,1102,953,1578,3633,58553
09-02-2019,19,18737,18809,11491,4295,53332,1058,925,1526,3509,56841
09-02-2019,20,18357,18279,11039,4075,51750,1020,885,1459,3364,55114
09-02-2019,21,17783,17647,11229,3876,50535,969,817,1355,3141,53676
09-02-2019,22,17447,16984,11056,3665,49152,931,752,1258,2941,52093
09-02-2019,23,16934,16585,10647,3497,47663,896,695,1187,2778,50441
10-02-2019,0,16540,16244,10334,3258,46376,874,661,1139,2674,49050
10-02-2019,1,16237,15857,10132,3111,45337,844,638,1108,2590,47927
10-02-2019,2,16045,15706,9973,3035,44759,831,627,1094,2552,47311
10-02-2019,3,16026,15635,9951,3013,44625,822,626,1092,2540,47165
10-02-2019,4,15995,15686,10013,3043,44737,835,651,1111,2597,47334
10-02-2019,5,16149,15954,10168,3104,45375,864,683,1177,2724,48099
10-02-2019,6,16347,16383,10259,3362,46351,907,731,1237,2875,49226
10-02-2019,7,16514,16748,10317,3616,47195,947,772,1298,3017,50212
10-02-2019,8,17076,17120,10481,3766,48443,1005,839,1393,3237,51680
10-02-2019,9,17575,17796,10690,4004,50065,1041,875,1453,3369,53434
10-02-2019,10,17903,17885,10779,4062,50629,1053,889,1467,3409,54038
10-02-2019,11,17908,17918,10719,4073,50618,1046,885,1450,3381,53999
10-02-2019,12,17964,18065,10671,4062,50762,1043,882,1427,3352,54114
10-02-2019,13,17854,17939,10569,4048,50410,1031,871,1405,3307,53717
10-02-2019,14,17768,17998,10611,4030,50407,1035,870,1396,3301,53708
10-02-2019,15,17957,17984,10679,4012,50632,1056,880,1399,3335,53967
10-02-2019,16,18018,18598,11097,4104,51817,1136,938,1485,3559,55376
10-02-2019,17,18115,19307,11258,4549,53229,1163,981,1580,3724,56953
10-02-2019,18,18411,19320,11294,4588,53613,1152,969,1575,3696,57309
10-02-2019,19,18411,18856,11006,4285,52558,1114,945,1524,3583,56141
10-02-2019,20,18272,18218,10653,4042,51185,1065,895,1435,3395,54580
10-02-2019,21,18133,17533,10893,3795,50354,994,808,1313,3115,53469
10-02-2019,22,17572,16994,10711,3578,48855,920,738,1191,2849,51704
10-02-2019,23,17263,16428,10311,3389,47391,870,681,1115,2666,50057
11-02-2019,0,16803,15995,10030,3264,46092,850,650,1084,2584,48676
11-02-2019,1,16499,15753,9910,3175,45337,839,636,1062,2537,47874
11-02-2019,2,16455,15577,9839,3190,45061,843,632,1056,2531,47592
11-02-2019,3,16487,15978,10003,3181,45649,860,638,1071,2569,48218
11-02-2019,4,16774,16146,10309,3309,46538,900,689,1146,2735,49273
11-02-2019,5,17383,16963,11114,3470,48930,1034,826,1385,3245,52175
11-02-2019,6,19110,18998,11581,4025,53714,1183,979,1588,3750,57464
11-02-2019,7,20649,20707,11645,4605,57606,1265,1068,1702,4035,61641
11-02-2019,8,20844,20942,11647,4883,58316,1308,1119,1773,4200,62516
11-02-2019,9,20551,21067,11648,4892,58158,1312,1120,1785,4217,62375
11-02-2019,10,20196,21214,11612,4915,57937,1306,1110,1784,4200,62137
11-02-2019,11,19857,21234,11611,4952,57654,1289,1087,1789,4165,61819
11-02-2019,12,19751,21039,11530,4884,57204,1312,1108,1810,4230,61434
11-02-2019,13,19424,20803,11507,4894,56628,1289,1100,1785,4174,60802
11-02-2019,14,19102,20727,11417,4795,56041,1289,1090,1743,4122,60163
11-02-2019,15,19372,20715,11352,4665,56104,1279,1080,1711,4070,60174
11-02-2019,16,19639,20948,11687,4679,56953,1292,1089,1710,4091,61044
11-02-2019,17,20074,21883,11807,5153,58917,1275,1085,1736,4096,63013
11-02-2019,18,20058,21530,11900,5207,58695,1247,1050,1703,4000,62695
11-02-2019,19,19952,21026,11713,4891,57582,1213,1015,1648,3876,61458
11-02-2019,20,19467,20337,11343,4569,55716,1159,948,1539,3646,59362
11-02-2019,21,19328,19675,11462,4338,54803,1071,863,1369,3303,58106
11-02-2019,22,18712,18642,11239,3988,52581,982,775,1257,3014,55595
11-02-2019,23,17971,17890,10821,3715,50397,915,705,1165,2785,53182
12-02-2019,0,17541,17265,10445,3532,48783,884,681,1121,2686,51469
12-02-2019,1,17353,16937,10287,3438,48015,858,666,1106,2630,50645
12-02-2019,2,17115,16875,10208,3423,47621,849,662,1102,2613,50234
12-02-2019,3,17219,17066,10324,3414,48023,857,675,1112,2644,50667
12-02-2019,4,17498,17381,10781,3467,49127,889,727,1182,2798,51925
12-02-2019,5,18116,18467,11598,3689,51870,1016,861,1412,3289,55159
12-02-2019,6,19580,20434,12009,4200,56223,1155,1006,1614,3775,59998
12-02-2019,7,21333,22250,11955,4805,60343,1232,1089,1712,4033,64376
12-02-2019,8,21129,22207,11975,5010,60321,1268,1144,1770,4182,64503
12-02-2019,9,20873,22141,11872,5005,59891,1257,1132,1765,4154,64045
12-02-2019,10,20802,22023,11789,5032,59646,1241,1108,1750,4099,63745
12-02-2019,11,20642,21545,11668,4931,58786,1227,1064,1740,4031,62817
12-02-2019,12,20319,20913,11527,4863,57622,1244,1077,1750,4071,61693
12-02-2019,13,19894,20286,11397,4868,56445,1226,1067,1729,4022,60467
12-02-2019,14,19928,20292,11340,4812,56372,1220,1054,1714,3988,60360
12-02-2019,15,20353,20652,11408,4708,57121,1214,1050,1669,3933,61054
12-02-2019,16,20480,21181,11789,4767,58217,1253,1067,1692,4012,62229
12-02-2019,17,20438,21820,11976,5204,59438,1279,1102,1763,4144,63582
12-02-2019,18,20223,21427,12053,5150,58853,1247,1070,1733,4050,62903
12-02-2019,19,19777,21008,11877,4851,57513,1219,1031,1670,3920,61433
12-02-2019,20,19284,20269,11429,4486,55468,1165,962,1565,3692,59160
12-02-2019,21,18816,19187,11495,4244,53742,1084,872,1408,3364,57106
12-02-2019,22,18266,18063,11391,3969,51689,998,785,1252,3035,54724
12-02-2019,23,17226,17200,11017,3683,49126,933,717,1172,2822,51948
13-02-2019,0,16741,17137,10865,3482,48225,907,682,1133,2722,50947
13-02-2019,1,16248,16594,10741,3357,46940,895,669,1113,2677,49617
13-02-2019,2,16051,16305,10769,3306,46431,888,660,1114,2662,49093
13-02-2019,3,16093,15953,10932,3328,46306,890,672,1132,2694,49000
13-02-2019,4,16284,15997,11253,3387,46921,930,720,1208,2858,49779
13-02-2019,5,16649,16674,12044,3626,48993,1063,851,1435,3349,52342
13-02-2019,6,17871,18562,12428,4109,52970,1197,998,1626,3821,56791
13-02-2019,7,19232,20029,12299,4718,56278,1281,1086,1742,4109,60387
13-02-2019,8,19157,20101,12263,4893,56414,1323,1149,1805,4277,60691
13-02-2019,9,18927,19927,12192,4895,55941,1311,1149,1816,4276,60217
13-02-2019,10,18542,19612,12155,4956,55265,1293,1131,1820,4244,59509
13-02-2019,11,18294,19370,12108,4883,54655,1268,1095,1794,4157,58812
13-02-2019,12,18251,18904,11974,4797,53926,1289,1110,1813,4212,58138
13-02-2019,13,18088,18815,11860,4790,53553,1272,1099,1794,4165,57718
13-02-2019,14,18086,18827,11803,4690,53406,1276,1077,1750,4103,57509
13-02-2019,15,18116,19181,11810,4566,53673,1235,1068,1707,4010,57683
13-02-2019,16,18552,19226,12090,4652,54520,1273,1088,1696,4057,58577
13-02-2019,17,18864,20444,12230,5051,56589,1304,1114,1758,4176,60765
13-02-2019,18,18710,20229,12277,5014,56230,1263,1069,1721,4053,60283
13-02-2019,19,18328,19815,12015,4709,54867,1226,1042,1661,3929,58796
13-02-2019,20,18562,19394,11461,4402,53819,1171,983,1551,3705,57524
13-02-2019,21,17899,18399,11437,4147,51882,1067,885,1375,3327,55209
13-02-2019,22,17269,17540,11153,3812,49774,966,790,1240,2996,52770
13-02-2019,23,16612,16841,10751,3493,47697,898,722,1154,2774,50471
14-02-2019,0,16285,15727,10477,3317,45806,870,689,1120,2679,48485
14-02-2019,1,16027,15504,10316,3209,45056,855,677,1107,2639,47695
14-02-2019,2,15802,15518,10311,3158,44789,851,671,1105,2627,47416
14-02-2019,3,15775,15426,10441,3163,44805,856,682,1120,2658,47463
14-02-2019,4,15902,15506,10791,3232,45431,896,730,1182,2808,48239
14-02-2019,5,16494,16402,11548,3432,47876,1028,859,1419,3306,51182
14-02-2019,6,17793,18312,11987,3962,52054,1168,994,1596,3758,55812
14-02-2019,7,19133,19775,11805,4551,55264,1262,1074,1685,4021,59285
14-02-2019,8,19307,19891,11831,4762,55791,1277,1116,1717,4110,59901
14-02-2019,9,19212,20075,11796,4857,55940,1245,1105,1720,4070,60010
14-02-2019,10,19174,20051,11700,4976,55901,1234,1079,1700,4013,59914
14-02-2019,11,18641,19903,11692,4971,55207,1224,1049,1663,3936,59143
14-02-2019,12,18371,19448,11670,4880,54369,1230,1061,1679,3970,58339
14-02-2019,13,18299,19134,11645,4903,53981,1229,1058,1664,3951,57932
14-02-2019,14,18560,19258,11625,4794,54237,1234,1045,1651,3930,58167
14-02-2019,15,18654,19290,11599,4658,54201,1214,1035,1616,3865,58066
14-02-2019,16,18667,19443,11960,4670,54740,1247,1049,1645,3941,58681
14-02-2019,17,18909,20239,12022,5002,56172,1263,1087,1717,4067,60239
14-02-2019,18,18785,20084,12033,4957,55859,1225,1053,1674,3952,59811
14-02-2019,19,18560,19824,11866,4707,54957,1185,1017,1623,3825,58782
14-02-2019,20,18321,19147,11348,4396,53212,1125,952,1525,3602,56814
14-02-2019,21,18025,18254,11392,4102,51773,1043,860,1372,3275,55048
14-02-2019,22,17338,17337,11078,3797,49550,957,775,1247,2979,52529
14-02-2019,23,16460,16466,10637,3530,47093,883,707,1176,2766,49859
15-02-2019,0,15783,15732,10302,3320,45137,862,668,1132,2662,47799
15-02-2019,1,15384,15468,10087,3203,44142,849,652,1113,2614,46756
15-02-2019,2,15343,15339,9969,3169,43820,840,654,1098,2592,46412
15-02-2019,3,15260,15241,10076,3188,43765,847,658,1104,2609,46374
15-02-2019,4,15638,15470,10410,3223,44741,887,700,1168,2755,47496
15-02-2019,5,16209,16372,11259,3461,47301,1017,832,1400,3249,50550
15-02-2019,6,17148,18205,11599,3990,50942,1160,970,1599,3729,54671
15-02-2019,7,18596,19772,11531,4564,54463,1240,1067,1714,4021,58484
15-02-2019,8,18978,20064,11544,4742,55328,1269,1117,1769,4155,59483
15-02-2019,9,18919,19912,11429,4801,55061,1261,1111,1761,4133,59194
15-02-2019,10,18766,20054,11314,4785,54919,1241,1100,1755,4096,59015
15-02-2019,11,18341,19793,11248,4699,54081,1202,1063,1727,3992,58073
15-02-2019,12,18020,19244,11042,4516,52822,1212,1096,1724,4032,56854
15-02-2019,13,17744,18557,10919,4395,51615,1193,1068,1685,3946,55561
15-02-2019,14,17785,18347,10930,4214,51276,1188,1045,1649,3882,55158
15-02-2019,15,17698,18683,11014,4057,51452,1179,1033,1627,3839,55291
15-02-2019,16,17781,19031,11330,4103,52245,1215,1034,1650,3899,56144
15-02-2019,17,18260,19875,11538,4504,54177,1240,1068,1681,3989,58166
15-02-2019,18,18488,19631,11576,4680,54375,1212,1032,1626,3870,58245
15-02-2019,19,18241,18795,11424,4359,52819,1170,991,1550,3711,56530
15-02-2019,20,17698,17892,11003,4035,50628,1112,928,1460,3500,54128
15-02-2019,21,17175,16931,11163,3783,49052,1024,859,1331,3214,52266
15-02-2019,22,16735,16337,10964,3618,47654,947,778,1224,2949,50603
15-02-2019,23,16217,15574,10560,3410,45761,878,717,1149,2744,48505
16-02-2019,0,15710,15131,10286,3206,44333,844,681,1089,2614,46947
16-02-2019,1,15461,15046,10061,3094,43662,806,668,1065,2539,46201
16-02-2019,2,15557,14876,9919,3016,43368,805,657,1042,2504,45872
16-02-2019,3,15515,14846,9866,2992,43219,810,661,1050,2521,45740
16-02-2019,4,15513,15090,9963,3046,43612,820,681,1065,2566,46178
16-02-2019,5,15641,15298,10174,3151,44264,877,724,1135,2736,47000
16-02-2019,6,16066,15765,10331,3341,45503,906,772,1199,2877,48380
16-02-2019,7,16494,16438,10384,3586,46902,953,828,1310,3091,49993
16-02-2019,8,16999,16929,10539,3813,48280,1011,890,1394,3295,51575
16-02-2019,9,17528,17478,10535,3955,49496,1019,911,1424,3354,52850
16-02-2019,10,17960,17500,10497,4019,49976,1003,900,1419,3322,53298
16-02-2019,11,17713,17428,10330,3942,49413,983,884,1395,3262,52675
16-02-2019,12,17711,16912,10261,3877,48761,974,874,1371,3219,51980
16-02-2019,13,17550,16651,10240,3829,48270,963,865,1346,3174,51444
16-02-2019,14,17492,16545,10290,3706,48033,960,850,1333,3143,51176
16-02-2019,15,17502,16611,10491,3678,48282,983,847,1329,3159,51441
16-02-2019,16,17632,17361,10988,3806,49787,1031,880,1373,3284,53071
16-02-2019,17,17981,18363,11406,4170,51920,1083,945,1480,3508,55428
16-02-2019,18,18422,18504,11360,4359,52645,1064,928,1458,3450,56095
16-02-2019,19,18173,18025,11044,4018,51260,1007,899,1414,3320,54580
16-02-2019,20,17710,17494,10643,3743,49590,989,854,1347,3190,52780
16-02-2019,21,17288,16728,10810,3546,48372,930,781,1248,2959,51331
16-02-2019,22,16828,16184,10621,3332,46965,880,722,1158,2760,49725
16-02-2019,23,16396,15725,10268,3149,45538,825,660,1084,2569,48107
17-02-2019,0,16175,15240,9944,2946,44305,795,628,1049,2472,46777
17-02-2019,1,15990,15028,9700,2875,43593,781,621,1015,2417,46010
17-02-2019,2,15794,14984,9601,2808,43187,772,612,1003,2387,45574
17-02-2019,3,15799,15030,9565,2803,43197,770,614,1004,2388,45585
17-02-2019,4,15766,15104,9628,2824,43322,789,640,1033,2462,45784
17-02-2019,5,15804,15281,9867,2889,43841,826,679,1102,2607,46448
17-02-2019,6,16037,15857,9877,3039,44810,859,712,1161,2732,47542
17-02-2019,7,16328,16160,9949,3283,45720,917,766,1226,2909,48629
17-02-2019,8,16629,16733,10184,3545,47091,973,835,1319,3127,50218
17-02-2019,9,17217,17466,10300,3768,48751,983,871,1375,3229,51980
17-02-2019,10,17510,17771,10235,3856,49372,980,874,1403,3257,52629
17-02-2019,11,17526,17794,10120,3878,49318,970,865,1402,3237,52555
17-02-2019,12,17434,17719,10006,3852,49011,964,855,1387,3206,52217
17-02-2019,13,17394,17438,9890,3772,48494,958,853,1361,3172,51666
17-02-2019,14,17440,17254,9963,3699,48356,972,853,1345,3170,51526
17-02-2019,15,17505,17354,10221,3685,48765,994,856,1344,3194,51959
17-02-2019,16,17756,17806,10721,3807,50090,1070,901,1409,3380,53470
17-02-2019,17,18009,18747,11239,4310,52305,1145,984,1524,3653,55958
17-02-2019,18,18039,18881,11351,4457,52728,1140,973,1520,3633,56361
17-02-2019,19,17882,18443,11190,4216,51731,1115,948,1482,3545,55276
17-02-2019,20,17690,17745,10887,3916,50238,1070,901,1398,3369,53607
17-02-2019,21,17389,17039,11156,3704,49288,990,816,1269,3075,52363
17-02-2019,22,16886,16448,11084,3459,47877,920,739,1162,2821,50698
17-02-2019,23,16269,15746,10725,3267,46007,880,683,1092,2655,48662
18-02-2019,0,15756,15391,10414,3128,44689,853,660,1061,2574,47263
18-02-2019,1,15348,15079,10276,2965,43668,839,652,1046,2537,46205
18-02-2019,2,15229,15104,10211,2960,43504,842,647,1045,2534,46038
18-02-2019,3,15342,15165,10388,3007,43902,852,657,1060,2569,46471
18-02-2019,4,15508,15455,10743,3101,44807,900,707,1132,2739,47546
18-02-2019,5,16012,16234,11624,3352,47222,1042,836,1355,3233,50455
18-02-2019,6,17171,18244,12015,4010,51440,1168,974,1540,3682,55122
18-02-2019,7,18296,19599,11992,4608,54495,1257,1077,1686,4020,58515
18-02-2019,8,18766,19855,12006,4836,55463,1279,1126,1745,4150,59613
18-02-2019,9,18761,20080,12016,4790,55647,1255,1109,1751,4115,59762
18-02-2019,10,18791,20196,12029,4802,55818,1226,1081,1737,4044,59862
18-02-2019,11,18598,20209,11866,4728,55401,1192,1047,1701,3940,59341
18-02-2019,12,18299,19593,11747,4612,54251,1194,1052,1723,3969,58220
18-02-2019,13,18179,19323,11687,4592,53781,1174,1046,1695,3915,57696
18-02-2019,14,18421,19387,11672,4502,53982,1174,1046,1672,3892,57874
18-02-2019,15,18357,19163,11607,4405,53532,1152,1030,1626,3808,57340
18-02-2019,16,18484,19450,11914,4401,54249,1178,1035,1624,3837,58086
18-02-2019,17,18756,20128,11989,4863,55736,1211,1088,1703,4002,59738
18-02-2019,18,18798,19986,11966,4914,55664,1183,1061,1673,3917,59581
18-02-2019,19,18622,19623,11744,4610,54599,1146,1017,1616,3779,58378
18-02-2019,20,18258,18944,11267,4285,52754,1091,944,1518,3553,56307
18-02-2019,21,17597,17882,11216,4040,50735,985,855,1375,3215,53950
18-02-2019,22,17012,16744,11030,3729,48515,893,773,1248,2914,51429
18-02-2019,23,16378,15747,10535,3436,46096,840,707,1156,2703,48799
19-02-2019,0,15836,14988,10223,3270,44317,823,678,1119,2620,46937
19-02-2019,1,15571,14895,9913,3168,43547,810,661,1094,2565,46112
19-02-2019,2,15269,15017,9882,3111,43279,904,652,1091,2647,45926
19-02-2019,3,15231,15158,9896,3169,43454,812,662,1101,2575,46029
19-02-2019,4,15331,15465,10185,3238,44219,840,711,1168,2719,46938
19-02-2019,5,15816,16331,10981,3475,46603,973,835,1371,3179,49782
19-02-2019,6,17301,18042,11263,4087,50693,1117,972,1533,3622,54315
19-02-2019,7,18450,19227,11214,4707,53598,1222,1070,1684,3976,57574
19-02-2019,8,18527,19461,11265,4875,54128,1225,1121,1730,4076,58204
19-02-2019,9,18497,19486,11241,4875,54099,1222,1121,1723,4066,58165
19-02-2019,10,18183,19247,11209,4950,53589,1211,1105,1691,4007,57596
19-02-2019,11,17934,19136,11307,4916,53293,1189,1063,1649,3901,57194
19-02-2019,12,17888,19216,11161,4774,53039,1210,1071,1656,3937,56976
19-02-2019,13,17989,19210,11189,4648,53036,1203,1059,1632,3894,56930
19-02-2019,14,18029,19281,11199,4692,53201,1201,1052,1623,3876,57077
19-02-2019,15,17988,19332,11185,4598,53103,1182,1039,1604,3825,56928
19-02-2019,16,18177,19248,11482,4623,53530,1210,1040,1623,3873,57403
19-02-2019,17,18515,20161,11655,5012,55343,1220,1081,1717,4018,59361
19-02-2019,18,18629,19766,11671,5065,55131,1192,1045,1679,3916,59047
19-02-2019,19,18387,19202,11417,4731,53737,1153,1004,1610,3767,57504
19-02-2019,20,18301,18725,10906,4460,52392,1078,934,1505,3517,55909
19-02-2019,21,17890,17681,10930,4132,50633,981,841,1363,3185,53818
19-02-2019,22,17372,16943,10683,3893,48891,878,759,1231,2868,51759
19-02-2019,23,16741,16051,10251,3606,46649,820,695,1153,2668,49317
20-02-2019,0,16192,15778,9929,3395,45294,791,664,1109,2564,47858
20-02-2019,1,15831,15709,9751,3305,44596,777,648,1087,2512,47108
20-02-2019,2,15799,15758,9719,3304,44580,777,645,1078,2500,47080
20-02-2019,3,15896,15886,9807,3300,44889,780,658,1098,2536,47425
20-02-2019,4,16059,16235,10231,3376,45901,822,704,1163,2689,48590
20-02-2019,5,16651,17227,10973,3536,48387,959,822,1366,3147,51534
20-02-2019,6,18069,19410,11271,4111,52861,1080,958,1521,3559,56420
20-02-2019,7,19655,20714,11312,4670,56351,1187,1046,1650,3883,60234
20-02-2019,8,19747,21048,11413,4813,57021,1221,1096,1732,4049,61070
20-02-2019,9,19715,20783,11552,4769,56819,1212,1096,1741,4049,60868
20-02-2019,10,19373,20435,11633,4836,56277,1218,1082,1740,4040,60317
20-02-2019,11,18853,20148,11659,4811,55471,1212,1060,1712,3984,59455
20-02-2019,12,18598,20017,11576,4722,54913,1235,1085,1727,4047,58960
20-02-2019,13,18409,19719,11578,4758,54464,1235,1086,1709,4030,58494
20-02-2019,14,18523,19565,11611,4683,54382,1324,1062,1703,4089,58471
20-02-2019,15,18564,19962,11635,4603,54764,1221,1045,1659,3925,58689
20-02-2019,16,19041,20446,11875,4675,56037,1244,1045,1646,3935,59972
20-02-2019,17,19237,21336,12325,5077,57975,1273,1096,1738,4107,62082
20-02-2019,18,19391,21280,12408,5051,58130,1244,1064,1716,4024,62154
20-02-2019,19,19228,20928,12156,4707,57019,1204,1032,1655,3891,60910
20-02-2019,20,18990,20444,11624,4447,55505,1142,972,1552,3666,59171
20-02-2019,21,18709,19565,11701,4143,54118,1048,866,1412,3326,57444
20-02-2019,22,18253,18453,11549,3829,52084,956,780,1297,3033,55117
20-02-2019,23,17357,17532,11159,3505,49553,894,716,1211,2821,52374
21-02-2019,0,16872,16852,10928,3300,47952,867,686,1157,2710,50662
21-02-2019,1,16415,16381,10819,3218,46833,850,671,1139,2660,49493
21-02-2019,2,16193,16302,10810,3182,46487,847,665,1138,2650,49137
21-02-2019,3,16191,16255,10988,3179,46613,858,685,1143,2686,49299
21-02-2019,4,16291,16512,11482,3253,47538,906,728,1207,2841,50379
21-02-2019,5,16645,17727,12350,3494,50216,1045,854,1413,3312,53528
21-02-2019,6,17864,19698,12669,4089,54320,1172,974,1575,3721,58041
21-02-2019,7,19082,21146,12668,4719,57615,1267,1070,1709,4046,61661
21-02-2019,8,19549,21443,12707,4927,58626,1288,1109,1762,4159,62785
21-02-2019,9,19624,21309,12576,4943,58452,1262,1103,1746,4111,62563
21-02-2019,10,19545,21138,12406,4992,58081,1241,1078,1739,4058,62139
21-02-2019,11,19393,21300,12252,4983,57928,1214,1042,1729,3985,61913
21-02-2019,12,19196,21047,12098,4862,57203,1237,1061,1739,4037,61240
21-02-2019,13,18879,20974,11993,4830,56676,1228,1052,1713,3993,60669
21-02-2019,14,18970,21001,11899,4775,56645,1232,1043,1700,3975,60620
21-02-2019,15,19049,21166,11965,4662,56842,1213,1046,1671,3930,60772
21-02-2019,16,19171,21251,12329,4694,57445,1254,1051,1668,3973,61418
21-02-2019,17,19554,22102,12808,5056,59520,1304,1103,1756,4163,63683
21-02-2019,18,19717,21762,12962,5019,59460,1276,1078,1729,4083,63543
21-02-2019,19,19482,21331,12821,4754,58388,1246,1039,1691,3976,62364
21-02-2019,20,18962,20656,12520,4431,56569,1189,976,1590,3755,60324
21-02-2019,21,18547,20018,12648,4183,55396,1102,886,1441,3429,58825
21-02-2019,22,17985,19370,12488,3824,53667,1015,803,1324,3142,56809
21-02-2019,23,17169,18136,12095,3452,50852,958,740,1249,2947,53799
22-02-2019,0,16598,17591,11906,3322,49417,931,707,1208,2846,52263
22-02-2019,1,16256,17539,11771,3266,48832,927,690,1190,2807,51639
22-02-2019,2,15995,17575,11782,3221,48573,922,684,1185,2791,51364
22-02-2019,3,16111,17686,11977,3200,48974,931,701,1204,2836,51810
22-02-2019,4,16330,18208,12397,3293,50228,979,746,1257,2982,53210
22-02-2019,5,16975,19297,13183,3558,53013,1108,885,1474,3467,56480
22-02-2019,6,18389,21562,13401,4209,57561,1222,1004,1622,3848,61409
22-02-2019,7,19324,22857,13498,4748,60427,1315,1098,1739,4152,64579
22-02-2019,8,19452,23249,13468,4943,61112,1328,1137,1769,4234,65346
22-02-2019,9,19649,22864,13169,4986,60668,1311,1124,1772,4207,64875
22-02-2019,10,19583,22148,12921,4990,59642,1281,1101,1752,4134,63776
22-02-2019,11,19382,21677,12675,4867,58601,1246,1081,1732,4059,62660
22-02-2019,12,19080,21267,12438,4685,57470,1242,1087,1729,4058,61528
22-02-2019,13,19049,21010,12274,4570,56903,1222,1073,1693,3988,60891
22-02-2019,14,19014,20740,12170,4423,56347,1214,1047,1671,3932,60279
22-02-2019,15,18509,20543,12187,4260,55499,1204,1036,1645,3885,59384
22-02-2019,16,18264,20675,12416,4307,55662,1229,1033,1655,3917,59579
22-02-2019,17,18367,21504,12870,4703,57444,1287,1093,1750,4130,61574
22-02-2019,18,18445,21391,12906,4876,57618,1259,1068,1734,4061,61679
22-02-2019,19,18139,20477,12636,4527,55779,1216,1054,1682,3952,59731
22-02-2019,20,17606,19573,12241,4208,53628,1158,980,1591,3729,57357
22-02-2019,21,17132,18601,12096,3906,51735,1081,899,1463,3443,55178
22-02-2019,22,16683,17790,11754,3668,49895,1016,828,1351,3195,53090
22-02-2019,23,16170,17025,11268,3442,47905,954,767,1269,2990,50895
23-02-2019,0,15802,16417,10880,3278,46377,910,730,1222,2862,49239
23-02-2019,1,15337,16070,10673,3159,45239,884,706,1195,2785,48024
23-02-2019,2,15139,16019,10590,3103,44851,860,695,1180,2735,47586
23-02-2019,3,15093,15869,10566,3091,44619,860,695,1185,2740,47359
23-02-2019,4,15104,15790,10597,3111,44602,884,714,1212,2810,47412
23-02-2019,5,15359,15914,10841,3201,45315,931,759,1296,2986,48301
23-02-2019,6,15668,16544,10716,3363,46291,962,806,1361,3129,49420
23-02-2019,7,15946,17100,10811,3625,47482,1024,887,1475,3386,50868
23-02-2019,8,16361,17917,10948,3938,49164,1094,948,1565,3607,52771
23-02-2019,9,16864,18476,10980,4055,50375,1104,974,1608,3686,54061
23-02-2019,10,17334,18560,10896,4091,50881,1099,980,1617,3696,54577
23-02-2019,11,17169,18197,10718,4048,50132,1087,968,1608,3663,53795
23-02-2019,12,17031,17563,10622,3956,49172,1079,958,1592,3629,52801
23-02-2019,13,16769,17277,10395,3850,48291,1064,943,1548,3555,51846
23-02-2019,14,16807,17507,10395,3782,48491,1056,929,1524,3509,52000
23-02-2019,15,16885,17495,10539,3744,48663,1065,924,1513,3502,52165
23-02-2019,16,16911,17913,11008,3829,49661,1081,946,1533,3560,53221
23-02-2019,17,17293,18496,11561,4238,51588,1122,997,1622,3741,55329
23-02-2019,18,17455,18653,11467,4495,52070,1103,975,1600,3678,55748
23-02-2019,19,17158,18164,11046,4201,50569,1064,948,1550,3562,54131
23-02-2019,20,16909,17396,10606,3929,48840,1018,900,1480,3398,52238
23-02-2019,21,16487,16718,10852,3716,47773,962,833,1361,3156,50929
23-02-2019,22,16084,16462,10715,3504,46765,894,767,1261,2922,49687
23-02-2019,23,15581,15792,10296,3308,44977,848,714,1173,2735,47712
24-02-2019,0,15118,15329,9949,3149,43545,814,684,1127,2625,46170
24-02-2019,1,14959,15014,9708,3044,42725,794,669,1106,2569,45294
24-02-2019,2,14891,14654,9640,2999,42184,782,652,1097,2531,44715
24-02-2019,3,14809,14647,9627,2973,42056,789,660,1097,2546,44602
24-02-2019,4,14888,14953,9777,2990,42608,804,675,1124,2603,45211
24-02-2019,5,15036,15054,9931,3078,43099,837,713,1199,2749,45848
24-02-2019,6,15176,15399,9778,3238,43591,861,742,1237,2840,46431
24-02-2019,7,15343,15512,9906,3445,44206,926,802,1305,3033,47239
24-02-2019,8,15833,16189,10105,3693,45820,990,874,1402,3266,49086
24-02-2019,9,16543,16722,10222,3810,47297,1018,912,1451,3381,50678
24-02-2019,10,16720,16758,10303,3840,47621,1025,915,1459,3399,51020
24-02-2019,11,16603,16727,10243,3835,47408,1016,900,1449,3365,50773
24-02-2019,12,16369,16322,10110,3752,46553,1011,883,1424,3318,49871
24-02-2019,13,16316,16262,10087,3675,46340,1002,871,1425,3298,49638
24-02-2019,14,16297,16364,10112,3644,46417,1011,862,1418,3291,49708
24-02-2019,15,16246,16280,10138,3616,46280,1005,863,1425,3293,49573
24-02-2019,16,16326,17061,10389,3725,47501,1030,883,1436,3349,50850
24-02-2019,17,16651,18399,10872,4218,50140,1073,970,1582,3625,53765
24-02-2019,18,17291,18893,10974,4467,51625,1055,976,1600,3631,55256
24-02-2019,19,17373,18727,10785,4198,51083,1019,955,1554,3528,54611
24-02-2019,20,17290,18414,10349,3904,49957,993,904,1476,3373,53330
24-02-2019,21,17049,17676,10609,3645,48979,939,821,1354,3114,52093
24-02-2019,22,16560,17023,10494,3383,47460,882,747,1243,2872,50332
24-02-2019,23,16011,15996,10122,3178,45307,834,692,1171,2697,48004
25-02-2019,0,15417,15716,9829,3077,44039,797,665,1118,2580,46619
25-02-2019,1,15219,15455,9629,3004,43307,783,653,1104,2540,45847
25-02-2019,2,15108,15411,9562,2992,43073,783,649,1106,2538,45611
25-02-2019,3,15218,15444,9706,3018,43386,787,654,1113,2554,45940
25-02-2019,4,15502,15562,10034,3117,44215,833,702,1193,2728,46943
25-02-2019,5,16192,16448,10830,3378,46848,962,829,1447,3238,50086
25-02-2019,6,17547,18712,11106,4078,51443,1071,948,1622,3641,55084
25-02-2019,7,18910,19963,11188,4647,54708,1180,1047,1768,3995,58703
25-02-2019,8,19118,20222,11285,4838,55463,1214,1095,1807,4116,59579
25-02-2019,9,19002,19957,11104,4843,54906,1192,1084,1789,4065,58971
25-02-2019,10,18691,19631,10972,4856,54150,1170,1074,1761,4005,58155
25-02-2019,11,18459,19387,10805,4796,53447,1147,1037,1716,3900,57347
25-02-2019,12,18387,18931,10632,4664,52614,1150,1047,1720,3917,56531
25-02-2019,13,18492,18718,10568,4628,52406,1139,1038,1699,3876,56282
25-02-2019,14,18445,18580,10569,4505,52099,1142,1027,1680,3849,55948
25-02-2019,15,18400,18519,10729,4386,52034,1134,1020,1647,3801,55835
25-02-2019,16,18360,18501,10957,4427,52245,1146,1022,1635,3803,56048
25-02-2019,17,18382,19034,11455,4797,53668,1201,1081,1741,4023,57691
25-02-2019,18,18693,19125,11576,4944,54338,1181,1060,1729,3970,58308
25-02-2019,19,18382,18670,11249,4642,52943,1141,1015,1674,3830,56773
25-02-2019,20,17972,18047,10894,4288,51201,1090,954,1570,3614,54815
25-02-2019,21,17452,17376,10948,3986,49762,1005,858,1414,3277,53039
25-02-2019,22,16863,16426,10751,3700,47740,908,770,1282,2960,50700
25-02-2019,23,16012,15659,10425,3419,45515,873,703,1186,2762,48277
26-02-2019,0,15452,15504,10263,3222,44441,848,669,1139,2656,47097
26-02-2019,1,15256,15163,10059,3117,43595,846,662,1122,2630,46225
26-02-2019,2,15148,15275,9992,3062,43477,824,662,1125,2611,46088
26-02-2019,3,15155,15083,10089,3083,43410,828,670,1142,2640,46050
26-02-2019,4,15398,15100,10343,3161,44002,854,710,1217,2781,46783
26-02-2019,5,15953,15684,11072,3392,46101,964,836,1453,3253,49354
26-02-2019,6,17479,17669,11223,4062,50433,1090,949,1608,3647,54080
26-02-2019,7,18727,18819,11344,4657,53547,1188,1069,1726,3983,57530
26-02-2019,8,18636,18921,11477,4806,53840,1231,1117,1778,4126,57966
26-02-2019,9,18436,18873,11425,4775,53509,1234,1109,1768,4111,57620
26-02-2019,10,18386,18960,11343,4779,53468,1227,1092,1744,4063,57531
26-02-2019,11,17824,18583,11178,4709,52294,1214,1056,1723,3993,56287
26-02-2019,12,17432,17970,11026,4561,50989,1236,1079,1744,4059,55048
26-02-2019,13,17095,17454,10946,4524,50019,1215,1076,1728,4019,54038
26-02-2019,14,17232,17449,11010,4463,50154,1201,1065,1715,3981,54135
26-02-2019,15,17322,17311,10948,4308,49889,1173,1052,1677,3902,53791
26-02-2019,16,17275,17557,10832,4320,49984,1178,1031,1667,3876,53860
26-02-2019,17,17664,18420,11392,4669,52145,1236,1089,1750,4075,56220
26-02-2019,18,18021,18587,11529,4831,52968,1215,1060,1735,4010,56978
26-02-2019,19,17886,18121,11244,4568,51819,1191,1039,1677,3907,55726
26-02-2019,20,17685,17478,10792,4280,50235,1139,977,1575,3691,53926
26-02-2019,21,17448,16797,10873,4017,49135,1057,870,1412,3339,52474
26-02-2019,22,16728,15857,10627,3676,46888,974,781,1279,3034,49922
26-02-2019,23,15896,14916,10189,3364,44365,920,726,1202,2848,47213
27-02-2019,0,15349,14807,9961,3202,43319,888,694,1158,2740,46059
27-02-2019,1,15167,14520,9783,3089,42559,866,678,1135,2679,45238
27-02-2019,2,15136,14475,9737,3050,42398,853,670,1131,2654,45052
27-02-2019,3,15237,14452,9775,3075,42539,854,676,1146,2676,45215
27-02-2019,4,15436,14990,10131,3160,43717,876,723,1212,2811,46528
27-02-2019,5,16009,16296,10937,3423,46665,994,847,1456,3297,49962
27-02-2019,6,17351,18129,11163,4081,50724,1107,975,1634,3716,54440
27-02-2019,7,18702,19164,11196,4618,53680,1211,1072,1759,4042,57722
27-02-2019,8,19216,19432,11202,4726,54576,1255,1118,1805,4178,58754
27-02-2019,9,18849,19125,11157,4692,53823,1250,1117,1798,4165,57988
27-02-2019,10,18490,18999,11085,4632,53206,1234,1094,1773,4101,57307
27-02-2019,11,18258,18765,10950,4530,52503,1202,1060,1716,3978,56481
27-02-2019,12,18100,18434,10810,4448,51792,1217,1076,1725,4018,55810
27-02-2019,13,17883,18323,10723,4416,51345,1205,1055,1686,3946,55291
27-02-2019,14,17901,18171,10732,4348,51152,1199,1039,1677,3915,55067
27-02-2019,15,17967,18003,10682,4230,50882,1174,1026,1625,3825,54707
27-02-2019,16,18251,18178,10862,4292,51583,1175,1001,1584,3760,55343
27-02-2019,17,18367,18802,11352,4630,53151,1235,1061,1679,3975,57126
27-02-2019,18,18515,19154,11450,4796,53915,1215,1051,1701,3967,57882
27-02-2019,19,18508,18711,11147,4513,52879,1170,1016,1644,3830,56709
27-02-2019,20,18103,18139,10635,4218,51095,1103,948,1531,3582,54677
27-02-2019,21,17822,17307,10693,3924,49746,1029,876,1371,3276,53022
27-02-2019,22,17270,16216,10442,3618,47546,936,772,1232,2940,50486
27-02-2019,23,16530,15300,10053,3356,45239,874,697,1157,2728,47967
28-02-2019,0,16095,14753,9799,3130,43777,854,669,1131,2654,46431
28-02-2019,1,15531,14529,9569,3017,42646,836,651,1114,2601,45247
28-02-2019,2,15531,14448,9568,3025,42572,829,647,1107,2583,45155
28-02-2019,3,15558,14632,9624,3048,42862,825,667,1125,2617,45479
28-02-2019,4,15697,14751,9981,3143,43572,847,715,1201,2763,46335
28-02-2019,5,16079,15723,10768,3416,45986,946,838,1415,3199,49185
28-02-2019,6,17416,18018,10969,3979,50382,1057,951,1577,3585,53967
28-02-2019,7,19022,19572,11070,4559,54223,1167,1044,1708,3919,58142
28-02-2019,8,19219,19565,11240,4723,54747,1189,1088,1754,4031,58778
28-02-2019,9,18884,19208,11240,4680,54012,1174,1069,1740,3983,57995
28-02-2019,10,18612,19054,11277,4684,53627,1165,1051,1718,3934,57561
28-02-2019,11,17979,18792,11241,4621,52633,1164,1022,1682,3868,56501
28-02-2019,12,17572,18377,11180,4519,51648,1184,1039,1679,3902,55550
28-02-2019,13,17639,18027,11153,4513,51332,1174,1038,1677,3889,55221
28-02-2019,14,17639,18106,11096,4394,51235,1176,1028,1674,3878,55113
28-02-2019,15,17435,18310,11145,4258,51148,1167,1018,1652,3837,54985
28-02-2019,16,17621,18814,11419,4260,52114,1186,1010,1634,3830,55944
28-02-2019,17,18417,19992,11910,4604,54923,1234,1072,1706,4012,58935
28-02-2019,18,18727,20611,11985,4792,56115,1218,1066,1707,3991,60106
28-02-2019,19,18631,20260,11813,4571,55275,1182,1028,1646,3856,59131
28-02-2019,20,18346,19550,11461,4288,53645,1126,967,1547,3640,57285
28-02-2019,21,18115,18899,11606,3981,52601,1042,865,1395,3302,55903
28-02-2019,22,17665,17966,11375,3646,50652,966,787,1273,3026,53678
28-02-2019,23,16820,17330,10936,3342,48428,905,716,1184,2805,51233
01-03-2019,0,16375,16786,10735,3220,47116,883,691,1148,2722,49838
01-03-2019,1,15955,16592,10566,3136,46249,864,675,1126,2665,48914
01-03-2019,2,15852,16477,10595,3110,46034,858,668,1123,2649,48683
01-03-2019,3,15882,16489,10776,3146,46293,868,673,1134,2675,48968
01-03-2019,4,16049,16668,11243,3230,47190,903,720,1206,2829,50019
01-03-2019,5,16630,17706,12016,3469,49821,1017,849,1435,3301,53122
01-03-2019,6,18109,19764,12096,4090,54059,1116,950,1607,3673,57732
01-03-2019,7,19466,21097,12152,4645,57360,1226,1059,1734,4019,61379
01-03-2019,8,20034,21083,12220,4810,58147,1274,1107,1780,4161,62308
01-03-2019,9,19783,20873,12091,4784,57531,1273,1106,1789,4168,61699
01-03-2019,10,19113,20659,11871,4758,56401,1272,1094,1783,4149,60550
01-03-2019,11,18570,20088,11734,4658,55050,1240,1065,1763,4068,59118
01-03-2019,12,18308,19676,11615,4463,54062,1254,1071,1770,4095,58157
01-03-2019,13,18053,19169,11517,4337,53076,1231,1060,1747,4038,57114
01-03-2019,14,17774,18800,11448,4157,52179,1218,1042,1716,3976,56155
01-03-2019,15,17635,18812,11604,4060,52111,1201,1031,1684,3916,56027
01-03-2019,16,17713,19050,11779,4122,52664,1212,1022,1671,3905,56569
01-03-2019,17,18076,20091,12192,4461,54820,1271,1070,1734,4075,58895
01-03-2019,18,18853,20657,12375,4664,56549,1261,1048,1728,4037,60586
01-03-2019,19,18652,20219,12165,4383,55419,1230,1019,1659,3908,59327
01-03-2019,20,18310,19558,11678,4070,53616,1171,961,1566,3698,57314
01-03-2019,21,18067,18750,11799,3805,52421,1095,879,1431,3405,55826
01-03-2019,22,17487,17899,11574,3579,50539,1016,797,1322,3135,53674
01-03-2019,23,17047,16806,11090,3364,48307,961,733,1236,2930,51237
02-03-2019,0,16415,16264,10800,3168,46647,918,696,1189,2803,49450
02-03-2019,1,16237,16066,10597,3038,45938,899,683,1158,2740,48678
02-03-2019,2,16120,16026,10472,3016,45634,887,671,1148,2706,48340
02-03-2019,3,16072,15928,10487,3027,45514,879,681,1144,2704,48218
02-03-2019,4,16170,16101,10596,3044,45911,892,699,1168,2759,48670
02-03-2019,5,16323,16496,10859,3129,46807,932,740,1252,2924,49731
02-03-2019,6,16770,17065,10620,3306,47761,957,776,1324,3057,50818
02-03-2019,7,17254,17447,10825,3563,49089,1041,863,1439,3343,52432
02-03-2019,8,18104,18194,11010,3943,51251,1082,924,1520,3526,54777
02-03-2019,9,18591,18761,11073,4134,52559,1080,944,1554,3578,56137
02-03-2019,10,18586,18826,11105,4142,52659,1042,932,1566,3540,56199
02-03-2019,11,18154,18304,11032,4035,51525,1016,917,1553,3486,55011
02-03-2019,12,17841,18055,10987,4014,50897,1003,912,1526,3441,54338
02-03-2019,13,17288,17613,10936,3927,49764,986,900,1492,3378,53142
02-03-2019,14,17299,17198,10958,3865,49320,1006,891,1465,3362,52682
02-03-2019,15,17404,16998,11132,3861,49395,1022,882,1462,3366,52761
02-03-2019,16,17721,17434,11428,3969,50552,1055,893,1472,3420,53972
02-03-2019,17,18018,18098,12006,4300,52422,1114,946,1565,3625,56047
02-03-2019,18,18289,18389,12069,4470,53217,1121,949,1595,3665,56882
02-03-2019,19,18145,18031,11706,4187,52069,1084,920,1538,3542,55611
02-03-2019,20,17671,17236,11293,3884,50084,1037,867,1463,3367,53451
02-03-2019,21,17337,16561,11451,3661,49010,984,796,1350,3130,52140
02-03-2019,22,16880,16052,11251,3432,47615,923,742,1253,2918,50533
02-03-2019,23,16407,15672,10864,3289,46232,877,689,1166,2732,48964
03-03-2019,0,16036,15243,10599,3162,45040,859,653,1110,2622,47662
03-03-2019,1,15779,15035,10433,3074,44321,842,638,1097,2577,46898
03-03-2019,2,15739,14900,10390,3042,44071,843,639,1091,2573,46644
03-03-2019,3,15761,14902,10523,3046,44232,839,634,1090,2563,46795
03-03-2019,4,15722,14853,10702,3054,44331,848,661,1113,2622,46953
03-03-2019,5,15767,15033,10951,3063,44814,887,689,1171,2747,47561
03-03-2019,6,16000,15363,10765,3201,45329,900,717,1213,2830,48159
03-03-2019,7,16252,15886,10984,3418,46540,971,788,1310,3069,49609
03-03-2019,8,16724,16561,11178,3741,48204,1026,856,1409,3291,51495
03-03-2019,9,17239,17184,11238,3899,49560,1042,886,1453,3381,52941
03-03-2019,10,17454,17480,11170,3953,50057,1045,901,1465,3411,53468
03-03-2019,11,17425,17628,11086,3962,50101,1024,902,1451,3377,53478
03-03-2019,12,17256,17547,10943,3876,49622,1019,895,1434,3348,52970
03-03-2019,13,17156,17368,10939,3758,49221,1020,898,1423,3341,52562
03-03-2019,14,16995,17175,10997,3755,48922,1021,892,1423,3336,52258
03-03-2019,15,17160,17381,11151,3758,49450,1031,899,1447,3377,52827
03-03-2019,16,17399,17610,11390,3890,50289,1074,935,1498,3507,53796
03-03-2019,17,17606,18451,11965,4291,52313,1151,981,1592,3724,56037
03-03-2019,18,17815,19121,12155,4447,53538,1163,977,1603,3743,57281
03-03-2019,19,17827,18994,11927,4197,52945,1133,947,1546,3626,56571
03-03-2019,20,17598,18476,11505,3896,51475,1084,900,1458,3442,54917
03-03-2019,21,17513,17675,11783,3652,50623,1011,811,1333,3155,53778
03-03-2019,22,17065,16971,11606,3433,49075,941,734,1222,2897,51972
03-03-2019,23,16438,16229,11360,3237,47264,893,675,1140,2708,49972
04-03-2019,0,15817,16091,11143,3119,46170,864,650,1088,2602,48772
04-03-2019,1,15494,15828,10986,3116,45424,847,638,1074,2559,47983
04-03-2019,2,15346,15759,10955,3117,45177,845,640,1072,2557,47734
04-03-2019,3,15519,15882,11062,3135,45598,858,651,1085,2594,48192
04-03-2019,4,15822,16069,11438,3134,46463,901,700,1156,2757,49220
04-03-2019,5,16354,17060,12265,3362,49041,1027,822,1402,3251,52292
04-03-2019,6,17838,19053,12365,3997,53253,1138,930,1560,3628,56881
04-03-2019,7,19211,20485,12450,4530,56676,1253,1037,1702,3992,60668
04-03-2019,8,19800,20545,12552,4733,57630,1289,1090,1773,4152,61782
04-03-2019,9,19497,20591,12503,4749,57340,1290,1091,1774,4155,61495
04-03-2019,10,19342,20848,12414,4841,57445,1282,1075,1763,4120,61565
04-03-2019,11,19140,20590,12296,4828,56854,1258,1052,1743,4053,60907
04-03-2019,12,19003,20413,12203,4746,56365,1267,1064,1770,4101,60466
04-03-2019,13,18636,21377,12140,4744,56897,1237,1060,1751,4048,60945
04-03-2019,14,18861,21603,11990,4668,57122,1228,1050,1728,4006,61128
04-03-2019,15,18952,20444,11938,4538,55872,1205,1040,1687,3932,59804
04-03-2019,16,18821,20406,12024,4536,55787,1204,1019,1657,3880,59667
04-03-2019,17,18980,20904,12374,4854,57112,1254,1052,1714,4020,61132
04-03-2019,18,19308,21477,12455,4993,58233,1228,1033,1704,3965,62198
04-03-2019,19,19205,20921,12309,4715,57150,1190,994,1653,3837,60987
04-03-2019,20,18896,20001,11789,4383,55069,1141,935,1536,3612,58681
04-03-2019,21,18627,19467,11807,4082,53983,1055,836,1367,3258,57241
04-03-2019,22,17908,18335,11625,3761,51629,969,750,1236,2955,54584
04-03-2019,23,17239,17509,11227,3554,49529,907,683,1161,2751,52280
05-03-2019,0,16694,16851,10985,3369,47899,887,645,1123,2655,50554
05-03-2019,1,16386,16634,10823,3225,47068,867,629,1100,2596,49664
05-03-2019,2,16199,16772,10788,3160,46919,854,621,1098,2573,49492
05-03-2019,3,16299,16885,10883,3222,47289,850,638,1112,2600,49889
05-03-2019,4,16694,17275,11201,3328,48498,885,682,1174,2741,51239
05-03-2019,5,17292,18066,11997,3549,50904,1026,808,1393,3227,54131
05-03-2019,6,18836,19992,12060,4163,55051,1150,915,1548,3613,58664
05-03-2019,7,20408,21691,12203,4751,59053,1243,1020,1693,3956,63009
05-03-2019,8,20766,22295,12261,4877,60199,1272,1072,1735,4079,64278
05-03-2019,9,20482,22167,12201,4678,59528,1268,1077,1735,4080,63608
05-03-2019,10,20223,22139,12070,4918,59350,1264,1070,1727,4061,63411
05-03-2019,11,19851,21844,11957,4916,58568,1253,1049,1712,4014,62582
05-03-2019,12,19695,21324,11801,4805,57625,1278,1072,1730,4080,61705
05-03-2019,13,19684,21180,11669,4800,57333,1266,1074,1715,4055,61388
05-03-2019,14,19671,21282,11648,4692,57293,1265,1071,1705,4041,61334
05-03-2019,15,19648,21272,11691,4617,57228,1231,1054,1677,3962,61190
05-03-2019,16,20127,21216,11888,4573,57804,1223,1035,1651,3909,61713
05-03-2019,17,20188,21893,12416,4852,59349,1266,1061,1698,4025,63374
05-03-2019,18,20284,22550,12702,4915,60451,1273,1044,1684,4001,64452
05-03-2019,19,20224,22210,12588,4670,59692,1242,1004,1644,3890,63582
05-03-2019,20,19941,21803,12144,4387,58275,1193,940,1553,3686,61961
05-03-2019,21,19553,21101,12210,4126,56990,1117,857,1406,3380,60370
05-03-2019,22,18856,20038,12127,3758,54779,1026,773,1261,3060,57839
05-03-2019,23,18125,18827,11757,3395,52104,977,708,1180,2865,54969
06-03-2019,0,17637,18044,11569,3215,50465,953,678,1158,2789,53254
06-03-2019,1,17391,17852,11435,3103,49781,947,664,1140,2751,52532
06-03-2019,2,17231,17869,11441,3078,49619,950,659,1137,2746,52365
06-03-2019,3,17231,17993,11585,3085,49894,962,671,1151,2784,52678
06-03-2019,4,17404,18555,12022,3163,51144,1006,718,1227,2951,54095
06-03-2019,5,17899,19382,12791,3419,53491,1139,841,1451,3431,56922
06-03-2019,6,19310,21292,12774,4032,57408,1258,962,1613,3833,61241
06-03-2019,7,20783,22401,12856,4548,60588,1353,1065,1731,4149,64737
06-03-2019,8,21005,22748,12755,4746,61254,1356,1105,1762,4223,65477
06-03-2019,9,20779,22709,12533,4805,60826,1313,1096,1747,4156,64982
06-03-2019,10,20410,22559,12345,4835,60149,1286,1080,1730,4096,64245
06-03-2019,11,20077,22090,12200,4808,59175,1255,1039,1694,3988,63163
06-03-2019,12,19807,21465,12039,4746,58057,1257,1063,1693,4013,62070
06-03-2019,13,19660,21069,11974,4748,57451,1233,1059,1673,3965,61416
06-03-2019,14,19724,21197,11905,4712,57538,1235,1047,1654,3936,61474
06-03-2019,15,19772,21097,11913,4658,57440,1234,1030,1620,3884,61324
06-03-2019,16,19869,21076,12033,4724,57702,1237,1005,1600,3842,61544
06-03-2019,17,19958,21268,12371,5030,58627,1292,1062,1694,4048,62675
06-03-2019,18,19958,21652,12628,5045,59283,1287,1068,1733,4088,63371
06-03-2019,19,19990,21146,12404,4709,58249,1248,1034,1673,3955,62204
06-03-2019,20,19660,20506,11824,4401,56391,1182,971,1572,3725,60116
06-03-2019,21,19167,19684,11824,4107,54782,1074,881,1405,3360,58142
06-03-2019,22,18546,18631,11581,3807,52565,984,788,1265,3037,55602
06-03-2019,23,17831,17767,11198,3468,50264,937,722,1197,2856,53120
07-03-2019,0,17130,16923,10890,3291,48234,915,692,1154,2761,50995
07-03-2019,1,16858,16593,10702,3158,47311,897,672,1128,2697,50008
07-03-2019,2,16671,16469,10651,3118,46909,880,664,1124,2668,49577
07-03-2019,3,16718,16516,10750,3146,47130,899,676,1138,2713,49843
07-03-2019,4,16793,16903,11073,3229,47998,937,725,1207,2869,50867
07-03-2019,5,17343,17670,11850,3424,50287,1055,839,1399,3293,53580
07-03-2019,6,18602,19283,11877,4027,53789,1161,955,1543,3659,57448
07-03-2019,7,20030,20539,12068,4558,57195,1266,1065,1667,3998,61193
07-03-2019,8,20131,20709,12180,4719,57739,1303,1111,1713,4127,61866
07-03-2019,9,20075,20690,12111,4781,57657,1297,1104,1712,4113,61770
07-03-2019,10,19569,20741,12072,4835,57217,1282,1088,1665,4035,61252
07-03-2019,11,19488,20794,11965,4857,57104,1261,1047,1626,3934,61038
07-03-2019,12,19253,20507,11791,4787,56338,1267,1071,1649,3987,60325
07-03-2019,13,19156,20130,11790,4786,55862,1256,1069,1672,3997,59859
07-03-2019,14,19238,20047,11737,4772,55794,1257,1068,1683,4008,59802
07-03-2019,15,19347,19779,11644,4602,55372,1244,1062,1686,3992,59364
07-03-2019,16,19576,19665,11748,4579,55568,1239,1036,1654,3929,59497
07-03-2019,17,19732,19955,12119,4864,56670,1276,1066,1705,4047,60717
07-03-2019,18,19823,20215,12208,4936,57182,1264,1051,1703,4018,61200
07-03-2019,19,19748,19886,11943,4720,56297,1227,1015,1644,3886,60183
07-03-2019,20,19194,19291,11534,4427,54446,1162,955,1526,3643,58089
07-03-2019,21,18898,18427,11583,4082,52990,1070,858,1377,3305,56295
07-03-2019,22,18274,17600,11392,3758,51024,964,771,1233,2968,53992
07-03-2019,23,17413,16743,10949,3464,48569,898,705,1155,2758,51327
08-03-2019,0,16893,16250,10566,3273,46982,869,681,1109,2659,49641
08-03-2019,1,16489,15873,10368,3152,45882,845,663,1090,2598,48480
08-03-2019,2,16240,15582,10345,3111,45278,830,653,1088,2571,47849
08-03-2019,3,16324,15683,10426,3146,45579,818,662,1107,2587,48166
08-03-2019,4,16518,16017,10772,3237,46544,856,709,1183,2748,49292
08-03-2019,5,17247,16778,11462,3512,48999,978,827,1413,3218,52217
08-03-2019,6,18422,18257,11595,4105,52379,1082,929,1562,3573,55952
08-03-2019,7,19890,19764,11667,4605,55926,1167,1029,1662,3858,59784
08-03-2019,8,20291,20143,11783,4764,56981,1186,1063,1707,3956,60937
08-03-2019,9,20088,19912,11789,4817,56606,1163,1048,1671,3882,60488
08-03-2019,10,19951,19958,11792,4877,56578,1143,1027,1659,3829,60407
08-03-2019,11,19719,19865,11746,4820,56150,1136,995,1640,3771,59921
08-03-2019,12,19441,19580,11616,4709,55346,1165,1010,1652,3827,59173
08-03-2019,13,19121,19267,11470,4628,54486,1157,1003,1640,3800,58286
08-03-2019,14,18938,19046,11429,4449,53862,1158,994,1624,3776,57638
08-03-2019,15,18663,19020,11371,4360,53414,1135,984,1602,3721,57135
08-03-2019,16,18760,19193,11438,4315,53706,1141,973,1586,3700,57406
08-03-2019,17,18939,20144,11718,4569,55370,1175,1003,1628,3806,59176
08-03-2019,18,19549,20836,11809,4630,56824,1148,985,1634,3767,60591
08-03-2019,19,19642,20261,11659,4410,55972,1108,952,1583,3643,59615
08-03-2019,20,19135,19340,11151,4086,53712,1063,903,1493,3459,57171
08-03-2019,21,18606,18550,11222,3796,52174,997,835,1357,3189,55363
08-03-2019,22,17988,17760,11017,3580,50345,919,765,1244,2928,53273
08-03-2019,23,17538,17129,10618,3358,48643,867,715,1160,2742,51385
09-03-2019,0,16816,16510,10336,3176,46838,843,685,1129,2657,49495
09-03-2019,1,16732,16335,10138,3063,46268,832,666,1106,2604,48872
09-03-2019,2,16603,16278,10130,3013,46024,829,659,1103,2591,48615
09-03-2019,3,16523,16092,10136,3039,45790,831,659,1109,2599,48389
09-03-2019,4,16480,16358,10322,3064,46224,848,678,1129,2655,48879
09-03-2019,5,16685,16752,10542,3209,47188,872,708,1188,2768,49956
09-03-2019,6,17285,16871,10504,3400,48060,892,746,1279,2917,50977
09-03-2019,7,17862,17479,10825,3669,49835,963,824,1376,3163,52998
09-03-2019,8,18419,18268,11045,4029,51761,1007,875,1450,3332,55093
09-03-2019,9,18865,19028,11126,4170,53189,1016,890,1461,3367,56556
09-03-2019,10,18806,19423,11107,4240,53576,1007,883,1462,3352,56928
09-03-2019,11,18506,19088,10967,4272,52833,986,876,1460,3322,56155
09-03-2019,12,18277,18571,10833,4219,51900,986,866,1441,3293,55193
09-03-2019,13,18246,18382,10755,4119,51502,991,861,1429,3281,54783
09-03-2019,14,18057,18221,10770,3993,51041,995,853,1421,3269,54310
09-03-2019,15,18130,18123,10935,3927,51115,1002,858,1430,3290,54405
09-03-2019,16,18304,18432,11221,3949,51906,1020,872,1447,3339,55245
09-03-2019,17,18744,18844,11724,4223,53535,1067,920,1506,3493,57028
09-03-2019,18,19401,19359,11982,4417,55159,1077,926,1528,3531,58690
09-03-2019,19,19452,18905,11633,4160,54150,1047,900,1475,3422,57572
09-03-2019,20,19042,18138,11178,4055,52413,1000,854,1403,3257,55670
09-03-2019,21,18517,17551,11295,3867,51230,946,788,1290,3024,54254
09-03-2019,22,18082,17137,11200,3656,50075,883,721,1186,2790,52865
09-03-2019,23,17611,16660,10794,3499,48564,833,677,1115,2625,51189
10-03-2019,0,17375,16414,10445,3277,47511,798,636,1069,2503,50014
10-03-2019,1,17262,16158,10247,3276,46943,781,623,1053,2457,49400
10-03-2019,2,17048,16100,10157,3158,46463,772,616,1044,2432,48895
10-03-2019,3,16991,16145,10149,3083,46368,774,617,1045,2436,48804
10-03-2019,4,17183,16138,10230,3096,46647,790,637,1070,2497,49144
10-03-2019,5,17297,16508,10389,3139,47333,821,661,1122,2604,49937
10-03-2019,6,17610,16971,10251,3154,47986,839,683,1178,2700,50686
10-03-2019,7,17877,17298,10567,3367,49109,916,754,1288,2958,52067
10-03-2019,8,18325,17919,10719,3631,50594,979,823,1370,3172,53766
10-03-2019,9,18426,18440,10805,3740,51411,1022,858,1406,3286,54697
10-03-2019,10,18285,18411,10778,3844,51318,1031,870,1412,3313,54631
10-03-2019,11,18004,18523,10702,3838,51067,1013,868,1412,3293,54360
10-03-2019,12,17655,18389,10615,3754,50413,1003,862,1397,3262,53675
10-03-2019,13,17456,18159,10591,3713,49919,995,861,1391,3247,53166
10-03-2019,14,17396,18154,10596,3693,49839,996,861,1386,3243,53082
10-03-2019,15,17313,18147,10642,3706,49808,1008,864,1383,3255,53063
10-03-2019,16,17417,18522,10832,3835,50606,1032,881,1390,3303,53909
10-03-2019,17,17760,19334,11314,4223,52631,1092,939,1468,3499,56130
10-03-2019,18,18486,20114,11672,4400,54672,1123,967,1509,3599,58271
10-03-2019,19,18688,20042,11482,4214,54426,1100,947,1463,3510,57936
10-03-2019,20,18757,19220,11144,4004,53125,1053,897,1397,3347,56472
10-03-2019,21,18689,18352,11396,3768,52205,984,814,1303,3101,55306
10-03-2019,22,18271,17836,11337,3516,50960,916,739,1206,2861,53821
10-03-2019,23,17783,17351,11055,3313,49502,878,680,1132,2690,52192
11-03-2019,0,17412,17075,10793,3233,48513,849,661,1096,2606,51119
11-03-2019,1,17216,16894,10629,3162,47901,837,637,1066,2540,50441
11-03-2019,2,17293,17061,10618,3134,48106,841,621,1060,2522,50628
11-03-2019,3,17431,17265,10739,3203,48638,855,639,1066,2560,51198
11-03-2019,4,17756,17934,11148,3294,50132,895,700,1094,2689,52821
11-03-2019,5,18550,18937,11909,3537,52933,1007,799,1131,2937,55870
11-03-2019,6,20023,20599,12139,4144,56905,1127,913,1179,3219,60124
11-03-2019,7,21473,21958,12376,4699,60506,1225,1032,1292,3549,64055
11-03-2019,8,21577,22144,12355,4915,60991,1258,1079,1396,3733,64724
11-03-2019,9,21150,21928,12207,4848,60133,1256,1072,1443,3771,63904
11-03-2019,10,20567,21787,12133,4850,59337,1242,1054,1447,3743,63080
11-03-2019,11,19861,21209,11972,4801,57843,1225,1031,1428,3684,61527
11-03-2019,12,19561,20516,11881,4669,56627,1232,1048,1422,3702,60329
11-03-2019,13,19082,20096,11849,4597,55624,1216,1034,1419,3669,59293
11-03-2019,14,18955,19719,11796,4477,54947,1215,1024,1405,3644,58591
11-03-2019,15,18650,19640,11693,4334,54317,1188,1013,1409,3610,57927
11-03-2019,16,18974,19555,11753,4334,54616,1191,993,1419,3603,58219
11-03-2019,17,19134,20768,12022,4681,56605,1232,1032,1495,3759,60364
11-03-2019,18,19645,21695,12359,4851,58550,1255,1046,1561,3862,62412
11-03-2019,19,19815,21461,12218,4749,58243,1225,1014,1534,3773,62016
11-03-2019,20,19540,20817,11743,4420,56520,1169,949,1447,3565,60085
11-03-2019,21,19413,20192,11869,4083,55557,1086,859,1321,3266,58823
11-03-2019,22,18923,19459,11680,3763,53825,998,780,1204,2982,56807
11-03-2019,23,18122,18380,11198,3468,51168,940,713,1140,2793,53961
12-03-2019,0,17602,17813,10880,3276,49571,914,677,1104,2695,52266
12-03-2019,1,17361,17708,10737,3205,49011,908,660,1088,2656,51667
12-03-2019,2,17296,17702,10682,3158,48838,904,659,1094,2657,51495
12-03-2019,3,17321,17849,10825,3161,49156,911,667,1099,2677,51833
12-03-2019,4,17523,18357,11281,3235,50396,959,711,1168,2838,53234
12-03-2019,5,18293,19352,12061,3512,53218,1072,808,1390,3270,56488
12-03-2019,6,19590,21256,12178,4138,57162,1191,926,1557,3674,60836
12-03-2019,7,21043,22472,12279,4651,60445,1280,1055,1703,4038,64483
12-03-2019,8,21282,22449,12234,4804,60769,1288,1108,1748,4144,64913
12-03-2019,9,20895,21965,12061,4796,59717,1276,1108,1748,4132,63849
12-03-2019,10,20740,21506,11911,4854,59011,1263,1095,1749,4107,63118
12-03-2019,11,20574,20816,11763,4884,58037,1243,1065,1724,4032,62069
12-03-2019,12,20394,20359,11581,4808,57142,1249,1077,1749,4075,61217
12-03-2019,13,20295,19993,11475,4787,56550,1251,1065,1722,4038,60588
12-03-2019,14,20401,19802,11398,4743,56344,1254,1051,1699,4004,60348
12-03-2019,15,20635,19858,11463,4676,56632,1235,1037,1666,3938,60570
12-03-2019,16,20754,19755,11516,4750,56775,1221,1007,1628,3856,60631
12-03-2019,17,20492,20347,11849,5045,57733,1262,1042,1683,3987,61720
12-03-2019,18,20451,20680,12327,5046,58504,1267,1058,1743,4068,62572
12-03-2019,19,20491,20462,12257,4815,58025,1223,1020,1686,3929,61954
12-03-2019,20,20198,19871,11757,4471,56297,1169,960,1587,3716,60013
12-03-2019,21,19763,19035,11867,4177,54842,1074,873,1416,3363,58205
12-03-2019,22,18974,18033,11686,3891,52584,983,790,1272,3045,55629
12-03-2019,23,18107,17363,11309,3578,50357,931,727,1201,2859,53216
13-03-2019,0,17549,17032,11092,3392,49065,903,693,1162,2758,51823
13-03-2019,1,17324,16873,11004,3278,48479,880,679,1141,2700,51179
13-03-2019,2,17175,16886,11002,3285,48348,873,675,1136,2684,51032
13-03-2019,3,16761,16597,11212,3266,47836,881,680,1152,2713,50549
13-03-2019,4,17004,16867,11624,3332,48827,927,729,1229,2885,51712
13-03-2019,5,17440,17932,12299,3591,51262,1034,823,1391,3248,54510
13-03-2019,6,19018,19861,12511,4210,55600,1154,938,1487,3579,59179
13-03-2019,7,20147,20880,12559,4749,58335,1261,1046,1693,4000,62335
13-03-2019,8,20385,20929,12476,4940,58730,1273,1086,1743,4102,62832
13-03-2019,9,20170,20956,12275,4995,58396,1250,1080,1732,4062,62458
13-03-2019,10,19622,20838,12068,5052,57580,1228,1064,1701,3993,61573
13-03-2019,11,19555,20899,11941,4978,57373,1185,1028,1682,3895,61268
13-03-2019,12,19088,20614,11713,4869,56284,1203,1046,1705,3954,60238
13-03-2019,13,18956,20456,11667,4817,55896,1183,1041,1696,3920,59816
13-03-2019,14,18708,20305,11614,4752,55379,1173,1024,1694,3891,59270
13-03-2019,15,18762,20414,11623,4672,55471,1163,1013,1672,3848,59319
13-03-2019,16,18996,20193,11751,4710,55650,1164,991,1649,3804,59454
13-03-2019,17,18918,20467,12046,4992,56423,1201,1027,1693,3921,60344
13-03-2019,18,19093,20701,12499,5010,57303,1213,1039,1730,3982,61285
13-03-2019,19,19221,20172,12180,4796,56369,1185,1006,1671,3862,60231
13-03-2019,20,18999,19291,11540,4506,54336,1122,948,1576,3646,57982
13-03-2019,21,18769,18640,11535,4175,53119,1027,855,1399,3281,56400
13-03-2019,22,18367,17661,11308,3780,51116,950,770,1272,2992,54108
13-03-2019,23,17923,17141,10842,3489,49395,902,709,1197,2808,52203
14-03-2019,0,17455,16537,10537,3319,47848,878,674,1152,2704,50552
14-03-2019,1,16928,16252,10330,3245,46755,858,661,1129,2648,49403
14-03-2019,2,16713,16132,10212,3187,46244,854,657,1120,2631,48875
14-03-2019,3,16740,16084,10383,3202,46409,861,665,1134,2660,49069
14-03-2019,4,16790,16166,10760,3304,47020,898,705,1195,2798,49818
14-03-2019,5,17480,16861,11314,3601,49256,1011,802,1405,3218,52474
14-03-2019,6,19094,18665,11470,4133,53362,1128,917,1555,3600,56962
14-03-2019,7,20425,20224,11600,4617,56866,1236,1029,1695,3960,60826
14-03-2019,8,20629,20562,11642,4809,57642,1256,1070,1749,4075,61717
14-03-2019,9,20375,20508,11568,4810,57261,1257,1066,1739,4062,61323
14-03-2019,10,20104,20580,11461,4922,57067,1222,1047,1716,3985,61052
14-03-2019,11,19628,20350,11416,4918,56312,1195,1019,1698,3912,60224
14-03-2019,12,19422,20038,11268,4872,55600,1215,1043,1721,3979,59579
14-03-2019,13,19167,19849,11224,4849,55089,1195,1037,1710,3942,59031
14-03-2019,14,18990,19739,11097,4789,54615,1187,1037,1710,3934,58549
14-03-2019,15,18940,19735,11105,4701,54481,1161,1032,1681,3874,58355
14-03-2019,16,19011,19805,11150,4775,54741,1160,1003,1654,3817,58558
14-03-2019,17,19019,20257,11358,5036,55670,1181,1030,1691,3902,59572
14-03-2019,18,19269,20839,11759,5047,56914,1217,1036,1714,3967,60881
14-03-2019,19,19464,20634,11521,4847,56466,1167,1008,1662,3837,60303
14-03-2019,20,19222,19914,10987,4525,54648,1109,944,1557,3610,58258
14-03-2019,21,18785,19150,10985,4213,53133,1021,857,1403,3281,56414
14-03-2019,22,18069,18214,10766,3827,50876,933,777,1281,2991,53867
14-03-2019,23,17313,17285,10298,3545,48441,878,711,1201,2790,51231
15-03-2019,0,16560,16689,10100,3356,46705,850,676,1153,2679,49384
15-03-2019,1,16276,16364,9945,3278,45863,833,657,1131,2621,48484
15-03-2019,2,16164,16217,9877,3218,45476,824,649,1129,2602,48078
15-03-2019,3,16248,16254,10047,3206,45755,832,661,1142,2635,48390
15-03-2019,4,16361,16498,10496,3257,46612,875,704,1205,2784,49396
15-03-2019,5,16953,17323,11265,3506,49047,979,791,1357,3127,52174
15-03-2019,6,18431,18910,11422,4103,52866,1101,907,1496,3504,56370
15-03-2019,7,19884,20368,11522,4605,56379,1208,1020,1702,3930,60309
15-03-2019,8,20226,20749,11632,4781,57388,1238,1074,1739,4051,61439
15-03-2019,9,20057,20508,11648,4802,57015,1227,1068,1722,4017,61032
15-03-2019,10,19750,20439,11564,4864,56617,1218,1056,1702,3976,60593
15-03-2019,11,19407,20349,11421,4851,56028,1195,1025,1692,3912,59940
15-03-2019,12,19260,20313,11332,4741,55646,1221,1038,1698,3957,59603
15-03-2019,13,19029,19775,11312,4716,54832,1181,1030,1682,3893,58725
15-03-2019,14,18752,19268,11315,4595,53930,1165,1017,1663,3845,57775
15-03-2019,15,18611,19125,11341,4514,53591,1142,1002,1642,3786,57377
15-03-2019,16,18427,19045,11424,4570,53466,1149,992,1632,3773,57239
15-03-2019,17,18728,19693,11649,4801,54871,1178,1011,1667,3856,58727
15-03-2019,18,18936,20046,11945,4841,55768,1184,1015,1681,3880,59648
15-03-2019,19,19047,19402,11654,4582,54685,1132,975,1611,3718,58403
15-03-2019,20,18670,18476,11109,4197,52452,1073,916,1512,3501,55953
15-03-2019,21,18103,17598,11164,4012,50877,992,839,1370,3201,54078
15-03-2019,22,17510,16888,10902,3791,49091,914,767,1244,2925,52016
15-03-2019,23,17018,16335,10455,3639,47447,861,704,1170,2735,50182
16-03-2019,0,16478,15827,10088,3374,45767,828,668,1120,2616,48383
16-03-2019,1,16222,15503,9894,3289,44908,806,651,1097,2554,47462
16-03-2019,2,15992,15327,9734,3325,44378,803,639,1085,2527,46905
16-03-2019,3,15918,15237,9800,3153,44108,806,638,1086,2530,46638
16-03-2019,4,16006,15249,9905,3241,44401,817,657,1112,2586,46987
16-03-2019,5,16168,15447,10056,3196,44867,843,681,1180,2704,47571
16-03-2019,6,16424,15718,10038,3301,45481,884,729,1266,2879,48360
16-03-2019,7,16861,16250,10315,3565,46991,970,813,1377,3160,50151
16-03-2019,8,17526,17013,10543,3787,48869,1033,872,1470,3375,52244
16-03-2019,9,17992,17629,10684,3944,50249,1059,886,1514,3459,53708
16-03-2019,10,18074,17876,10735,4007,50692,1064,889,1536,3489,54181
16-03-2019,11,17784,17984,10675,3991,50434,1055,889,1523,3467,53901
16-03-2019,12,17480,17799,10636,3938,49853,1054,890,1510,3454,53307
16-03-2019,13,17326,17471,10590,3857,49244,1039,885,1474,3398,52642
16-03-2019,14,17177,17363,10603,3827,48970,1031,871,1451,3353,52323
16-03-2019,15,17174,17450,10746,3845,49215,1027,866,1440,3333,52548
16-03-2019,16,17459,17650,10959,3952,50020,1036,874,1449,3359,53379
16-03-2019,17,17676,18175,11317,4272,51440,1071,904,1492,3467,54907
16-03-2019,18,18218,18719,11561,4419,52917,1094,931,1536,3561,56478
16-03-2019,19,18253,18495,11174,4217,52139,1057,911,1496,3464,55603
16-03-2019,20,17828,17699,10694,4041,50262,1010,859,1427,3296,53558
16-03-2019,21,17427,16972,10813,3823,49035,946,788,1317,3051,52086
16-03-2019,22,17022,16160,10599,3682,47463,880,727,1222,2829,50292
16-03-2019,23,16660,15661,10209,3489,46019,838,676,1132,2646,48665
17-03-2019,0,16440,15332,9872,3297,44941,816,645,1084,2545,47486
17-03-2019,1,16220,15073,9651,3193,44137,798,628,1063,2489,46626
17-03-2019,2,16129,14810,9586,3118,43643,787,616,1046,2449,46092
17-03-2019,3,16074,14839,9582,3116,43611,786,617,1044,2447,46058
17-03-2019,4,16075,15047,9643,3074,43839,798,632,1070,2500,46339
17-03-2019,5,16240,15071,9649,3136,44096,809,648,1111,2568,46664
17-03-2019,6,16479,15165,9550,3296,44490,841,684,1176,2701,47191
17-03-2019,7,16589,15701,9810,3498,45598,915,756,1281,2952,48550
17-03-2019,8,16905,16520,10051,3764,47240,969,816,1360,3145,50385
17-03-2019,9,17268,17175,10198,3989,48630,991,844,1415,3250,51880
17-03-2019,10,17550,17538,10244,4020,49352,996,852,1432,3280,52632
17-03-2019,11,17677,17410,10261,4089,49437,990,858,1441,3289,52726
17-03-2019,12,17576,17440,10195,4043,49254,984,860,1430,3274,52528
17-03-2019,13,17568,17292,10070,3931,48861,985,856,1422,3263,52124
17-03-2019,14,17317,17096,10170,3924,48507,991,861,1411,3263,51770
17-03-2019,15,17253,17207,10325,3938,48723,998,863,1412,3273,51996
17-03-2019,16,17394,17273,10523,4022,49212,1018,879,1433,3330,52542
17-03-2019,17,17549,17826,10847,4268,50490,1071,915,1496,3482,53972
17-03-2019,18,17858,18615,11154,4373,52000,1101,937,1547,3585,55585
17-03-2019,19,18215,18593,10980,4237,52025,1072,920,1500,3492,55517
17-03-2019,20,18032,18127,10542,3943,50644,1022,869,1420,3311,53955
17-03-2019,21,17690,17525,10628,3747,49590,938,782,1294,3014,52604
17-03-2019,22,17302,17051,10483,3517,48353,867,709,1166,2742,51095
17-03-2019,23,16690,16452,10108,3366,46616,812,644,1081,2537,49153
18-03-2019,0,16285,15881,9760,3244,45170,789,616,1040,2445,47615
18-03-2019,1,16064,15699,9546,3193,44502,777,601,1033,2411,46913
18-03-2019,2,15966,15688,9484,3175,44313,773,599,1031,2403,46716
18-03-2019,3,15970,15536,9625,3200,44331,784,616,1053,2453,46784
18-03-2019,4,16054,15873,9942,3331,45200,826,660,1128,2614,47814
18-03-2019,5,16810,16613,10646,3543,47612,934,764,1356,3054,50666
18-03-2019,6,18347,18235,10957,4116,51655,1058,896,1529,3483,55138
18-03-2019,7,19540,19844,11202,4661,55247,1187,1015,1692,3894,59141
18-03-2019,8,19388,19857,11275,4762,55282,1211,1063,1758,4032,59314
18-03-2019,9,19085,19783,11177,4734,54779,1196,1062,1753,4011,58790
18-03-2019,10,18717,19755,11184,4807,54463,1181,1048,1739,3968,58431
18-03-2019,11,18346,19677,11131,4757,53911,1158,1012,1706,3876,57787
18-03-2019,12,18145,19611,10921,4690,53367,1172,1029,1705,3906,57273
18-03-2019,13,17845,19404,10798,4646,52693,1156,1023,1672,3851,56544
18-03-2019,14,17921,19141,10787,4538,52387,1153,1015,1661,3829,56216
18-03-2019,15,18016,19489,10731,4450,52686,1130,1004,1624,3758,56444
18-03-2019,16,17963,19562,10810,4432,52767,1116,975,1593,3684,56451
18-03-2019,17,17973,20164,10962,4672,53771,1140,992,1634,3766,57537
18-03-2019,18,18329,20648,11311,4700,54988,1166,1029,1691,3886,58874
18-03-2019,19,18842,20609,11144,4719,55314,1142,995,1630,3767,59081
18-03-2019,20,18704,19587,10610,4400,53301,1086,936,1528,3550,56851
18-03-2019,21,18504,18586,10639,4068,51797,1004,842,1369,3215,55012
18-03-2019,22,17854,17765,10396,3736,49751,909,757,1238,2904,52655
18-03-2019,23,17001,16717,9920,3427,47065,852,693,1155,2700,49765
19-03-2019,0,16653,16251,9558,3333,45795,829,657,1125,2611,48406
19-03-2019,1,16362,16103,9404,3239,45108,814,644,1124,2582,47690
19-03-2019,2,16214,16116,9350,3154,44834,814,638,1107,2559,47393
19-03-2019,3,16311,16177,9432,3197,45117,825,647,1118,2590,47707
19-03-2019,4,16533,16481,9758,3311,46083,862,694,1201,2757,48840
19-03-2019,5,17158,17259,10372,3578,48367,964,788,1365,3117,51484
19-03-2019,6,18510,18882,10681,4077,52150,1089,912,1534,3535,55685
19-03-2019,7,19766,20019,10848,4591,55224,1197,1026,1666,3889,59113
19-03-2019,8,19744,20139,10924,4740,55547,1227,1062,1716,4005,59552
19-03-2019,9,19070,19589,10910,4679,54248,1229,1059,1724,4012,58260
19-03-2019,10,18513,19306,10883,4714,53416,1218,1048,1705,3971,57387
19-03-2019,11,18027,19180,10778,4641,52626,1190,1014,1690,3894,56520
19-03-2019,12,17736,18782,10735,4541,51794,1212,1041,1711,3964,55758
19-03-2019,13,17497,18239,10709,4497,50942,1195,1043,1688,3926,54868
19-03-2019,14,17232,17927,10735,4394,50288,1185,1031,1661,3877,54165
19-03-2019,15,17269,17946,10699,4282,50196,1167,1024,1622,3813,54009
19-03-2019,16,17752,18051,10766,4275,50844,1155,992,1592,3739,54583
19-03-2019,17,18060,19015,10851,4581,52507,1177,1006,1618,3801,56308
19-03-2019,18,18323,19823,11313,4650,54109,1205,1031,1681,3917,58026
19-03-2019,19,18656,19903,11168,4583,54310,1169,1005,1635,3809,58119
19-03-2019,20,18171,19158,10595,4315,52239,1113,945,1532,3590,55829
19-03-2019,21,17719,18273,10632,3993,50617,1030,849,1379,3258,53875
19-03-2019,22,17043,17233,10412,3655,48343,936,759,1251,2946,51289
19-03-2019,23,16277,16181,9979,3366,45803,885,697,1183,2765,48568
20-03-2019,0,15792,15759,9643,3252,44446,860,672,1146,2678,47124
20-03-2019,1,15517,15570,9490,3169,43746,845,656,1129,2630,46376
20-03-2019,2,15443,15522,9486,3100,43551,841,652,1128,2621,46172
20-03-2019,3,15319,15614,9617,3115,43665,851,664,1138,2653,46318
20-03-2019,4,15393,15797,9994,3190,44374,892,709,1211,2812,47186
20-03-2019,5,15940,16745,10582,3417,46684,1001,807,1406,3214,49898
20-03-2019,6,17103,18293,10956,3946,50298,1129,939,1569,3637,53935
20-03-2019,7,18478,19814,11138,4590,54020,1222,1042,1699,3963,57983
20-03-2019,8,18253,20055,11160,4724,54192,1225,1077,1732,4034,58226
20-03-2019,9,17881,19806,10870,4717,53274,1191,1071,1696,3958,57232
20-03-2019,10,17608,19856,11070,4807,53341,1156,1037,1694,3887,57228
20-03-2019,11,17218,19763,11062,4773,52816,1130,1002,1659,3791,56607
20-03-2019,12,16998,19075,11015,4662,51750,1153,1022,1683,3858,55608
20-03-2019,13,16902,18528,10995,4627,51052,1155,1014,1674,3843,54895
20-03-2019,14,16710,18158,10957,4572,50397,1162,1005,1638,3805,54202
20-03-2019,15,16683,17916,10950,4439,49988,1147,1000,1614,3761,53749
20-03-2019,16,16982,18082,10951,4401,50416,1152,975,1589,3716,54132
20-03-2019,17,17037,18816,11095,4688,51636,1176,999,1632,3807,55443
20-03-2019,18,17389,19514,11564,4717,53184,1205,1023,1700,3928,57112
20-03-2019,19,17684,19462,11404,4613,53163,1166,990,1634,3790,56953
20-03-2019,20,17523,18711,10823,4305,51362,1106,928,1528,3562,54924
20-03-2019,21,17197,17810,10785,3983,49775,1017,835,1371,3223,52998
20-03-2019,22,16580,16836,10563,3603,47582,922,752,1247,2921,50503
20-03-2019,23,15890,15705,10122,3308,45025,864,684,1156,2704,47729
21-03-2019,0,15297,15080,9862,3142,43381,835,655,1125,2615,45996
21-03-2019,1,14952,14901,9700,3055,42608,818,648,1104,2570,45178
21-03-2019,2,14672,14771,9628,3033,42104,819,644,1102,2565,44669
21-03-2019,3,14654,14614,9749,3034,42051,828,656,1113,2597,44648
21-03-2019,4,14719,14806,10109,3136,42770,866,701,1169,2736,45506
21-03-2019,5,15329,15330,10715,3367,44741,963,793,1360,3116,47857
21-03-2019,6,16491,16789,11001,3951,48232,1089,921,1531,3541,51773
21-03-2019,7,17525,18353,11241,4544,51663,1186,1033,1694,3913,55576
21-03-2019,8,17712,18567,11142,4714,52135,1201,1076,1741,4018,56153
21-03-2019,9,17219,18327,10953,4683,51182,1193,1067,1728,3988,55170
21-03-2019,10,17198,18482,10870,4749,51299,1169,1047,1721,3937,55236
21-03-2019,11,16908,18204,10798,4719,50629,1143,1014,1686,3843,54472
21-03-2019,12,16674,18016,10688,4594,49972,1161,1031,1698,3890,53862
21-03-2019,13,16437,17744,10711,4596,49488,1162,1023,1692,3877,53365
21-03-2019,14,16320,17887,10573,4546,49326,1164,1022,1673,3859,53185
21-03-2019,15,16199,17785,10618,4406,49008,1154,1006,1640,3800,52808
21-03-2019,16,16316,17461,10687,4412,48876,1146,986,1607,3739,52615
21-03-2019,17,16193,18126,10740,4638,49697,1165,1008,1635,3808,53505
21-03-2019,18,16730,18677,11198,4648,51253,1189,1025,1687,3901,55154
21-03-2019,19,17189,18730,11119,4555,51593,1149,996,1626,3771,55364
21-03-2019,20,17497,17812,10537,4276,50122,1087,928,1514,3529,53651
21-03-2019,21,16956,17119,10556,3967,48598,1004,829,1364,3197,51795
21-03-2019,22,16331,16286,10384,3639,46640,896,743,1249,2888,49528
21-03-2019,23,15797,15383,10023,3337,44540,837,673,1169,2679,47219
22-03-2019,0,15524,14814,9781,3187,43306,813,650,1129,2592,45898
22-03-2019,1,15297,14724,9606,3126,42753,805,643,1101,2549,45302
22-03-2019,2,15338,14871,9591,3075,42875,803,640,1106,2549,45424
22-03-2019,3,15200,15313,9752,3090,43355,817,656,1124,2597,45952
22-03-2019,4,15613,15567,10136,3160,44476,849,701,1181,2731,47207
22-03-2019,5,16023,16130,10644,3405,46202,941,782,1350,3073,49275
22-03-2019,6,17461,18165,10948,3930,50504,1069,906,1523,3498,54002
22-03-2019,7,18792,19459,11055,4454,53760,1162,1014,1638,3814,57574
22-03-2019,8,18874,19576,11024,4637,54111,1167,1047,1658,3872,57983
22-03-2019,9,18440,19252,10970,4642,53304,1157,1034,1644,3835,57139
22-03-2019,10,18099,18474,10854,4708,52135,1137,1013,1631,3781,55916
22-03-2019,11,17775,17854,10763,4674,51066,1115,985,1598,3698,54764
22-03-2019,12,17942,17381,10601,4545,50469,1126,1004,1597,3727,54196
22-03-2019,13,17662,16732,10440,4438,49272,1085,996,1573,3654,52926
22-03-2019,14,17801,16568,10414,4293,49076,1077,977,1559,3613,52689
22-03-2019,15,17613,16532,10434,4215,48794,1064,962,1524,3550,52344
22-03-2019,16,17695,16764,10488,4267,49214,1062,932,1509,3503,52717
22-03-2019,17,17687,17351,10680,4526,50244,1080,950,1529,3559,53803
22-03-2019,18,17830,17757,11265,4587,51439,1140,999,1632,3771,55210
22-03-2019,19,18070,17490,11102,4406,51068,1107,981,1583,3671,54739
22-03-2019,20,17514,16864,10636,4020,49034,1035,926,1491,3452,52486
22-03-2019,21,16509,16082,10730,3688,47009,963,841,1366,3170,50179
22-03-2019,22,15904,15360,10483,3418,45165,890,761,1258,2909,48074
22-03-2019,23,15320,14573,10051,3215,43159,833,695,1174,2702,45861
23-03-2019,0,14968,14261,9719,3075,42023,803,663,1132,2598,44621
23-03-2019,1,14819,13966,9589,2986,41360,787,641,1102,2530,43890
23-03-2019,2,14768,13822,9519,2901,41010,776,633,1098,2507,43517
23-03-2019,3,14651,13786,9525,2872,40834,766,638,1110,2514,43348
23-03-2019,4,14615,13832,9656,2858,40961,767,659,1135,2561,43522
23-03-2019,5,14939,14023,9682,2917,41561,773,669,1170,2612,44173
23-03-2019,6,15122,14091,9759,3033,42005,823,743,1273,2839,44844
23-03-2019,7,15583,14707,10056,3353,43699,902,825,1376,3103,46802
23-03-2019,8,16294,15516,10317,3657,45784,947,864,1428,3239,49023
23-03-2019,9,16653,15796,10437,3791,46677,968,884,1441,3293,49970
23-03-2019,10,16699,15672,10453,3823,46647,964,873,1433,3270,49917
23-03-2019,11,16517,15524,10400,3803,46244,963,867,1421,3251,49495
23-03-2019,12,16462,15325,10329,3738,45854,976,858,1401,3235,49089
23-03-2019,13,16530,15026,10214,3653,45423,971,847,1363,3181,48604
23-03-2019,14,16313,14919,10165,3532,44929,978,845,1346,3169,48098
23-03-2019,15,16137,14850,10262,3513,44762,986,850,1336,3172,47934
23-03-2019,16,16388,15120,10449,3654,45611,995,860,1352,3207,48818
23-03-2019,17,16631,15611,10660,4249,47151,1011,881,1392,3284,50435
23-03-2019,18,17049,16448,10968,4214,48679,1042,915,1480,3437,52116
23-03-2019,19,17416,17026,10794,4043,49279,1014,893,1443,3350,52629
23-03-2019,20,17092,16511,10352,3782,47737,973,845,1367,3185,50922
23-03-2019,21,16697,15811,10434,3536,46478,908,772,1251,2931,49409
23-03-2019,22,16232,15293,10247,3317,45089,843,710,1152,2705,47794
23-03-2019,23,15855,14984,9834,3147,43820,792,656,1078,2526,46346
24-03-2019,0,15311,14412,9572,2987,42282,760,630,1055,2445,44727
24-03-2019,1,14996,14299,9268,2891,41454,744,619,1033,2396,43850
24-03-2019,2,15003,14158,9266,2837,41264,732,609,1020,2361,43625
24-03-2019,3,15123,14225,9325,2820,41493,734,611,1027,2372,43865
24-03-2019,4,15246,14339,9374,2837,41796,746,627,1051,2424,44220
24-03-2019,5,15384,14634,9306,2884,42208,747,635,1077,2459,44667
24-03-2019,6,15406,14893,9315,2984,42598,797,695,1146,2638,45236
24-03-2019,7,15702,15217,9444,3274,43637,859,765,1246,2870,46507
24-03-2019,8,16099,15592,9520,3582,44793,904,827,1321,3052,47845
24-03-2019,9,16440,15946,9620,3743,45749,906,843,1353,3102,48851
24-03-2019,10,16551,15902,9642,3850,45945,893,836,1346,3075,49020
24-03-2019,11,16410,16074,9582,3829,45895,879,821,1339,3039,48934
24-03-2019,12,16363,15913,9550,3711,45537,874,815,1328,3017,48554
24-03-2019,13,16439,15584,9429,3609,45061,873,806,1314,2993,48054
24-03-2019,14,16353,15231,9472,3596,44652,870,798,1312,2980,47632
24-03-2019,15,16458,15480,9548,3616,45102,884,801,1321,3006,48108
24-03-2019,16,16528,16034,9663,3666,45891,914,810,1335,3059,48950
24-03-2019,17,16786,16627,9966,4052,47431,948,842,1390,3180,50611
24-03-2019,18,17275,17552,10576,4163,49566,1031,920,1507,3458,53024
24-03-2019,19,17641,17885,10527,4130,50183,1025,923,1489,3437,53620
24-03-2019,20,17383,17302,10105,3851,48641,977,871,1395,3243,51884
24-03-2019,21,17231,16620,10277,3592,47720,900,788,1269,2957,50677
24-03-2019,22,16833,15873,10252,3301,46259,838,711,1161,2710,48969
24-03-2019,23,16278,15112,9944,3097,44431,801,661,1098,2560,46991
25-03-2019,0,15737,14667,9704,2996,43104,772,628,1035,2435,45539
25-03-2019,1,15528,14547,9481,2879,42435,763,623,1016,2402,44837
25-03-2019,2,15477,14542,9453,2932,42404,761,619,1012,2392,44796
25-03-2019,3,15576,14637,9604,2975,42792,776,632,1032,2440,45232
25-03-2019,4,15623,14939,9981,3063,43606,817,669,1110,2596,46202
25-03-2019,5,16124,15702,10540,3356,45722,916,761,1311,2988,48710
25-03-2019,6,17290,17406,10900,3952,49548,1051,896,1509,3456,53004
25-03-2019,7,18725,18778,11133,4473,53109,1155,994,1656,3805,56914
25-03-2019,8,18944,19332,11009,4669,53954,1177,1038,1701,3916,57870
25-03-2019,9,18499,18960,10924,4716,53099,1149,1035,1690,3874,56973
25-03-2019,10,18104,18762,10784,4835,52485,1133,1028,1670,3831,56316
25-03-2019,11,17715,18524,10737,4761,51737,1116,998,1650,3764,55501
25-03-2019,12,17407,18337,10609,4694,51047,1141,1019,1663,3823,54870
25-03-2019,13,17110,17921,10609,4694,50334,1130,1016,1645,3791,54125
25-03-2019,14,16937,17469,10592,4505,49503,1131,1004,1628,3763,53266
25-03-2019,15,16932,17550,10613,4324,49419,1112,989,1584,3685,53104
25-03-2019,16,17189,17557,10718,4277,49741,1088,969,1538,3595,53336
25-03-2019,17,17306,18319,10806,4578,51009,1108,981,1565,3654,54663
25-03-2019,18,17578,18965,11338,4614,52495,1148,1013,1647,3808,56303
25-03-2019,19,18046,18890,11327,4584,52847,1130,994,1613,3737,56584
25-03-2019,20,17933,18193,10902,4322,51350,1068,926,1505,3499,54849
25-03-2019,21,17492,17335,10970,3980,49777,978,832,1352,3162,52939
25-03-2019,22,17003,16522,10758,3702,47985,899,754,1235,2888,50873
25-03-2019,23,16229,15662,10318,3375,45584,848,692,1156,2696,48280
26-03-2019,0,15796,14783,10010,3185,43774,828,650,1124,2602,46376
26-03-2019,1,15505,14874,9867,3117,43363,820,636,1100,2556,45919
26-03-2019,2,15389,14972,9884,3101,43346,825,631,1092,2548,45894
26-03-2019,3,15571,15069,9982,3167,43789,837,644,1103,2584,46373
26-03-2019,4,15915,15144,10268,3215,44542,870,688,1176,2734,47276
26-03-2019,5,16414,15894,10793,3494,46595,965,785,1356,3106,49701
26-03-2019,6,17576,17713,11058,4000,50347,1085,925,1536,3546,53893
26-03-2019,7,18968,19298,11058,4617,53941,1168,1043,1690,3901,57842
26-03-2019,8,18944,19193,10985,4739,53861,1175,1087,1737,3999,57860
26-03-2019,9,18556,18718,10783,4768,52825,1151,1078,1729,3958,56783
26-03-2019,10,18179,18366,10706,4804,52055,1144,1060,1721,3925,55980
26-03-2019,11,18003,18171,10666,4736,51576,1113,1037,1693,3843,55419
26-03-2019,12,17746,17866,10503,4619,50734,1127,1059,1734,3920,54654
26-03-2019,13,17588,17680,10406,4610,50284,1102,1038,1726,3866,54150
26-03-2019,14,17539,17584,10363,4496,49982,1114,1021,1724,3859,53841
26-03-2019,15,17582,17528,10436,4334,49880,1097,989,1675,3761,53641
26-03-2019,16,17690,17670,10563,4358,50281,1091,958,1632,3681,53962
26-03-2019,17,17818,18310,10715,4656,51499,1109,962,1621,3692,55191
26-03-2019,18,18071,18979,11290,4642,52982,1163,1021,1688,3872,56854
26-03-2019,19,18262,19297,11305,4601,53465,1147,1007,1666,3820,57285
26-03-2019,20,18045,18539,10874,4247,51705,1102,949,1591,3642,55347
26-03-2019,21,17525,17727,10953,3969,50174,1015,849,1404,3268,53442
26-03-2019,22,16839,16834,10696,3636,48005,917,755,1258,2930,50935
26-03-2019,23,16030,15460,10320,3353,45163,870,693,1187,2750,47913
27-03-2019,0,15486,15147,10117,3196,43946,849,668,1151,2668,46614
27-03-2019,1,15195,14810,9951,3086,43042,842,654,1142,2638,45680
27-03-2019,2,15081,14330,9951,3070,42432,842,653,1145,2640,45072
27-03-2019,3,15191,14666,10136,3066,43059,860,667,1150,2677,45736
27-03-2019,4,15278,14841,10437,3172,43728,895,705,1202,2802,46530
27-03-2019,5,15737,15501,10990,3421,45649,991,801,1400,3192,48841
27-03-2019,6,16905,17194,11257,3907,49263,1116,938,1570,3624,52887
27-03-2019,7,18248,18660,11295,4479,52682,1188,1040,1682,3910,56592
27-03-2019,8,18294,19093,11323,4655,53365,1198,1084,1715,3997,57362
27-03-2019,9,17824,18670,11205,4662,52361,1174,1072,1678,3924,56285
27-03-2019,10,17335,18237,11102,4712,51386,1163,1047,1674,3884,55270
27-03-2019,11,16810,17868,10954,4671,50303,1140,1016,1659,3815,54118
27-03-2019,12,16648,17887,10755,4610,49900,1147,1053,1674,3874,53774
27-03-2019,13,16275,17283,10703,4604,48865,1132,1040,1664,3836,52701
27-03-2019,14,16150,16658,10741,4538,48087,1114,1020,1659,3793,51880
27-03-2019,15,16211,16925,10747,4387,48270,1117,1000,1639,3756,52026
27-03-2019,16,16421,16836,10812,4429,48498,1104,970,1609,3683,52181
27-03-2019,17,16585,17420,10968,4704,49677,1125,982,1620,3727,53404
27-03-2019,18,16776,18057,11433,4668,50934,1178,1031,1683,3892,54826
27-03-2019,19,17186,18271,11372,4590,51419,1170,1029,1667,3866,55285
27-03-2019,20,17179,18102,10798,4282,50361,1121,962,1563,3646,54007
27-03-2019,21,16872,17385,10816,3912,48985,1018,847,1381,3246,52231
27-03-2019,22,16255,16490,10561,3601,46907,926,764,1252,2942,49849
27-03-2019,23,15476,15511,10125,3333,44445,866,705,1178,2749,47194
28-03-2019,0,15330,14969,9914,3135,43348,842,678,1154,2674,46022
28-03-2019,1,14851,14644,9725,3077,42297,818,667,1143,2628,44925
28-03-2019,2,14766,14673,9688,3027,42154,821,662,1140,2623,44777
28-03-2019,3,14705,14909,9790,3047,42451,824,671,1140,2635,45086
28-03-2019,4,14816,15063,10069,3129,43077,841,707,1193,2741,45818
28-03-2019,5,15400,15696,10543,3398,45037,959,816,1377,3152,48189
28-03-2019,6,16533,17325,10824,3952,48634,1093,954,1566,3613,52247
28-03-2019,7,17584,18320,11023,4513,51440,1174,1056,1697,3927,55367
28-03-2019,8,17712,18339,11026,4712,51789,1183,1104,1734,4021,55810
28-03-2019,9,17439,17823,10869,4700,50831,1158,1087,1721,3966,54797
28-03-2019,10,17238,17499,10760,4721,50218,1131,1062,1705,3898,54116
28-03-2019,11,16906,17230,10596,4666,49398,1106,1021,1678,3805,53203
28-03-2019,12,16396,16919,10516,4587,48418,1104,1040,1666,3810,52228
28-03-2019,13,16137,16696,10407,4595,47835,1091,1031,1649,3771,51606
28-03-2019,14,16238,16345,10378,4453,47414,1080,1011,1621,3712,51126
28-03-2019,15,16237,16354,10371,4301,47263,1052,993,1578,3623,50886
28-03-2019,16,16348,16349,10420,4224,47341,1049,958,1540,3547,50888
28-03-2019,17,16161,16680,10468,4404,47713,1057,958,1553,3568,51281
28-03-2019,18,16278,16940,10944,4413,48575,1115,1004,1642,3761,52336
28-03-2019,19,16675,17280,10942,4435,49332,1096,990,1626,3712,53044
28-03-2019,20,16430,16638,10428,4184,47680,1032,931,1526,3489,51169
28-03-2019,21,16165,15881,10495,3887,46428,943,834,1369,3146,49574
28-03-2019,22,15653,15000,10265,3539,44457,865,751,1234,2850,47307
28-03-2019,23,14869,14197,9811,3257,42134,811,691,1161,2663,44797
29-03-2019,0,14306,13710,9496,3107,40619,786,669,1103,2558,43177
29-03-2019,1,14038,13556,9309,3046,39949,770,658,1077,2505,42454
29-03-2019,2,13975,13567,9329,3010,39881,771,651,1075,2497,42378
29-03-2019,3,14203,13557,9454,3070,40284,782,657,1094,2533,42817
29-03-2019,4,14196,13719,9677,3132,40724,809,691,1161,2661,43385
29-03-2019,5,14411,14135,10205,3357,42108,901,771,1346,3018,45126
29-03-2019,6,15615,15887,10499,3834,45835,1021,906,1525,3452,49287
29-03-2019,7,17018,17411,10623,4330,49382,1107,1019,1668,3794,53176
29-03-2019,8,17326,17424,10650,4476,49876,1116,1055,1707,3878,53754
29-03-2019,9,17004,17127,10477,4465,49073,1093,1039,1700,3832,52905
29-03-2019,10,16883,17136,10324,4487,48830,1083,1011,1674,3768,52598
29-03-2019,11,16566,16909,10054,4464,47993,1042,971,1644,3657,51650
29-03-2019,12,16400,16471,9934,4331,47136,1061,987,1620,3668,50804
29-03-2019,13,16142,16146,9949,4201,46438,1046,971,1584,3601,50039
29-03-2019,14,16015,15940,9983,4027,45965,1042,950,1551,3543,49508
29-03-2019,15,16029,15671,10097,3881,45678,1027,931,1511,3469,49147
29-03-2019,16,16068,15777,10115,3862,45822,1020,910,1495,3425,49247
29-03-2019,17,15996,16115,10260,4083,46454,1021,912,1504,3437,49891
29-03-2019,18,16118,16536,10687,4109,47450,1068,958,1589,3615,51065
29-03-2019,19,16457,16966,10739,4105,48267,1064,952,1567,3583,51850
29-03-2019,20,16150,16202,10245,3864,46461,1011,894,1465,3370,49831
29-03-2019,21,15775,15400,10295,3645,45115,934,814,1332,3080,48195
29-03-2019,22,15322,14754,10034,3369,43479,858,732,1213,2803,46282
29-03-2019,23,14905,14043,9531,3124,41603,804,673,1133,2610,44213
30-03-2019,0,14568,13649,9188,2951,40356,774,640,1090,2504,42860
30-03-2019,1,14420,13653,9060,2861,39994,759,625,1062,2446,42440
30-03-2019,2,14283,13750,9006,2822,39861,751,613,1047,2411,42272
30-03-2019,3,14252,13836,9040,2823,39951,752,618,1046,2416,42367
30-03-2019,4,14333,13879,9086,2863,40161,754,624,1062,2440,42601
30-03-2019,5,14425,13649,9208,2931,40213,778,645,1108,2531,42744
30-03-2019,6,14693,13869,9255,3059,40876,843,709,1208,2760,43636
30-03-2019,7,15184,14440,9470,3340,42434,907,792,1333,3032,45466
30-03-2019,8,15715,15198,9604,3581,44098,952,836,1403,3191,47289
30-03-2019,9,16027,15700,9660,3724,45111,954,843,1431,3228,48339
30-03-2019,10,16230,15349,9622,3774,44975,941,833,1418,3192,48167
30-03-2019,11,16068,15278,9562,3729,44637,914,818,1400,3132,47769
30-03-2019,12,15989,15265,9512,3664,44430,906,811,1370,3087,47517
30-03-2019,13,15835,15006,9460,3540,43841,891,800,1332,3023,46864
30-03-2019,14,15969,14650,9544,3467,43630,886,791,1321,2998,46628
30-03-2019,15,16040,14688,9703,3428,43859,895,789,1307,2991,46850
30-03-2019,16,15956,14695,9912,3480,44043,919,788,1311,3018,47061
30-03-2019,17,16001,15817,10142,3754,45714,937,800,1340,3077,48791
30-03-2019,18,16214,16348,10467,3864,46893,989,857,1434,3280,50173
30-03-2019,19,16650,16535,10293,3853,47331,988,869,1445,3302,50633
30-03-2019,20,16390,15718,9847,3645,45600,931,820,1370,3121,48721
30-03-2019,21,15885,15028,10026,3413,44352,867,746,1261,2874,47226
30-03-2019,22,15721,14481,9919,3205,43326,810,677,1153,2640,45966
30-03-2019,23,15486,13920,9512,3039,41957,761,629,1074,2464,44421
31-03-2019,0,15125,13589,9219,2894,40827,733,600,1028,2361,43188
31-03-2019,1,14830,13407,9060,2789,40086,745,586,1021,2352,42438
31-03-2019,2,,13750,,,,751,,,,
31-03-2019,3,14834,13445,9062,2733,40074,701,582,1017,2300,42374
31-03-2019,4,12125,13446,9159,2776,37506,710,598,1030,2338,39844
31-03-2019,5,15130,13515,9223,2915,40783,730,611,1068,2409,43192
31-03-2019,6,15231,13669,9110,3025,41035,749,622,1085,2456,43491
31-03-2019,7,15424,14242,9338,3165,42169,822,689,1164,2675,44844
31-03-2019,8,15863,14766,9541,3403,43573,896,760,1263,2919,46492
31-03-2019,9,16077,15161,9668,3650,44556,944,799,1344,3087,47643
31-03-2019,10,16253,15186,9762,3845,45046,958,810,1360,3128,48174
31-03-2019,11,16241,15242,9658,3846,44987,948,809,1372,3129,48116
31-03-2019,12,15982,15000,9580,3648,44210,935,808,1356,3099,47309
31-03-2019,13,15728,14704,9462,3619,43513,930,802,1329,3061,46574
31-03-2019,14,15988,14607,9442,3686,43723,928,790,1304,3022,46745
31-03-2019,15,15837,14583,9558,3588,43566,957,791,1279,3027,46593
31-03-2019,16,15828,14719,9679,3558,43784,960,787,1285,3032,46816
31-03-2019,17,15959,15071,9690,3826,44546,967,810,1309,3086,47632
31-03-2019,18,16002,15806,9907,3923,45638,979,814,1337,3130,48768
31-03-2019,19,16248,16788,10215,3809,47060,1041,873,1449,3363,50423
31-03-2019,20,16896,17575,10069,3797,48337,1035,878,1439,3352,51689
31-03-2019,21,16884,16688,10183,3615,47370,960,802,1316,3078,50448
31-03-2019,22,16552,16195,10103,3380,46230,884,720,1177,2781,49011
31-03-2019,23,16069,15385,9680,3166,44300,834,650,1092,2576,46876
01-04-2019,0,15867,14886,9404,3037,43194,794,609,1051,2454,45648
01-04-2019,1,15646,14919,9254,2981,42800,779,594,1043,2416,45216
01-04-2019,2,15532,15083,9216,2979,42810,772,593,1037,2402,45212
01-04-2019,3,15585,15322,9373,3035,43315,785,600,1052,2437,45752
01-04-2019,4,15473,15897,9735,3135,44240,825,643,1120,2588,46828
01-04-2019,5,16181,16844,10452,3368,46845,939,762,1355,3056,49901
01-04-2019,6,17723,18859,10815,3955,51352,1054,880,1502,3436,54788
01-04-2019,7,19341,19949,11020,4402,54712,1149,987,1630,3766,58478
01-04-2019,8,19455,19753,10963,4556,54727,1167,1028,1659,3854,58581
01-04-2019,9,18958,19341,10778,4551,53628,1144,1023,1649,3816,57444
01-04-2019,10,18279,18714,10616,4587,52196,1119,1008,1627,3754,55950
01-04-2019,11,17928,17916,10510,4548,50902,1092,974,1600,3666,54568
01-04-2019,12,17276,17427,10358,4425,49486,1106,993,1611,3710,53196
01-04-2019,13,17080,17442,10275,4398,49195,1088,982,1586,3656,52851
01-04-2019,14,16929,17120,10184,4302,48535,1079,959,1564,3602,52137
01-04-2019,15,16821,16985,10155,4156,48117,1055,943,1520,3518,51635
01-04-2019,16,16849,16865,10153,4143,48010,1039,908,1485,3432,51442
01-04-2019,17,16917,17186,10182,4369,48654,1042,901,1478,3421,52075
01-04-2019,18,17218,17535,10365,4265,49383,1046,895,1478,3419,52802
01-04-2019,19,17367,17821,10647,4146,49981,1099,948,1548,3595,53576
01-04-2019,20,17752,18149,10495,4122,50518,1094,936,1527,3557,54075
01-04-2019,21,17492,17257,10470,3989,49208,1015,848,1388,3251,52459
01-04-2019,22,17041,16239,10293,3617,47190,925,758,1242,2925,50115
01-04-2019,23,16350,15347,9839,3350,44886,867,685,1145,2697,47583
02-04-2019,0,15709,14466,9445,3137,42757,843,659,1105,2607,45364
02-04-2019,1,15331,14468,9340,3048,42187,827,642,1083,2552,44739
02-04-2019,2,15072,14188,9345,3003,41608,820,638,1084,2542,44150
02-04-2019,3,15052,14664,9428,3021,42165,831,652,1103,2586,44751
02-04-2019,4,15121,15145,9747,3114,43127,863,696,1174,2733,45860
02-04-2019,5,15566,15969,10444,3363,45342,970,794,1376,3140,48482
02-04-2019,6,16773,17890,10764,3986,49413,1070,913,1531,3514,52927
02-04-2019,7,18393,18928,10758,4461,52540,1157,1014,1645,3816,56356
02-04-2019,8,18808,19240,10785,4601,53434,1166,1055,1679,3900,57334
02-04-2019,9,18264,18948,10599,4556,52367,1137,1042,1648,3827,56194
02-04-2019,10,17895,18128,10268,4490,50781,1115,1015,1617,3747,54528
02-04-2019,11,17579,17327,9943,4424,49273,1084,979,1595,3658,52931
02-04-2019,12,17332,16885,9786,4292,48295,1098,996,1603,3697,51992
02-04-2019,13,17007,16615,9673,4314,47609,1078,981,1584,3643,51252
02-04-2019,14,16891,16299,9600,4258,47048,1071,965,1575,3611,50659
02-04-2019,15,16731,16447,9578,4114,46870,1047,942,1539,3528,50398
02-04-2019,16,16788,16308,9635,4102,46833,1037,911,1492,3440,50273
02-04-2019,17,16601,16732,9743,4291,47367,1035,905,1481,3421,50788
02-04-2019,18,16424,17406,9916,4282,48028,1032,895,1475,3402,51430
02-04-2019,19,16614,17713,10225,4139,48691,1094,945,1549,3588,52279
02-04-2019,20,16880,17989,10047,4160,49076,1091,929,1534,3554,52630
02-04-2019,21,16793,17187,10016,3924,47920,1013,844,1367,3224,51144
02-04-2019,22,16331,16063,9881,3627,45902,914,747,1215,2876,48778
02-04-2019,23,15722,15159,9410,3289,43580,851,682,1135,2668,46248
03-04-2019,0,15077,14691,9154,3123,42045,825,647,1098,2570,44615
03-04-2019,1,14791,14345,9045,3022,41203,811,630,1076,2517,43720
03-04-2019,2,14660,14462,9004,2977,41103,810,629,1077,2516,43619
03-04-2019,3,14697,14682,9098,2973,41450,812,636,1098,2546,43996
03-04-2019,4,14904,15096,9457,3024,42481,848,680,1163,2691,45172
03-04-2019,5,15488,15878,10149,3246,44761,949,781,1363,3093,47854
03-04-2019,6,16796,17484,10426,3845,48551,1067,895,1516,3478,52029
03-04-2019,7,17984,18686,10624,4377,51671,1149,997,1627,3773,55444
03-04-2019,8,18267,19050,10534,4602,52453,1156,1036,1662,3854,56307
03-04-2019,9,18039,18943,10318,4615,51915,1124,1025,1636,3785,55700
03-04-2019,10,17890,18445,10159,4531,51025,1095,1006,1615,3716,54741
03-04-2019,11,17604,17847,10015,4468,49934,1060,975,1590,3625,53559
03-04-2019,12,17225,17155,9843,4385,48608,1080,986,1611,3677,52285
03-04-2019,13,17059,16983,9653,4367,48062,1050,979,1584,3613,51675
03-04-2019,14,17205,17059,9570,4284,48118,1048,956,1556,3560,51678
03-04-2019,15,17180,16993,9509,4166,47848,1023,932,1513,3468,51316
03-04-2019,16,17151,16948,9574,4193,47866,1009,891,1480,3380,51246
03-04-2019,17,17038,17163,9709,4420,48330,1003,885,1475,3363,51693
03-04-2019,18,17003,17143,9883,4300,48329,1012,876,1470,3358,51687
03-04-2019,19,17026,17369,10132,4094,48621,1064,926,1541,3531,52152
03-04-2019,20,17310,17396,9918,4006,48630,1062,910,1520,3492,52122
03-04-2019,21,17011,16501,9873,3726,47111,968,826,1358,3152,50263
03-04-2019,22,16305,15440,9656,3378,44779,865,735,1212,2812,47591
03-04-2019,23,15654,14719,9260,3069,42702,810,667,1137,2614,45316
04-04-2019,0,15070,14059,9015,2884,41028,791,636,1093,2520,43548
04-04-2019,1,14726,13883,8902,2805,40316,775,625,1072,2472,42788
04-04-2019,2,14552,13862,8829,2717,39960,769,617,1071,2457,42417
04-04-2019,3,14642,13813,8937,2674,40066,777,625,1084,2486,42552
04-04-2019,4,14806,14339,9244,2729,41118,816,669,1154,2639,43757
04-04-2019,5,15329,15155,9875,2975,43334,922,766,1361,3049,46383
04-04-2019,6,16595,16701,10206,3538,47040,1035,884,1508,3427,50467
04-04-2019,7,17948,17933,10348,4026,50255,1118,978,1612,3708,53963
04-04-2019,8,18172,18390,10381,4197,51140,1123,1017,1666,3806,54946
04-04-2019,9,17621,17952,10339,4259,50171,1094,1013,1643,3750,53921
04-04-2019,10,17172,17686,10259,4320,49437,1061,994,1618,3673,53110
04-04-2019,11,16651,17231,10168,4192,48242,1032,957,1594,3583,51825
04-04-2019,12,16467,17050,10016,4085,47618,1052,975,1602,3629,51247
04-04-2019,13,16205,16630,9884,4090,46809,1037,959,1579,3575,50384
04-04-2019,14,16076,16434,9815,4012,46337,1024,938,1552,3514,49851
04-04-2019,15,15779,16457,9756,3874,45866,1006,919,1512,3437,49303
04-04-2019,16,15970,16329,9768,3852,45919,1003,887,1486,3376,49295
04-04-2019,17,15824,16326,9788,4113,46051,985,877,1480,3342,49393
04-04-2019,18,15798,16429,9870,4099,46196,991,867,1469,3327,49523
04-04-2019,19,15935,16730,10064,3977,46706,1046,917,1533,3496,50202
04-04-2019,20,16101,16553,9976,3942,46572,1043,908,1518,3469,50041
04-04-2019,21,16025,16001,9965,3700,45691,963,824,1359,3146,48837
04-04-2019,22,15598,15259,9845,3371,44073,874,737,1219,2830,46903
04-04-2019,23,14914,14310,9460,3047,41731,820,676,1135,2631,44362
05-04-2019,0,14306,13793,9182,2858,40139,794,640,1079,2513,42652
05-04-2019,1,14059,13567,9058,2799,39483,769,625,1052,2446,41929
05-04-2019,2,13784,13776,9027,2786,39373,768,620,1052,2440,41813
05-04-2019,3,13746,13810,9122,2830,39508,782,634,1067,2483,41991
05-04-2019,4,13961,13912,9561,2848,40282,826,678,1140,2644,42926
05-04-2019,5,14443,14859,10256,3098,42656,928,776,1357,3061,45717
05-04-2019,6,15643,16693,10516,3646,46498,1044,893,1516,3453,49951
05-04-2019,7,17054,18147,10697,4113,50011,1126,989,1616,3731,53742
05-04-2019,8,17287,18438,10616,4285,50626,1130,1016,1643,3789,54415
05-04-2019,9,17086,18056,10552,4268,49962,1103,1003,1614,3720,53682
05-04-2019,10,16674,17651,10457,4238,49020,1067,984,1593,3644,52664
05-04-2019,11,16156,17167,10401,4120,47844,1027,957,1570,3554,51398
05-04-2019,12,15907,16713,10243,3928,46791,1047,971,1578,3596,50387
05-04-2019,13,15708,16322,10073,3774,45877,1026,959,1550,3535,49412
05-04-2019,14,15506,16049,9972,3618,45145,1028,942,1503,3473,48618
05-04-2019,15,15409,15906,9944,3482,44741,999,922,1475,3396,48137
05-04-2019,16,15385,16040,9981,3510,44916,988,891,1461,3340,48256
05-04-2019,17,15376,16291,9979,3801,45447,967,881,1444,3292,48739
05-04-2019,18,15472,16236,10008,3791,45507,976,861,1439,3276,48783
05-04-2019,19,15604,16280,10102,3630,45616,1015,901,1498,3414,49030
05-04-2019,20,15724,16209,10059,3588,45580,1022,898,1484,3404,48984
05-04-2019,21,15556,15463,10019,3386,44424,935,822,1350,3107,47531
05-04-2019,22,15091,14972,9884,3108,43055,850,742,1221,2813,45868
05-04-2019,23,14728,14369,9405,2890,41392,805,681,1129,2615,44007
06-04-2019,0,14365,13674,9111,2727,39877,763,646,1073,2482,42359
06-04-2019,1,13996,13593,8954,2606,39149,745,631,1047,2423,41572
06-04-2019,2,13973,13471,8889,2568,38901,745,622,1039,2406,41307
06-04-2019,3,13924,13363,8986,2575,38848,745,629,1041,2415,41263
06-04-2019,4,14026,13345,9090,2596,39057,767,647,1068,2482,41539
06-04-2019,5,14280,13769,9139,2682,39870,778,668,1121,2567,42437
06-04-2019,6,14633,14089,9223,2844,40789,817,717,1217,2751,43540
06-04-2019,7,14918,14613,9356,3128,42015,882,805,1334,3021,45036
06-04-2019,8,15471,15512,9428,3393,43804,916,853,1404,3173,46977
06-04-2019,9,15894,15862,9385,3560,44701,909,859,1410,3178,47879
06-04-2019,10,16042,15636,9311,3567,44556,893,845,1393,3131,47687
06-04-2019,11,15750,15152,9208,3486,43596,873,824,1361,3058,46654
06-04-2019,12,15570,14693,9032,3390,42685,858,815,1358,3031,45716
06-04-2019,13,15265,14534,8946,3272,42017,841,800,1324,2965,44982
06-04-2019,14,15020,14305,8965,3217,41507,844,783,1304,2931,44438
06-04-2019,15,14923,14312,8990,3157,41382,838,774,1294,2906,44288
06-04-2019,16,14827,14450,9179,3195,41651,867,772,1282,2921,44572
06-04-2019,17,14825,14665,9418,3486,42394,869,775,1288,2932,45326
06-04-2019,18,14906,15171,9505,3572,43154,881,777,1288,2946,46100
06-04-2019,19,15023,15322,9511,3429,43285,927,826,1362,3115,46400
06-04-2019,20,15214,15599,9493,3419,43725,939,841,1373,3153,46878
06-04-2019,21,15199,14822,9617,3273,42911,877,770,1261,2908,45819
06-04-2019,22,14814,14172,9509,3057,41552,819,701,1151,2671,44223
06-04-2019,23,14521,13673,9124,2863,40181,766,647,1062,2475,42656
07-04-2019,0,14120,13266,8862,2724,38972,732,619,1028,2379,41351
07-04-2019,1,13946,13116,8672,2642,38376,717,606,1007,2330,40706
07-04-2019,2,13758,12914,8624,2617,37913,715,595,998,2308,40221
07-04-2019,3,13674,12803,8689,2641,37807,712,594,990,2296,40103
07-04-2019,4,13861,12983,8783,2668,38295,728,611,1006,2345,40640
07-04-2019,5,14029,13078,8755,2724,38586,731,618,1044,2393,40979
07-04-2019,6,14178,13259,8722,2824,38983,767,658,1106,2531,41514
07-04-2019,7,14481,13769,8827,3056,40133,830,735,1220,2785,42918
07-04-2019,8,14808,14338,8936,3277,41359,883,798,1311,2992,44351
07-04-2019,9,15137,14887,9007,3410,42441,895,821,1348,3064,45505
07-04-2019,10,15344,15097,9001,3452,42894,871,814,1342,3027,45921
07-04-2019,11,15301,15132,8890,3380,42703,847,801,1325,2973,45676
07-04-2019,12,15117,14996,8821,3302,42236,833,790,1318,2941,45177
07-04-2019,13,15004,14858,8764,3257,41883,822,780,1302,2904,44787
07-04-2019,14,14878,14545,8790,3195,41408,834,773,1288,2895,44303
07-04-2019,15,14816,14298,8838,3168,41120,843,767,1285,2895,44015
07-04-2019,16,14857,14492,8978,3256,41583,862,774,1289,2925,44508
07-04-2019,17,14897,14957,9187,3599,42640,891,781,1304,2976,45616
07-04-2019,18,15057,15528,9332,3649,43566,910,794,1332,3036,46602
07-04-2019,19,15264,15714,9428,3572,43978,952,847,1412,3211,47189
07-04-2019,20,15740,16093,9326,3533,44692,959,856,1405,3220,47912
07-04-2019,21,15963,15768,9498,3355,44584,882,777,1264,2923,47507
07-04-2019,22,15643,14914,9497,3092,43146,813,698,1138,2649,45795
07-04-2019,23,15114,14253,9143,2848,41358,767,628,1055,2450,43808
08-04-2019,0,14755,14048,8817,2722,40342,735,602,1015,2352,42694
08-04-2019,1,14529,13950,8602,2659,39740,733,594,996,2323,42063
08-04-2019,2,14551,13966,8564,2615,39696,726,592,993,2311,42007
08-04-2019,3,14594,14107,8729,2621,40051,755,603,1011,2369,42420
08-04-2019,4,14788,14286,9039,2674,40787,786,645,1081,2512,43299
08-04-2019,5,15322,15265,9660,2894,43141,887,748,1294,2929,46070
08-04-2019,6,16602,16994,10170,3438,47204,1021,875,1490,3386,50590
08-04-2019,7,17978,18597,10551,4020,51146,1139,990,1617,3746,54892
08-04-2019,8,18055,18993,10657,4233,51938,1171,1039,1661,3871,55809
08-04-2019,9,17662,18892,10631,4097,51282,1165,1030,1653,3848,55130
08-04-2019,10,17222,18836,10619,4140,50817,1159,1010,1640,3809,54626
08-04-2019,11,16942,18659,10596,4066,50263,1153,981,1616,3750,54013
08-04-2019,12,16641,18334,10521,4051,49547,1174,1007,1626,3807,53354
08-04-2019,13,16419,17955,10478,4019,48871,1158,997,1602,3757,52628
08-04-2019,14,16275,17759,10394,3905,48333,1151,975,1575,3701,52034
08-04-2019,15,16118,17633,10405,3780,47936,1133,961,1535,3629,51565
08-04-2019,16,16085,17606,10460,3894,48045,1107,929,1498,3534,51579
08-04-2019,17,15904,17861,10343,4180,48288,1088,926,1482,3496,51784
08-04-2019,18,15897,17714,10406,4141,48158,1085,913,1483,3481,51639
08-04-2019,19,16015,17785,10432,4048,48280,1101,933,1543,3577,51857
08-04-2019,20,16429,18167,10154,3993,48743,1074,915,1505,3494,52237
08-04-2019,21,16615,17624,10073,3818,48130,987,829,1341,3157,51287
08-04-2019,22,16239,16438,9862,3413,45952,866,736,1207,2809,48761
08-04-2019,23,15664,15575,9451,3149,43839,833,673,1132,2638,46477
09-04-2019,0,15173,15439,9121,2952,42685,809,643,1104,2556,45241
09-04-2019,1,14848,15152,8902,2869,41771,785,625,1090,2500,44271
09-04-2019,2,14784,15266,8849,2812,41711,760,622,1087,2469,44180
09-04-2019,3,14784,15052,8882,2809,41527,779,633,1090,2502,44029
09-04-2019,4,14992,15142,9195,2849,42178,810,675,1145,2630,44808
09-04-2019,5,15619,15811,9819,3134,44383,906,780,1339,3025,47408
09-04-2019,6,16857,18363,10217,3661,49098,1024,906,1525,3455,52553
09-04-2019,7,18356,19732,10491,4204,52783,1135,1025,1663,3823,56606
09-04-2019,8,18563,19614,10604,4345,53126,1162,1073,1722,3957,57083
09-04-2019,9,17944,19450,10564,4431,52389,1161,1069,1722,3952,56341
09-04-2019,10,17586,19326,10494,4563,51969,1162,1055,1714,3931,55900
09-04-2019,11,17739,19229,10445,4509,51922,1141,1024,1687,3852,55774
09-04-2019,12,16760,18819,10329,4407,50315,1155,1041,1691,3887,54202
09-04-2019,13,16641,18601,10247,4425,49914,1135,1028,1662,3825,53739
09-04-2019,14,16682,18021,10144,4308,49155,1112,1021,1636,3769,52924
09-04-2019,15,16664,17598,10200,4184,48646,1092,1004,1588,3684,52330
09-04-2019,16,16435,17973,10229,4143,48780,1077,963,1545,3585,52365
09-04-2019,17,16367,18299,10278,4289,49233,1062,955,1537,3554,52787
09-04-2019,18,16325,18408,10366,4182,49281,1058,941,1520,3519,52800
09-04-2019,19,16545,18593,10412,3958,49508,1075,962,1553,3590,53098
09-04-2019,20,16809,18576,10217,3896,49498,1060,948,1524,3532,53030
09-04-2019,21,17063,17881,10116,3584,48644,963,852,1362,3177,51821
09-04-2019,22,16481,16913,9878,3521,46793,865,759,1219,2843,49636
09-04-2019,23,16032,17229,9461,3411,46133,805,698,1135,2638,48771
10-04-2019,0,15488,15501,9170,3042,43201,780,665,1096,2541,45742
10-04-2019,1,15185,15183,8966,2970,42304,762,655,1076,2493,44797
10-04-2019,2,15021,15138,8946,2903,42008,765,650,1069,2484,44492
10-04-2019,3,15001,15214,9075,2924,42214,778,655,1083,2516,44730
10-04-2019,4,15209,15443,9409,3253,43314,824,700,1160,2684,45998
10-04-2019,5,15743,16200,10042,3473,45458,943,794,1374,3111,48569
10-04-2019,6,17230,18151,10585,3838,49804,1073,915,1548,3536,53340
10-04-2019,7,18556,19928,10880,4336,53700,1189,1037,1662,3888,57588
10-04-2019,8,18812,20581,10982,4549,54924,1224,1088,1712,4024,58948
10-04-2019,9,18280,20030,10891,4535,53736,1218,1092,1712,4022,57758
10-04-2019,10,17874,19634,10749,4578,52835,1207,1072,1714,3993,56828
10-04-2019,11,17631,19842,10606,4571,52650,1189,1033,1683,3905,56555
10-04-2019,12,17261,19804,10476,4545,52086,1211,1041,1694,3946,56032
10-04-2019,13,16947,19536,10406,4558,51447,1196,1030,1678,3904,55351
10-04-2019,14,16755,19303,10261,4479,50798,1175,1009,1656,3840,54638
10-04-2019,15,16701,19214,10251,4358,50524,1159,980,1622,3761,54285
10-04-2019,16,16727,18989,10394,4361,50471,1137,943,1583,3663,54134
10-04-2019,17,16681,19311,10508,4612,51112,1120,935,1563,3618,54730
10-04-2019,18,16505,19161,10686,4503,50855,1118,932,1541,3591,54446
10-04-2019,19,16626,19169,10615,4323,50733,1125,951,1570,3646,54379
10-04-2019,20,17011,19449,10368,4254,51082,1102,937,1533,3572,54654
10-04-2019,21,17149,18697,10296,4056,50198,1009,849,1387,3245,53443
10-04-2019,22,16611,17787,10076,3751,48225,901,751,1242,2894,51119
10-04-2019,23,16067,17023,9682,3433,46205,856,693,1163,2712,48917
11-04-2019,0,15437,16649,9351,3252,44689,825,660,1115,2600,47289
11-04-2019,1,15183,16451,9237,3180,44051,812,646,1099,2557,46608
11-04-2019,2,15275,16419,9175,3133,44002,802,639,1095,2536,46538
11-04-2019,3,15350,16426,9225,3152,44153,811,650,1106,2567,46720
11-04-2019,4,15481,16505,9596,3207,44789,850,694,1176,2720,47509
11-04-2019,5,16031,17285,10277,3455,47048,958,792,1363,3113,50161
11-04-2019,6,17438,18988,10737,3988,51151,1083,919,1551,3553,54704
11-04-2019,7,18788,20225,10874,4534,54421,1177,1047,1692,3916,58337
11-04-2019,8,18966,20453,10743,4722,54884,1210,1095,1731,4036,58920
11-04-2019,9,18399,19897,10605,4742,53643,1192,1100,1722,4014,57657
11-04-2019,10,17970,19447,10489,4783,52689,1177,1087,1723,3987,56676
11-04-2019,11,17464,18905,10404,4750,51523,1150,1041,1697,3888,55411
11-04-2019,12,17337,18744,10285,4659,51025,1168,1050,1713,3931,54956
11-04-2019,13,17152,18545,10117,4653,50467,1157,1043,1680,3880,54347
11-04-2019,14,16924,18168,9966,4506,49564,1160,1026,1662,3848,53412
11-04-2019,15,16821,18078,9828,4370,49097,1111,997,1607,3715,52812
11-04-2019,16,16835,17926,9875,4348,48984,1096,953,1576,3625,52609
11-04-2019,17,16748,18107,9896,4536,49287,1073,935,1558,3566,52853
11-04-2019,18,16711,18181,10112,4413,49417,1072,921,1544,3537,52954
11-04-2019,19,16691,18526,10218,4245,49680,1095,946,1580,3621,53301
11-04-2019,20,17004,18974,10238,4190,50406,1101,952,1582,3635,54041
11-04-2019,21,17153,18736,10291,4058,50238,1017,868,1430,3315,53553
11-04-2019,22,16822,17892,10123,3730,48567,921,775,1282,2978,51545
11-04-2019,23,16202,17022,9670,3435,46329,872,705,1198,2775,49104
12-04-2019,0,15664,16543,9468,3251,44926,838,672,1147,2657,47583
12-04-2019,1,15519,16495,9398,3182,44594,825,661,1130,2616,47210
12-04-2019,2,15435,16627,9357,3151,44570,823,654,1130,2607,47177
12-04-2019,3,15522,16782,9565,3144,45013,836,659,1140,2635,47648
12-04-2019,4,15748,16947,9947,3228,45870,872,689,1205,2766,48636
12-04-2019,5,16406,17748,10500,3454,48108,958,774,1402,3134,51242
12-04-2019,6,17871,19532,10865,3957,52225,1083,907,1565,3555,55780
12-04-2019,7,19048,20594,11035,4485,55162,1171,1015,1682,3868,59030
12-04-2019,8,19039,20154,10953,4661,54807,1187,1060,1713,3960,58767
12-04-2019,9,18441,19604,10661,4675,53381,1169,1055,1704,3928,57309
12-04-2019,10,17867,19287,10548,4713,52415,1145,1041,1694,3880,56295
12-04-2019,11,17245,18749,10486,4646,51126,1118,1007,1674,3799,54925
12-04-2019,12,16958,18463,10341,4472,50234,1122,1019,1668,3809,54043
12-04-2019,13,16471,17809,10160,4373,48813,1095,1010,1636,3741,52554
12-04-2019,14,16067,17162,10097,4209,47535,1077,985,1591,3653,51188
12-04-2019,15,15849,16730,10077,4111,46767,1048,961,1553,3562,50329
12-04-2019,16,15727,16521,10099,4115,46462,1035,938,1526,3499,49961
12-04-2019,17,15807,16804,10167,4336,47114,1021,931,1507,3459,50573
12-04-2019,18,15791,16860,10273,4267,47191,1019,913,1496,3428,50619
12-04-2019,19,15930,17071,10216,4042,47259,1032,925,1533,3490,50749
12-04-2019,20,16137,17391,10201,3928,47657,1051,923,1540,3514,51171
12-04-2019,21,16298,17174,10290,3805,47567,978,845,1417,3240,50807
12-04-2019,22,16093,16691,10109,3548,46441,896,769,1289,2954,49395
12-04-2019,23,15582,16054,9675,3326,44637,838,710,1209,2757,47394
13-04-2019,0,15213,15739,9309,3139,43400,812,664,1173,2649,46049
13-04-2019,1,14928,15461,9135,3048,42572,789,647,1152,2588,45160
13-04-2019,2,14899,15439,9061,2983,42382,776,639,1144,2559,44941
13-04-2019,3,14759,15523,9153,2965,42400,779,643,1148,2570,44970
13-04-2019,4,15027,15637,9213,3008,42885,792,656,1168,2616,45501
13-04-2019,5,15242,15792,9314,3090,43438,797,672,1206,2675,46113
13-04-2019,6,15444,16013,9367,3191,44015,845,747,1306,2898,46913
13-04-2019,7,15849,16324,9603,3423,45199,916,834,1411,3161,48360
13-04-2019,8,16244,16688,9745,3669,46346,968,874,1460,3302,49648
13-04-2019,9,16333,16580,9738,3786,46437,975,884,1474,3333,49770
13-04-2019,10,16140,16392,9604,3857,45993,963,878,1470,3311,49304
13-04-2019,11,15873,16203,9550,3875,45501,949,858,1445,3252,48753
13-04-2019,12,15586,15941,9499,3805,44831,945,848,1428,3221,48052
13-04-2019,13,15235,15558,9389,3752,43934,929,838,1392,3159,47093
13-04-2019,14,14984,15106,9466,3700,43256,918,826,1365,3109,46365
13-04-2019,15,14736,14895,9545,3695,42871,910,813,1359,3082,45953
13-04-2019,16,14676,14815,9771,3693,42955,912,806,1349,3067,46022
13-04-2019,17,14746,15234,9965,3904,43849,915,807,1349,3071,46920
13-04-2019,18,14841,15432,9952,3948,44173,920,798,1359,3077,47250
13-04-2019,19,14956,15735,9934,3723,44348,937,825,1393,3155,47503
13-04-2019,20,15128,16344,9829,3658,44959,956,859,1436,3251,48210
13-04-2019,21,15322,16065,9883,3614,44884,898,802,1336,3036,47920
13-04-2019,22,14889,15517,9746,3425,43577,841,731,1225,2797,46374
13-04-2019,23,14687,15130,9307,3187,42311,789,668,1146,2603,44914
14-04-2019,0,14610,14951,9017,3063,41641,756,638,1105,2499,44140
14-04-2019,1,14432,14940,8839,2951,41162,744,625,1077,2446,43608
14-04-2019,2,14493,14940,8723,2910,41066,737,621,1067,2425,43491
14-04-2019,3,14443,15079,8737,2899,41158,738,620,1072,2430,43588
14-04-2019,4,14565,15194,8792,2942,41493,742,634,1096,2472,43965
14-04-2019,5,14772,15231,8783,2995,41781,740,636,1116,2492,44273
14-04-2019,6,14907,15075,8803,3083,41868,782,687,1181,2650,44518
14-04-2019,7,15100,15412,8987,3350,42849,846,756,1281,2883,45732
14-04-2019,8,15250,15970,9093,3573,43886,894,819,1343,3056,46942
14-04-2019,9,15266,15910,9162,3761,44099,908,844,1364,3116,47215
14-04-2019,10,15189,15557,9174,3780,43700,904,839,1365,3108,46808
14-04-2019,11,15043,15519,9099,3728,43389,890,826,1354,3070,46459
14-04-2019,12,14901,15506,8985,3670,43062,876,816,1342,3034,46096
14-04-2019,13,14598,15243,8859,3613,42313,860,806,1328,2994,45307
14-04-2019,14,14466,15007,8831,3559,41863,856,807,1312,2975,44838
14-04-2019,15,14386,14689,8864,3515,41454,867,799,1315,2981,44435
14-04-2019,16,14391,14865,8943,3540,41739,878,798,1317,2993,44732
14-04-2019,17,14328,15314,9100,3802,42544,909,807,1328,3044,45588
14-04-2019,18,14500,15605,9255,3871,43231,920,813,1352,3085,46316
14-04-2019,19,14672,16054,9246,3728,43700,954,844,1400,3198,46898
14-04-2019,20,15027,16562,9335,3673,44597,994,879,1440,3313,47910
14-04-2019,21,15268,16313,9680,3615,44876,932,810,1324,3066,47942
14-04-2019,22,15064,15905,9717,3429,44115,853,723,1202,2778,46893
14-04-2019,23,14800,15448,9393,3222,42863,805,664,1124,2593,45456
15-04-2019,0,14596,15098,9083,3062,41839,787,628,1089,2504,44343
15-04-2019,1,14356,15084,9004,3005,41449,779,617,1072,2468,43917
15-04-2019,2,14350,15235,8951,2986,41522,777,614,1072,2463,43985
15-04-2019,3,14464,15343,9096,3009,41912,786,632,1086,2504,44416
15-04-2019,4,14813,15791,9394,3088,43086,815,673,1157,2645,45731
15-04-2019,5,15433,16582,10042,3270,45327,915,773,1349,3037,48364
15-04-2019,6,16311,18375,10458,3675,48819,1037,901,1533,3471,52290
15-04-2019,7,17213,19489,10507,4239,51448,1115,996,1652,3763,55211
15-04-2019,8,17374,19462,10375,4522,51733,1130,1037,1691,3858,55591
15-04-2019,9,17051,19059,10168,4495,50773,1108,1031,1669,3808,54581
15-04-2019,10,16664,18298,10040,4567,49569,1086,1011,1655,3752,53321
15-04-2019,11,16163,17786,9987,4563,48499,1071,980,1638,3689,52188
15-04-2019,12,15783,17463,9831,4476,47553,1077,996,1641,3714,51267
15-04-2019,13,15487,17144,9634,4430,46695,1054,985,1631,3670,50365
15-04-2019,14,15305,16722,9478,4297,45802,1046,973,1606,3625,49427
15-04-2019,15,15135,16473,9394,4107,45109,1018,945,1565,3528,48637
15-04-2019,16,14964,16242,9381,4051,44638,999,905,1533,3437,48075
15-04-2019,17,14843,16299,9395,4221,44758,1009,896,1521,3426,48184
15-04-2019,18,14899,16533,9429,4120,44981,1006,888,1515,3409,48390
15-04-2019,19,14970,16836,9484,3964,45254,1010,907,1537,3454,48708
15-04-2019,20,15086,17045,9595,3836,45562,1051,921,1543,3515,49077
15-04-2019,21,15238,16710,9770,3766,45484,966,830,1393,3189,48673
15-04-2019,22,14910,15936,9677,3601,44124,880,736,1247,2863,46987
15-04-2019,23,14514,15328,9276,3323,42441,826,669,1164,2659,45100
16-04-2019,0,14230,14937,9021,3171,41359,801,644,1112,2557,43916
16-04-2019,1,13887,14780,8888,3105,40660,786,633,1089,2508,43168
16-04-2019,2,13935,14854,8843,3068,40700,787,626,1087,2500,43200
16-04-2019,3,14102,14951,9004,3087,41144,796,629,1100,2525,43669
16-04-2019,4,14236,15218,9260,3159,41873,826,665,1166,2657,44530
16-04-2019,5,14631,16004,9797,3344,43776,924,755,1353,3032,46808
16-04-2019,6,15633,17389,10155,3664,46841,1049,883,1547,3479,50320
16-04-2019,7,16423,18526,10173,4158,49280,1118,992,1676,3786,53066
16-04-2019,8,16626,18716,10066,4415,49823,1127,1032,1725,3884,53707
16-04-2019,9,16399,18208,9893,4439,48939,1099,1027,1694,3820,52759
16-04-2019,10,16000,17832,9827,4559,48218,1076,1005,1685,3766,51984
16-04-2019,11,15704,17387,9706,4529,47326,1049,972,1661,3682,51008
16-04-2019,12,15528,17007,9538,4404,46477,1067,991,1665,3723,50200
16-04-2019,13,15366,16674,9444,4375,45859,1047,974,1624,3645,49504
16-04-2019,14,15226,16551,9348,4314,45439,1030,955,1596,3581,49020
16-04-2019,15,15169,16316,9258,4195,44938,1009,932,1556,3497,48435
16-04-2019,16,14954,16118,9257,4096,44425,993,900,1513,3406,47831
16-04-2019,17,14869,16226,9230,4214,44539,984,892,1504,3380,47919
16-04-2019,18,15018,16418,9324,4193,44953,977,880,1490,3347,48300
16-04-2019,19,15214,16484,9355,4040,45093,986,892,1504,3382,48475
16-04-2019,20,15167,16847,9459,3917,45390,1017,924,1538,3479,48869
16-04-2019,21,15146,16561,9538,3862,45107,949,850,1401,3200,48307
16-04-2019,22,14712,15711,9405,3521,43349,856,758,1248,2862,46211
16-04-2019,23,14310,14847,9042,3319,41518,796,682,1162,2640,44158
17-04-2019,0,14067,14677,8787,3100,40631,767,650,1116,2533,43164
17-04-2019,1,13821,14459,8658,3016,39954,757,639,1097,2493,42447
17-04-2019,2,13758,14603,8686,2966,40013,759,633,1092,2484,42497
17-04-2019,3,13840,14810,8791,2991,40432,779,642,1107,2528,42960
17-04-2019,4,14189,15120,9054,3075,41438,813,673,1166,2652,44090
17-04-2019,5,14857,15830,9568,3278,43533,908,760,1364,3032,46565
17-04-2019,6,15388,17247,9988,3644,46267,1034,889,1551,3474,49741
17-04-2019,7,15844,18362,10055,4103,48364,1117,985,1657,3759,52123
17-04-2019,8,16044,18391,9938,4412,48785,1129,1019,1678,3826,52611
17-04-2019,9,15904,18081,9661,4454,48100,1099,1008,1654,3761,51861
17-04-2019,10,15690,17520,9572,4478,47260,1069,984,1638,3691,50951
17-04-2019,11,15333,17180,9446,4436,46395,1048,947,1605,3600,49995
17-04-2019,12,14813,16573,9344,4345,45075,1062,963,1617,3642,48717
17-04-2019,13,14566,16281,9215,4294,44356,1065,955,1597,3617,47973
17-04-2019,14,14222,15967,9185,4175,43549,1050,939,1578,3567,47116
17-04-2019,15,14095,15774,9104,4028,43001,1009,924,1542,3475,46476
17-04-2019,16,13964,15551,9153,3928,42596,991,890,1504,3385,45981
17-04-2019,17,13884,15603,9161,4068,42716,989,883,1492,3364,46080
17-04-2019,18,13929,15748,9311,4018,43006,972,870,1471,3313,46319
17-04-2019,19,13878,15814,9328,3865,42885,981,885,1488,3354,46239
17-04-2019,20,13981,16006,9366,3782,43135,1019,921,1535,3475,46610
17-04-2019,21,14122,15630,9440,3726,42918,953,839,1393,3185,46103
17-04-2019,22,13878,14821,9291,3473,41463,857,740,1239,2836,44299
17-04-2019,23,13382,14168,8940,3221,39711,798,673,1150,2621,42332
18-04-2019,0,13081,13586,8652,3008,38327,774,636,1089,2499,40826
18-04-2019,1,12983,13473,8506,2886,37848,761,623,1069,2453,40301
18-04-2019,2,12868,13535,8531,2809,37743,758,616,1070,2444,40187
18-04-2019,3,12982,13658,8729,2810,38179,770,626,1077,2473,40652
18-04-2019,4,13063,14163,8936,2831,38993,797,662,1145,2604,41597
18-04-2019,5,13312,14819,9471,2898,40500,894,752,1331,2977,43477
18-04-2019,6,13569,16307,9913,2973,42762,1022,883,1527,3432,46194
18-04-2019,7,13897,17426,9984,3241,44548,1094,978,1637,3709,48257
18-04-2019,8,13884,17336,9909,3533,44662,1104,1003,1660,3767,48429
18-04-2019,9,14037,16960,9779,3650,44426,1068,1001,1640,3709,48135
18-04-2019,10,13885,16299,9563,3651,43398,1046,974,1616,3636,47034
18-04-2019,11,13634,15631,9523,3674,42462,1013,936,1588,3537,45999
18-04-2019,12,13352,15262,9353,3552,41519,1040,951,1605,3596,45115
18-04-2019,13,13094,15104,9181,3463,40842,1013,931,1582,3526,44368
18-04-2019,14,12946,14587,9047,3403,39983,1000,911,1562,3473,43456
18-04-2019,15,12811,14323,9012,3349,39495,974,888,1532,3394,42889
18-04-2019,16,12793,14212,8914,3375,39294,962,872,1494,3328,42622
18-04-2019,17,12804,14287,8900,3526,39517,951,863,1480,3294,42811
18-04-2019,18,12872,14564,9006,3543,39985,939,836,1453,3228,43213
18-04-2019,19,12952,14562,8935,3444,39893,940,841,1474,3255,43148
18-04-2019,20,13017,14676,8982,3437,40112,977,871,1512,3360,43472
18-04-2019,21,13237,14393,9137,3422,40189,911,805,1373,3089,43278
18-04-2019,22,13070,13670,8940,3210,38890,824,720,1228,2772,41662
18-04-2019,23,12462,13152,8492,2995,37101,764,656,1127,2547,39648
19-04-2019,0,12228,12636,8142,2850,35856,721,619,1071,2411,38267
19-04-2019,1,12119,12572,7982,2731,35404,703,601,1048,2352,37756
19-04-2019,2,12149,12640,7938,2668,35395,698,598,1047,2343,37738
19-04-2019,3,12260,12747,8029,2664,35700,700,601,1065,2366,38066
19-04-2019,4,12369,12940,8120,2715,36144,704,611,1126,2441,38585
19-04-2019,5,12609,13102,8156,2786,36653,714,629,1301,2644,39297
19-04-2019,6,12914,13650,8283,2864,37711,763,692,1474,2929,40640
19-04-2019,7,13163,13883,8459,3151,38656,834,772,1593,3199,41855
19-04-2019,8,13340,14066,8587,3425,39418,875,823,1630,3328,42746
19-04-2019,9,13496,14109,8636,3569,39810,876,836,1610,3322,43132
19-04-2019,10,13394,14003,8647,3610,39654,862,822,1600,3284,42938
19-04-2019,11,13237,13663,8634,3567,39101,845,797,1575,3217,42318
19-04-2019,12,13007,13548,8560,3481,38596,835,790,1579,3204,41800
19-04-2019,13,12696,13343,8486,3401,37926,820,782,1545,3147,41073
19-04-2019,14,12589,13003,8429,3320,37341,811,778,1513,3102,40443
19-04-2019,15,12614,12985,8429,3281,37309,807,772,1480,3059,40368
19-04-2019,16,12661,13163,8510,3305,37639,811,765,1460,3036,40675
19-04-2019,17,12519,13265,8665,3488,37937,810,765,1445,3020,40957
19-04-2019,18,12600,13187,8835,3511,38133,819,769,1421,3009,41142
19-04-2019,19,12508,13181,8838,3382,37909,829,786,1426,3041,40950
19-04-2019,20,12571,13385,8814,3314,38084,866,821,1468,3155,41239
19-04-2019,21,12767,13482,9063,3316,38628,814,771,1352,2937,41565
19-04-2019,22,12607,13139,8940,3181,37867,751,696,1210,2657,40524
19-04-2019,23,12344,12618,8536,2986,36484,705,633,1090,2428,38912
20-04-2019,0,12118,12344,8198,2807,35467,669,599,1057,2325,37792
20-04-2019,1,11972,12137,8012,2704,34825,647,581,1018,2246,37071
20-04-2019,2,11932,12130,8007,2669,34738,640,572,998,2210,36948
20-04-2019,3,12003,12262,8045,2671,34981,644,576,1001,2221,37202
20-04-2019,4,12033,12411,8046,2714,35204,646,586,1017,2249,37453
20-04-2019,5,12133,12481,8146,2792,35552,652,599,1056,2307,37859
20-04-2019,6,12248,12560,8156,2887,35851,714,662,1168,2544,38395
20-04-2019,7,12491,12808,8357,3118,36774,784,748,1307,2839,39613
20-04-2019,8,12807,13191,8521,3383,37902,834,800,1408,3042,40944
20-04-2019,9,13062,13370,8588,3530,38550,843,814,1427,3084,41634
20-04-2019,10,13146,13316,8561,3574,38597,829,803,1427,3059,41656
20-04-2019,11,12943,13042,8544,3525,38054,811,790,1425,3026,41080
20-04-2019,12,12699,12642,8506,3442,37289,796,785,1410,2991,40280
20-04-2019,13,12505,12424,8438,3373,36740,789,779,1393,2961,39701
20-04-2019,14,12289,12103,8465,3304,36161,795,765,1380,2940,39101
20-04-2019,15,12379,12020,8557,3255,36211,800,753,1371,2924,39135
20-04-2019,16,12331,12096,8687,3290,36404,814,750,1358,2922,39326
20-04-2019,17,12449,12288,8757,3487,36981,827,754,1357,2938,39919
20-04-2019,18,12285,12443,8817,3491,37036,838,753,1352,2943,39979
20-04-2019,19,12339,12596,8736,3361,37032,842,772,1362,2976,40008
20-04-2019,20,12415,12923,8685,3300,37323,867,808,1390,3065,40388
20-04-2019,21,12390,12903,8948,3294,37535,820,758,1284,2862,40397
20-04-2019,22,12290,12303,8831,3127,36551,762,685,1137,2584,39135
20-04-2019,23,11955,12086,8443,2924,35408,711,623,1030,2364,37772
21-04-2019,0,11838,11966,8208,2761,34773,685,587,970,2242,37015
21-04-2019,1,11534,11868,8015,2663,34080,670,569,932,2171,36251
21-04-2019,2,11488,11889,7992,2622,33991,660,561,925,2146,36137
21-04-2019,3,11497,11914,8037,2618,34066,661,558,924,2143,36209
21-04-2019,4,11644,11985,7984,2644,34257,656,566,942,2164,36421
21-04-2019,5,11498,11994,8016,2681,34189,660,567,968,2195,36384
21-04-2019,6,11547,11993,8008,2750,34298,707,617,1041,2365,36663
21-04-2019,7,11773,12315,8133,2959,35180,766,681,1149,2596,37776
21-04-2019,8,12119,12900,8240,3228,36487,806,735,1224,2765,39252
21-04-2019,9,12403,13048,8326,3393,37170,821,751,1254,2826,39996
21-04-2019,10,12602,13026,8331,3444,37403,803,740,1224,2767,40170
21-04-2019,11,12583,12722,8288,3405,36998,787,715,1186,2688,39686
21-04-2019,12,12398,12746,8170,3342,36656,778,703,1154,2635,39291
21-04-2019,13,12343,12455,8129,3242,36169,768,693,1141,2602,38771
21-04-2019,14,12240,12276,8136,3178,35830,763,685,1121,2569,38399
21-04-2019,15,12182,12168,8144,3142,35636,768,674,1106,2548,38184
21-04-2019,16,12203,12251,8185,3181,35820,777,673,1083,2533,38353
21-04-2019,17,12303,12634,8353,3375,36665,798,676,1105,2579,39244
21-04-2019,18,12370,12824,8495,3399,37088,820,686,1116,2622,39710
21-04-2019,19,12414,13043,8504,3296,37257,834,701,1135,2670,39927
21-04-2019,20,12497,13092,8634,3222,37445,870,752,1206,2828,40273
21-04-2019,21,12708,13149,8890,3252,37999,822,710,1163,2695,40694
21-04-2019,22,12336,12500,8740,3071,36647,756,644,1078,2478,39125
21-04-2019,23,12140,12139,8404,2873,35556,709,602,1012,2323,37879
22-04-2019,0,11834,11601,8030,2691,34156,677,577,947,2201,36357
22-04-2019,1,11730,11314,7897,2585,33526,663,566,917,2146,35672
22-04-2019,2,11624,11260,7891,2550,33325,663,567,908,2138,35463
22-04-2019,3,11566,11314,7937,2547,33364,662,563,914,2139,35503
22-04-2019,4,11617,11453,7958,2575,33603,674,568,929,2171,35774
22-04-2019,5,11717,11457,7990,2652,33816,761,582,948,2291,36107
22-04-2019,6,11986,11511,8186,2748,34431,888,633,1021,2542,36973
22-04-2019,7,12334,12169,8365,2982,35850,993,705,1119,2817,38667
22-04-2019,8,12594,12553,8515,3270,36932,1035,760,1191,2986,39918
22-04-2019,9,13006,13285,8619,3456,38366,1026,782,1226,3034,41400
22-04-2019,10,13148,13358,8605,3525,38636,1015,774,1215,3004,41640
22-04-2019,11,12980,13258,8589,3492,38319,997,760,1198,2955,41274
22-04-2019,12,12782,13173,8500,3451,37906,1004,747,1186,2937,40843
22-04-2019,13,12559,13080,8417,3367,37423,982,741,1175,2898,40321
22-04-2019,14,12369,12689,8364,3317,36739,967,731,1157,2855,39594
22-04-2019,15,12384,12516,8323,3335,36558,933,723,1164,2820,39378
22-04-2019,16,12242,12720,8302,3431,36695,910,724,1167,2801,39496
22-04-2019,17,12264,12950,8405,3651,37270,898,735,1182,2815,40085
22-04-2019,18,12316,13125,8534,3655,37630,889,741,1196,2826,40456
22-04-2019,19,12468,13337,8539,3458,37802,888,760,1228,2876,40678
22-04-2019,20,12492,13176,8447,3382,37497,920,805,1286,3011,40508
22-04-2019,21,12649,12826,8758,3423,37656,867,748,1182,2797,40453
22-04-2019,22,12575,12262,8642,3200,36679,771,662,1060,2493,39172
22-04-2019,23,12135,12040,8211,3025,35411,715,601,989,2305,37716
23-04-2019,0,11830,11821,7961,2880,34492,691,574,960,2225,36717
23-04-2019,1,11647,11700,7788,2810,33945,676,563,944,2183,36128
23-04-2019,2,11542,11803,7737,2777,33859,669,563,933,2165,36024
23-04-2019,3,11690,12008,7797,2770,34265,667,565,946,2178,36443
23-04-2019,4,11769,12250,7860,2853,34732,691,596,1010,2297,37029
23-04-2019,5,12177,12928,8533,3031,36669,787,694,1187,2668,39337
23-04-2019,6,13094,14185,9012,3468,39759,916,830,1369,3115,42874
23-04-2019,7,14522,15397,9278,4016,43213,1001,935,1507,3443,46656
23-04-2019,8,14665,15935,9302,4219,44121,1017,977,1568,3562,47683
23-04-2019,9,14440,15929,9197,4265,43831,1000,965,1571,3536,47367
23-04-2019,10,14290,15358,9198,4340,43186,986,949,1555,3490,46676
23-04-2019,11,13866,14700,9142,4386,42094,969,921,1535,3425,45519
23-04-2019,12,13927,14424,9011,4307,41669,982,941,1549,3472,45141
23-04-2019,13,13746,14740,8941,4296,41723,963,940,1532,3435,45158
23-04-2019,14,13544,14498,8858,4212,41112,958,925,1515,3398,44510
23-04-2019,15,13492,14502,8840,4088,40922,943,905,1484,3332,44254
23-04-2019,16,13487,14535,8816,4026,40864,929,873,1447,3249,44113
23-04-2019,17,13204,14593,8781,4197,40775,908,862,1435,3205,43980
23-04-2019,18,13194,14568,8821,4110,40693,907,846,1423,3176,43869
23-04-2019,19,13225,14838,8755,3891,40709,896,845,1415,3156,43865
23-04-2019,20,13167,14812,8693,3747,40419,921,865,1459,3245,43664
23-04-2019,21,13314,14305,8843,3665,40127,868,797,1313,2978,43105
23-04-2019,22,13147,13640,8547,3400,38734,777,718,1158,2653,41387
23-04-2019,23,12616,12640,8117,3106,36479,719,641,1071,2431,38910
24-04-2019,0,12144,12131,7858,2974,35107,698,611,1031,2340,37447
24-04-2019,1,11897,11871,7715,2905,34388,688,597,1017,2302,36690
24-04-2019,2,11622,11851,7693,2869,34035,678,590,1013,2281,36316
24-04-2019,3,11699,11837,7832,2859,34227,689,603,1021,2313,36540
24-04-2019,4,11883,11824,7939,2901,34547,699,629,1070,2398,36945
24-04-2019,5,12171,12387,8565,3077,36200,788,724,1228,2740,38940
24-04-2019,6,13205,13827,8936,3538,39506,910,857,1400,3167,42673
24-04-2019,7,14521,15222,9041,4109,42893,1009,953,1534,3496,46389
24-04-2019,8,14735,15747,9059,4283,43824,1032,985,1577,3594,47418
24-04-2019,9,14529,15575,9009,4345,43458,1023,971,1569,3563,47021
24-04-2019,10,14245,15228,8986,4396,42855,1008,961,1557,3526,46381
24-04-2019,11,13944,14792,8963,4401,42100,983,932,1542,3457,45557
24-04-2019,12,13814,14373,8872,4292,41351,1014,953,1556,3523,44874
24-04-2019,13,13544,14111,8805,4324,40784,1005,943,1534,3482,44266
24-04-2019,14,13556,14378,8724,4232,40890,972,918,1519,3409,44299
24-04-2019,15,13670,14589,8661,4092,41012,947,899,1489,3335,44347
24-04-2019,16,13850,14487,8704,4091,41132,932,876,1468,3276,44408
24-04-2019,17,13810,14745,8706,4297,41558,924,866,1446,3236,44794
24-04-2019,18,13678,14908,8787,4177,41550,909,852,1439,3200,44750
24-04-2019,19,13665,14928,8788,3947,41328,913,850,1437,3200,44528
24-04-2019,20,13595,14717,8674,3800,40786,930,879,1464,3273,44059
24-04-2019,21,13698,14273,8830,3743,40544,871,803,1332,3006,43550
24-04-2019,22,13158,13518,8552,3484,38712,776,712,1178,2666,41378
24-04-2019,23,12317,12670,8147,3198,36332,711,635,1063,2409,38741
25-04-2019,0,11679,12043,7903,3031,34656,685,600,1029,2314,36970
25-04-2019,1,11452,11572,7816,2909,33749,671,589,1009,2269,36018
25-04-2019,2,11314,11280,7793,2869,33256,663,579,999,2241,35497
25-04-2019,3,11493,11721,7858,2893,33965,670,586,1009,2265,36230
25-04-2019,4,11573,11817,7969,2911,34270,673,611,1052,2336,36606
25-04-2019,5,11956,12217,8620,3083,35876,763,706,1215,2684,38560
25-04-2019,6,13019,13829,9024,3559,39431,892,836,1386,3114,42545
25-04-2019,7,14079,15028,9182,4129,42418,999,938,1503,3440,45858
25-04-2019,8,14410,15713,9165,4322,43610,1041,964,1536,3541,47151
25-04-2019,9,14224,15742,9118,4358,43442,1045,966,1545,3556,46998
25-04-2019,10,13984,15159,9105,4464,42712,1036,955,1554,3545,46257
25-04-2019,11,13917,15064,9090,4442,42513,1009,929,1541,3479,45992
25-04-2019,12,13849,14947,9043,4377,42216,1018,952,1565,3535,45751
25-04-2019,13,13916,14904,8946,4376,42142,1006,949,1557,3512,45654
25-04-2019,14,13890,14885,8842,4288,41905,1003,942,1544,3489,45394
25-04-2019,15,13986,14794,8849,4145,41774,975,922,1510,3407,45181
25-04-2019,16,13977,14610,8842,4118,41547,957,892,1457,3306,44853
25-04-2019,17,14057,14726,8846,4272,41901,947,878,1434,3259,45160
25-04-2019,18,13826,14833,8947,4171,41777,926,860,1413,3199,44976
25-04-2019,19,13738,14606,8856,3981,41181,925,857,1412,3194,44375
25-04-2019,20,13708,14386,8742,3799,40635,939,879,1450,3268,43903
25-04-2019,21,13610,14147,8900,3741,40398,875,815,1353,3043,43441
25-04-2019,22,13174,13229,8664,3444,38511,780,716,1203,2699,41210
25-04-2019,23,12270,12572,8209,3109,36160,720,646,1107,2473,38633
26-04-2019,0,11946,11987,7988,2920,34841,675,595,1026,2296,37137
26-04-2019,1,11569,11524,7783,2827,33703,657,586,1005,2248,35951
26-04-2019,2,11414,11642,7759,2777,33592,656,576,993,2225,35817
26-04-2019,3,11394,11515,7751,2765,33425,666,585,999,2250,35675
26-04-2019,4,11602,12214,7911,2799,34526,683,605,1039,2327,36853
26-04-2019,5,12003,12756,8608,2975,36342,774,695,1194,2663,39005
26-04-2019,6,12883,14130,9164,3471,39648,906,832,1384,3122,42770
26-04-2019,7,14169,15467,9380,4023,43039,1003,922,1514,3439,46478
26-04-2019,8,14488,16060,9353,4270,44171,1034,960,1564,3558,47729
26-04-2019,9,14439,16080,9402,4339,44260,1026,963,1566,3555,47815
26-04-2019,10,14296,15850,9372,4389,43907,1024,953,1574,3551,47458
26-04-2019,11,14072,15364,9346,4393,43175,1010,929,1559,3498,46673
26-04-2019,12,14017,14995,9201,4249,42462,1023,958,1575,3556,46018
26-04-2019,13,13579,14724,9127,4201,41631,1000,947,1549,3496,45127
26-04-2019,14,13429,14232,8952,4069,40682,985,931,1540,3456,44138
26-04-2019,15,13333,14226,8893,3952,40404,955,908,1512,3375,43779
26-04-2019,16,13261,14270,8851,3955,40337,942,879,1473,3294,43631
26-04-2019,17,13606,14353,8748,4158,40865,930,862,1440,3232,44097
26-04-2019,18,13788,14098,8764,4069,40719,919,837,1411,3167,43886
26-04-2019,19,13715,13884,8604,3806,40009,899,829,1388,3116,43125
26-04-2019,20,13480,13703,8426,3571,39180,917,853,1429,3199,42379
26-04-2019,21,13348,13484,8654,3501,38987,864,806,1335,3005,41992
26-04-2019,22,13064,12796,8427,3235,37522,777,718,1197,2692,40214
26-04-2019,23,12326,12350,7945,2970,35591,724,638,1093,2455,38046
27-04-2019,0,11819,12040,7687,2810,34356,692,600,1035,2327,36683
27-04-2019,1,11482,11673,7532,2696,33383,668,580,999,2247,35630
27-04-2019,2,11033,11385,7498,2759,32675,662,571,987,2220,34895
27-04-2019,3,10947,11273,7541,2829,32590,660,569,985,2214,34804
27-04-2019,4,10819,11313,7475,2802,32409,643,562,987,2192,34601
27-04-2019,5,10667,11085,7634,2680,32066,671,585,1037,2293,34359
27-04-2019,6,10886,11181,7788,2796,32651,721,661,1135,2517,35168
27-04-2019,7,11578,11932,8046,3104,34660,786,747,1258,2791,37451
27-04-2019,8,12277,12775,8250,3416,36718,836,805,1358,2999,39717
27-04-2019,9,12800,13319,8348,3615,38082,840,825,1382,3047,41129
27-04-2019,10,13071,13626,8323,3690,38710,827,818,1388,3033,41743
27-04-2019,11,12845,13610,8301,3703,38459,812,800,1385,2997,41456
27-04-2019,12,12771,13357,8264,3641,38033,807,799,1379,2985,41018
27-04-2019,13,12665,13215,8212,3586,37678,792,793,1357,2942,40620
27-04-2019,14,12465,13249,8215,3491,37420,781,776,1341,2898,40318
27-04-2019,15,12458,13101,8290,3433,37282,778,772,1337,2887,40169
27-04-2019,16,12493,13220,8351,3494,37558,790,764,1327,2881,40439
27-04-2019,17,12825,13493,8490,3714,38522,790,756,1308,2854,41376
27-04-2019,18,13201,13812,8576,3746,39335,798,754,1292,2844,42179
27-04-2019,19,13334,13660,8449,3531,38974,804,760,1298,2862,41836
27-04-2019,20,13154,13547,8297,3389,38387,824,788,1340,2952,41339
27-04-2019,21,13075,13259,8633,3361,38328,803,756,1263,2822,41150
27-04-2019,22,12685,12677,8468,3166,36996,731,680,1140,2551,39547
27-04-2019,23,12248,12126,7995,2960,35329,674,607,1054,2335,37664
28-04-2019,0,11687,11940,7773,2753,34153,634,573,999,2206,36359
28-04-2019,1,11470,11877,7659,2642,33648,621,556,981,2158,35806
28-04-2019,2,11218,11429,7637,2571,32855,602,546,966,2114,34969
28-04-2019,3,10945,11558,7717,2537,32757,609,545,965,2119,34876
28-04-2019,4,10968,11425,7630,2543,32566,586,534,962,2082,34648
28-04-2019,5,10840,11131,7717,2584,32272,608,541,982,2131,34403
28-04-2019,6,10755,11341,7830,2681,32607,653,599,1065,2317,34924
28-04-2019,7,10898,12028,7975,2923,33824,712,676,1173,2561,36385
28-04-2019,8,11730,12973,8134,3242,36079,748,733,1273,2754,38833
28-04-2019,9,12751,13628,8254,3429,38062,762,752,1313,2827,40889
28-04-2019,10,13037,13907,8396,3516,38856,774,751,1319,2844,41700
28-04-2019,11,13108,13706,8397,3532,38743,758,737,1305,2800,41543
28-04-2019,12,12858,13647,8294,3505,38304,743,733,1302,2778,41082
28-04-2019,13,12540,13597,8221,3455,37813,731,723,1296,2750,40563
28-04-2019,14,12264,13410,8195,3416,37285,725,720,1286,2731,40016
28-04-2019,15,12159,13365,8171,3391,37086,748,719,1285,2752,39838
28-04-2019,16,12289,13599,8321,3458,37667,775,717,1286,2778,40445
28-04-2019,17,12580,13899,8464,3759,38702,794,725,1298,2817,41519
28-04-2019,18,13003,14188,8628,3809,39628,804,730,1296,2830,42458
28-04-2019,19,13040,14352,8615,3643,39650,810,743,1316,2869,42519
28-04-2019,20,13136,14642,8549,3485,39812,853,779,1364,2996,42808
28-04-2019,21,13372,14591,9022,3434,40419,824,735,1267,2826,43245
28-04-2019,22,13220,13855,8969,3189,39233,762,647,1120,2529,41762
28-04-2019,23,12684,13152,8550,2958,37344,697,582,1029,2308,39652
29-04-2019,0,12197,12707,8345,2821,36070,667,549,968,2184,38254
29-04-2019,1,11863,12617,8228,2740,35448,653,544,954,2151,37599
29-04-2019,2,11860,12656,8215,2704,35435,653,540,953,2146,37581
29-04-2019,3,11833,12578,8296,2702,35409,667,549,965,2181,37590
29-04-2019,4,11952,12913,8386,2790,36041,681,569,1017,2267,38308
29-04-2019,5,12381,13491,9073,2961,37906,799,673,1218,2690,40596
29-04-2019,6,13623,15024,9567,3513,41727,933,805,1391,3129,44856
29-04-2019,7,14715,16151,9798,4086,44750,1023,901,1500,3424,48174
29-04-2019,8,14858,16254,9826,4322,45260,1036,944,1534,3514,48774
29-04-2019,9,14494,16157,9763,4380,44794,1018,949,1530,3497,48291
29-04-2019,10,14088,15738,9660,4425,43911,1004,935,1524,3463,47374
29-04-2019,11,13892,15605,9606,4406,43509,978,909,1508,3395,46904
29-04-2019,12,13520,15436,9546,4349,42851,990,936,1524,3450,46301
29-04-2019,13,13567,15252,9465,4371,42655,974,923,1506,3403,46058
29-04-2019,14,13558,14968,9381,4246,42153,964,901,1491,3356,45509
29-04-2019,15,13379,14831,9253,4109,41572,938,877,1459,3274,44846
29-04-2019,16,13433,14644,9238,4072,41387,922,849,1426,3197,44584
29-04-2019,17,13431,14759,9174,4271,41635,917,838,1404,3159,44794
29-04-2019,18,13200,14598,9234,4196,41228,908,823,1388,3119,44347
29-04-2019,19,13113,14736,9225,3968,41042,903,826,1382,3111,44153
29-04-2019,20,13123,14660,9090,3785,40658,917,840,1408,3165,43823
29-04-2019,21,13217,14581,9351,3722,40871,880,792,1303,2975,43846
29-04-2019,22,12964,13982,9161,3470,39577,795,711,1172,2678,42255
29-04-2019,23,12269,13373,8701,3151,37494,741,631,1090,2462,39956
30-04-2019,0,11726,12701,8389,2981,35797,702,592,1034,2328,38125
30-04-2019,1,11389,12319,8237,2872,34817,690,575,1015,2280,37097
30-04-2019,2,11249,12305,8143,2848,34545,684,570,1018,2272,36817
30-04-2019,3,11071,12210,8187,2853,34321,694,575,1026,2295,36616
30-04-2019,4,11056,12264,8310,2933,34563,699,594,1066,2359,36922
30-04-2019,5,11340,12642,8904,3073,35959,818,695,1246,2759,38718
30-04-2019,6,12459,13865,9299,3581,39204,945,827,1430,3202,42406
30-04-2019,7,13556,15304,9507,4122,42489,1033,928,1520,3481,45970
30-04-2019,8,13998,15833,9503,4336,43670,1051,967,1546,3564,47234
30-04-2019,9,13972,15738,9505,4420,43635,1029,963,1544,3536,47171
30-04-2019,10,13887,15546,9553,4466,43452,1007,943,1536,3486,46938
30-04-2019,11,13778,15290,9542,4437,43047,980,912,1521,3413,46460
30-04-2019,12,13698,15020,9362,4361,42441,988,928,1524,3440,45881
30-04-2019,13,13473,14964,9150,4384,41971,968,910,1501,3379,45350
30-04-2019,14,13513,14873,9055,4290,41731,956,883,1472,3311,45042
30-04-2019,15,13485,14734,8969,4147,41335,934,861,1445,3240,44575
30-04-2019,16,13508,14560,8958,4098,41124,913,838,1414,3165,44289
30-04-2019,17,13664,14780,8894,4276,41614,902,825,1402,3129,44743
30-04-2019,18,13269,14487,8941,4200,40897,894,803,1377,3074,43971
30-04-2019,19,13136,13988,8839,3971,39934,882,796,1347,3025,42959
30-04-2019,20,13000,13483,8620,3800,38903,887,811,1369,3067,41970
30-04-2019,21,12688,13463,8913,3733,38797,862,769,1295,2926,41723
30-04-2019,22,12510,12928,8873,3458,37769,781,684,1178,2643,40412
30-04-2019,23,12042,12110,8487,3140,35779,728,623,1098,2449,38228
01-05-2019,0,11595,12072,8220,2887,34774,694,589,1056,2339,37113
01-05-2019,1,11298,11777,8110,2777,33962,681,592,1039,2312,36274
01-05-2019,2,11017,11608,8058,2746,33429,671,581,1030,2282,35711
01-05-2019,3,10981,11417,8126,2760,33284,671,582,1025,2278,35562
01-05-2019,4,11052,11487,8019,2808,33366,652,581,1021,2254,35620
01-05-2019,5,11054,11304,8078,2962,33398,685,611,1047,2343,35741
01-05-2019,6,11273,11377,8108,3363,34121,741,679,1144,2564,36685
01-05-2019,7,11742,11883,8322,3809,35756,803,767,1242,2812,38568
01-05-2019,8,12316,12883,8486,4049,37734,838,829,1318,2985,40719
01-05-2019,9,12754,13336,8553,4142,38785,840,848,1353,3041,41826
01-05-2019,10,13155,14055,8611,4182,40003,830,843,1358,3031,43034
01-05-2019,11,13232,14321,8622,4335,40510,810,821,1355,2986,43496
01-05-2019,12,13206,14261,8550,4074,40091,808,820,1353,2981,43072
01-05-2019,13,13059,13816,8462,4055,39392,800,805,1337,2942,42334
01-05-2019,14,13098,13720,8531,4010,39359,790,795,1320,2905,42264
01-05-2019,15,13178,13643,8633,3960,39414,787,780,1314,2881,42295
01-05-2019,16,13107,13718,8752,3979,39556,801,771,1300,2872,42428
01-05-2019,17,13163,13916,8968,4153,40200,813,771,1306,2890,43090
01-05-2019,18,13133,14169,9104,4031,40437,824,768,1305,2897,43334
01-05-2019,19,13211,14432,9000,3851,40494,831,783,1316,2930,43424
01-05-2019,20,13411,14379,8824,3774,40388,850,804,1363,3017,43405
01-05-2019,21,13232,14226,9074,3683,40215,807,758,1263,2828,43043
01-05-2019,22,12964,13351,9076,3464,38855,731,670,1118,2519,41374
01-05-2019,23,12565,12931,8640,3187,37323,689,586,1028,2303,39626
02-05-2019,0,12104,12771,8358,3019,36252,657,553,989,2199,38451
02-05-2019,1,11956,12785,8127,2971,35839,646,538,967,2151,37990
02-05-2019,2,11908,12533,8130,2903,35474,630,534,970,2134,37608
02-05-2019,3,11792,12287,8190,2908,35177,641,546,983,2170,37347
02-05-2019,4,12023,12255,8270,2982,35530,656,572,1042,2270,37800
02-05-2019,5,12362,12827,9059,3143,37391,774,671,1240,2685,40076
02-05-2019,6,13296,14543,9569,3687,41095,919,807,1419,3145,44240
02-05-2019,7,14634,16137,9919,4243,44933,1036,918,1551,3505,48438
02-05-2019,8,15110,16623,9980,4422,46135,1084,967,1602,3653,49788
02-05-2019,9,14833,16804,9934,4493,46064,1084,968,1599,3651,49715
02-05-2019,10,14635,16871,9998,4536,46040,1088,963,1590,3641,49681
02-05-2019,11,14524,16703,9994,4551,45772,1072,948,1568,3588,49360
02-05-2019,12,14479,16755,9974,4438,45646,1089,973,1578,3640,49286
02-05-2019,13,14490,16371,9911,4449,45221,1080,957,1567,3604,48825
02-05-2019,14,14476,16131,9896,4359,44862,1075,947,1542,3564,48426
02-05-2019,15,14497,16104,9867,4228,44696,1050,927,1512,3489,48185
02-05-2019,16,14431,16327,9941,4224,44923,1026,890,1470,3386,48309
02-05-2019,17,14584,16635,9963,4449,45631,1005,885,1456,3346,48977
02-05-2019,18,14480,16508,10048,4280,45316,981,859,1429,3269,48585
02-05-2019,19,14443,16382,9977,4053,44855,963,851,1412,3226,48081
02-05-2019,20,14556,16295,9745,3920,44516,956,843,1408,3207,47723
02-05-2019,21,14921,16101,9870,3878,44770,888,784,1302,2974,47744
02-05-2019,22,14876,15189,9681,3617,43363,797,694,1163,2654,46017
02-05-2019,23,14126,14098,9200,3343,40767,748,599,1072,2419,43186
03-05-2019,0,13597,13520,8935,3129,39181,728,577,1031,2336,41517
03-05-2019,1,13346,13515,8842,3038,38741,700,565,1008,2273,41014
03-05-2019,2,13272,13582,8784,2984,38622,708,563,1003,2274,40896
03-05-2019,3,13330,13697,8895,3014,38936,693,568,1017,2278,41214
03-05-2019,4,13567,13950,9008,3064,39589,707,581,1060,2348,41937
03-05-2019,5,13986,14393,9816,3211,41406,815,678,1242,2735,44141
03-05-2019,6,15296,16096,10308,3711,45411,959,805,1420,3184,48595
03-05-2019,7,16432,17488,10556,4242,48718,1066,912,1531,3509,52227
03-05-2019,8,16519,17377,10611,4455,48962,1110,958,1587,3655,52617
03-05-2019,9,16351,17011,10654,4495,48511,1103,965,1583,3651,52162
03-05-2019,10,16007,16840,10680,4530,48057,1089,944,1590,3623,51680
03-05-2019,11,15662,16719,10659,4524,47564,1053,911,1571,3535,51099
03-05-2019,12,15454,16628,10509,4393,46984,1053,924,1569,3546,50530
03-05-2019,13,15128,16274,10382,4267,46051,1028,910,1541,3479,49530
03-05-2019,14,15176,15752,10357,4123,45408,1016,884,1503,3403,48811
03-05-2019,15,14944,15670,10360,4034,45008,989,866,1453,3308,48316
03-05-2019,16,14895,15553,10345,4046,44839,975,849,1432,3256,48095
03-05-2019,17,14834,15469,10403,4261,44967,971,835,1411,3217,48184
03-05-2019,18,14942,15439,10434,4285,45100,956,809,1394,3159,48259
03-05-2019,19,14899,15359,10279,4042,44579,940,812,1381,3133,47712
03-05-2019,20,14982,15315,9990,3792,44079,925,818,1409,3152,47231
03-05-2019,21,14842,15168,10241,3772,44023,898,800,1345,3043,47066
03-05-2019,22,14870,14408,9994,3541,42813,818,721,1219,2758,45571
03-05-2019,23,14503,13881,9565,3270,41219,778,658,1132,2568,43787
04-05-2019,0,13709,13620,9268,3116,39713,734,618,1073,2425,42138
04-05-2019,1,13531,13489,9052,2991,39063,718,596,1043,2357,41420
04-05-2019,2,13270,13424,8947,2901,38542,710,584,1028,2322,40864
04-05-2019,3,13267,13299,8921,2868,38355,710,583,1030,2323,40678
04-05-2019,4,13300,13275,8832,2879,38286,692,566,1027,2285,40571
04-05-2019,5,13256,13043,9028,2951,38278,716,599,1078,2393,40671
04-05-2019,6,13431,13288,9103,3113,38935,759,652,1169,2580,41515
04-05-2019,7,13678,13944,9239,3362,40223,813,726,1274,2813,43036
04-05-2019,8,14407,14524,9370,3567,41868,857,782,1339,2978,44846
04-05-2019,9,14796,14931,9422,3716,42865,873,802,1376,3051,45916
04-05-2019,10,14882,15003,9355,3767,43007,874,798,1378,3050,46057
04-05-2019,11,14634,14929,9311,3799,42673,873,796,1366,3035,45708
04-05-2019,12,14378,14750,9246,3746,42120,861,792,1353,3006,45126
04-05-2019,13,14279,14475,9212,3727,41693,846,793,1345,2984,44677
04-05-2019,14,14076,14275,9242,3670,41263,844,781,1315,2940,44203
04-05-2019,15,13847,14331,9378,3618,41174,861,768,1307,2936,44110
04-05-2019,16,13884,14251,9569,3641,41345,878,764,1298,2940,44285
04-05-2019,17,14028,14439,9800,3804,42071,877,762,1294,2933,45004
04-05-2019,18,14145,14544,9822,3794,42305,879,752,1294,2925,45230
04-05-2019,19,14473,14573,9603,3530,42179,857,753,1290,2900,45079
04-05-2019,20,14163,14764,9451,3411,41789,860,776,1320,2956,44745
04-05-2019,21,14175,15051,9681,3397,42304,849,763,1270,2882,45186
04-05-2019,22,14308,14652,9648,3282,41890,791,697,1166,2654,44544
04-05-2019,23,13919,13956,9257,3071,40203,734,633,1076,2443,42646
05-05-2019,0,13679,13584,8927,2919,39109,695,585,1019,2299,41408
05-05-2019,1,13346,13498,8696,2799,38339,678,568,985,2231,40570
05-05-2019,2,13329,13463,8607,2744,38143,673,557,978,2208,40351
05-05-2019,3,13449,13512,8603,2768,38332,671,557,978,2206,40538
05-05-2019,4,13161,13457,8520,2791,37929,657,547,971,2175,40104
05-05-2019,5,13306,13255,8605,2786,37952,673,570,1002,2245,40197
05-05-2019,6,13341,13137,8590,2894,37962,702,618,1073,2393,40355
05-05-2019,7,13632,13256,8700,3119,38707,760,694,1173,2627,41334
05-05-2019,8,13834,13658,8795,3350,39637,804,758,1275,2837,42474
05-05-2019,9,14184,13763,8819,3546,40312,821,786,1324,2931,43243
05-05-2019,10,14482,13934,8860,3604,40880,822,794,1325,2941,43821
05-05-2019,11,14453,13934,8810,3660,40857,819,790,1307,2916,43773
05-05-2019,12,14238,13643,8781,3586,40248,814,780,1286,2880,43128
05-05-2019,13,14087,13587,8698,3575,39947,808,767,1260,2835,42782
05-05-2019,14,14095,13530,8649,3516,39790,801,754,1239,2794,42584
05-05-2019,15,14137,13676,8659,3430,39902,806,746,1247,2799,42701
05-05-2019,16,14147,13597,8721,3524,39989,816,743,1241,2800,42789
05-05-2019,17,14246,13797,8799,3829,40671,828,746,1259,2833,43504
05-05-2019,18,14314,14006,8934,3861,41115,819,739,1272,2830,43945
05-05-2019,19,14475,14191,8872,3699,41237,828,743,1281,2852,44089
05-05-2019,20,14636,14381,8673,3508,41198,844,765,1323,2932,44130
05-05-2019,21,14805,14260,9200,3457,41722,847,762,1271,2880,44602
05-05-2019,22,14583,13920,9203,3278,40984,777,696,1138,2611,43595
05-05-2019,23,13973,13173,8835,3076,39057,725,638,1050,2413,41470
06-05-2019,0,13541,13079,8584,2956,38160,701,604,997,2302,40462
06-05-2019,1,13344,13063,8413,2869,37689,689,593,988,2270,39959
06-05-2019,2,13251,13144,8392,2823,37610,688,585,985,2258,39868
06-05-2019,3,13322,13179,8448,2838,37787,690,584,1004,2278,40065
06-05-2019,4,13403,13330,8561,2897,38191,695,574,1044,2313,40504
06-05-2019,5,13822,13798,9244,3087,39951,800,612,1258,2670,42621
06-05-2019,6,15438,15506,9616,3647,44207,920,667,1435,3022,47229
06-05-2019,7,17210,17030,9746,4215,48201,991,742,1549,3282,51483
06-05-2019,8,16641,17062,9735,4408,47846,1029,809,1615,3453,51299
06-05-2019,9,16397,16698,9590,4491,47176,1008,826,1593,3427,50603
06-05-2019,10,16072,16680,9524,4524,46800,998,829,1596,3423,50223
06-05-2019,11,16075,16588,9484,4500,46647,980,811,1573,3364,50011
06-05-2019,12,16019,16451,9371,4477,46318,995,803,1573,3371,49689
06-05-2019,13,16013,16418,9288,4502,46221,975,793,1553,3321,49542
06-05-2019,14,15791,16187,9200,4376,45554,967,793,1536,3296,48850
06-05-2019,15,15756,16066,9085,4242,45149,937,783,1504,3224,48373
06-05-2019,16,15800,16082,9075,4257,45214,920,782,1459,3161,48375
06-05-2019,17,15528,16368,9024,4453,45373,921,791,1459,3171,48544
06-05-2019,18,15440,16117,9112,4380,45049,908,791,1450,3149,48198
06-05-2019,19,15585,16035,9115,4133,44868,902,803,1448,3153,48021
06-05-2019,20,15491,15917,8884,3920,44212,897,818,1454,3169,47381
06-05-2019,21,15577,15822,9114,3805,44318,884,798,1349,3031,47349
06-05-2019,22,15221,15285,9005,3604,43115,792,703,1192,2687,45802
06-05-2019,23,14660,14425,8555,3319,40959,713,622,1103,2438,43397
07-05-2019,0,14100,13932,8217,3137,39386,688,587,1061,2336,41722
07-05-2019,1,13801,14017,8062,3053,38933,654,569,1044,2267,41200
07-05-2019,2,13747,13969,7996,3035,38747,647,568,1026,2241,40988
07-05-2019,3,13673,13923,7997,3041,38634,655,575,1041,2271,40905
07-05-2019,4,13835,13836,8126,3121,38918,663,592,1081,2336,41254
07-05-2019,5,14101,14403,8818,3273,40595,791,708,1285,2784,43379
07-05-2019,6,15469,16262,9277,3783,44791,922,843,1458,3223,48014
07-05-2019,7,16850,17292,9511,4294,47947,1027,949,1562,3538,51485
07-05-2019,8,16899,17408,9526,4433,48266,1052,994,1602,3648,51914
07-05-2019,9,16347,17185,9403,4389,47324,1037,988,1591,3616,50940
07-05-2019,10,16202,17240,9447,4512,47401,1010,976,1587,3573,50974
07-05-2019,11,15897,17007,9336,4482,46722,983,950,1564,3497,50219
07-05-2019,12,15787,16787,9219,4414,46207,1009,976,1571,3556,49763
07-05-2019,13,15683,16482,9232,4369,45766,1000,971,1561,3532,49298
07-05-2019,14,15254,16594,9239,4328,45415,991,946,1548,3485,48900
07-05-2019,15,15224,16253,9097,4220,44794,956,923,1513,3392,48186
07-05-2019,16,15220,16223,9135,4219,44797,933,885,1461,3279,48076
07-05-2019,17,15218,16446,9091,4449,45204,941,877,1443,3261,48465
07-05-2019,18,15157,16108,9191,4305,44761,927,859,1406,3192,47953
07-05-2019,19,15039,16243,9182,4080,44544,918,853,1394,3165,47709
07-05-2019,20,15171,16381,8944,3890,44386,920,867,1436,3223,47609
07-05-2019,21,15179,16021,9203,3701,44104,897,827,1361,3085,47189
07-05-2019,22,15112,15286,9061,3491,42950,806,734,1211,2751,45701
07-05-2019,23,14469,14542,8623,3280,40914,737,654,1125,2516,43430
08-05-2019,0,13922,13887,8157,3091,39057,714,618,1086,2418,41475
08-05-2019,1,13335,13689,7993,3006,38023,698,603,1064,2365,40388
08-05-2019,2,13336,13882,7948,2985,38151,696,602,1061,2359,40510
08-05-2019,3,13525,14056,7885,2999,38465,695,610,1072,2377,40842
08-05-2019,4,13709,14148,8034,3076,38967,705,622,1114,2441,41408
08-05-2019,5,14002,14361,8621,3231,40215,801,738,1315,2854,43069
08-05-2019,6,15319,16189,9205,3742,44455,914,872,1473,3259,47714
08-05-2019,7,16438,17380,9366,4262,47446,1009,972,1569,3550,50996
08-05-2019,8,16634,17313,9458,4483,47888,1031,1008,1592,3631,51519
08-05-2019,9,15981,16938,9474,4502,46895,1024,999,1579,3602,50497
08-05-2019,10,15546,16858,9365,4564,46333,1007,986,1577,3570,49903
08-05-2019,11,15275,16655,9293,4541,45764,980,958,1556,3494,49258
08-05-2019,12,15072,16255,9105,4455,44887,977,971,1567,3515,48402
08-05-2019,13,14988,16161,9041,4431,44621,977,965,1540,3482,48103
08-05-2019,14,14885,16034,8943,4321,44183,1003,950,1523,3476,47659
08-05-2019,15,14906,15788,8872,4213,43779,978,932,1502,3412,47191
08-05-2019,16,14798,15643,8827,4213,43481,949,898,1481,3328,46809
08-05-2019,17,14607,16109,8913,4438,44067,937,885,1439,3261,47328
08-05-2019,18,14820,16036,9122,4368,44346,933,860,1415,3208,47554
08-05-2019,19,14841,16015,9046,4197,44099,925,851,1403,3179,47278
08-05-2019,20,14873,15987,8694,3995,43549,931,865,1425,3221,46770
08-05-2019,21,14682,15901,8948,3831,43362,919,842,1364,3125,46487
08-05-2019,22,14612,15208,8861,3571,42252,826,738,1205,2769,45021
08-05-2019,23,14005,14174,8401,3269,39849,768,662,1111,2541,42390
09-05-2019,0,13379,13533,8085,3057,38054,737,618,1066,2421,40475
09-05-2019,1,12976,13167,7978,2941,37062,726,605,1045,2376,39438
09-05-2019,2,12864,13236,7919,2899,36918,715,599,1049,2363,39281
09-05-2019,3,12951,13091,7851,2913,36806,714,605,1063,2382,39188
09-05-2019,4,13130,13124,7968,2991,37213,721,614,1091,2426,39639
09-05-2019,5,13444,13393,8552,3177,38566,813,738,1296,2847,41413
09-05-2019,6,14561,15033,9029,3737,42360,942,867,1476,3285,45645
09-05-2019,7,15841,16406,9156,4295,45698,1018,964,1578,3560,49258
09-05-2019,8,16172,16689,9110,4535,46506,1018,998,1609,3625,50131
09-05-2019,9,16001,16823,9151,4567,46542,989,986,1596,3571,50113
09-05-2019,10,15850,16934,9073,4636,46493,983,969,1591,3543,50036
09-05-2019,11,15796,16763,9033,4611,46203,962,939,1558,3459,49662
09-05-2019,12,15715,16571,8899,4519,45704,978,957,1564,3499,49203
09-05-2019,13,15600,16350,8768,4488,45206,955,950,1537,3442,48648
09-05-2019,14,15661,16182,8710,4400,44953,944,929,1520,3393,48346
09-05-2019,15,15733,16082,8674,4243,44732,918,906,1493,3317,48049
09-05-2019,16,15675,16166,8730,4242,44813,906,871,1454,3231,48044
09-05-2019,17,15765,16174,8698,4418,45055,902,866,1444,3212,48267
09-05-2019,18,15584,15864,8731,4311,44490,894,853,1438,3185,47675
09-05-2019,19,15428,15919,8769,4100,44216,889,848,1437,3174,47390
09-05-2019,20,15410,15589,8473,3915,43387,888,853,1433,3174,46561
09-05-2019,21,15085,15285,8709,3793,42872,880,827,1363,3070,45942
09-05-2019,22,14933,14415,8580,3566,41494,781,731,1217,2729,44223
09-05-2019,23,14214,13700,8154,3236,39304,723,647,1126,2496,41800
10-05-2019,0,13243,13158,7881,3000,37282,693,607,1083,2383,39665
10-05-2019,1,12907,12943,7645,2887,36382,682,591,1053,2326,38708
10-05-2019,2,12781,12654,7677,2857,35969,670,587,1045,2302,38271
10-05-2019,3,12825,12480,7728,2910,35943,669,588,1056,2313,38256
10-05-2019,4,12738,12678,7884,2950,36250,678,596,1086,2360,38610
10-05-2019,5,13212,13160,8636,3089,38097,791,709,1294,2794,40891
10-05-2019,6,14071,14866,9100,3618,41655,929,850,1487,3266,44921
10-05-2019,7,15297,16435,9372,4168,45272,1028,955,1587,3570,48842
10-05-2019,8,15941,16528,9510,4407,46386,1089,994,1621,3704,50090
10-05-2019,9,15847,16252,9484,4456,46039,1087,998,1617,3702,49741
10-05-2019,10,15714,15892,9512,4524,45642,1086,985,1622,3693,49335
10-05-2019,11,15405,15655,9415,4492,44967,1077,949,1589,3615,48582
10-05-2019,12,15232,15392,9358,4381,44363,1099,973,1591,3663,48026
10-05-2019,13,15124,15201,9193,4301,43819,1077,955,1567,3599,47418
10-05-2019,14,14920,14983,9262,4132,43297,1060,933,1537,3530,46827
10-05-2019,15,14615,14659,9305,3996,42575,1031,905,1511,3447,46022
10-05-2019,16,14657,14634,9414,4023,42728,1016,875,1465,3356,46084
10-05-2019,17,14655,14739,9418,4173,42985,999,865,1454,3318,46303
10-05-2019,18,14171,14498,9450,4158,42277,981,846,1435,3262,45539
10-05-2019,19,14249,14254,9262,3901,41666,956,836,1409,3201,44867
10-05-2019,20,13999,14132,8853,3681,40665,932,832,1410,3174,43839
10-05-2019,21,13895,14019,8982,3543,40439,890,830,1346,3066,43505
10-05-2019,22,13803,13671,8726,3372,39572,803,749,1215,2767,42339
10-05-2019,23,13024,13107,8182,3123,37436,753,664,1124,2541,39977
11-05-2019,0,12781,12545,7884,2932,36142,716,611,1067,2394,38536
11-05-2019,1,12465,12151,7698,2824,35138,688,590,1021,2299,37437
11-05-2019,2,12380,12057,7645,2766,34848,677,578,1013,2268,37116
11-05-2019,3,12334,11985,7619,2773,34711,665,574,1004,2243,36954
11-05-2019,4,12240,11889,7529,2809,34467,642,555,998,2195,36662
11-05-2019,5,12288,11739,7724,2788,34539,674,594,1063,2331,36870
11-05-2019,6,12477,12099,7916,2937,35429,728,663,1164,2555,37984
11-05-2019,7,12710,12688,8190,3195,36783,808,748,1276,2832,39615
11-05-2019,8,13347,13258,8446,3479,38530,867,803,1356,3026,41556
11-05-2019,9,13736,13762,8587,3642,39727,874,819,1381,3074,42801
11-05-2019,10,14130,13737,8632,3727,40226,888,816,1383,3087,43313
11-05-2019,11,13980,13614,8565,3690,39849,877,807,1373,3057,42906
11-05-2019,12,13669,13463,8520,3616,39268,878,806,1364,3048,42316
11-05-2019,13,13629,13181,8387,3582,38779,880,803,1342,3025,41804
11-05-2019,14,13476,12859,8423,3528,38286,874,792,1315,2981,41267
11-05-2019,15,13310,12603,8586,3509,38008,888,788,1302,2978,40986
11-05-2019,16,13210,12929,8753,3523,38415,890,790,1299,2979,41394
11-05-2019,17,13416,13058,8996,3712,39182,888,789,1298,2975,42157
11-05-2019,18,13455,13078,9033,3739,39305,876,774,1285,2935,42240
11-05-2019,19,13529,12909,8846,3571,38855,853,783,1280,2916,41771
11-05-2019,20,13513,12913,8514,3435,38375,822,783,1294,2899,41274
11-05-2019,21,13553,13106,8676,3353,38688,804,759,1252,2815,41503
11-05-2019,22,13735,12809,8598,3248,38390,736,695,1144,2575,40965
11-05-2019,23,13171,12191,8126,3023,36511,678,626,1059,2363,38874
12-05-2019,0,12907,11936,7732,2829,35404,651,583,1006,2240,37644
12-05-2019,1,12697,11687,7517,2742,34643,633,565,983,2181,36824
12-05-2019,2,12594,11803,7468,2681,34546,619,558,971,2148,36694
12-05-2019,3,12417,11622,7409,2691,34139,601,554,971,2126,36265
12-05-2019,4,12506,11658,7260,2691,34115,580,542,962,2084,36199
12-05-2019,5,12421,11661,7408,2668,34158,609,566,1011,2186,36344
12-05-2019,6,12462,11869,7589,2795,34715,660,618,1089,2367,37082
12-05-2019,7,12800,12218,7805,3012,35835,733,692,1192,2617,38452
12-05-2019,8,13164,12840,8115,3300,37419,787,749,1282,2818,40237
12-05-2019,9,13533,13563,8297,3475,38868,782,766,1319,2867,41735
12-05-2019,10,13737,13864,8376,3564,39541,777,758,1324,2859,42400
12-05-2019,11,13536,13988,8365,3569,39458,772,746,1304,2822,42280
12-05-2019,12,13442,14100,8256,3558,39356,760,739,1295,2794,42150
12-05-2019,13,13558,13895,8131,3594,39178,760,737,1279,2776,41954
12-05-2019,14,13488,13797,8094,3582,38961,749,731,1276,2756,41717
12-05-2019,15,13427,13736,8095,3504,38762,753,733,1278,2764,41526
12-05-2019,16,13640,13760,8167,3500,39067,764,741,1287,2792,41859
12-05-2019,17,13714,14090,8291,3739,39834,794,744,1280,2818,42652
12-05-2019,18,13535,14283,8389,3806,40013,811,753,1288,2852,42865
12-05-2019,19,13792,14352,8385,3629,40158,813,772,1304,2889,43047
12-05-2019,20,13903,14555,8142,3499,40099,834,781,1320,2935,43034
12-05-2019,21,13980,14647,8466,3407,40500,837,770,1281,2888,43388
12-05-2019,22,14012,14134,8578,3293,40017,773,697,1150,2620,42637
12-05-2019,23,13576,13377,8239,3049,38241,720,612,1045,2377,40618
13-05-2019,0,13077,12672,7864,2895,36508,678,572,989,2239,38747
13-05-2019,1,12824,12747,7677,2811,36059,661,556,964,2181,38240
13-05-2019,2,12761,12880,7642,2796,36079,656,554,966,2176,38255
13-05-2019,3,12851,12889,7537,2808,36085,650,553,975,2178,38263
13-05-2019,4,13115,12797,7732,2873,36517,656,568,1002,2226,38743
13-05-2019,5,13276,13195,8495,3046,38012,782,692,1224,2698,40710
13-05-2019,6,14618,15063,9021,3563,42265,923,828,1408,3159,45424
13-05-2019,7,15730,16578,9255,4124,45687,1046,938,1542,3526,49213
13-05-2019,8,15804,16979,9282,4387,46452,1086,995,1609,3690,50142
13-05-2019,9,15427,16509,9226,4433,45595,1071,1014,1608,3693,49288
13-05-2019,10,15354,16331,9242,4526,45453,1049,1005,1615,3669,49122
13-05-2019,11,14925,16147,9182,4505,44759,1032,983,1607,3622,48381
13-05-2019,12,14867,15857,9044,4419,44187,1084,999,1621,3704,47891
13-05-2019,13,14857,15639,8989,4433,43918,1081,991,1588,3660,47578
13-05-2019,14,14667,15448,8951,4349,43415,1081,975,1559,3615,47030
13-05-2019,15,14531,15157,8983,4162,42833,1055,961,1520,3536,46369
13-05-2019,16,14486,15202,8971,4175,42834,1040,924,1484,3448,46282
13-05-2019,17,14297,15223,8889,4413,42822,1009,915,1474,3398,46220
13-05-2019,18,14111,14985,8875,4280,42251,991,897,1453,3341,45592
13-05-2019,19,14308,14954,8836,4031,42129,966,885,1442,3293,45422
13-05-2019,20,14397,15046,8554,3857,41854,945,864,1414,3223,45077
13-05-2019,21,14281,14986,8777,3728,41772,909,822,1304,3035,44807
13-05-2019,22,14094,14650,8638,3572,40954,818,729,1164,2711,43665
13-05-2019,23,13307,13899,8158,3279,38643,754,655,1079,2488,41131
14-05-2019,0,12722,13382,7859,3078,37041,725,619,1041,2385,39426
14-05-2019,1,12478,13161,7700,2976,36315,714,595,1023,2332,38647
14-05-2019,2,12379,13288,7687,2958,36312,708,587,1019,2314,38626
14-05-2019,3,12399,13402,7672,2975,36448,703,584,1034,2321,38769
14-05-2019,4,12460,13475,7859,3028,36822,714,600,1075,2389,39211
14-05-2019,5,12868,13887,8542,3194,38491,836,716,1268,2820,41311
14-05-2019,6,14072,15258,8901,3752,41983,975,858,1466,3299,45282
14-05-2019,7,15189,16278,9059,4260,44786,1080,972,1599,3651,48437
14-05-2019,8,15707,16017,9081,4480,45285,1109,1018,1652,3779,49064
14-05-2019,9,15225,15670,9070,4502,44467,1101,1016,1650,3767,48234
14-05-2019,10,14846,15527,9055,4590,44018,1083,1006,1632,3721,47739
14-05-2019,11,14635,15429,8914,4551,43529,1041,969,1610,3620,47149
14-05-2019,12,14510,15310,8788,4469,43077,1058,978,1621,3657,46734
14-05-2019,13,14407,15036,8718,4462,42623,1034,961,1593,3588,46211
14-05-2019,14,14309,14744,8676,4389,42118,1032,940,1565,3537,45655
14-05-2019,15,14338,14843,8605,4241,42027,991,932,1525,3448,45475
14-05-2019,16,14170,14942,8583,4223,41918,964,906,1485,3355,45273
14-05-2019,17,13989,14909,8504,4426,41828,953,899,1472,3324,45152
14-05-2019,18,13999,14662,8598,4320,41579,939,868,1456,3263,44842
14-05-2019,19,14027,14749,8616,4132,41524,929,865,1447,3241,44765
14-05-2019,20,13950,14460,8350,3952,40712,922,851,1428,3201,43913
14-05-2019,21,14014,14461,8508,3812,40795,913,831,1338,3082,43877
14-05-2019,22,13729,13986,8432,3665,39812,835,738,1205,2778,42590
14-05-2019,23,12881,13183,7955,3332,37351,774,657,1111,2542,39893
15-05-2019,0,12470,12884,7668,3120,36142,737,613,1061,2411,38553
15-05-2019,1,12157,12658,7515,3008,35338,717,599,1036,2352,37690
15-05-2019,2,12026,12661,7491,2980,35158,709,593,1024,2326,37484
15-05-2019,3,11999,12862,7481,2994,35336,695,591,1033,2319,37655
15-05-2019,4,12026,12804,7678,3043,35551,712,596,1060,2368,37919
15-05-2019,5,12317,13079,8267,3198,36861,827,709,1266,2802,39663
15-05-2019,6,13627,14608,8646,3730,40611,942,848,1453,3243,43854
15-05-2019,7,14921,15836,8781,4227,43765,1020,950,1557,3527,47292
15-05-2019,8,15132,15958,8787,4462,44339,1032,994,1595,3621,47960
15-05-2019,9,14932,15664,8732,4481,43809,1018,980,1591,3589,47398
15-05-2019,10,14648,15407,8749,4556,43360,1004,964,1581,3549,46909
15-05-2019,11,14336,15281,8731,4491,42839,982,931,1572,3485,46324
15-05-2019,12,14161,15107,8709,4443,42420,1004,952,1570,3526,45946
15-05-2019,13,14086,14872,8622,4457,42037,988,937,1554,3479,45516
15-05-2019,14,13914,14579,8551,4386,41430,973,915,1527,3415,44845
15-05-2019,15,13772,14563,8516,4216,41067,954,895,1483,3332,44399
15-05-2019,16,13635,14286,8572,4173,40666,926,861,1458,3245,43911
15-05-2019,17,13659,14502,8503,4340,41004,929,851,1448,3228,44232
15-05-2019,18,13430,14358,8561,4279,40628,916,837,1434,3187,43815
15-05-2019,19,13391,14214,8461,4097,40163,907,830,1426,3163,43326
15-05-2019,20,13422,14124,8178,3904,39628,888,821,1416,3125,42753
15-05-2019,21,13181,14014,8279,3775,39249,891,819,1355,3065,42314
15-05-2019,22,13147,13732,8222,3622,38723,811,730,1205,2746,41469
15-05-2019,23,12369,13040,7871,3301,36581,750,644,1108,2502,39083
16-05-2019,0,11949,12644,7561,3081,35235,723,602,1056,2381,37616
16-05-2019,1,11662,12411,7429,2975,34477,706,589,1031,2326,36803
16-05-2019,2,11494,12313,7366,2909,34082,700,580,1027,2307,36389
16-05-2019,3,11453,12274,7322,2908,33957,685,574,1030,2289,36246
16-05-2019,4,11422,12318,7500,2966,34206,704,587,1060,2351,36557
16-05-2019,5,11582,12584,8179,3112,35457,814,701,1268,2783,38240
16-05-2019,6,12859,14137,8600,3630,39226,932,838,1452,3222,42448
16-05-2019,7,14058,15495,8728,4155,42436,1013,936,1567,3516,45952
16-05-2019,8,14401,15932,8754,4374,43461,1035,976,1601,3612,47073
16-05-2019,9,14239,15157,8705,4387,42488,1014,970,1587,3571,46059
16-05-2019,10,14008,14708,8674,4477,41867,996,951,1584,3531,45398
16-05-2019,11,13745,14577,8678,4421,41421,978,930,1580,3488,44909
16-05-2019,12,13612,14411,8528,4375,40926,993,951,1591,3535,44461
16-05-2019,13,13462,14392,8364,4434,40652,981,945,1564,3490,44142
16-05-2019,14,13352,14186,8371,4316,40225,979,920,1550,3449,43674
16-05-2019,15,13195,14092,8309,4189,39785,954,901,1506,3361,43146
16-05-2019,16,13095,14403,8326,4145,39969,939,870,1471,3280,43249
16-05-2019,17,12977,14481,8291,4254,40003,920,857,1465,3242,43245
16-05-2019,18,12473,13991,8402,4243,39109,905,843,1454,3202,42311
16-05-2019,19,12374,14016,8349,4161,38900,898,832,1436,3166,42066
16-05-2019,20,12505,14102,8021,3988,38616,882,819,1417,3118,41734
16-05-2019,21,12376,13647,8156,3823,38002,867,815,1333,3015,41017
16-05-2019,22,12151,13144,8217,3601,37113,799,735,1207,2741,39854
16-05-2019,23,11632,12680,7755,3296,35363,741,645,1113,2499,37862
17-05-2019,0,11284,11951,7503,3053,33791,709,598,1052,2359,36150
17-05-2019,1,10768,11632,7411,2922,32733,694,586,1026,2306,35039
17-05-2019,2,10483,11743,7399,2855,32480,687,587,1023,2297,34777
17-05-2019,3,10444,11822,7323,2822,32411,674,581,1029,2284,34695
17-05-2019,4,10458,12014,7506,2820,32798,693,588,1060,2341,35139
17-05-2019,5,10543,12131,8191,2833,33698,796,698,1260,2754,36452
17-05-2019,6,11051,13761,8663,2994,36469,917,839,1456,3212,39681
17-05-2019,7,11567,15142,8725,3266,38700,1001,942,1583,3526,42226
17-05-2019,8,12266,15266,8677,3543,39752,1021,983,1640,3644,43396
17-05-2019,9,12351,15287,8764,3778,40180,1004,972,1631,3607,43787
17-05-2019,10,11950,15179,8710,3890,39729,985,964,1632,3581,43310
17-05-2019,11,11607,14860,8709,3906,39082,961,936,1597,3494,42576
17-05-2019,12,11287,14597,8633,3891,38408,980,955,1590,3525,41933
17-05-2019,13,11108,14379,8499,3852,37838,968,939,1572,3479,41317
17-05-2019,14,11024,14089,8394,3793,37300,954,913,1528,3395,40695
17-05-2019,15,11141,13951,8328,3728,37148,928,895,1482,3305,40453
17-05-2019,16,11070,13776,8264,3746,36856,913,871,1444,3228,40084
17-05-2019,17,11027,13936,8218,3946,37127,900,853,1432,3185,40312
17-05-2019,18,10906,13819,8232,3910,36867,892,827,1434,3153,40020
17-05-2019,19,10945,13710,8148,3717,36520,878,814,1413,3105,39625
17-05-2019,20,10975,13541,7941,3570,36027,858,803,1395,3056,39083
17-05-2019,21,11067,13249,8131,3480,35927,840,796,1357,2993,38920
17-05-2019,22,11033,12685,8101,3318,35137,780,725,1241,2746,37883
17-05-2019,23,10879,12107,7599,3075,33660,717,646,1142,2505,36165
18-05-2019,0,10480,11463,7244,2881,32068,687,598,1084,2369,34437
18-05-2019,1,10400,11174,7076,2757,31407,665,578,1038,2281,33688
18-05-2019,2,10319,10993,6984,2685,30981,651,577,1018,2246,33227
18-05-2019,3,10324,10836,6928,2666,30754,622,561,1015,2198,32952
18-05-2019,4,10309,10704,6907,2648,30568,615,556,991,2162,32730
18-05-2019,5,10380,10626,7012,2644,30662,646,588,1058,2292,32954
18-05-2019,6,10575,11029,7241,2773,31618,689,655,1161,2505,34123
18-05-2019,7,10891,11634,7498,3040,33063,761,738,1300,2799,35862
18-05-2019,8,11517,12385,7689,3338,34929,812,801,1380,2993,37922
18-05-2019,9,12000,12931,7811,3533,36275,818,818,1412,3048,39323
18-05-2019,10,12238,13135,7814,3601,36788,807,816,1416,3039,39827
18-05-2019,11,12321,12985,7822,3580,36708,796,813,1377,2986,39694
18-05-2019,12,12293,12814,7794,3539,36440,792,817,1361,2970,39410
18-05-2019,13,12279,12747,7757,3491,36274,783,811,1340,2934,39208
18-05-2019,14,12137,12560,7781,3427,35905,781,796,1326,2903,38808
18-05-2019,15,12017,12341,7842,3391,35591,779,789,1333,2901,38492
18-05-2019,16,11950,12345,7965,3438,35698,786,778,1319,2883,38581
18-05-2019,17,12179,12670,7993,3616,36458,771,770,1305,2846,39304
18-05-2019,18,12279,12769,7960,3638,36646,769,762,1285,2816,39462
18-05-2019,19,12185,12627,7864,3472,36148,788,750,1270,2808,38956
18-05-2019,20,12007,12462,7587,3338,35394,778,736,1274,2788,38182
18-05-2019,21,11685,12221,7852,3264,35022,763,747,1268,2778,37800
18-05-2019,22,11487,12019,7819,3191,34516,724,687,1151,2562,37078
18-05-2019,23,11385,11432,7419,3018,33254,680,623,1058,2361,35615
19-05-2019,0,11125,11359,7025,2840,32349,644,584,1006,2234,34583
19-05-2019,1,10776,10925,6888,2667,31256,617,564,987,2168,33424
19-05-2019,2,10492,10517,6798,2593,30400,600,551,981,2132,32532
19-05-2019,3,10482,10258,6610,2574,29924,569,530,972,2071,31995
19-05-2019,4,10554,10084,6538,2541,29717,567,520,946,2033,31750
19-05-2019,5,10415,9958,6681,2518,29572,588,539,996,2123,31695
19-05-2019,6,10702,10156,6742,2618,30218,630,595,1076,2301,32519
19-05-2019,7,10903,10783,6969,2866,31521,703,669,1175,2547,34068
19-05-2019,8,11235,11550,7243,3159,33187,759,742,1273,2774,35961
19-05-2019,9,11625,12070,7549,3377,34621,800,777,1320,2897,37518
19-05-2019,10,11961,12431,7597,3505,35494,802,781,1313,2896,38390
19-05-2019,11,12212,12698,7632,3526,36068,798,773,1340,2911,38979
19-05-2019,12,12103,12764,7649,3490,36006,797,765,1328,2890,38896
19-05-2019,13,11881,12661,7534,3467,35543,793,762,1315,2870,38413
19-05-2019,14,11886,12472,7583,3445,35386,791,758,1311,2860,38246
19-05-2019,15,11834,12470,7664,3411,35379,794,753,1315,2862,38241
19-05-2019,16,11867,12624,7773,3470,35734,811,755,1315,2881,38615
19-05-2019,17,11877,12732,7848,3733,36190,823,758,1326,2907,39097
19-05-2019,18,12026,12696,7918,3779,36419,833,760,1335,2928,39347
19-05-2019,19,12270,12716,7851,3622,36459,836,780,1336,2952,39411
19-05-2019,20,12324,12675,7596,3507,36102,829,773,1338,2940,39042
19-05-2019,21,12269,12552,7826,3393,36040,818,752,1303,2873,38913
19-05-2019,22,12119,12096,7784,3255,35254,762,678,1169,2609,37863
19-05-2019,23,11625,11399,7267,3042,33333,696,607,1069,2372,35705
20-05-2019,0,11089,11162,6884,2857,31992,648,566,1001,2215,34207
20-05-2019,1,10705,10886,6697,2774,31062,638,558,990,2186,33248
20-05-2019,2,10572,10690,6685,2737,30684,627,548,985,2160,32844
20-05-2019,3,10621,10438,6659,2731,30449,607,543,986,2136,32585
20-05-2019,4,10418,10380,6854,2767,30419,633,561,1013,2207,32626
20-05-2019,5,10600,10927,7637,2933,32097,756,670,1235,2661,34758
20-05-2019,6,11936,12549,8255,3469,36209,897,811,1428,3136,39345
20-05-2019,7,13010,14097,8586,4017,39710,1000,908,1559,3467,43177
20-05-2019,8,13532,14893,8708,4344,41477,1036,962,1602,3600,45077
20-05-2019,9,13463,14968,8685,4433,41549,1029,976,1609,3614,45163
20-05-2019,10,13518,15019,8729,4403,41669,1031,964,1608,3603,45272
20-05-2019,11,13189,14976,8617,4400,41182,1014,946,1606,3566,44748
20-05-2019,12,13449,14915,8602,4324,41290,1052,972,1619,3643,44933
20-05-2019,13,13305,14901,8519,4423,41148,1023,971,1617,3611,44759
20-05-2019,14,13199,14896,8446,4356,40897,1008,954,1574,3536,44433
20-05-2019,15,13406,14745,8489,4234,40874,979,938,1570,3487,44361
20-05-2019,16,13387,14583,8489,4211,40670,960,907,1516,3383,44053
20-05-2019,17,13355,14668,8362,4398,40783,946,895,1485,3326,44109
20-05-2019,18,13103,14282,8404,4325,40114,924,856,1470,3250,43364
20-05-2019,19,13005,14083,8403,4113,39604,910,846,1454,3210,42814
20-05-2019,20,13100,13656,8056,3916,38728,886,825,1441,3152,41880
20-05-2019,21,12919,13274,8135,3745,38073,855,809,1381,3045,41118
20-05-2019,22,12625,12709,7914,3563,36811,772,728,1223,2723,39534
20-05-2019,23,11967,11710,7359,3224,34260,711,638,1126,2475,36735
21-05-2019,0,11221,11117,7061,3020,32419,679,597,1057,2333,34752
21-05-2019,1,10924,10905,6919,2881,31629,651,579,1039,2269,33898
21-05-2019,2,10738,10599,6854,2844,31035,655,571,1033,2259,33294
21-05-2019,3,10678,10506,6700,2849,30733,625,564,1041,2230,32963
21-05-2019,4,10891,10165,6795,2902,30753,635,579,1069,2283,33036
21-05-2019,5,11136,10524,7465,3075,32200,755,680,1263,2698,34898
21-05-2019,6,12232,12446,7956,3611,36245,901,824,1456,3181,39426
21-05-2019,7,13301,14065,8216,4148,39730,1003,941,1574,3518,43248
21-05-2019,8,13609,14481,8329,4399,40818,1033,986,1620,3639,44457
21-05-2019,9,13594,14847,8367,4475,41283,1036,990,1632,3658,44941
21-05-2019,10,13532,14808,8461,4564,41365,1021,1029,1622,3672,45037
21-05-2019,11,13465,14706,8351,4551,41073,1010,959,1610,3579,44652
21-05-2019,12,13426,14666,8318,4485,40895,1031,996,1640,3667,44562
21-05-2019,13,13234,14441,8278,4568,40521,1027,985,1620,3632,44153
21-05-2019,14,13179,14176,8296,4491,40142,1028,977,1615,3620,43762
21-05-2019,15,13167,14403,8245,4354,40169,998,965,1578,3541,43710
21-05-2019,16,13044,14025,8271,4320,39660,980,930,1545,3455,43115
21-05-2019,17,12958,14124,8126,4532,39740,955,922,1506,3383,43123
21-05-2019,18,12909,14000,8191,4449,39549,940,888,1493,3321,42870
21-05-2019,19,12917,13772,8139,4232,39060,918,873,1473,3264,42324
21-05-2019,20,12890,13526,7753,4007,38176,891,851,1449,3191,41367
21-05-2019,21,12698,13091,7770,3827,37386,863,829,1400,3092,40478
21-05-2019,22,12356,12358,7607,3577,35898,790,743,1253,2786,38684
21-05-2019,23,11507,11373,7065,3286,33231,724,655,1145,2524,35755
22-05-2019,0,10985,10782,6754,3059,31580,687,617,1067,2371,33951
22-05-2019,1,10663,10711,6591,2958,30923,666,599,1044,2309,33232
22-05-2019,2,10351,10452,6513,2912,30228,659,591,1042,2292,32520
22-05-2019,3,10242,10537,6473,2888,30140,635,579,1040,2254,32394
22-05-2019,4,10329,10280,6698,2940,30247,648,594,1066,2308,32555
22-05-2019,5,10529,10616,7414,3126,31685,761,704,1263,2728,34413
22-05-2019,6,11730,12251,8075,3666,35722,897,846,1442,3185,38907
22-05-2019,7,12821,13981,8199,4250,39251,994,958,1546,3498,42749
22-05-2019,8,13070,14647,8322,4522,40561,1017,999,1598,3614,44175
22-05-2019,9,13036,14515,8337,4590,40478,1013,1001,1594,3608,44086
22-05-2019,10,12962,14693,8433,4650,40738,1004,992,1596,3592,44330
22-05-2019,11,12863,14721,8434,4619,40637,987,973,1588,3548,44185
22-05-2019,12,12981,14731,8393,4560,40665,1013,997,1625,3635,44300
22-05-2019,13,13057,14646,8344,4550,40597,1003,1002,1611,3616,44213
22-05-2019,14,13196,14163,8324,4454,40137,1003,1003,1607,3613,43750
22-05-2019,15,13235,13796,8187,4333,39551,978,978,1576,3532,43083
22-05-2019,16,13340,13761,8226,4344,39671,969,953,1534,3456,43127
22-05-2019,17,13264,13629,8169,4536,39598,950,914,1495,3359,42957
22-05-2019,18,13096,13536,8233,4413,39278,931,892,1479,3302,42580
22-05-2019,19,13057,13717,8128,4137,39039,916,875,1456,3247,42286
22-05-2019,20,12995,13444,7716,3925,38080,883,846,1419,3148,41228
22-05-2019,21,13113,13154,7773,3774,37814,857,834,1390,3081,40895
22-05-2019,22,12847,12467,7620,3608,36542,791,756,1254,2801,39343
22-05-2019,23,11993,11728,7120,3315,34156,727,674,1134,2535,36691
23-05-2019,0,11199,11329,6869,3073,32470,690,629,1071,2390,34860
23-05-2019,1,10848,10925,6685,3014,31472,667,611,1047,2325,33797
23-05-2019,2,10676,10686,6620,2918,30900,660,602,1037,2299,33199
23-05-2019,3,10615,10737,6518,2940,30810,633,587,1035,2255,33065
23-05-2019,4,10631,10732,6726,2979,31068,649,595,1063,2307,33375
23-05-2019,5,10809,11376,7522,3092,32799,766,701,1252,2719,35518
23-05-2019,6,12013,13042,8264,3598,36917,892,838,1445,3175,40092
23-05-2019,7,13226,14418,8502,4173,40319,988,955,1563,3506,43825
23-05-2019,8,13634,14773,8568,4398,41373,1019,997,1612,3628,45001
23-05-2019,9,13495,14942,8671,4438,41546,1017,1005,1622,3644,45190
23-05-2019,10,13508,14837,8679,4525,41549,1008,989,1624,3621,45170
23-05-2019,11,13361,14815,8720,4498,41394,982,962,1603,3547,44941
23-05-2019,12,13337,14795,8633,4426,41191,999,986,1629,3614,44805
23-05-2019,13,13294,15002,8549,4413,41258,983,984,1616,3583,44841
23-05-2019,14,13242,14772,8584,4334,40932,978,977,1618,3573,44505
23-05-2019,15,13348,14871,8533,4236,40988,953,956,1587,3496,44484
23-05-2019,16,13311,14772,8495,4177,40755,941,918,1518,3377,44132
23-05-2019,17,13528,14791,8449,4295,41063,919,898,1508,3325,44388
23-05-2019,18,13384,14665,8459,4228,40736,899,854,1456,3209,43945
23-05-2019,19,13346,14398,8377,4054,40175,886,845,1443,3174,43349
23-05-2019,20,13168,14329,8077,3868,39442,861,832,1425,3118,42560
23-05-2019,21,13160,13873,8190,3721,38944,845,809,1366,3020,41964
23-05-2019,22,12816,13246,8048,3573,37683,783,741,1224,2748,40431
23-05-2019,23,12279,12379,7536,3269,35463,721,659,1129,2509,37972
24-05-2019,0,11874,11610,7210,3044,33738,680,603,1066,2349,36087
24-05-2019,1,11511,11300,7067,2946,32824,655,584,1033,2272,35096
24-05-2019,2,11474,11318,7073,2873,32738,643,578,1025,2246,34984
24-05-2019,3,11339,11405,7128,2881,32753,631,568,1024,2223,34976
24-05-2019,4,11349,11343,7332,2921,32945,648,584,1052,2284,35229
24-05-2019,5,11573,11875,7996,3080,34524,766,687,1249,2702,37226
24-05-2019,6,12569,13559,8565,3599,38292,903,819,1440,3162,41454
24-05-2019,7,13742,14991,8960,4158,41851,1015,928,1551,3494,45345
24-05-2019,8,14208,15322,8994,4307,42831,1049,965,1587,3601,46432
24-05-2019,9,14132,15215,9012,4383,42742,1050,963,1589,3602,46344
24-05-2019,10,14012,15311,9066,4511,42900,1047,949,1590,3586,46486
24-05-2019,11,13866,15049,9023,4373,42311,1024,916,1570,3510,45821
24-05-2019,12,13772,14747,8928,4222,41669,1043,931,1595,3569,45238
24-05-2019,13,13577,14533,8817,4168,41095,1021,914,1575,3510,44605
24-05-2019,14,13505,14377,8865,4044,40791,1004,891,1554,3449,44240
24-05-2019,15,13393,14144,8865,3942,40344,968,877,1525,3370,43714
24-05-2019,16,13286,13875,8896,3969,40026,942,850,1482,3274,43300
24-05-2019,17,13221,14036,8939,4139,40335,919,835,1455,3209,43544
24-05-2019,18,13307,14077,8948,4094,40426,904,805,1420,3129,43555
24-05-2019,19,13096,13985,8885,3874,39840,886,792,1395,3073,42913
24-05-2019,20,12876,13627,8489,3638,38630,864,778,1368,3010,41640
24-05-2019,21,12685,13201,8495,3477,37858,848,776,1334,2958,40816
24-05-2019,22,12560,12731,8416,3315,37022,799,722,1227,2748,39770
24-05-2019,23,12376,12103,7909,3110,35498,738,645,1127,2510,38008
25-05-2019,0,12016,11593,7514,2908,34031,706,606,1065,2377,36408
25-05-2019,1,11590,11512,7322,2775,33199,681,580,1018,2279,35478
25-05-2019,2,11419,11336,7170,2673,32598,666,565,997,2228,34826
25-05-2019,3,11327,11248,7077,2639,32291,631,547,984,2162,34453
25-05-2019,4,11215,10992,7162,2628,31997,622,545,976,2143,34140
25-05-2019,5,11162,11049,7388,2621,32220,658,583,1034,2275,34495
25-05-2019,6,11425,11507,7614,2790,33336,709,647,1135,2491,35827
25-05-2019,7,11727,11939,7872,3059,34597,785,722,1251,2758,37355
25-05-2019,8,12264,12829,8200,3339,36632,844,787,1353,2984,39616
25-05-2019,9,12844,13269,8377,3487,37977,879,800,1379,3058,41035
25-05-2019,10,13073,13379,8433,3592,38477,876,798,1376,3050,41527
25-05-2019,11,13081,13466,8452,3559,38558,869,793,1379,3041,41599
25-05-2019,12,13044,13272,8424,3510,38250,862,787,1376,3025,41275
25-05-2019,13,12915,13100,8397,3477,37889,849,775,1351,2975,40864
25-05-2019,14,12784,12730,8445,3411,37370,831,762,1338,2931,40301
25-05-2019,15,12720,12463,8501,3387,37071,825,750,1318,2893,39964
25-05-2019,16,12703,12430,8571,3442,37146,832,751,1306,2889,40035
25-05-2019,17,12799,12663,8686,3641,37789,843,786,1281,2910,40699
25-05-2019,18,13007,12727,8832,3654,38220,838,793,1262,2893,41113
25-05-2019,19,12871,12677,8632,3502,37682,833,767,1254,2854,40536
25-05-2019,20,12737,12649,8252,3357,36995,813,727,1242,2782,39777
25-05-2019,21,12493,12478,8411,3245,36627,808,728,1234,2770,39397
25-05-2019,22,12313,12166,8372,3150,36001,764,681,1150,2595,38596
25-05-2019,23,12015,11896,7932,2946,34789,711,619,1058,2388,37177
26-05-2019,0,11513,11464,7595,2781,33353,667,575,1008,2250,35603
26-05-2019,1,11138,11123,7338,2665,32264,647,553,970,2170,34434
26-05-2019,2,11112,11012,7226,2595,31945,652,543,951,2146,34091
26-05-2019,3,11110,10850,7089,2573,31622,609,522,945,2076,33698
26-05-2019,4,11140,10759,7110,2553,31562,610,516,930,2056,33618
26-05-2019,5,10968,10812,7204,2540,31524,626,550,981,2157,33681
26-05-2019,6,11272,11248,7423,2645,32588,665,598,1057,2320,34908
26-05-2019,7,11495,11738,7669,2876,33778,731,677,1166,2574,36352
26-05-2019,8,11861,12350,7905,3180,35296,788,732,1255,2775,38071
26-05-2019,9,12345,12816,8065,3373,36599,820,758,1308,2886,39485
26-05-2019,10,12685,13282,8276,3487,37730,835,762,1332,2929,40659
26-05-2019,11,12824,13511,8343,3537,38215,841,764,1318,2923,41138
26-05-2019,12,12744,13683,8317,3520,38264,843,768,1314,2925,41189
26-05-2019,13,12611,13642,8234,3492,37979,849,769,1300,2918,40897
26-05-2019,14,12539,13303,8303,3454,37599,853,758,1283,2894,40493
26-05-2019,15,12543,13055,8338,3405,37341,862,757,1284,2903,40244
26-05-2019,16,12490,13153,8374,3480,37497,865,758,1294,2917,40414
26-05-2019,17,12353,13430,8423,3825,38031,868,762,1308,2938,40969
26-05-2019,18,12625,13599,8503,3841,38568,874,762,1325,2961,41529
26-05-2019,19,12748,13850,8422,3694,38714,859,771,1335,2965,41679
26-05-2019,20,12796,13640,8135,3501,38072,843,761,1309,2913,40985
26-05-2019,21,12806,13436,8371,3393,38006,815,729,1273,2817,40823
26-05-2019,22,12639,13088,8343,3251,37321,766,662,1160,2588,39909
26-05-2019,23,12389,12512,7951,2992,35844,719,594,1063,2376,38220
27-05-2019,0,11989,12075,7636,2814,34514,676,548,988,2212,36726
27-05-2019,1,11614,11958,7421,2731,33724,649,543,958,2150,35874
27-05-2019,2,11481,11996,7380,2685,33542,645,548,952,2145,35687
27-05-2019,3,11562,11819,7250,2655,33286,638,533,952,2123,35409
27-05-2019,4,11460,11833,7481,2667,33441,658,557,991,2206,35647
27-05-2019,5,11669,12106,8263,2865,34903,771,658,1209,2638,37541
27-05-2019,6,13001,13762,8776,3420,38959,912,785,1392,3089,42048
27-05-2019,7,14541,15303,8962,3977,42783,1024,895,1523,3442,46225
27-05-2019,8,14696,15886,9097,4299,43978,1073,939,1581,3593,47571
27-05-2019,9,14411,15855,9035,4357,43658,1069,947,1589,3605,47263
27-05-2019,10,14323,15694,9051,4429,43497,1059,952,1590,3601,47098
27-05-2019,11,14343,15769,9153,4433,43698,1042,930,1579,3551,47249
27-05-2019,12,14199,15783,9104,4314,43400,1064,950,1593,3607,47007
27-05-2019,13,14109,15469,9013,4339,42930,1042,940,1574,3556,46486
27-05-2019,14,14060,15445,8908,4260,42673,1041,932,1582,3555,46228
27-05-2019,15,13989,15297,8785,4116,42187,1017,894,1552,3463,45650
27-05-2019,16,14099,15111,8728,4132,42070,999,904,1518,3421,45491
27-05-2019,17,13960,15524,8613,4380,42477,981,883,1500,3364,45841
27-05-2019,18,13817,15404,8617,4257,42095,964,849,1458,3271,45366
27-05-2019,19,13740,15265,8555,4014,41574,949,827,1432,3208,44782
27-05-2019,20,13655,14964,8384,3789,40792,916,799,1393,3108,43900
27-05-2019,21,13576,14564,8452,3619,40211,889,771,1334,2994,43205
27-05-2019,22,13394,13923,8336,3448,39101,814,704,1203,2721,41822
27-05-2019,23,12844,13198,7823,3151,37016,745,619,1105,2469,39485
28-05-2019,0,12334,12699,7572,2944,35549,721,585,1057,2363,37912
28-05-2019,1,11946,12427,7434,2827,34634,699,569,1011,2279,36913
28-05-2019,2,11980,12289,7374,2799,34442,687,557,1004,2248,36690
28-05-2019,3,11912,12205,7298,2822,34237,666,542,999,2207,36444
28-05-2019,4,11943,12118,7469,2826,34356,686,573,1030,2289,36645
28-05-2019,5,12313,12628,8137,2994,36072,807,682,1228,2717,38789
28-05-2019,6,13636,14159,8621,3539,39955,937,818,1434,3189,43144
28-05-2019,7,14576,15557,8874,4033,43040,1034,920,1557,3511,46551
28-05-2019,8,14930,15854,8913,4270,43967,1060,969,1633,3662,47629
28-05-2019,9,14683,15824,8818,4328,43653,1051,979,1646,3676,47329
28-05-2019,10,14740,15918,8861,4471,43990,1037,971,1655,3663,47653
28-05-2019,11,14354,15623,8919,4408,43304,1024,953,1627,3604,46908
28-05-2019,12,14214,15565,8822,4395,42996,1048,986,1645,3679,46675
28-05-2019,13,14207,15424,8853,4373,42857,1032,977,1622,3631,46488
28-05-2019,14,14103,15164,8794,4324,42385,1025,965,1602,3592,45977
28-05-2019,15,13848,14895,8728,4152,41623,999,946,1554,3499,45122
28-05-2019,16,13994,14773,8694,4133,41594,992,905,1514,3411,45005
28-05-2019,17,13796,14722,8705,4294,41517,975,895,1499,3369,44886
28-05-2019,18,13692,14501,8701,4195,41089,952,863,1471,3286,44375
28-05-2019,19,13667,14474,8722,4006,40869,931,845,1462,3238,44107
28-05-2019,20,13798,14538,8394,3805,40535,895,826,1439,3160,43695
28-05-2019,21,13819,14270,8395,3642,40126,857,798,1364,3019,43145
28-05-2019,22,13533,13665,8271,3510,38979,781,727,1220,2728,41707
28-05-2019,23,12906,13094,7826,3233,37059,720,647,1124,2491,39550
29-05-2019,0,12480,12451,7477,3029,35437,682,604,1057,2343,37780
29-05-2019,1,12157,12143,7306,2918,34524,666,586,1037,2289,36813
29-05-2019,2,12046,12245,7238,2879,34408,663,574,1029,2266,36674
29-05-2019,3,12030,12139,7237,2886,34292,648,566,1022,2236,36528
29-05-2019,4,11949,12229,7413,2889,34480,667,591,1051,2309,36789
29-05-2019,5,12152,12934,8030,3055,36171,779,697,1238,2714,38885
29-05-2019,6,13515,14607,8585,3530,40237,924,829,1423,3176,43413
29-05-2019,7,14883,15566,8818,4114,43381,1031,946,1565,3542,46923
29-05-2019,8,14940,15307,8928,4327,43502,1050,995,1623,3668,47170
29-05-2019,9,14846,15515,8880,4364,43605,1044,998,1617,3659,47264
29-05-2019,10,14781,15792,8897,4409,43879,1034,983,1615,3632,47511
29-05-2019,11,14491,15489,8979,4425,43384,1011,955,1593,3559,46943
29-05-2019,12,14343,15359,8898,4357,42957,1026,975,1599,3600,46557
29-05-2019,13,14079,15347,8874,4305,42605,996,970,1584,3550,46155
29-05-2019,14,14057,15352,8740,4196,42345,976,950,1553,3479,45824
29-05-2019,15,13946,14934,8643,4052,41575,950,928,1532,3410,44985
29-05-2019,16,13819,14785,8629,4005,41238,936,895,1467,3298,44536
29-05-2019,17,13701,15181,8557,4117,41556,922,872,1453,3247,44803
29-05-2019,18,13746,14986,8669,4082,41483,911,851,1433,3195,44678
29-05-2019,19,13607,14550,8657,3886,40700,904,829,1414,3147,43847
29-05-2019,20,13569,14367,8414,3714,40064,899,803,1385,3087,43151
29-05-2019,21,13333,14506,8414,3560,39813,860,782,1335,2977,42790
29-05-2019,22,13197,13924,8361,3442,38924,814,722,1210,2746,41670
29-05-2019,23,12678,13530,8013,3198,37419,757,630,1112,2499,39918
30-05-2019,0,12266,12849,7738,3009,35862,725,593,1059,2377,38239
30-05-2019,1,11987,12245,7550,2871,34653,707,575,1025,2307,36960
30-05-2019,2,11724,12045,7488,2826,34083,697,568,1016,2281,36364
30-05-2019,3,11749,11844,7372,2819,33784,678,543,1013,2234,36018
30-05-2019,4,11627,11649,7467,2782,33525,700,571,1046,2317,35842
30-05-2019,5,11656,11717,7801,2772,33946,810,683,1234,2727,36673
30-05-2019,6,11953,12127,8043,2914,35037,927,813,1411,3151,38188
30-05-2019,7,12404,12867,8256,3175,36702,1016,923,1528,3467,40169
30-05-2019,8,12857,12813,8435,3437,37542,1032,967,1562,3561,41103
30-05-2019,9,13438,13469,8483,3676,39066,1015,961,1552,3528,42594
30-05-2019,10,13892,13814,8503,3800,40009,1005,950,1553,3508,43517
30-05-2019,11,14082,13887,8522,3825,40316,988,921,1542,3451,43767
30-05-2019,12,14077,13994,8423,3788,40282,1008,945,1554,3507,43789
30-05-2019,13,13821,13803,8349,3807,39780,999,936,1536,3471,43251
30-05-2019,14,13872,13805,8246,3774,39697,985,905,1517,3407,43104
30-05-2019,15,13808,13973,8311,3698,39790,961,897,1480,3338,43128
30-05-2019,16,13527,14141,8295,3720,39683,947,866,1457,3270,42953
30-05-2019,17,13328,14373,8313,3903,39917,937,854,1437,3228,43145
30-05-2019,18,13154,14382,8339,3870,39745,924,831,1423,3178,42923
30-05-2019,19,13063,14287,8403,3669,39422,913,824,1410,3147,42569
30-05-2019,20,12978,13968,8122,3492,38560,891,796,1386,3073,41633
30-05-2019,21,13107,13565,8255,3334,38261,862,778,1348,2988,41249
30-05-2019,22,13098,13071,8246,3219,37634,812,716,1229,2757,40391
30-05-2019,23,12850,12747,7840,2980,36417,753,645,1133,2531,38948
31-05-2019,0,12316,12289,7605,2769,34979,716,593,1058,2367,37346
31-05-2019,1,12104,12108,7492,2640,34344,692,572,1037,2301,36645
31-05-2019,2,11983,12285,7425,2605,34298,658,560,1029,2247,36545
31-05-2019,3,11946,11891,7378,2630,33845,631,537,1018,2186,36031
31-05-2019,4,11932,11469,7578,2622,33601,666,566,1053,2285,35886
31-05-2019,5,12217,11968,8180,2704,35069,779,680,1249,2708,37777
31-05-2019,6,13046,13235,8653,2974,37908,911,805,1422,3138,41046
31-05-2019,7,13838,14247,8886,3342,40313,1018,919,1550,3487,43800
31-05-2019,8,14377,14893,8979,3679,41928,1064,948,1592,3604,45532
31-05-2019,9,14265,15011,8965,3830,42071,1063,964,1594,3621,45692
31-05-2019,10,14312,15055,8930,3893,42190,1046,943,1602,3591,45781
31-05-2019,11,14024,14753,8983,3855,41615,1023,923,1584,3530,45145
31-05-2019,12,13832,14472,8903,3778,40985,1033,943,1602,3578,44563
31-05-2019,13,13669,14087,8873,3746,40375,1012,935,1568,3515,43890
31-05-2019,14,13573,13924,8848,3648,39993,987,919,1546,3452,43445
31-05-2019,15,13396,13625,8776,3570,39367,953,892,1507,3352,42719
31-05-2019,16,13351,13471,8750,3566,39138,929,867,1484,3280,42418
31-05-2019,17,13373,13832,8728,3741,39674,911,854,1458,3223,42897
31-05-2019,18,13319,13652,8815,3748,39534,892,834,1441,3167,42701
31-05-2019,19,13264,13357,8778,3543,38942,877,818,1423,3118,42060
31-05-2019,20,13015,13356,8445,3344,38160,851,785,1376,3012,41172
31-05-2019,21,12788,12947,8462,3230,37427,830,760,1324,2914,40341
31-05-2019,22,12711,12808,8403,3177,37099,795,704,1214,2713,39812
31-05-2019,23,12298,12436,7988,2981,35703,735,633,1124,2492,38195
01-06-2019,0,11836,12074,7627,2762,34299,702,588,1062,2352,36651
01-06-2019,1,11736,11762,7478,2640,33616,674,573,1039,2286,35902
01-06-2019,2,11555,11592,7330,2584,33061,658,566,1028,2252,35313
01-06-2019,3,11437,11441,7202,2553,32633,620,536,1007,2163,34796
01-06-2019,4,11319,11217,7311,2515,32362,625,541,982,2148,34510
01-06-2019,5,11289,11185,7518,2512,32504,652,578,1053,2283,34787
01-06-2019,6,11439,11232,7646,2655,32972,700,646,1161,2507,35479
01-06-2019,7,11780,11826,7747,2925,34278,764,725,1270,2759,37037
01-06-2019,8,12407,12456,7869,3234,35966,808,771,1350,2929,38895
01-06-2019,9,12927,13047,7953,3434,37361,813,793,1372,2978,40339
01-06-2019,10,13295,13409,7973,3520,38197,795,788,1373,2956,41153
01-06-2019,11,13321,13474,8027,3532,38354,773,773,1360,2906,41260
01-06-2019,12,13022,13374,7963,3503,37862,771,771,1335,2877,40739
01-06-2019,13,12903,13446,7851,3467,37667,763,768,1321,2852,40519
01-06-2019,14,12714,13373,7888,3402,37377,775,756,1301,2832,40209
01-06-2019,15,12496,13102,7999,3378,36975,785,750,1299,2834,39809
01-06-2019,16,12659,13087,8097,3382,37225,786,742,1287,2815,40040
01-06-2019,17,12698,13329,8268,3582,37877,789,731,1283,2803,40680
01-06-2019,18,12769,13163,8361,3570,37863,793,731,1266,2790,40653
01-06-2019,19,12614,13148,8293,3372,37427,788,733,1251,2772,40199
01-06-2019,20,12430,12978,7998,3225,36631,778,720,1231,2729,39360
01-06-2019,21,12355,12735,8121,3116,36327,767,713,1220,2700,39027
01-06-2019,22,12196,12594,8145,3062,35997,741,667,1156,2564,38561
01-06-2019,23,12057,11968,7853,2903,34781,678,604,1065,2347,37128
02-06-2019,0,11781,11686,7580,2711,33758,645,565,1016,2226,35984
02-06-2019,1,11364,11435,7425,2576,32800,614,539,967,2120,34920
02-06-2019,2,11197,11089,7258,2508,32052,606,524,949,2079,34131
02-06-2019,3,11398,10971,7169,2498,32036,574,494,929,1997,34033
02-06-2019,4,11165,10510,7164,2463,31302,576,496,917,1989,33291
02-06-2019,5,11225,10522,7204,2465,31416,605,533,973,2111,33527
02-06-2019,6,11360,10926,7289,2587,32162,647,583,1056,2286,34448
02-06-2019,7,11532,11480,7524,2817,33353,719,661,1169,2549,35902
02-06-2019,8,11778,12045,7795,3094,34712,776,719,1267,2762,37474
02-06-2019,9,12157,12636,8058,3279,36130,801,745,1302,2848,38978
02-06-2019,10,12495,12769,8116,3394,36774,805,754,1313,2872,39646
02-06-2019,11,12367,12857,8087,3412,36723,800,746,1307,2853,39576
02-06-2019,12,12300,12882,7952,3390,36524,790,748,1284,2822,39346
02-06-2019,13,12141,12679,7881,3384,36085,788,740,1273,2801,38886
02-06-2019,14,12237,12436,7889,3339,35901,776,739,1265,2780,38681
02-06-2019,15,12268,12461,7880,3337,35946,774,740,1258,2772,38718
02-06-2019,16,12463,12565,7911,3405,36344,781,740,1270,2791,39135
02-06-2019,17,12614,12951,8001,3658,37224,787,743,1266,2796,40020
02-06-2019,18,12788,13100,8089,3655,37632,786,742,1282,2810,40442
02-06-2019,19,13267,13317,8124,3514,38222,788,747,1293,2828,41050
02-06-2019,20,13077,13203,7996,3371,37647,771,735,1274,2780,40427
02-06-2019,21,12863,12638,8225,3218,36944,749,712,1252,2713,39657
02-06-2019,22,12453,12202,8255,3200,36110,724,673,1143,2540,38650
02-06-2019,23,11984,11486,7918,3012,34400,673,600,1043,2316,36716
03-06-2019,0,11531,11178,7658,2874,33241,629,565,977,2171,35412
03-06-2019,1,11298,11013,7463,2754,32528,622,556,955,2133,34661
03-06-2019,2,11172,10750,7366,2714,32002,597,552,954,2103,34105
03-06-2019,3,10991,10400,7323,2714,31428,576,531,947,2054,33482
03-06-2019,4,10967,10602,7550,2748,31867,606,552,990,2148,34015
03-06-2019,5,11617,11296,8233,2874,34020,709,650,1205,2564,36584
03-06-2019,6,13051,13033,8631,3401,38116,830,778,1390,2998,41114
03-06-2019,7,14031,14831,8718,3904,41484,923,886,1502,3311,44795
03-06-2019,8,14234,15202,8796,4203,42435,953,937,1570,3460,45895
03-06-2019,9,13935,15483,8787,4336,42541,939,948,1569,3456,45997
03-06-2019,10,13885,15629,8813,4346,42673,936,943,1572,3451,46124
03-06-2019,11,13897,15544,8934,4348,42723,916,927,1552,3395,46118
03-06-2019,12,13748,15464,8850,4249,42311,934,954,1582,3470,45781
03-06-2019,13,13495,15471,8782,4300,42048,925,941,1575,3441,45489
03-06-2019,14,13382,15418,8713,4151,41664,915,932,1572,3419,45083
03-06-2019,15,13482,14782,8712,3979,40955,901,914,1554,3369,44324
03-06-2019,16,13621,14727,8728,3978,41054,892,886,1516,3294,44348
03-06-2019,17,13600,15223,8692,4126,41641,885,871,1496,3252,44893
03-06-2019,18,13515,14979,8787,4049,41330,867,849,1475,3191,44521
03-06-2019,19,13409,14838,8650,3804,40701,862,846,1440,3148,43849
03-06-2019,20,12995,13993,8375,3644,39007,843,821,1408,3072,42079
03-06-2019,21,12823,14680,8426,3516,39445,799,791,1364,2954,42399
03-06-2019,22,12559,17817,8334,3384,42094,741,728,1249,2718,44812
03-06-2019,23,11973,17144,7970,3146,40233,681,638,1134,2453,42686
04-06-2019,0,11763,12006,7652,2907,34328,641,592,1070,2303,36631
04-06-2019,1,11465,11527,7435,2796,33223,621,570,1037,2228,35451
04-06-2019,2,11221,11331,7355,2735,32642,614,559,1025,2198,34840
04-06-2019,3,11140,11290,7269,2735,32434,576,533,1012,2121,34555
04-06-2019,4,11094,11034,7494,2758,32380,605,556,1055,2216,34596
04-06-2019,5,11475,11681,8151,2923,34230,723,666,1256,2645,36875
04-06-2019,6,12595,13073,8717,3432,37817,859,798,1424,3081,40898
04-06-2019,7,13796,14304,8889,3988,40977,950,915,1538,3403,44380
04-06-2019,8,14037,14919,8625,4224,41805,977,970,1622,3569,45374
04-06-2019,9,13821,15213,8610,4249,41893,969,984,1631,3584,45477
04-06-2019,10,13947,15341,8799,4285,42372,980,971,1634,3585,45957
04-06-2019,11,13516,15277,8901,4288,41982,962,955,1632,3549,45531
04-06-2019,12,13237,14709,8833,4253,41032,991,991,1657,3639,44671
04-06-2019,13,13194,14609,8721,4262,40786,952,981,1640,3573,44359
04-06-2019,14,13300,14456,8628,4172,40556,940,968,1630,3538,44094
04-06-2019,15,13262,14214,8528,4031,40035,924,949,1594,3467,43502
04-06-2019,16,13350,14501,8500,3959,40310,913,914,1555,3382,43692
04-06-2019,17,13460,14501,8482,4086,40529,893,895,1527,3315,43844
04-06-2019,18,13060,14000,8538,3996,39594,878,870,1505,3253,42847
04-06-2019,19,13088,13902,8461,3823,39274,866,857,1478,3201,42475
04-06-2019,20,13049,13758,8077,3606,38490,841,831,1438,3110,41600
04-06-2019,21,12852,13244,7983,3447,37526,795,803,1396,2994,40520
04-06-2019,22,12694,12868,7905,3319,36786,744,753,1271,2768,39554
04-06-2019,23,12268,12214,7457,3050,34989,684,662,1155,2501,37490
05-06-2019,0,11769,11637,7123,2788,33317,632,613,1095,2340,35657
05-06-2019,1,11349,11192,6963,2653,32157,619,587,1059,2265,34422
05-06-2019,2,11285,10959,6868,2580,31692,597,572,1055,2224,33916
05-06-2019,3,11234,10878,6813,2563,31488,577,549,1034,2160,33648
05-06-2019,4,11199,10442,7066,2559,31266,608,582,1066,2256,33522
05-06-2019,5,11560,10828,7807,2621,32816,718,689,1259,2666,35482
05-06-2019,6,12703,12398,8301,2837,36239,847,814,1444,3105,39344
05-06-2019,7,14089,14075,8507,3167,39838,956,928,1564,3448,43286
05-06-2019,8,14424,14489,8618,3515,41046,984,968,1628,3580,44626
05-06-2019,9,14342,14591,8696,3654,41283,988,982,1636,3606,44889
05-06-2019,10,14339,14797,8707,3673,41516,980,982,1650,3612,45128
05-06-2019,11,14289,14910,8706,3714,41619,960,964,1640,3564,45183
05-06-2019,12,14147,14719,8649,3673,41188,979,984,1671,3634,44822
05-06-2019,13,13832,14665,8624,3618,40739,974,980,1656,3610,44349
05-06-2019,14,13698,14468,8590,3536,40292,976,966,1639,3581,43873
05-06-2019,15,14034,14154,8626,3505,40319,954,945,1621,3520,43839
05-06-2019,16,13747,13857,8551,3585,39740,936,910,1582,3428,43168
05-06-2019,17,13515,13964,8463,3813,39755,916,892,1539,3347,43102
05-06-2019,18,13183,13786,8494,3741,39204,895,869,1484,3248,42452
05-06-2019,19,13133,13616,8399,3544,38692,878,850,1467,3195,41887
05-06-2019,20,13154,13081,8073,3395,37703,852,835,1449,3136,40839
05-06-2019,21,12989,12580,8044,3335,36948,811,813,1396,3020,39968
05-06-2019,22,12634,12325,7828,3229,36016,761,741,1278,2780,38796
05-06-2019,23,12094,11638,7391,3039,34162,679,682,1171,2532,36694
06-06-2019,0,11436,10516,7077,2869,31898,640,601,1097,2338,34236
06-06-2019,1,11092,9973,6893,2717,30675,625,579,1074,2278,32953
06-06-2019,2,10986,9909,6696,2648,30239,635,565,1066,2266,32505
06-06-2019,3,10824,9654,6649,2655,29782,618,545,1053,2216,31998
06-06-2019,4,10670,9400,6910,2652,29632,642,576,1086,2304,31936
06-06-2019,5,11043,9837,7668,2790,31338,753,678,1283,2714,34052
06-06-2019,6,12126,10460,8294,3310,34190,893,810,1464,3167,37357
06-06-2019,7,13053,11371,8683,3882,36989,1010,939,1587,3536,40525
06-06-2019,8,13266,12221,8825,4105,38417,1039,998,1648,3685,42102
06-06-2019,9,13194,12680,8929,4345,39148,1034,1007,1645,3686,42834
06-06-2019,10,13079,13017,8870,4538,39504,1027,997,1652,3676,43180
06-06-2019,11,13213,12767,9021,4565,39566,1015,975,1642,3632,43198
06-06-2019,12,12890,12781,8884,4492,39047,1030,999,1669,3698,42745
06-06-2019,13,12935,12557,8836,4549,38877,1014,988,1666,3668,42545
06-06-2019,14,13220,12442,8720,4497,38879,1017,979,1666,3662,42541
06-06-2019,15,13069,12293,8830,4355,38547,987,965,1647,3599,42146
06-06-2019,16,13367,12283,8771,4271,38692,970,924,1579,3473,42165
06-06-2019,17,13589,12481,8672,4458,39200,950,891,1549,3390,42590
06-06-2019,18,13613,12721,8678,4364,39376,938,872,1502,3312,42688
06-06-2019,19,13427,12608,8599,4161,38795,925,850,1483,3258,42053
06-06-2019,20,13103,12414,8271,3901,37689,890,825,1445,3160,40849
06-06-2019,21,12838,12070,8304,3689,36901,843,793,1408,3044,39945
06-06-2019,22,12723,11699,8172,3483,36077,794,750,1309,2853,38930
06-06-2019,23,12277,11058,7738,3176,34249,725,668,1192,2585,36834
07-06-2019,0,11550,10472,7391,2975,32388,690,616,1131,2437,34825
07-06-2019,1,11004,10200,7135,2852,31191,662,592,1086,2340,33531
07-06-2019,2,10834,10069,7007,2797,30707,643,575,1074,2292,32999
07-06-2019,3,10626,9794,6953,2798,30171,621,553,1057,2231,32402
07-06-2019,4,10500,9788,7176,2807,30271,651,589,1096,2336,32607
07-06-2019,5,10851,10269,7896,2951,31967,766,692,1295,2753,34720
07-06-2019,6,11826,11716,8453,3470,35465,895,819,1466,3180,38645
07-06-2019,7,12971,12986,8614,4029,38600,989,932,1588,3509,42109
07-06-2019,8,13542,13453,8804,4292,40091,1032,993,1647,3672,43763
07-06-2019,9,13598,13412,8827,4363,40200,1033,998,1644,3675,43875
07-06-2019,10,13497,13573,8892,4443,40405,1027,994,1654,3675,44080
07-06-2019,11,13351,13700,8997,4405,40453,1013,980,1655,3648,44101
07-06-2019,12,13230,13690,8993,4272,40185,1034,997,1680,3711,43896
07-06-2019,13,13187,13510,8919,3870,39486,1019,980,1653,3652,43138
07-06-2019,14,13072,13350,8703,3999,39124,1001,965,1619,3585,42709
07-06-2019,15,12817,13309,8768,3859,38753,969,944,1586,3499,42252
07-06-2019,16,12888,13324,8707,3907,38826,952,908,1555,3415,42241
07-06-2019,17,12705,13410,8605,4022,38742,912,879,1509,3300,42042
07-06-2019,18,12487,12995,8527,3983,37992,886,844,1479,3209,41201
07-06-2019,19,12623,12839,8446,3775,37683,881,820,1443,3144,40827
07-06-2019,20,12351,12799,8131,3573,36854,865,791,1390,3046,39900
07-06-2019,21,12164,12262,8079,3484,35989,816,771,1356,2943,38932
07-06-2019,22,11907,11969,7911,3356,35143,785,741,1274,2800,37943
07-06-2019,23,11748,11550,7441,3148,33887,732,660,1176,2568,36455
08-06-2019,0,11318,10838,7160,2867,32183,695,623,1108,2426,34609
08-06-2019,1,10816,10443,6997,2771,31027,665,595,1063,2323,33350
08-06-2019,2,10568,9978,6818,2707,30071,642,573,1035,2250,32321
08-06-2019,3,10501,9743,6690,2659,29593,608,538,1003,2149,31742
08-06-2019,4,10433,9275,6772,2634,29114,603,547,998,2148,31262
08-06-2019,5,10328,9440,7044,2647,29459,632,595,1067,2294,31753
08-06-2019,6,10383,10240,7319,2778,30720,677,661,1187,2525,33245
08-06-2019,7,10606,10878,7604,3020,32108,752,747,1307,2806,34914
08-06-2019,8,11128,11610,7838,3354,33930,801,798,1395,2994,36924
08-06-2019,9,11691,12317,7965,3587,35560,822,822,1427,3071,38631
08-06-2019,10,12023,12443,8047,3656,36169,817,825,1432,3074,39243
08-06-2019,11,12183,12438,8058,3647,36326,806,825,1435,3066,39392
08-06-2019,12,11821,12246,8096,3617,35780,800,827,1428,3055,38835
08-06-2019,13,11867,12203,8073,3615,35758,794,816,1410,3020,38778
08-06-2019,14,11767,11924,8025,3519,35235,792,808,1389,2989,38224
08-06-2019,15,11712,12031,8059,3459,35261,789,797,1385,2971,38232
08-06-2019,16,11614,12284,8154,3490,35542,797,789,1370,2956,38498
08-06-2019,17,11732,12163,8148,3691,35734,790,777,1349,2916,38650
08-06-2019,18,11928,11899,8151,3727,35705,783,761,1328,2872,38577
08-06-2019,19,12091,11620,7995,3576,35282,778,751,1323,2852,38134
08-06-2019,20,11846,11479,7754,3443,34522,759,737,1301,2797,37319
08-06-2019,21,11511,11458,7886,3221,34076,735,727,1268,2730,36806
08-06-2019,22,11316,11032,7846,3185,33379,723,697,1202,2622,36001
08-06-2019,23,11152,10779,7464,3033,32428,669,641,1116,2426,34854
09-06-2019,0,10822,10504,7092,2879,31297,629,603,1062,2294,33591
09-06-2019,1,10435,10070,6879,2699,30083,595,580,1019,2194,32277
09-06-2019,2,10295,9875,6729,2620,29519,581,554,995,2130,31649
09-06-2019,3,10216,9545,6612,2578,28951,550,531,963,2044,30995
09-06-2019,4,9831,9158,6603,2537,28129,553,530,953,2036,30165
09-06-2019,5,9782,9215,6735,2544,28276,575,558,1005,2138,30414
09-06-2019,6,10014,9853,6946,2661,29474,620,606,1071,2297,31771
09-06-2019,7,10378,10549,7165,2847,30939,683,672,1167,2522,33461
09-06-2019,8,10781,11053,7358,3126,32318,745,743,1282,2770,35088
09-06-2019,9,11136,11487,7628,3341,33592,769,774,1324,2867,36459
09-06-2019,10,11433,12180,7755,3426,34794,770,776,1329,2875,37669
09-06-2019,11,11468,12296,7820,3439,35023,749,773,1332,2854,37877
09-06-2019,12,11668,12311,7766,3425,35170,743,758,1330,2831,38001
09-06-2019,13,11664,12318,7681,3384,35047,736,756,1322,2814,37861
09-06-2019,14,11467,12333,7692,3340,34832,732,752,1312,2796,37628
09-06-2019,15,11583,12363,7667,3298,34911,740,748,1308,2796,37707
09-06-2019,16,11661,12525,7728,3306,35220,762,755,1315,2832,38052
09-06-2019,17,11713,12777,7753,3539,35782,772,759,1315,2846,38628
09-06-2019,18,11716,12870,7869,3571,36026,785,759,1323,2867,38893
09-06-2019,19,11721,12793,7792,3396,35702,781,755,1324,2860,38562
09-06-2019,20,11644,12594,7617,3229,35084,764,730,1303,2797,37881
09-06-2019,21,11447,12340,7784,3094,34665,743,714,1283,2740,37405
09-06-2019,22,11376,11852,7762,2991,33981,721,689,1194,2604,36585
09-06-2019,23,11316,11480,7434,2861,33091,675,621,1089,2385,35476
10-06-2019,0,10737,11024,7097,2713,31571,627,571,1014,2212,33783
10-06-2019,1,10520,10799,6902,2593,30814,608,548,981,2137,32951
10-06-2019,2,10368,10763,6783,2537,30451,593,535,978,2106,32557
10-06-2019,3,10237,10529,6708,2515,29989,574,520,960,2054,32043
10-06-2019,4,10165,10464,6976,2457,30062,600,541,1007,2148,32210
10-06-2019,5,10308,11312,7728,2486,31834,709,645,1209,2563,34397
10-06-2019,6,10714,12911,8304,2654,34583,828,777,1387,2992,37575
10-06-2019,7,10993,13913,8592,2894,36392,946,881,1515,3342,39734
10-06-2019,8,11579,14491,8820,3186,38076,979,933,1572,3484,41560
10-06-2019,9,11810,14613,8843,3402,38668,975,949,1590,3514,42182
10-06-2019,10,12204,15016,8904,3530,39654,972,950,1604,3526,43180
10-06-2019,11,12400,14866,8914,3551,39731,960,938,1597,3495,43226
10-06-2019,12,12234,14788,8819,3522,39363,976,953,1615,3544,42907
10-06-2019,13,11998,14816,8801,3479,39094,972,954,1613,3539,42633
10-06-2019,14,11972,14679,8712,3436,38799,974,941,1601,3516,42315
10-06-2019,15,12080,14745,8543,3423,38791,953,922,1581,3456,42247
10-06-2019,16,11992,14539,8500,3482,38513,924,886,1538,3348,41861
10-06-2019,17,12084,14622,8405,3804,38915,897,870,1505,3272,42187
10-06-2019,18,12061,14339,8453,3806,38659,892,850,1475,3217,41876
10-06-2019,19,11977,14053,8446,3619,38095,898,839,1447,3184,41279
10-06-2019,20,12072,13784,8076,3442,37374,869,806,1416,3091,40465
10-06-2019,21,11933,13463,8066,3293,36755,829,775,1370,2974,39729
10-06-2019,22,11755,12990,7926,3206,35877,785,724,1262,2771,38648
10-06-2019,23,11610,12271,7566,3013,34460,706,642,1156,2504,36964
11-06-2019,0,10967,11391,7302,2857,32517,666,596,1085,2347,34864
11-06-2019,1,10871,11071,7007,2736,31685,648,571,1054,2273,33958
11-06-2019,2,10896,10846,6904,2703,31349,637,565,1043,2245,33594
11-06-2019,3,10887,10528,6849,2739,31003,613,549,1023,2185,33188
11-06-2019,4,10800,10462,7106,2769,31137,636,578,1052,2266,33403
11-06-2019,5,11285,11023,7768,2942,33018,742,676,1244,2662,35680
11-06-2019,6,12050,12738,8293,3520,36601,865,801,1435,3101,39702
11-06-2019,7,13518,14087,8625,4161,40391,974,917,1568,3459,43850
11-06-2019,8,13736,14720,8746,4040,41242,1004,964,1641,3609,44851
11-06-2019,9,13492,15139,8736,4453,41820,1003,986,1675,3664,45484
11-06-2019,10,13455,15276,8770,4545,42046,1002,988,1690,3680,45726
11-06-2019,11,13339,15212,8782,4545,41878,1015,967,1687,3669,45547
11-06-2019,12,13424,15191,8794,4482,41891,1049,1001,1716,3766,45657
11-06-2019,13,13406,15286,8734,4532,41958,1033,999,1705,3737,45695
11-06-2019,14,13591,15061,8691,4477,41820,1017,985,1683,3685,45505
11-06-2019,15,13328,14825,8617,4332,41102,989,971,1654,3614,44716
11-06-2019,16,13158,14674,8589,4283,40704,968,939,1614,3521,44225
11-06-2019,17,12999,14759,8418,4497,40673,941,919,1579,3439,44112
11-06-2019,18,12848,14429,8480,4350,40107,923,891,1548,3362,43469
11-06-2019,19,12858,14300,8461,4084,39703,916,878,1517,3311,43014
11-06-2019,20,12876,14118,8136,3859,38989,893,852,1479,3224,42213
11-06-2019,21,12710,13621,8081,3653,38065,839,814,1439,3092,41157
11-06-2019,22,12481,13168,7955,3416,37020,789,753,1341,2883,39903
11-06-2019,23,11927,12639,7573,3175,35314,725,677,1219,2621,37935
12-06-2019,0,11528,11707,7273,2993,33501,687,621,1132,2440,35941
12-06-2019,1,11077,11413,7056,2923,32469,668,605,1098,2371,34840
12-06-2019,2,10968,11336,6947,2868,32119,653,588,1087,2328,34447
12-06-2019,3,10872,11283,6936,2811,31902,628,563,1068,2259,34161
12-06-2019,4,10918,11280,7149,2878,32225,653,590,1102,2345,34570
12-06-2019,5,11151,11997,7864,3065,34077,758,689,1285,2732,36809
12-06-2019,6,12072,13529,8386,3554,37541,879,816,1465,3160,40701
12-06-2019,7,13293,14735,8518,4154,40700,969,935,1620,3524,44224
12-06-2019,8,13713,15263,8684,4443,42103,997,997,1703,3697,45800
12-06-2019,9,13659,15177,8720,4534,42090,993,1015,1724,3732,45822
12-06-2019,10,13681,15596,8784,4602,42663,992,1014,1727,3733,46396
12-06-2019,11,13673,15557,8796,4571,42597,985,1001,1721,3707,46304
12-06-2019,12,13657,15636,8713,4396,42402,1004,1027,1741,3772,46174
12-06-2019,13,13764,15917,8726,4419,42826,994,1016,1725,3735,46561
12-06-2019,14,13509,15713,8695,4423,42340,983,992,1707,3682,46022
12-06-2019,15,13567,15279,8603,4315,41764,959,971,1680,3610,45374
12-06-2019,16,13512,15193,8606,4327,41638,941,937,1625,3503,45141
12-06-2019,17,13381,15310,8583,4507,41781,926,915,1583,3424,45205
12-06-2019,18,13160,14794,8628,4383,40965,913,894,1548,3355,44320
12-06-2019,19,13276,14500,8620,4157,40553,903,871,1522,3296,43849
12-06-2019,20,13201,14167,8278,3921,39567,866,841,1483,3190,42757
12-06-2019,21,13172,13851,8330,3736,39089,829,816,1450,3095,42184
12-06-2019,22,12628,13034,8161,3543,37366,788,760,1355,2903,40269
12-06-2019,23,12138,12518,7713,3266,35635,729,673,1234,2636,38271
13-06-2019,0,11548,11887,7445,3045,33925,682,624,1154,2460,36385
13-06-2019,1,11222,11920,7274,2864,33280,659,597,1118,2374,35654
13-06-2019,2,11013,11663,7142,2883,32701,638,594,1110,2342,35043
13-06-2019,3,10977,11473,7149,2889,32488,620,573,1089,2282,34770
13-06-2019,4,11010,11348,7317,2908,32583,646,601,1126,2373,34956
13-06-2019,5,11272,11925,7959,3066,34222,762,717,1314,2793,37015
13-06-2019,6,12396,13573,8497,3603,38069,884,842,1491,3217,41286
13-06-2019,7,13605,14945,8827,4158,41535,997,948,1635,3580,45115
13-06-2019,8,13853,15337,8900,4358,42448,1045,1011,1731,3787,46235
13-06-2019,9,13685,15415,8960,4437,42497,1041,1028,1742,3811,46308
13-06-2019,10,13537,15276,8964,4482,42259,1028,1030,1746,3804,46063
13-06-2019,11,13432,15374,9035,4475,42316,1004,1020,1749,3773,46089
13-06-2019,12,13487,15246,9018,4368,42119,1015,1041,1753,3809,45928
13-06-2019,13,13359,15208,9011,4320,41898,1011,1042,1740,3793,45691
13-06-2019,14,13418,15114,9011,4357,41900,1020,1026,1713,3759,45659
13-06-2019,15,13557,15464,8915,4234,42170,1000,995,1673,3668,45838
13-06-2019,16,13391,15312,8866,4217,41786,993,949,1635,3577,45363
13-06-2019,17,13363,15209,8895,4329,41796,978,921,1584,3483,45279
13-06-2019,18,12975,14678,8985,4207,40845,956,902,1533,3391,44236
13-06-2019,19,12957,14408,8888,3958,40211,953,887,1489,3329,43540
13-06-2019,20,12775,14213,8449,3738,39175,935,853,1438,3226,42401
13-06-2019,21,12582,13655,8440,3565,38242,895,807,1403,3105,41347
13-06-2019,22,12422,13274,8323,3394,37413,839,750,1294,2883,40296
13-06-2019,23,12146,12622,7877,3190,35835,774,669,1197,2640,38475
14-06-2019,0,11703,11983,7571,2980,34237,734,632,1124,2490,36727
14-06-2019,1,11361,11353,7374,2852,32940,715,609,1086,2410,35350
14-06-2019,2,11110,11143,7278,2858,32389,700,590,1079,2369,34758
14-06-2019,3,10934,10746,7207,2843,31730,667,568,1072,2307,34037
14-06-2019,4,10952,10769,7454,2876,32051,689,597,1103,2389,34440
14-06-2019,5,11283,11407,8189,3023,33902,785,699,1272,2756,36658
14-06-2019,6,12085,12968,8653,3548,37254,915,814,1451,3180,40434
14-06-2019,7,13105,14447,8938,4096,40586,1022,922,1585,3529,44115
14-06-2019,8,13390,14888,9062,4326,41666,1064,971,1655,3690,45356
14-06-2019,9,13489,14882,9113,4400,41884,1072,975,1663,3710,45594
14-06-2019,10,13552,14965,9051,4473,42041,1076,974,1679,3729,45770
14-06-2019,11,13485,15236,9140,4460,42321,1058,944,1677,3679,46000
14-06-2019,12,13549,14861,9090,4332,41832,1071,959,1702,3732,45564
14-06-2019,13,13393,14537,9012,4248,41190,1051,951,1668,3670,44860
14-06-2019,14,13191,14270,8939,4095,40495,1035,931,1641,3607,44102
14-06-2019,15,13048,14068,8913,3956,39985,1001,913,1610,3524,43509
14-06-2019,16,12906,13709,8878,3980,39473,964,886,1571,3421,42894
14-06-2019,17,12780,13672,8825,4096,39373,941,870,1528,3339,42712
14-06-2019,18,12609,13366,8799,3996,38770,923,838,1495,3256,42026
14-06-2019,19,12440,13069,8670,3728,37907,895,821,1464,3180,41087
14-06-2019,20,12279,12624,8301,3492,36696,862,787,1415,3064,39760
14-06-2019,21,12128,12299,8296,3315,36038,825,768,1379,2972,39010
14-06-2019,22,11949,12050,8142,3147,35288,793,745,1306,2844,38132
14-06-2019,23,11758,11801,7691,3021,34271,742,668,1194,2604,36875
15-06-2019,0,11390,11039,7359,2733,32521,687,608,1138,2433,34954
15-06-2019,1,11148,10735,7212,2607,31702,660,580,1102,2342,34044
15-06-2019,2,10974,10489,7039,2547,31049,646,560,1079,2285,33334
15-06-2019,3,10884,10236,6925,2509,30554,613,533,1038,2184,32738
15-06-2019,4,10702,10022,6944,2455,30123,613,538,1029,2180,32303
15-06-2019,5,10673,10033,7190,2511,30407,650,579,1098,2327,32734
15-06-2019,6,10775,10473,7469,2692,31409,704,650,1203,2557,33966
15-06-2019,7,11126,11108,7710,2995,32939,769,727,1308,2804,35743
15-06-2019,8,11792,11987,7875,3302,34956,812,784,1394,2990,37946
15-06-2019,9,12191,12535,8006,3526,36258,829,812,1435,3076,39334
15-06-2019,10,12306,12716,8125,3652,36799,819,810,1442,3071,39870
15-06-2019,11,12203,12557,8115,3628,36503,808,804,1437,3049,39552
15-06-2019,12,12138,12581,8067,3574,36360,805,800,1427,3032,39392
15-06-2019,13,12119,12760,7956,3592,36427,792,787,1393,2972,39399
15-06-2019,14,12033,12621,7963,3537,36154,788,772,1375,2935,39089
15-06-2019,15,12042,12349,8035,3493,35919,777,761,1363,2901,38820
15-06-2019,16,11971,12066,8067,3500,35604,780,756,1358,2894,38498
15-06-2019,17,12032,12346,8143,3722,36243,783,749,1343,2875,39118
15-06-2019,18,12047,12518,8117,3772,36454,784,737,1326,2847,39301
15-06-2019,19,11968,12361,8014,3575,35918,779,729,1304,2812,38730
15-06-2019,20,11853,12173,7727,3372,35125,760,712,1278,2750,37875
15-06-2019,21,11635,11977,7902,3229,34743,736,692,1269,2697,37440
15-06-2019,22,11357,11978,7756,3152,34243,731,680,1232,2643,36886
15-06-2019,23,11266,11700,7481,2918,33365,695,623,1144,2462,35827
16-06-2019,0,11129,11234,7129,2695,32187,656,580,1086,2322,34509
16-06-2019,1,10784,10774,6939,2600,31097,632,559,1036,2227,33324
16-06-2019,2,10629,10722,6736,2520,30607,607,540,1002,2149,32756
16-06-2019,3,10399,10486,6661,2516,30062,578,510,969,2057,32119
16-06-2019,4,10253,10192,6753,2447,29645,577,512,987,2076,31721
16-06-2019,5,10295,10192,6838,2429,29754,604,546,1039,2189,31943
16-06-2019,6,10403,10447,6938,2560,30348,647,593,1108,2348,32696
16-06-2019,7,10671,10940,7073,2829,31513,708,654,1176,2538,34051
16-06-2019,8,10877,11481,7334,3131,32823,757,719,1247,2723,35546
16-06-2019,9,11398,12051,7516,3332,34297,782,750,1306,2838,37135
16-06-2019,10,11773,12577,7630,3436,35416,779,758,1336,2873,38289
16-06-2019,11,11872,12800,7664,3450,35786,776,762,1361,2899,38685
16-06-2019,12,11898,12768,7679,3393,35738,779,760,1358,2897,38635
16-06-2019,13,11960,12702,7603,3366,35631,776,756,1361,2893,38524
16-06-2019,14,11996,12720,7531,3367,35614,772,754,1346,2872,38486
16-06-2019,15,12008,12564,7534,3355,35461,776,745,1325,2846,38307
16-06-2019,16,12075,12293,7554,3419,35341,789,744,1316,2849,38190
16-06-2019,17,12267,12673,7596,3714,36250,797,747,1315,2859,39109
16-06-2019,18,12112,12763,7627,3766,36268,804,741,1314,2859,39127
16-06-2019,19,12058,12867,7621,3576,36122,804,747,1321,2872,38994
16-06-2019,20,12004,12829,7419,3379,35631,786,729,1303,2818,38449
16-06-2019,21,11889,12423,7597,3202,35111,756,714,1283,2753,37864
16-06-2019,22,11659,12070,7524,3124,34377,737,670,1191,2598,36975
16-06-2019,23,11402,11581,7203,2976,33162,693,602,1089,2384,35546
17-06-2019,0,10821,11105,6901,2834,31661,659,566,1014,2239,33900
17-06-2019,1,10563,10918,6680,2756,30917,647,550,988,2185,33102
17-06-2019,2,10434,10781,6437,2736,30388,624,546,987,2157,32545
17-06-2019,3,10392,10630,6477,2747,30246,611,533,980,2124,32370
17-06-2019,4,10391,10462,6694,2759,30306,631,554,1031,2216,32522
17-06-2019,5,10724,11013,7360,2927,32024,725,657,1245,2627,34651
17-06-2019,6,11835,12737,7958,3457,35987,848,784,1433,3065,39052
17-06-2019,7,13026,14218,8295,4025,39564,959,898,1558,3415,42979
17-06-2019,8,13350,14620,8396,4311,40677,990,954,1616,3560,44237
17-06-2019,9,13299,14691,8402,4416,40808,992,958,1631,3581,44389
17-06-2019,10,13329,14933,8438,4489,41189,1007,959,1635,3601,44790
17-06-2019,11,13341,14961,8470,4535,41307,1000,935,1620,3555,44862
17-06-2019,12,13253,15051,8406,4649,41359,1010,958,1626,3594,44953
17-06-2019,13,13185,14945,8435,4765,41330,992,953,1627,3572,44902
17-06-2019,14,13266,14759,8403,4658,41086,983,938,1593,3514,44600
17-06-2019,15,13200,14849,8322,4468,40839,961,926,1569,3456,44295
17-06-2019,16,13236,14511,8209,4246,40202,933,884,1505,3322,43524
17-06-2019,17,13171,14492,8134,4383,40180,917,867,1483,3267,43447
17-06-2019,18,13061,14157,8172,4247,39637,897,840,1460,3197,42834
17-06-2019,19,12834,13794,8078,4014,38720,890,821,1437,3148,41868
17-06-2019,20,12677,13631,7755,3779,37842,859,789,1393,3041,40883
17-06-2019,21,12505,13329,7726,3579,37139,793,757,1341,2891,40030
17-06-2019,22,12153,12900,7558,3405,36016,743,721,1242,2706,38722
17-06-2019,23,11851,12170,7044,3181,34246,693,641,1142,2476,36722
18-06-2019,0,11345,11263,6678,2952,32238,656,590,1079,2325,34563
18-06-2019,1,10920,11092,6539,2812,31363,639,564,1033,2236,33599
18-06-2019,2,10749,11116,6301,2746,30912,616,549,1023,2188,33100
18-06-2019,3,10761,10729,6263,2739,30492,592,524,1000,2116,32608
18-06-2019,4,10669,10665,6426,2728,30488,632,559,1044,2235,32723
18-06-2019,5,11093,11143,7109,2916,32261,746,661,1236,2643,34904
18-06-2019,6,12070,12466,7669,3468,35673,865,783,1431,3079,38752
18-06-2019,7,13279,13937,7943,4016,39175,960,897,1547,3404,42579
18-06-2019,8,13610,14222,8122,4285,40239,990,952,1604,3546,43785
18-06-2019,9,13435,14511,8212,4357,40515,985,968,1617,3570,44085
18-06-2019,10,13591,14959,8245,4467,41262,983,973,1634,3590,44852
18-06-2019,11,13477,15011,8331,4452,41271,967,953,1634,3554,44825
18-06-2019,12,13295,14756,8260,4449,40760,978,976,1658,3612,44372
18-06-2019,13,13168,14612,8186,4497,40463,970,970,1639,3579,44042
18-06-2019,14,13205,14499,8127,4409,40240,968,950,1604,3522,43762
18-06-2019,15,13104,14543,8011,4284,39942,947,934,1582,3463,43405
18-06-2019,16,13063,14225,7916,4199,39403,931,902,1522,3355,42758
18-06-2019,17,13006,14414,7766,4328,39514,917,887,1516,3320,42834
18-06-2019,18,12698,14157,7725,4123,38703,897,857,1479,3233,41936
18-06-2019,19,12691,13931,7687,3923,38232,880,833,1448,3161,41393
18-06-2019,20,12659,13924,7388,3677,37648,855,803,1406,3064,40712
18-06-2019,21,12552,13391,7351,3554,36848,809,768,1358,2935,39783
18-06-2019,22,12341,12740,7148,3382,35611,767,726,1269,2762,38373
18-06-2019,23,11994,11822,6728,3171,33715,716,646,1149,2511,36226
19-06-2019,0,11452,11047,6373,3016,31888,683,599,1067,2349,34237
19-06-2019,1,11109,10724,6170,2883,30886,657,568,1033,2258,33144
19-06-2019,2,10893,10624,6032,2821,30370,634,552,1023,2209,32579
19-06-2019,3,10818,10498,6065,2823,30204,614,528,1003,2145,32349
19-06-2019,4,10716,10757,6269,2819,30561,634,557,1042,2233,32794
19-06-2019,5,10939,11492,6912,2985,32328,742,669,1223,2634,34962
19-06-2019,6,11940,13012,7391,3499,35842,855,794,1406,3055,38897
19-06-2019,7,12993,14353,7769,3985,39100,945,910,1534,3389,42489
19-06-2019,8,13296,14989,7890,4338,40513,983,965,1603,3551,44064
19-06-2019,9,13458,14999,7942,4326,40725,986,975,1626,3587,44312
19-06-2019,10,13537,15172,8080,4514,41303,987,982,1628,3597,44900
19-06-2019,11,13409,15267,8160,4520,41356,972,961,1621,3554,44910
19-06-2019,12,13385,15192,8119,4483,41179,990,991,1647,3628,44807
19-06-2019,13,13329,15048,8062,4522,40961,970,985,1642,3597,44558
19-06-2019,14,13494,15032,7993,4437,40956,968,970,1620,3558,44514
19-06-2019,15,13360,14893,7874,4318,40445,942,944,1578,3464,43909
19-06-2019,16,13427,14674,7870,4269,40240,929,912,1537,3378,43618
19-06-2019,17,13221,14668,7799,4406,40094,914,892,1524,3330,43424
19-06-2019,18,13126,14436,7789,4316,39667,901,867,1508,3276,42943
19-06-2019,19,13089,14198,7696,4075,39058,865,845,1471,3181,42239
19-06-2019,20,13066,13912,7331,3834,38143,833,824,1427,3084,41227
19-06-2019,21,12792,13314,7341,3639,37086,800,794,1384,2978,40064
19-06-2019,22,12582,12545,7140,3534,35801,750,755,1297,2802,38603
19-06-2019,23,12106,11655,6753,3284,33798,692,666,1174,2532,36330
20-06-2019,0,11577,11028,6432,3066,32103,654,625,1118,2397,34500
20-06-2019,1,11189,10616,6265,2921,30991,628,600,1094,2322,33313
20-06-2019,2,10931,10554,6108,2806,30399,605,577,1085,2267,32666
20-06-2019,3,10888,10363,6035,2760,30046,582,551,1061,2194,32240
20-06-2019,4,10840,10337,6290,2755,30222,603,574,1077,2254,32476
20-06-2019,5,11042,10907,6988,3031,31968,706,678,1251,2635,34603
20-06-2019,6,12042,12379,7518,3548,35487,828,808,1435,3071,38558
20-06-2019,7,13094,14074,7856,4139,39163,932,930,1559,3421,42584
20-06-2019,8,13587,14836,8075,4362,40860,977,987,1615,3579,44439
20-06-2019,9,13537,15347,8154,4485,41523,986,1008,1636,3630,45153
20-06-2019,10,13408,15517,8199,4574,41698,988,1012,1650,3650,45348
20-06-2019,11,13281,15276,8165,4598,41320,969,997,1647,3613,44933
20-06-2019,12,13264,15199,8066,4508,41037,990,1019,1674,3683,44720
20-06-2019,13,13381,15567,7935,4504,41387,984,1014,1660,3658,45045
20-06-2019,14,13227,15221,7814,4391,40653,980,983,1641,3604,44257
20-06-2019,15,13122,13862,7771,4283,39038,943,963,1587,3493,42531
20-06-2019,16,13122,13725,7659,4234,38740,909,937,1550,3396,42136
20-06-2019,17,13138,13627,7533,4347,38645,890,914,1524,3328,41973
20-06-2019,18,13033,13654,7509,4239,38435,867,894,1502,3263,41698
20-06-2019,19,13026,13445,7363,3996,37830,853,881,1479,3213,41043
20-06-2019,20,12759,13248,7104,3792,36903,810,871,1440,3121,40024
20-06-2019,21,12586,12832,7072,3582,36072,772,819,1391,2982,39054
20-06-2019,22,12295,12257,6948,3406,34906,737,765,1282,2784,37690
20-06-2019,23,11855,11532,6565,3304,33256,680,675,1180,2535,35791
21-06-2019,0,11397,10787,6242,3124,31550,637,628,1107,2372,33922
21-06-2019,1,11030,10375,5986,3032,30423,611,609,1077,2297,32720
21-06-2019,2,10891,10098,5752,2957,29698,593,597,1062,2252,31950
21-06-2019,3,10633,9700,5678,2945,28956,569,568,1038,2175,31131
21-06-2019,4,10637,9793,5840,2889,29159,613,593,1071,2277,31436
21-06-2019,5,10794,9828,6121,3023,29766,710,699,1251,2660,32426
21-06-2019,6,11582,10275,6385,3506,31748,835,820,1424,3079,34827
21-06-2019,7,12764,10816,6652,4017,34249,943,931,1550,3424,37673
21-06-2019,8,13230,11516,6870,4280,35896,983,980,1621,3584,39480
21-06-2019,9,13344,11928,6945,4350,36567,985,990,1645,3620,40187
21-06-2019,10,13453,12347,7029,4444,37273,982,988,1668,3638,40911
21-06-2019,11,13192,12482,7036,4449,37159,967,970,1660,3597,40756
21-06-2019,12,13107,12374,6994,4357,36832,973,981,1656,3610,40442
21-06-2019,13,13204,12048,6967,4309,36528,940,965,1627,3532,40060
21-06-2019,14,13166,11883,6989,4151,36189,925,935,1595,3455,39644
21-06-2019,15,12830,11628,7003,3989,35450,902,903,1567,3372,38822
21-06-2019,16,12695,11421,6983,3938,35037,895,883,1520,3298,38335
21-06-2019,17,12679,11515,6874,4048,35116,866,870,1495,3231,38347
21-06-2019,18,12442,11328,6799,3952,34521,850,864,1460,3174,37695
21-06-2019,19,12343,11136,6596,3704,33779,827,812,1430,3069,36848
21-06-2019,20,12226,10816,6384,3506,32932,784,787,1391,2962,35894
21-06-2019,21,11879,10749,6543,3355,32526,752,755,1347,2854,35380
21-06-2019,22,11797,10826,6495,3225,32343,724,728,1270,2722,35065
21-06-2019,23,11716,10691,6219,3186,31812,685,660,1169,2514,34326
22-06-2019,0,11306,10460,5915,2960,30641,639,609,1104,2352,32993
22-06-2019,1,11125,10355,5696,2821,29997,612,583,1043,2238,32235
22-06-2019,2,10881,10060,5543,2732,29216,584,558,1031,2173,31389
22-06-2019,3,10702,9614,5455,2702,28473,546,525,1004,2075,30548
22-06-2019,4,10529,9460,5473,2577,28039,549,535,1000,2084,30123
22-06-2019,5,10542,9721,5669,2524,28456,581,558,1063,2202,30658
22-06-2019,6,10832,9760,5784,2692,29068,629,639,1156,2424,31492
22-06-2019,7,11320,10024,5945,2992,30281,699,704,1274,2677,32958
22-06-2019,8,11740,10375,6130,3308,31553,737,764,1344,2845,34398
22-06-2019,9,12064,10950,6283,3512,32809,773,798,1378,2949,35758
22-06-2019,10,12413,11427,6374,3571,33785,775,801,1385,2961,36746
22-06-2019,11,12403,11571,6453,3553,33980,762,799,1378,2939,36919
22-06-2019,12,12188,11641,6445,3507,33781,744,798,1365,2907,36688
22-06-2019,13,12129,11519,6497,3416,33561,730,793,1342,2865,36426
22-06-2019,14,11953,11491,6548,3357,33349,723,771,1326,2820,36169
22-06-2019,15,11876,11350,6563,3327,33116,717,756,1327,2800,35916
22-06-2019,16,12076,11623,6602,3348,33649,719,750,1322,2791,36440
22-06-2019,17,12012,11817,6630,3513,33972,714,754,1305,2773,36745
22-06-2019,18,12131,11923,6660,3521,34235,718,735,1293,2746,36981
22-06-2019,19,11968,11668,6590,3390,33616,700,718,1268,2686,36302
22-06-2019,20,11792,11617,6475,3221,33105,685,823,1240,2748,35853
22-06-2019,21,11639,11609,6631,3091,32970,662,893,1214,2769,35739
22-06-2019,22,11483,11285,6499,3026,32293,655,1033,1170,2858,35151
22-06-2019,23,11497,11093,6225,3006,31821,630,978,1076,2684,34505
23-06-2019,0,11480,10780,6010,2819,31089,592,931,1004,2527,33616
23-06-2019,1,11171,10402,5824,2685,30082,565,905,954,2424,32506
23-06-2019,2,11029,10305,5654,2569,29557,538,886,947,2371,31928
23-06-2019,3,11013,10173,5629,2505,29320,514,856,918,2288,31608
23-06-2019,4,10624,9988,5606,2367,28585,515,864,915,2294,30879
23-06-2019,5,10756,9975,5678,2339,28748,530,893,962,2385,31133
23-06-2019,6,10666,10168,5817,2519,29170,566,942,1038,2546,31716
23-06-2019,7,10908,10419,6025,2748,30100,624,767,1144,2535,32635
23-06-2019,8,11352,10924,6169,3084,31529,666,690,1250,2606,34135
23-06-2019,9,11489,11165,6382,3302,32338,691,720,1298,2709,35047
23-06-2019,10,11802,11507,6566,3401,33276,693,725,1302,2720,35996
23-06-2019,11,12009,11803,6579,3416,33807,690,719,1295,2704,36511
23-06-2019,12,12030,11913,6547,3397,33887,683,713,1285,2681,36568
23-06-2019,13,11886,11967,6579,3375,33807,676,707,1276,2659,36466
23-06-2019,14,11991,11764,6607,3340,33702,666,699,1267,2632,36334
23-06-2019,15,12002,11690,6652,3337,33681,664,683,1272,2619,36300
23-06-2019,16,12132,11868,6695,3393,34088,670,679,1277,2626,36714
23-06-2019,17,11947,11864,6802,3553,34166,667,669,1274,2610,36776
23-06-2019,18,12212,12176,6876,3503,34767,655,642,1246,2543,37310
23-06-2019,19,11990,12307,6852,3330,34479,641,618,1224,2483,36962
23-06-2019,20,11940,12081,6641,3238,33900,632,596,1193,2421,36321
23-06-2019,21,11872,11952,6837,3157,33818,621,587,1172,2380,36198
23-06-2019,22,12055,11557,6788,3159,33559,636,595,1133,2364,35923
23-06-2019,23,11785,11286,6489,3127,32687,606,573,1052,2231,34918
24-06-2019,0,11308,10655,6152,2969,31084,587,547,978,2112,33196
24-06-2019,1,10914,10368,5976,2840,30098,558,527,944,2029,32127
24-06-2019,2,10919,10489,5869,2798,30075,537,509,927,1973,32048
24-06-2019,3,11015,10426,5875,2800,30116,505,476,896,1877,31993
24-06-2019,4,10966,10340,6137,2740,30183,509,474,897,1880,32063
24-06-2019,5,11130,10778,6839,2883,31630,529,494,948,1971,33601
24-06-2019,6,11990,12426,7399,3447,35262,570,527,1032,2129,37391
24-06-2019,7,13153,13962,7731,4022,38868,609,584,1122,2315,41183
24-06-2019,8,13455,14482,7928,4281,40146,642,630,1217,2489,42635
24-06-2019,9,13517,14691,8018,4386,40612,668,657,1285,2610,43222
24-06-2019,10,13561,14913,8069,4521,41064,682,669,1321,2672,43736
24-06-2019,11,13491,14699,8084,4549,40823,680,666,1317,2663,43486
24-06-2019,12,13562,14552,8055,4449,40618,681,665,1314,2660,43278
24-06-2019,13,13459,14756,7991,4424,40630,679,663,1307,2649,43279
24-06-2019,14,13424,14773,7931,4341,40469,678,670,1303,2651,43120
24-06-2019,15,13386,14854,7857,4216,40313,682,670,1301,2653,42966
24-06-2019,16,13374,14689,7852,4227,40142,691,677,1308,2676,42818
24-06-2019,17,13420,14640,7789,4392,40241,700,683,1320,2703,42944
24-06-2019,18,13213,14103,7810,4299,39425,709,690,1316,2715,42140
24-06-2019,19,13190,13754,7794,4092,38830,715,697,1295,2707,41537
24-06-2019,20,13087,13410,7546,3838,37881,700,689,1278,2667,40548
24-06-2019,21,12906,12910,7591,3652,37059,669,661,1247,2577,39636
24-06-2019,22,12601,12432,7453,3513,35999,652,633,1183,2468,38467
24-06-2019,23,12010,11638,7106,3395,34149,612,569,1075,2256,36405
25-06-2019,0,11453,11122,6870,3178,32623,577,525,995,2097,34720
25-06-2019,1,11175,10886,6657,3064,31782,557,505,966,2028,33810
25-06-2019,2,11021,10762,6577,3040,31400,535,495,954,1984,33384
25-06-2019,3,10841,10550,6552,3030,30973,519,478,933,1930,32903
25-06-2019,4,10797,10532,6780,2958,31067,548,509,975,2032,33099
25-06-2019,5,11152,11309,7415,3078,32954,674,608,1171,2453,35407
25-06-2019,6,11961,12838,7931,3608,36338,788,730,1356,2874,39212
25-06-2019,7,13028,14104,8089,4179,39400,893,852,1500,3245,42645
25-06-2019,8,13475,14740,8280,4457,40952,944,917,1592,3453,44405
25-06-2019,9,13559,14811,8418,4514,41302,946,955,1626,3527,44829
25-06-2019,10,13544,14992,8492,4612,41640,955,956,1644,3555,45195
25-06-2019,11,13706,15034,8495,4623,41858,948,940,1639,3527,45385
25-06-2019,12,13625,15264,8540,4585,42014,957,963,1663,3583,45597
25-06-2019,13,13520,15228,8524,4596,41868,946,958,1656,3560,45428
25-06-2019,14,13533,15061,8500,4501,41595,940,946,1641,3527,45122
25-06-2019,15,13598,14838,8471,4408,41315,916,921,1606,3443,44758
25-06-2019,16,13506,14463,8435,4355,40759,899,888,1551,3338,44097
25-06-2019,17,13509,14467,8260,4449,40685,885,875,1526,3286,43971
25-06-2019,18,13370,14097,8385,4351,40203,865,847,1485,3197,43400
25-06-2019,19,13276,13860,8317,4165,39618,849,831,1455,3135,42753
25-06-2019,20,13163,13568,8123,3949,38803,818,811,1414,3043,41846
25-06-2019,21,12968,13091,8149,3776,37984,779,773,1359,2911,40895
25-06-2019,22,12655,12649,8041,3646,36991,716,726,1271,2713,39704
25-06-2019,23,12196,11921,7611,3506,35234,645,646,1148,2439,37673
26-06-2019,0,11512,11257,7289,3272,33330,601,600,1063,2264,35594
26-06-2019,1,11237,11026,7135,3140,32538,593,577,1032,2202,34740
26-06-2019,2,11076,10961,7015,3069,32121,579,560,1018,2157,34278
26-06-2019,3,10936,10783,6958,3061,31738,553,542,999,2094,33832
26-06-2019,4,10789,10662,7158,2998,31607,579,562,1032,2173,33780
26-06-2019,5,10995,11116,7799,3143,33053,679,653,1200,2532,35585
26-06-2019,6,11859,12530,8367,3654,36410,803,779,1420,3002,39412
26-06-2019,7,12764,13971,8575,4216,39526,911,895,1555,3361,42887
26-06-2019,8,13261,14709,8717,4505,41192,958,952,1621,3531,44723
26-06-2019,9,13436,14893,8806,4653,41788,974,973,1645,3592,45380
26-06-2019,10,13438,15150,8800,4784,42172,977,978,1679,3634,45806
26-06-2019,11,13364,15176,8725,4731,41996,967,959,1674,3600,45596
26-06-2019,12,13356,15189,8691,4671,41907,985,988,1704,3677,45584
26-06-2019,13,13253,15343,8594,4704,41894,968,992,1699,3659,45553
26-06-2019,14,13142,15169,8572,4629,41512,974,967,1673,3614,45126
26-06-2019,15,13113,15050,8577,4487,41227,939,950,1635,3524,44751
26-06-2019,16,12984,14475,8602,4384,40445,924,925,1578,3427,43872
26-06-2019,17,12963,14342,8608,4492,40405,903,895,1561,3359,43764
26-06-2019,18,12667,14246,8707,4377,39997,885,873,1528,3286,43283
26-06-2019,19,12646,14044,8599,4167,39456,870,855,1491,3216,42672
26-06-2019,20,12514,13791,8231,3958,38494,841,841,1450,3132,41626
26-06-2019,21,12443,13346,8196,3782,37767,807,820,1396,3023,40790
26-06-2019,22,12101,13106,7987,3674,36868,746,738,1298,2782,39650
26-06-2019,23,11849,12283,7533,3364,35029,676,657,1162,2495,37524
27-06-2019,0,11235,11460,7224,2882,32801,635,612,1100,2347,35148
27-06-2019,1,11070,11106,7060,2759,31995,619,589,1065,2273,34268
27-06-2019,2,10919,10976,6910,2710,31515,610,577,1052,2239,33754
27-06-2019,3,10647,10848,6910,2751,31156,581,569,1033,2183,33339
27-06-2019,4,10484,10797,7091,2642,31014,601,585,1059,2245,33259
27-06-2019,5,10982,11312,7706,2734,32734,702,671,1227,2600,35334
27-06-2019,6,11675,12529,8217,3256,35677,814,779,1391,2984,38661
27-06-2019,7,12841,13870,8484,3782,38977,928,888,1530,3346,42323
27-06-2019,8,13224,14896,8563,4043,40726,982,938,1610,3530,44256
27-06-2019,9,13342,15417,8634,4302,41695,994,949,1615,3558,45253
27-06-2019,10,13268,15214,8775,4601,41858,998,950,1628,3576,45434
27-06-2019,11,13168,15286,8820,4542,41816,984,922,1614,3520,45336
27-06-2019,12,13028,15406,8784,4465,41683,999,940,1616,3555,45238
27-06-2019,13,13072,15471,8604,4488,41635,982,929,1582,3493,45128
27-06-2019,14,13034,15054,8510,4405,41003,965,907,1560,3432,44435
27-06-2019,15,12886,14855,8477,4298,40516,928,894,1532,3354,43870
27-06-2019,16,12808,14605,8379,4255,40047,912,865,1485,3262,43309
27-06-2019,17,12824,14394,8317,4367,39902,901,849,1448,3198,43100
27-06-2019,18,12729,14096,8472,4265,39562,875,821,1416,3112,42674
27-06-2019,19,12634,13867,8422,4083,39006,855,805,1375,3035,42041
27-06-2019,20,12614,13637,8088,3914,38253,824,786,1334,2944,41197
27-06-2019,21,12604,13388,8085,3714,37791,779,743,1286,2808,40599
27-06-2019,22,12409,13010,7919,3567,36905,739,704,1204,2647,39552
27-06-2019,23,12147,12353,7536,3450,35486,683,635,1108,2426,37912
28-06-2019,0,11650,11273,7175,3216,33314,632,592,1063,2287,35601
28-06-2019,1,11181,10799,7002,3085,32067,608,562,1026,2196,34263
28-06-2019,2,10993,10867,6885,3011,31756,586,543,1006,2135,33891
28-06-2019,3,10908,10818,6872,2999,31597,566,526,989,2081,33678
28-06-2019,4,10999,10699,7080,2930,31708,590,546,1023,2159,33867
28-06-2019,5,11330,11422,7811,3049,33612,697,652,1209,2558,36170
28-06-2019,6,11859,13017,8278,3559,36713,808,761,1366,2935,39648
28-06-2019,7,12790,14242,8531,4058,39621,905,864,1461,3230,42851
28-06-2019,8,13355,14672,8641,4281,40949,942,917,1529,3388,44337
28-06-2019,9,13575,14850,8689,4324,41438,947,933,1554,3434,44872
28-06-2019,10,13570,14875,8702,4511,41658,936,931,1633,3500,45158
28-06-2019,11,13434,14661,8704,4460,41259,919,903,1545,3367,44626
28-06-2019,12,13346,14541,8576,4351,40814,932,923,1557,3412,44226
28-06-2019,13,13337,14231,8518,4270,40356,910,911,1526,3347,43703
28-06-2019,14,13097,14153,8489,4111,39850,902,894,1499,3295,43145
28-06-2019,15,12964,14315,8391,4005,39675,882,881,1468,3231,42906
28-06-2019,16,12803,14104,8368,3968,39243,877,849,1440,3166,42409
28-06-2019,17,12755,13951,8291,4055,39052,869,836,1412,3117,42169
28-06-2019,18,12752,13604,8372,4003,38731,846,814,1388,3048,41779
28-06-2019,19,12694,13309,8302,3789,38094,830,797,1351,2978,41072
28-06-2019,20,12460,12826,7940,3602,36828,799,776,1310,2885,39713
28-06-2019,21,12204,12138,8014,3407,35763,758,754,1269,2781,38544
28-06-2019,22,12009,11867,7890,3314,35080,721,716,1211,2648,37728
28-06-2019,23,11974,11648,7535,3272,34429,675,645,1115,2435,36864
29-06-2019,0,11255,10852,7240,3053,32400,624,601,1051,2276,34676
29-06-2019,1,10860,10477,7068,2899,31304,603,575,1012,2190,33494
29-06-2019,2,10701,10365,6909,2822,30797,579,563,988,2130,32927
29-06-2019,3,10664,10242,6831,2767,30504,551,531,939,2021,32525
29-06-2019,4,10481,10041,6883,2654,30059,556,533,941,2030,32089
29-06-2019,5,10401,10237,7063,2617,30318,592,573,1007,2172,32490
29-06-2019,6,10619,10629,7248,2743,31239,635,630,1086,2351,33590
29-06-2019,7,10904,11071,7534,3044,32553,707,703,1201,2611,35164
29-06-2019,8,11465,11950,7710,3323,34448,757,755,1286,2798,37246
29-06-2019,9,11947,12510,7840,3527,35824,786,777,1329,2892,38716
29-06-2019,10,12098,12959,7912,3614,36583,789,783,1341,2913,39496
29-06-2019,11,12151,12954,7959,3615,36679,783,778,1345,2906,39585
29-06-2019,12,12034,12727,7946,3578,36285,764,776,1326,2866,39151
29-06-2019,13,11909,12375,7889,3580,35753,754,770,1314,2838,38591
29-06-2019,14,11998,12282,7955,3502,35737,748,769,1298,2815,38552
29-06-2019,15,11886,12288,7965,3452,35591,748,753,1281,2782,38373
29-06-2019,16,11851,12557,8049,3488,35945,754,750,1269,2773,38718
29-06-2019,17,11987,12716,8119,3626,36448,754,749,1256,2759,39207
29-06-2019,18,11918,12398,8219,3645,36180,752,741,1237,2730,38910
29-06-2019,19,11844,12342,8081,3514,35781,755,734,1219,2708,38489
29-06-2019,20,11697,12226,7769,3376,35068,724,710,1202,2636,37704
29-06-2019,21,11627,12184,7829,3264,34904,700,688,1191,2579,37483
29-06-2019,22,11367,11832,7762,3202,34163,691,671,1136,2498,36661
29-06-2019,23,11279,11346,7409,3174,33208,652,615,1041,2308,35516
30-06-2019,0,11100,10846,7093,2944,31983,645,587,996,2228,34211
30-06-2019,1,10749,10184,6901,2794,30628,623,561,945,2129,32757
30-06-2019,2,10571,10143,6676,2690,30080,592,536,938,2066,32146
30-06-2019,3,10489,10138,6598,2672,29897,562,507,917,1986,31883
30-06-2019,4,10396,9807,6601,2583,29387,570,508,912,1990,31377
30-06-2019,5,10190,9727,6839,2521,29277,591,538,959,2088,31365
30-06-2019,6,10284,10279,6966,2669,30198,634,584,1032,2250,32448
30-06-2019,7,10555,10662,7143,2932,31292,684,657,1131,2472,33764
30-06-2019,8,10856,11314,7355,3250,32775,731,725,1252,2708,35483
30-06-2019,9,11091,11851,7520,3436,33898,750,769,1303,2822,36720
30-06-2019,10,11219,12225,7656,3600,34700,722,780,1314,2816,37516
30-06-2019,11,11769,12450,7670,3689,35578,722,775,1317,2814,38392
30-06-2019,12,11813,12494,7603,3695,35605,722,777,1314,2813,38418
30-06-2019,13,11798,12247,7612,3607,35264,713,771,1310,2794,38058
30-06-2019,14,11930,12201,7681,3608,35420,713,771,1306,2790,38210
30-06-2019,15,11673,12058,7703,3522,34956,712,771,1298,2781,37737
30-06-2019,16,11730,12198,7755,3573,35256,727,771,1300,2798,38054
30-06-2019,17,11816,12765,7761,3763,36105,746,772,1290,2808,38913
30-06-2019,18,11771,12900,7838,3762,36271,755,767,1280,2802,39073
30-06-2019,19,11854,12661,7816,3626,35957,758,758,1292,2808,38765
30-06-2019,20,11908,12743,7674,3497,35822,753,745,1273,2771,38593
30-06-2019,21,11768,12539,7798,3346,35451,716,720,1254,2690,38141
30-06-2019,22,11677,12176,7768,3266,34887,689,689,1172,2550,37437
30-06-2019,23,11190,11771,7420,3304,33685,651,618,1058,2327,36012
01-07-2019,0,10802,11170,7058,3068,32098,601,576,1000,2177,34275
01-07-2019,1,10563,11128,6893,2985,31569,576,555,970,2101,33670
01-07-2019,2,10525,11135,6758,2934,31352,547,542,960,2049,33401
01-07-2019,3,10578,10845,6732,2930,31085,576,524,944,2044,33129
01-07-2019,4,10343,10826,6924,2853,30946,567,544,984,2095,33041
01-07-2019,5,10328,11190,7607,2940,32065,653,639,1163,2455,34520
01-07-2019,6,10905,12708,8115,3414,35142,772,764,1329,2865,38007
01-07-2019,7,11980,13940,8506,3947,38373,872,878,1464,3214,41587
01-07-2019,8,12598,14416,8666,4246,39926,918,934,1551,3403,43329
01-07-2019,9,12865,14862,8690,4368,40785,935,975,1576,3486,44271
01-07-2019,10,13035,15039,8850,4485,41409,929,988,1576,3493,44902
01-07-2019,11,12999,15190,8867,4469,41525,913,969,1574,3456,44981
01-07-2019,12,12953,15254,8796,4455,41458,928,990,1613,3531,44989
01-07-2019,13,12875,15032,8719,4549,41175,916,943,1605,3464,44639
01-07-2019,14,12930,14888,8596,4473,40887,906,919,1586,3411,44298
01-07-2019,15,12946,14807,8594,4292,40639,919,900,1549,3368,44007
01-07-2019,16,12791,14543,8549,4259,40142,921,888,1505,3314,43456
01-07-2019,17,12849,14779,8436,4354,40418,911,846,1470,3227,43645
01-07-2019,18,12603,14761,8482,4282,40128,893,816,1435,3144,43272
01-07-2019,19,12511,14100,8362,4063,39036,873,795,1400,3068,42104
01-07-2019,20,12312,13727,8015,3837,37891,845,772,1371,2988,40879
01-07-2019,21,12145,13371,8097,3647,37260,792,737,1323,2852,40112
01-07-2019,22,11767,12948,8032,3495,36242,749,713,1224,2686,38928
01-07-2019,23,11432,12276,7594,3377,34679,679,626,1133,2438,37117
02-07-2019,0,11227,11385,7241,3159,33012,619,585,1062,2266,35278
02-07-2019,1,11008,11067,7044,3048,32167,594,564,1020,2178,34345
02-07-2019,2,10894,10992,6923,2972,31781,563,548,1013,2124,33905
02-07-2019,3,10866,11011,6861,2972,31710,540,524,1003,2067,33777
02-07-2019,4,10782,10958,7006,2925,31671,555,539,1021,2115,33786
02-07-2019,5,10973,11534,7625,2997,33129,662,629,1181,2472,35601
02-07-2019,6,11743,12858,8123,3453,36177,793,748,1340,2881,39058
02-07-2019,7,12817,13953,8363,3977,39110,893,861,1470,3224,42334
02-07-2019,8,12974,14507,8530,4211,40222,938,910,1529,3377,43599
02-07-2019,9,13366,14994,8583,4298,41241,932,926,1555,3413,44654
02-07-2019,10,13254,15348,8635,4475,41712,922,925,1581,3428,45140
02-07-2019,11,13219,15339,8703,4484,41745,910,903,1576,3389,45134
02-07-2019,12,13256,15190,8650,4418,41514,930,929,1589,3448,44962
02-07-2019,13,13229,14951,8645,4420,41245,922,923,1590,3435,44680
02-07-2019,14,13169,14954,8542,4322,40987,907,906,1563,3376,44363
02-07-2019,15,13106,14463,8432,4168,40169,888,883,1525,3296,43465
02-07-2019,16,13121,14089,8437,4136,39783,869,850,1468,3187,42970
02-07-2019,17,12925,14345,8433,4288,39991,849,838,1444,3131,43122
02-07-2019,18,12525,14062,8445,4213,39245,835,809,1417,3061,42306
02-07-2019,19,12511,13852,8383,3987,38733,819,794,1387,3000,41733
02-07-2019,20,12373,13721,8110,3808,38012,791,796,1353,2940,40952
02-07-2019,21,12328,13568,8130,3623,37649,740,747,1288,2775,40424
02-07-2019,22,12286,13153,7959,3509,36907,701,695,1191,2587,39494
02-07-2019,23,11959,12574,7492,3419,35444,630,619,1086,2335,37779
03-07-2019,0,11491,11805,7200,3195,33691,603,580,1008,2191,35882
03-07-2019,1,11198,11302,6984,3057,32541,585,563,978,2126,34667
03-07-2019,2,11002,10898,6884,3001,31785,577,551,969,2097,33882
03-07-2019,3,10873,10844,6845,2987,31549,554,528,953,2035,33584
03-07-2019,4,10666,10879,7041,2901,31487,576,539,986,2101,33588
03-07-2019,5,10943,11550,7633,3007,33133,649,627,1162,2438,35571
03-07-2019,6,11853,13041,8076,3450,36420,779,739,1316,2834,39254
03-07-2019,7,12824,14094,8313,3925,39156,885,844,1439,3168,42324
03-07-2019,8,13275,14459,8477,4193,40404,935,898,1521,3354,43758
03-07-2019,9,13428,14810,8592,4302,41132,966,915,1540,3421,44553
03-07-2019,10,13374,14813,8555,4456,41198,951,905,1563,3419,44617
03-07-2019,11,13360,14880,8574,4552,41366,946,884,1569,3399,44765
03-07-2019,12,13261,14858,8568,4454,41141,955,904,1585,3444,44585
03-07-2019,13,13219,14517,8493,4488,40717,942,897,1555,3394,44111
03-07-2019,14,13198,14314,8467,4401,40380,935,879,1547,3361,43741
03-07-2019,15,13160,14331,8366,4189,40046,913,866,1518,3297,43343
03-07-2019,16,13370,14141,8451,4198,40160,893,841,1485,3219,43379
03-07-2019,17,13252,14225,8482,4284,40243,865,825,1447,3137,43380
03-07-2019,18,13120,13981,8506,4179,39786,859,797,1427,3083,42869
03-07-2019,19,13191,13578,8515,3996,39280,839,785,1393,3017,42297
03-07-2019,20,13149,13601,8181,3780,38711,802,760,1351,2913,41624
03-07-2019,21,12955,13449,8278,3614,38296,771,731,1286,2788,41084
03-07-2019,22,12808,13033,8078,3513,37432,727,688,1187,2602,40034
03-07-2019,23,12515,12260,7743,3315,35833,665,613,1070,2348,38181
04-07-2019,0,11852,11273,7406,3095,33626,618,573,1026,2217,35843
04-07-2019,1,11524,11194,7191,2962,32871,597,553,982,2132,35003
04-07-2019,2,11385,11226,7031,2907,32549,580,538,973,2091,34640
04-07-2019,3,11379,11214,7016,2879,32488,553,511,955,2019,34507
04-07-2019,4,11186,11054,7232,2871,32343,584,536,989,2109,34452
04-07-2019,5,11156,11546,7747,3001,33450,671,622,1154,2447,35897
04-07-2019,6,11976,13138,8171,3463,36748,784,737,1320,2841,39589
04-07-2019,7,12935,14188,8435,4024,39582,882,852,1432,3166,42748
04-07-2019,8,13403,14493,8590,4316,40802,913,905,1501,3319,44121
04-07-2019,9,13484,14619,8676,4456,41235,910,906,1542,3358,44593
04-07-2019,10,13535,14848,8677,4604,41664,906,900,1549,3355,45019
04-07-2019,11,13557,15100,8640,4633,41930,884,883,1519,3286,45216
04-07-2019,12,13451,14964,8676,4555,41646,893,904,1538,3335,44981
04-07-2019,13,13364,14870,8640,4537,41411,892,898,1508,3298,44709
04-07-2019,14,13486,14749,8550,4431,41216,904,877,1495,3276,44492
04-07-2019,15,13246,14759,8469,4356,40830,882,855,1461,3198,44028
04-07-2019,16,13138,14686,8496,4270,40590,864,830,1442,3136,43726
04-07-2019,17,13041,14797,8458,4441,40737,838,815,1427,3080,43817
04-07-2019,18,12854,14703,8507,4383,40447,839,787,1397,3023,43470
04-07-2019,19,12712,14573,8507,4156,39948,827,769,1360,2956,42904
04-07-2019,20,12707,14286,8286,3896,39175,812,744,1347,2903,42078
04-07-2019,21,12560,13507,8299,3779,38145,783,722,1306,2811,40956
04-07-2019,22,12376,13189,8086,3606,37257,751,671,1196,2618,39875
04-07-2019,23,12054,12561,7723,3332,35670,688,594,1093,2375,38045
05-07-2019,0,11694,11701,7358,3127,33880,644,553,1019,2216,36096
05-07-2019,1,11505,11429,7207,2982,33123,622,535,986,2143,35266
05-07-2019,2,11315,11323,7101,2894,32633,589,527,980,2096,34729
05-07-2019,3,11506,11317,7023,2877,32723,575,508,972,2055,34778
05-07-2019,4,11165,11103,7260,2933,32461,587,527,989,2103,34564
05-07-2019,5,11642,11567,7731,3067,34007,674,613,1150,2437,36444
05-07-2019,6,12211,13140,8152,3511,37014,775,726,1315,2816,39830
05-07-2019,7,12947,14305,8382,4002,39636,884,832,1453,3169,42805
05-07-2019,8,13501,14550,8606,4275,40932,925,882,1528,3335,44267
05-07-2019,9,13598,14478,8657,4310,41043,930,888,1555,3373,44416
05-07-2019,10,13509,14568,8671,4349,41097,930,890,1546,3366,44463
05-07-2019,11,13471,14439,8705,4344,40959,918,873,1542,3333,44292
05-07-2019,12,13408,14427,8606,4227,40668,932,892,1536,3360,44028
05-07-2019,13,13250,14291,8639,4126,40306,915,877,1495,3287,43593
05-07-2019,14,13140,14109,8588,3956,39793,897,849,1452,3198,42991
05-07-2019,15,13171,13897,8691,3840,39599,883,829,1436,3148,42747
05-07-2019,16,12995,13780,8673,3820,39268,862,816,1406,3084,42352
05-07-2019,17,12826,13860,8630,3964,39280,842,791,1369,3002,42282
05-07-2019,18,12719,13622,8639,3892,38872,824,772,1342,2938,41810
05-07-2019,19,12614,13309,8588,3673,38184,804,755,1309,2868,41052
05-07-2019,20,12533,13070,8265,3458,37326,781,728,1268,2777,40103
05-07-2019,21,12357,12548,8306,3299,36510,759,697,1231,2687,39197
05-07-2019,22,12082,12126,8172,3197,35577,721,654,1162,2537,38114
05-07-2019,23,11993,11682,7703,3030,34408,670,585,1056,2311,36719
06-07-2019,0,11608,11302,7345,2831,33086,624,544,1006,2174,35260
06-07-2019,1,11300,10951,7130,2708,32089,598,516,962,2076,34165
06-07-2019,2,11108,10583,7057,2617,31365,579,505,948,2032,33397
06-07-2019,3,11058,10597,6953,2591,31199,558,488,926,1972,33171
06-07-2019,4,10930,10428,6985,2568,30911,551,484,904,1939,32850
06-07-2019,5,10903,10455,7129,2588,31075,580,521,947,2048,33123
06-07-2019,6,10615,10739,7324,2747,31425,626,584,1013,2223,33648
06-07-2019,7,10892,11114,7528,3019,32553,693,664,1108,2465,35018
06-07-2019,8,11271,11835,7803,3300,34209,746,728,1186,2660,36869
06-07-2019,9,11685,12469,7874,3509,35537,779,753,1225,2757,38294
06-07-2019,10,12010,12703,8004,3667,36384,782,758,1238,2778,39162
06-07-2019,11,11998,12800,7949,3724,36471,769,744,1249,2762,39233
06-07-2019,12,11984,12754,7953,3736,36427,758,740,1244,2742,39169
06-07-2019,13,11986,12550,7938,3657,36131,745,738,1219,2702,38833
06-07-2019,14,11951,12253,8010,3602,35816,731,720,1205,2656,38472
06-07-2019,15,12022,12146,8115,3531,35814,728,716,1206,2650,38464
06-07-2019,16,12107,12012,8178,3548,35845,734,709,1205,2648,38493
06-07-2019,17,12363,12150,8270,3700,36483,739,702,1197,2638,39121
06-07-2019,18,12376,12169,8288,3696,36529,733,692,1196,2621,39150
06-07-2019,19,12187,12248,8226,3518,36179,729,690,1184,2603,38782
06-07-2019,20,11993,12129,7919,3347,35388,705,672,1161,2538,37926
06-07-2019,21,11738,11847,8002,3201,34788,684,655,1151,2490,37278
06-07-2019,22,11668,11693,7951,3111,34423,675,632,1088,2395,36818
06-07-2019,23,11623,11196,7617,2968,33404,642,572,989,2203,35607
07-07-2019,0,11337,10676,7277,2761,32051,612,531,934,2077,34128
07-07-2019,1,11059,10445,7118,2657,31279,599,507,910,2016,33295
07-07-2019,2,10864,10197,6976,2597,30634,582,493,894,1969,32603
07-07-2019,3,10732,10006,6860,2561,30159,555,472,880,1907,32066
07-07-2019,4,10639,9882,6819,2536,29876,559,468,873,1900,31776
07-07-2019,5,10561,9757,6963,2523,29804,580,496,917,1993,31797
07-07-2019,6,10614,10087,7078,2629,30408,619,545,981,2145,32553
07-07-2019,7,10823,10612,7263,2835,31533,680,611,1076,2367,33900
07-07-2019,8,11349,11011,7505,3139,33004,728,674,1169,2571,35575
07-07-2019,9,11837,11627,7729,3334,34527,760,710,1232,2702,37229
07-07-2019,10,12007,11935,7876,3465,35283,740,726,1264,2730,38013
07-07-2019,11,12160,12143,7926,3496,35725,734,725,1252,2711,38436
07-07-2019,12,12045,12138,7879,3450,35512,729,726,1260,2715,38227
07-07-2019,13,11961,12230,7798,3434,35423,725,731,1246,2702,38125
07-07-2019,14,11850,12068,7739,3427,35084,725,718,1228,2671,37755
07-07-2019,15,11754,11990,7900,3387,35031,732,708,1222,2662,37693
07-07-2019,16,11761,12104,7982,3477,35324,734,707,1230,2671,37995
07-07-2019,17,11813,12279,8052,3726,35870,737,712,1234,2683,38553
07-07-2019,18,11901,12561,8087,3747,36296,739,708,1233,2680,38976
07-07-2019,19,11982,12526,8061,3586,36155,733,709,1220,2662,38817
07-07-2019,20,12072,12274,7864,3396,35606,727,693,1202,2622,38228
07-07-2019,21,11933,12153,7985,3274,35345,722,674,1178,2574,37919
07-07-2019,22,11758,11973,7931,3192,34854,691,631,1086,2408,37262
07-07-2019,23,11532,11535,7551,3005,33623,648,569,984,2201,35824
08-07-2019,0,11273,10962,7175,2842,32252,608,524,918,2050,34302
08-07-2019,1,10961,10823,7006,2717,31507,592,508,899,1999,33506
08-07-2019,2,10749,10751,6903,2667,31070,579,501,900,1980,33050
08-07-2019,3,10721,10634,6862,2670,30887,554,488,893,1935,32822
08-07-2019,4,10617,10579,7040,2703,30939,578,506,917,2001,32940
08-07-2019,5,10837,10632,7604,2849,31922,661,593,1100,2354,34276
08-07-2019,6,11611,11841,8105,3327,34884,768,711,1277,2756,37640
08-07-2019,7,12239,13039,8472,3858,37608,866,825,1411,3102,40710
08-07-2019,8,12762,13777,8630,4219,39388,910,892,1500,3302,42690
08-07-2019,9,13071,14160,8738,4348,40317,920,923,1521,3364,43681
08-07-2019,10,13247,14542,8803,4443,41035,924,923,1541,3388,44423
08-07-2019,11,13086,14625,8823,4411,40945,910,898,1527,3335,44280
08-07-2019,12,13015,14532,8739,4352,40638,920,916,1534,3370,44008
08-07-2019,13,12842,14286,8642,4361,40131,910,913,1512,3335,43466
08-07-2019,14,12879,14140,8512,4351,39882,897,893,1513,3303,43185
08-07-2019,15,12770,14010,8427,4267,39474,867,871,1461,3199,42673
08-07-2019,16,12746,13962,8463,4169,39340,851,846,1433,3130,42470
08-07-2019,17,12651,13933,8412,4251,39247,838,835,1399,3072,42319
08-07-2019,18,12509,13605,8506,4188,38808,816,807,1378,3001,41809
08-07-2019,19,12429,13501,8409,4068,38407,800,793,1363,2956,41363
08-07-2019,20,12347,13314,8157,3872,37690,772,767,1324,2863,40553
08-07-2019,21,12197,13032,8163,3695,37087,746,741,1267,2754,39841
08-07-2019,22,11917,12490,8068,3541,36016,711,695,1153,2559,38575
08-07-2019,23,11691,11753,7616,3252,34312,648,617,1055,2320,36632
09-07-2019,0,11414,11088,7312,3002,32816,617,574,995,2186,35002
09-07-2019,1,11028,10540,7148,2871,31587,597,555,972,2124,33711
09-07-2019,2,10931,10472,7034,2819,31256,585,543,964,2092,33348
09-07-2019,3,10843,10519,6972,2816,31150,564,525,960,2049,33199
09-07-2019,4,10826,10465,7241,2820,31352,576,542,983,2101,33453
09-07-2019,5,10791,10737,7814,2919,32261,666,635,1143,2444,34705
09-07-2019,6,11412,12007,8234,3343,34996,770,744,1295,2809,37805
09-07-2019,7,12074,13141,8501,3822,37538,881,860,1431,3172,40710
09-07-2019,8,12641,13797,8654,4095,39187,937,918,1503,3358,42545
09-07-2019,9,12850,13848,8685,4234,39617,945,929,1525,3399,43016
09-07-2019,10,12812,14172,8639,4304,39927,938,923,1528,3389,43316
09-07-2019,11,12945,14296,8723,4309,40273,929,905,1514,3348,43621
09-07-2019,12,12961,14519,8602,4312,40394,945,926,1528,3399,43793
09-07-2019,13,12809,14259,8539,4295,39902,942,916,1519,3377,43279
09-07-2019,14,12799,13879,8521,4198,39397,929,900,1504,3333,42730
09-07-2019,15,12749,13726,8492,4108,39075,905,881,1465,3251,42326
09-07-2019,16,12576,13533,8451,4073,38633,893,858,1436,3187,41820
09-07-2019,17,12404,13789,8455,4171,38819,884,840,1416,3140,41959
09-07-2019,18,12471,13779,8495,4137,38882,861,807,1389,3057,41939
09-07-2019,19,12285,13648,8406,3973,38312,845,798,1371,3014,41326
09-07-2019,20,12030,13436,8043,3768,37277,823,778,1348,2949,40226
09-07-2019,21,11990,13109,8101,3537,36737,790,751,1287,2828,39565
09-07-2019,22,11903,12751,7969,3444,36067,736,698,1172,2606,38673
09-07-2019,23,11720,12196,7542,3238,34696,664,620,1070,2354,37050
10-07-2019,0,11357,11681,7202,3004,33244,621,580,1012,2213,35457
10-07-2019,1,11039,11167,6996,2865,32067,602,561,990,2153,34220
10-07-2019,2,10850,10913,6879,2784,31426,592,548,976,2116,33542
10-07-2019,3,10615,10623,6831,2762,30831,569,539,971,2079,32910
10-07-2019,4,10522,10467,6974,2760,30723,583,550,992,2125,32848
10-07-2019,5,10743,10677,7499,2887,31806,667,645,1148,2460,34266
10-07-2019,6,11330,11601,7825,3275,34031,771,752,1297,2820,36851
10-07-2019,7,11974,13098,8067,3751,36890,889,868,1434,3191,40081
10-07-2019,8,12351,13663,8199,4047,38260,933,920,1504,3357,41617
10-07-2019,9,12587,14040,8261,4183,39071,942,936,1520,3398,42469
10-07-2019,10,12619,14013,8293,4291,39216,936,941,1528,3405,42621
10-07-2019,11,12771,13873,8311,4257,39212,920,937,1521,3378,42590
10-07-2019,12,12625,13617,8248,4194,38684,930,935,1523,3388,42072
10-07-2019,13,12568,13632,8198,4206,38604,913,912,1496,3321,41925
10-07-2019,14,12561,13507,8184,4127,38379,901,887,1501,3289,41668
10-07-2019,15,12438,13242,8143,4020,37843,873,874,1464,3211,41054
10-07-2019,16,12410,13231,8208,3978,37827,856,853,1442,3151,40978
10-07-2019,17,12424,13434,8190,4112,38160,854,837,1405,3096,41256
10-07-2019,18,12251,13391,8235,4129,38006,841,814,1388,3043,41049
10-07-2019,19,12207,13091,8203,3917,37418,826,796,1356,2978,40396
10-07-2019,20,12084,12928,7952,3738,36702,811,783,1326,2920,39622
10-07-2019,21,11974,12621,8004,3576,36175,784,763,1278,2825,39000
10-07-2019,22,11731,12383,7909,3401,35424,748,716,1177,2641,38065
10-07-2019,23,11565,11667,7499,3179,33910,680,637,1080,2397,36307
11-07-2019,0,11056,10807,7184,2987,32034,625,589,1008,2222,34256
11-07-2019,1,10832,10579,7013,2859,31283,591,570,972,2133,33416
11-07-2019,2,10659,10372,6945,2794,30770,584,560,965,2109,32879
11-07-2019,3,10573,10243,6932,2774,30522,558,545,959,2062,32584
11-07-2019,4,10495,10164,7117,2782,30558,562,551,980,2093,32651
11-07-2019,5,10567,10598,7738,2909,31812,656,642,1145,2443,34255
11-07-2019,6,11135,11416,8178,3344,34073,764,752,1318,2834,36907
11-07-2019,7,11810,12418,8458,3862,36548,871,868,1451,3190,39738
11-07-2019,8,12362,13288,8565,4172,38387,912,916,1510,3338,41725
11-07-2019,9,12628,13711,8622,4301,39262,925,926,1529,3380,42642
11-07-2019,10,12874,13807,8683,4373,39737,915,921,1550,3386,43123
11-07-2019,11,12861,13864,8737,4384,39846,909,898,1525,3332,43178
11-07-2019,12,12617,13678,8718,4270,39283,926,918,1555,3399,42682
11-07-2019,13,12649,13548,8645,4266,39108,921,910,1535,3366,42474
11-07-2019,14,12608,13467,8583,4193,38851,915,894,1517,3326,42177
11-07-2019,15,12559,13520,8465,4076,38620,890,879,1482,3251,41871
11-07-2019,16,12457,13393,8511,4067,38428,870,848,1434,3152,41580
11-07-2019,17,12329,13311,8498,4239,38377,849,836,1417,3102,41479
11-07-2019,18,12136,12996,8504,4205,37841,837,814,1391,3042,40883
11-07-2019,19,12062,12825,8488,3994,37369,823,798,1370,2991,40360
11-07-2019,20,11914,12537,8208,3793,36452,798,775,1345,2918,39370
11-07-2019,21,11787,12155,8294,3625,35861,763,748,1297,2808,38669
11-07-2019,22,11651,12015,8217,3423,35306,742,705,1191,2638,37944
11-07-2019,23,11419,11556,7787,3183,33945,682,619,1094,2395,36340
12-07-2019,0,11073,10803,7459,2995,32330,650,580,1054,2284,34614
12-07-2019,1,10820,10249,7311,2858,31238,628,558,1010,2196,33434
12-07-2019,2,10604,10152,7242,2796,30794,612,544,988,2144,32938
12-07-2019,3,10476,10117,7157,2783,30533,587,526,976,2089,32622
12-07-2019,4,10394,10178,7322,2793,30687,600,542,993,2135,32822
12-07-2019,5,10464,10425,7901,2901,31691,688,636,1157,2481,34172
12-07-2019,6,11023,11484,8273,3306,34086,779,744,1310,2833,36919
12-07-2019,7,11713,12382,8500,3754,36349,867,857,1442,3166,39515
12-07-2019,8,12297,13072,8612,4031,38012,909,908,1504,3321,41333
12-07-2019,9,12556,13565,8573,4156,38850,911,921,1534,3366,42216
12-07-2019,10,12769,13635,8623,4245,39272,909,918,1539,3366,42638
12-07-2019,11,12762,13536,8622,4229,39149,889,894,1540,3323,42472
12-07-2019,12,12626,13505,8559,4116,38806,894,920,1558,3372,42178
12-07-2019,13,12475,13310,8499,3993,38277,881,907,1522,3310,41587
12-07-2019,14,12402,13180,8475,3856,37913,870,880,1489,3239,41152
12-07-2019,15,12202,12848,8467,3776,37293,852,856,1465,3173,40466
12-07-2019,16,11984,12696,8414,3755,36849,837,835,1440,3112,39961
12-07-2019,17,11945,12838,8333,3864,36980,820,819,1396,3035,40015
12-07-2019,18,11816,12612,8304,3799,36531,802,788,1358,2948,39479
12-07-2019,19,11692,12250,8224,3609,35775,784,772,1318,2874,38649
12-07-2019,20,11439,11823,7926,3437,34625,752,753,1291,2796,37421
12-07-2019,21,11363,11602,8020,3252,34237,735,744,1256,2735,36972
12-07-2019,22,11218,11494,7917,3142,33771,709,702,1179,2590,36361
12-07-2019,23,11102,11114,7532,2985,32733,662,629,1081,2372,35105
13-07-2019,0,10760,10564,7226,2783,31333,622,583,1024,2229,33562
13-07-2019,1,10348,10143,7034,2649,30174,597,561,980,2138,32312
13-07-2019,2,10163,9939,7042,2570,29714,582,542,952,2076,31790
13-07-2019,3,9928,9704,6951,2533,29116,551,517,935,2003,31119
13-07-2019,4,9939,9486,6912,2499,28836,553,514,919,1986,30822
13-07-2019,5,9820,9471,7130,2483,28904,579,551,980,2110,31014
13-07-2019,6,10049,9758,7300,2622,29729,628,615,1072,2315,32044
13-07-2019,7,10300,10379,7485,2857,31021,695,701,1198,2594,33615
13-07-2019,8,10737,11054,7768,3127,32686,741,761,1288,2790,35476
13-07-2019,9,11232,11377,7948,3337,33894,751,783,1326,2860,36754
13-07-2019,10,11549,11748,7941,3444,34682,761,784,1350,2895,37577
13-07-2019,11,11740,11947,7970,3447,35104,747,775,1339,2861,37965
13-07-2019,12,11581,11799,7976,3384,34740,746,769,1328,2843,37583
13-07-2019,13,11383,11384,7964,3341,34072,744,760,1310,2814,36886
13-07-2019,14,11281,11084,7951,3302,33618,743,743,1282,2768,36386
13-07-2019,15,11188,11098,8024,3263,33573,738,735,1274,2747,36320
13-07-2019,16,11173,11285,8178,3288,33924,742,729,1262,2733,36657
13-07-2019,17,11077,11507,8237,3465,34286,739,726,1244,2709,36995
13-07-2019,18,11398,11757,8234,3468,34857,740,716,1228,2684,37541
13-07-2019,19,11415,11612,8197,3341,34565,734,709,1212,2655,37220
13-07-2019,20,11292,11431,7962,3187,33872,718,688,1192,2598,36470
13-07-2019,21,11075,11028,8047,3048,33198,705,680,1180,2565,35763
13-07-2019,22,10983,10988,8057,3010,33038,693,654,1112,2459,35497
13-07-2019,23,10919,10721,7654,2843,32137,647,600,1026,2273,34410
14-07-2019,0,10629,10106,7416,2720,30871,613,554,948,2115,32986
14-07-2019,1,10290,9784,7275,2601,29950,588,531,916,2035,31985
14-07-2019,2,10095,9493,7170,2547,29305,571,517,905,1993,31298
14-07-2019,3,9949,9250,7048,2517,28764,543,494,888,1925,30689
14-07-2019,4,9711,9150,7026,2522,28409,535,488,871,1894,30303
14-07-2019,5,9653,9065,7113,2513,28344,554,515,917,1986,30330
14-07-2019,6,9830,9296,7214,2605,28945,595,563,993,2151,31096
14-07-2019,7,10252,9794,7339,2801,30186,654,639,1088,2381,32567
14-07-2019,8,10530,10470,7543,3071,31614,704,707,1196,2607,34221
14-07-2019,9,11207,10998,7753,3198,33156,735,744,1255,2734,35890
14-07-2019,10,11329,11476,7868,3310,33983,739,752,1275,2766,36749
14-07-2019,11,11373,11550,7825,3327,34075,736,748,1279,2763,36838
14-07-2019,12,11470,11651,7759,3316,34196,728,744,1276,2748,36944
14-07-2019,13,11403,11268,7710,3290,33671,717,741,1261,2719,36390
14-07-2019,14,11310,11159,7734,3258,33461,711,731,1255,2697,36158
14-07-2019,15,11206,11236,7790,3221,33453,714,728,1247,2689,36142
14-07-2019,16,11138,11282,7834,3286,33540,726,730,1246,2702,36242
14-07-2019,17,11302,11427,7891,3541,34161,731,723,1239,2693,36854
14-07-2019,18,11224,11522,7964,3583,34293,740,724,1234,2698,36991
14-07-2019,19,11209,11668,7942,3438,34257,737,721,1233,2691,36948
14-07-2019,20,11328,11585,7805,3345,34063,725,713,1222,2660,36723
14-07-2019,21,11305,11403,7973,3206,33887,716,705,1216,2637,36524
14-07-2019,22,11262,11202,8037,3145,33646,692,664,1114,2470,36116
14-07-2019,23,11031,10684,7628,2911,32254,638,589,999,2226,34480
15-07-2019,0,10592,9980,7308,2687,30567,598,545,938,2081,32648
15-07-2019,1,10326,9691,7117,2561,29695,575,524,911,2010,31705
15-07-2019,2,10137,9578,6999,2530,29244,574,519,903,1996,31240
15-07-2019,3,10167,9153,6908,2528,28756,548,501,894,1943,30699
15-07-2019,4,10131,8967,7083,2567,28748,563,518,917,1998,30746
15-07-2019,5,10309,9414,7478,2668,29869,629,602,1096,2327,32196
15-07-2019,6,10982,10485,7881,3029,32377,719,714,1270,2703,35080
15-07-2019,7,11624,11615,8169,3497,34905,811,829,1415,3055,37960
15-07-2019,8,12242,12600,8304,3842,36988,863,896,1493,3252,40240
15-07-2019,9,12348,13087,8359,4014,37808,870,908,1524,3302,41110
15-07-2019,10,12390,13231,8352,4160,38133,880,909,1533,3322,41455
15-07-2019,11,12575,13297,8304,4097,38273,865,890,1535,3290,41563
15-07-2019,12,12445,13448,8311,4037,38241,872,914,1566,3352,41593
15-07-2019,13,12284,13478,8180,4026,37968,863,909,1548,3320,41288
15-07-2019,14,12341,13457,8191,3950,37939,860,887,1508,3255,41194
15-07-2019,15,12404,13200,8164,3859,37627,861,870,1483,3214,40841
15-07-2019,16,12264,13185,8162,3805,37416,841,841,1433,3115,40531
15-07-2019,17,12183,13240,8118,3974,37515,844,836,1427,3107,40622
15-07-2019,18,12216,13156,8183,3963,37518,818,814,1388,3020,40538
15-07-2019,19,12138,12885,8216,3793,37032,810,794,1364,2968,40000
15-07-2019,20,11974,12342,7895,3583,35794,789,766,1341,2896,38690
15-07-2019,21,11673,11983,7953,3391,35000,767,750,1310,2827,37827
15-07-2019,22,11609,11678,7844,3273,34404,721,694,1193,2608,37012
15-07-2019,23,11238,10825,7381,3098,32542,654,608,1078,2340,34882
16-07-2019,0,10919,10096,7058,2872,30945,609,559,1010,2178,33123
16-07-2019,1,10509,9683,6870,2723,29785,584,535,981,2100,31885
16-07-2019,2,10510,9712,6773,2659,29654,586,528,971,2085,31739
16-07-2019,3,10402,9642,6755,2631,29430,567,522,963,2052,31482
16-07-2019,4,10276,9423,6888,2672,29259,570,525,977,2072,31331
16-07-2019,5,10273,9690,7381,2788,30132,653,625,1130,2408,32540
16-07-2019,6,10885,10824,7755,3153,32617,741,742,1302,2785,35402
16-07-2019,7,11666,11664,7959,3584,34873,836,862,1445,3143,38016
16-07-2019,8,12129,12355,8138,3840,36462,869,918,1501,3288,39750
16-07-2019,9,12390,12930,8192,3999,37511,884,940,1534,3358,40869
16-07-2019,10,12551,13197,8333,4101,38182,886,947,1555,3388,41570
16-07-2019,11,12551,13369,8370,4054,38344,870,923,1539,3332,41676
16-07-2019,12,12432,13563,8309,4026,38330,875,929,1564,3368,41698
16-07-2019,13,12306,13286,8283,4047,37922,878,915,1534,3327,41249
16-07-2019,14,12284,13036,8275,3953,37548,880,897,1494,3271,40819
16-07-2019,15,12124,12746,8277,3855,37002,881,873,1481,3235,40237
16-07-2019,16,11903,12644,8300,3801,36648,875,848,1422,3145,39793
16-07-2019,17,12048,12847,8246,3957,37098,854,841,1410,3105,40203
16-07-2019,18,11970,12572,8236,3938,36716,829,815,1384,3028,39744
16-07-2019,19,11913,12525,8123,3812,36373,805,795,1358,2958,39331
16-07-2019,20,11756,12153,7838,3624,35371,785,779,1332,2896,38267
16-07-2019,21,11613,11709,7912,3454,34688,758,759,1281,2798,37486
16-07-2019,22,11572,11514,7798,3256,34140,717,694,1160,2571,36711
16-07-2019,23,11256,11054,7406,3068,32784,650,614,1052,2316,35100
17-07-2019,0,10805,10517,7055,2892,31269,609,577,993,2179,33448
17-07-2019,1,10399,10031,6930,2752,30112,584,554,962,2100,32212
17-07-2019,2,10087,9904,6795,2683,29469,579,548,955,2082,31551
17-07-2019,3,9917,9790,6747,2660,29114,558,542,957,2057,31171
17-07-2019,4,9979,9655,6876,2670,29180,567,551,971,2089,31269
17-07-2019,5,9964,9993,7376,2753,30086,645,631,1126,2402,32488
17-07-2019,6,10479,10917,7802,3118,32316,742,727,1287,2756,35072
17-07-2019,7,11189,11985,8055,3598,34827,838,841,1419,3098,37925
17-07-2019,8,11691,12515,8230,3864,36300,876,902,1500,3278,39578
17-07-2019,9,12077,12874,8311,4030,37292,882,909,1513,3304,40596
17-07-2019,10,12251,13061,8323,4049,37684,874,908,1525,3307,40991
17-07-2019,11,12158,12902,8407,4004,37471,865,890,1501,3256,40727
17-07-2019,12,12111,12890,8371,3967,37339,881,911,1520,3312,40651
17-07-2019,13,12148,12774,8292,3971,37185,880,906,1488,3274,40459
17-07-2019,14,12223,12651,8210,3904,36988,865,884,1463,3212,40200
17-07-2019,15,12121,12668,8185,3796,36770,845,866,1442,3153,39923
17-07-2019,16,11987,12598,8216,3729,36530,843,841,1416,3100,39630
17-07-2019,17,11962,12634,8189,3853,36638,833,825,1395,3053,39691
17-07-2019,18,11815,12559,8219,3890,36483,815,796,1365,2976,39459
17-07-2019,19,11776,12041,8220,3711,35748,800,782,1339,2921,38669
17-07-2019,20,11697,11622,7949,3502,34770,784,765,1311,2860,37630
17-07-2019,21,11561,11434,8018,3367,34380,757,747,1274,2778,37158
17-07-2019,22,11526,11437,7899,3214,34076,721,687,1170,2578,36654
17-07-2019,23,11316,10804,7470,2992,32582,650,610,1063,2323,34905
18-07-2019,0,10902,10471,7153,2801,31327,615,570,1007,2192,33519
18-07-2019,1,10483,10257,6990,2677,30407,589,544,963,2096,32503
18-07-2019,2,10239,10009,6914,2610,29772,575,530,949,2054,31826
18-07-2019,3,10205,10115,6814,2599,29733,557,521,948,2026,31759
18-07-2019,4,10116,10052,6996,2603,29767,559,537,960,2056,31823
18-07-2019,5,10157,9946,7531,2674,30308,641,630,1116,2387,32695
18-07-2019,6,10664,10831,7931,3008,32434,736,733,1274,2743,35177
18-07-2019,7,11279,11789,8206,3435,34709,834,845,1400,3079,37788
18-07-2019,8,11661,12496,8408,3741,36306,881,900,1475,3256,39562
18-07-2019,9,11926,12712,8464,3884,36986,892,920,1502,3314,40300
18-07-2019,10,12215,12997,8422,3981,37615,881,915,1502,3298,40913
18-07-2019,11,12239,13033,8390,3987,37649,869,891,1510,3270,40919
18-07-2019,12,12253,12870,8442,3925,37490,896,910,1520,3326,40816
18-07-2019,13,12222,12818,8418,3913,37371,884,904,1489,3277,40648
18-07-2019,14,12114,12813,8425,3847,37199,885,883,1472,3240,40439
18-07-2019,15,12056,12793,8420,3777,37046,869,869,1446,3184,40230
18-07-2019,16,11973,12748,8414,3744,36879,860,837,1413,3110,39989
18-07-2019,17,11988,12907,8354,3900,37149,845,825,1383,3053,40202
18-07-2019,18,11804,12738,8314,3929,36785,827,800,1363,2990,39775
18-07-2019,19,11771,12549,8262,3736,36318,814,784,1333,2931,39249
18-07-2019,20,11661,12216,8032,3542,35451,790,762,1312,2864,38315
18-07-2019,21,11541,11772,8159,3324,34796,762,746,1285,2793,37589
18-07-2019,22,11427,11538,8039,3217,34221,727,696,1190,2613,36834
18-07-2019,23,11161,10928,7583,2984,32656,663,619,1082,2364,35020
19-07-2019,0,10688,10355,7247,2790,31080,629,574,1010,2213,33293
19-07-2019,1,10414,9926,7063,2667,30070,598,551,975,2124,32194
19-07-2019,2,10346,9876,6993,2614,29829,588,538,965,2091,31920
19-07-2019,3,10221,9836,6915,2592,29564,569,525,963,2057,31621
19-07-2019,4,10111,9753,6990,2631,29485,575,536,981,2092,31577
19-07-2019,5,10112,9877,7496,2700,30185,652,625,1132,2409,32594
19-07-2019,6,10581,10794,7871,3029,32275,756,729,1285,2770,35045
19-07-2019,7,11197,11771,8152,3503,34623,852,839,1420,3111,37734
19-07-2019,8,11625,12712,8355,3775,36467,903,898,1503,3304,39771
19-07-2019,9,11882,12938,8441,3928,37189,911,916,1520,3347,40536
19-07-2019,10,12124,13157,8520,3980,37781,906,913,1521,3340,41121
19-07-2019,11,12075,13135,8546,3976,37732,895,896,1512,3303,41035
19-07-2019,12,12037,12974,8496,3928,37435,902,911,1533,3346,40781
19-07-2019,13,11938,12944,8412,3854,37148,891,905,1511,3307,40455
19-07-2019,14,12010,12904,8461,3757,37132,881,889,1482,3252,40384
19-07-2019,15,11777,12739,8486,3694,36696,861,869,1462,3192,39888
19-07-2019,16,11718,12574,8467,3653,36412,843,845,1442,3130,39542
19-07-2019,17,11560,12689,8398,3737,36384,831,829,1404,3064,39448
19-07-2019,18,11512,12509,8348,3717,36086,808,793,1365,2966,39052
19-07-2019,19,11377,12078,8269,3485,35209,790,776,1330,2896,38105
19-07-2019,20,11237,11632,7972,3291,34132,768,751,1305,2824,36956
19-07-2019,21,11002,11329,8064,3147,33542,741,741,1285,2767,36309
19-07-2019,22,10929,11160,7974,3076,33139,712,693,1197,2602,35741
19-07-2019,23,10785,10624,7569,2891,31869,664,624,1094,2382,34251
20-07-2019,0,10398,10279,7174,2704,30555,631,584,1017,2232,32787
20-07-2019,1,10113,9908,6999,2565,29585,607,555,970,2132,31717
20-07-2019,2,9880,9560,6910,2475,28825,592,537,954,2083,30908
20-07-2019,3,9734,9381,6753,2451,28319,562,518,940,2020,30339
20-07-2019,4,9642,9310,6773,2447,28172,542,506,923,1971,30143
20-07-2019,5,9541,9310,6873,2427,28151,577,545,982,2104,30255
20-07-2019,6,9686,9553,7074,2550,28863,629,603,1087,2319,31182
20-07-2019,7,9939,10060,7394,2767,30160,695,681,1198,2574,32734
20-07-2019,8,10436,10664,7641,3057,31798,749,742,1323,2814,34612
20-07-2019,9,10871,11234,7816,3240,33161,771,769,1365,2905,36066
20-07-2019,10,11091,11308,7876,3304,33579,765,774,1375,2914,36493
20-07-2019,11,11203,11283,7845,3325,33656,749,766,1367,2882,36538
20-07-2019,12,11116,11199,7850,3330,33495,733,759,1364,2856,36351
20-07-2019,13,11193,11140,7798,3286,33417,721,756,1343,2820,36237
20-07-2019,14,11165,11054,7850,3248,33317,731,746,1326,2803,36120
20-07-2019,15,11049,10966,7797,3214,33026,733,735,1323,2791,35817
20-07-2019,16,11131,10927,7923,3207,33188,740,741,1316,2797,35985
20-07-2019,17,11100,11000,7989,3415,33504,751,736,1293,2780,36284
20-07-2019,18,11540,11307,8027,3448,34322,757,727,1276,2760,37082
20-07-2019,19,11534,11516,7890,3346,34286,747,719,1243,2709,36995
20-07-2019,20,11303,11208,7647,3201,33359,723,701,1227,2651,36010
20-07-2019,21,10954,10910,7752,3058,32674,713,689,1221,2623,35297
20-07-2019,22,10907,10729,7770,2953,32359,697,651,1144,2492,34851
20-07-2019,23,10504,10309,7457,2734,31004,645,585,1018,2248,33252
21-07-2019,0,10070,9859,7025,2572,29526,607,549,960,2116,31642
21-07-2019,1,10038,9575,6913,2462,28988,585,525,936,2046,31034
21-07-2019,2,9852,9305,6822,2412,28391,573,513,935,2021,30412
21-07-2019,3,9694,9212,6645,2397,27948,551,495,922,1968,29916
21-07-2019,4,9546,9110,6680,2368,27704,530,484,899,1913,29617
21-07-2019,5,9404,9000,6801,2332,27537,551,516,944,2011,29548
21-07-2019,6,9407,8938,6952,2422,27719,599,562,1019,2180,29899
21-07-2019,7,9750,9355,7175,2637,28917,664,642,1133,2439,31356
21-07-2019,8,10133,10133,7399,2889,30554,717,712,1241,2670,33224
21-07-2019,9,10366,10795,7628,3082,31871,738,754,1307,2799,34670
21-07-2019,10,10632,11102,7717,3208,32659,737,766,1329,2832,35491
21-07-2019,11,10661,11338,7736,3260,32995,732,767,1328,2827,35822
21-07-2019,12,10729,11388,7727,3270,33114,723,764,1322,2809,35923
21-07-2019,13,10677,11321,7703,3310,33011,722,759,1322,2803,35814
21-07-2019,14,10774,11216,7748,3314,33052,725,751,1324,2800,35852
21-07-2019,15,10782,11142,7732,3289,32945,731,746,1305,2782,35727
21-07-2019,16,10803,11102,7801,3302,33008,747,751,1304,2802,35810
21-07-2019,17,10876,11346,7811,3523,33556,761,752,1303,2816,36372
21-07-2019,18,10966,11578,7863,3486,33893,769,756,1301,2826,36719
21-07-2019,19,10909,11653,7822,3322,33706,774,752,1294,2820,36526
21-07-2019,20,10923,11663,7589,3174,33349,759,745,1286,2790,36139
21-07-2019,21,10785,11357,7849,3033,33024,739,725,1257,2721,35745
21-07-2019,22,10744,11130,7802,2959,32635,713,653,1145,2511,35146
21-07-2019,23,10485,10420,7389,2763,31057,648,586,1037,2271,33328
22-07-2019,0,10024,9781,7056,2566,29427,611,539,964,2114,31541
22-07-2019,1,9837,9485,6846,2452,28620,589,526,932,2047,30667
22-07-2019,2,9767,9434,6746,2405,28352,569,514,920,2003,30355
22-07-2019,3,9796,9509,6654,2400,28359,554,513,926,1993,30352
22-07-2019,4,9885,9508,6756,2425,28574,555,520,947,2022,30596
22-07-2019,5,10195,9410,7277,2508,29390,638,601,1101,2340,31730
22-07-2019,6,10451,10330,7771,2830,31382,751,711,1275,2737,34119
22-07-2019,7,11119,11298,8136,3215,33768,863,817,1421,3101,36869
22-07-2019,8,11625,12070,8346,3547,35588,925,886,1505,3316,38904
22-07-2019,9,11817,12440,8449,3740,36446,943,911,1527,3381,39827
22-07-2019,10,11856,12613,8494,3878,36841,949,912,1553,3414,40255
22-07-2019,11,11922,12551,8558,3882,36913,942,891,1541,3374,40287
22-07-2019,12,11818,12638,8501,3912,36869,962,910,1545,3417,40286
22-07-2019,13,11757,12742,8474,3914,36887,954,906,1530,3390,40277
22-07-2019,14,11755,12774,8405,3884,36818,940,894,1517,3351,40169
22-07-2019,15,11852,12761,8326,3787,36726,922,870,1481,3273,39999
22-07-2019,16,11882,12685,8269,3754,36590,902,835,1443,3180,39770
22-07-2019,17,11916,12578,8172,3943,36609,883,818,1408,3109,39718
22-07-2019,18,11804,12646,8178,3953,36581,854,792,1392,3038,39619
22-07-2019,19,11771,12458,8080,3712,36021,830,777,1358,2965,38986
22-07-2019,20,11631,12112,7870,3513,35126,804,762,1338,2904,38030
22-07-2019,21,11237,11676,7944,3341,34198,782,744,1303,2829,37027
22-07-2019,22,11040,11486,7820,3186,33532,723,680,1196,2599,36131
22-07-2019,23,10669,10850,7343,2929,31791,661,606,1089,2356,34147
23-07-2019,0,10238,10213,7013,2730,30194,632,569,1049,2250,32444
23-07-2019,1,10059,9999,6821,2605,29484,603,550,1002,2155,31639
23-07-2019,2,9807,9808,6762,2556,28933,594,540,989,2123,31056
23-07-2019,3,9777,9681,6704,2538,28700,579,540,989,2108,30808
23-07-2019,4,9751,9514,6869,2550,28684,583,545,1003,2131,30815
23-07-2019,5,9838,9667,7346,2612,29463,661,627,1139,2427,31890
23-07-2019,6,10113,10377,7815,2906,31211,770,733,1288,2791,34002
23-07-2019,7,10780,11274,8122,3361,33537,875,853,1422,3150,36687
23-07-2019,8,11404,11979,8247,3712,35342,927,921,1497,3345,38687
23-07-2019,9,11695,12471,8384,3864,36414,934,943,1520,3397,39811
23-07-2019,10,11859,12829,8377,3925,36990,931,936,1543,3410,40400
23-07-2019,11,11921,12885,8509,3921,37236,917,913,1539,3369,40605
23-07-2019,12,11806,12938,8564,3887,37195,932,935,1552,3419,40614
23-07-2019,13,11702,12840,8481,3906,36929,930,926,1534,3390,40319
23-07-2019,14,11697,12768,8413,3836,36714,922,903,1522,3347,40061
23-07-2019,15,11671,12690,8365,3742,36468,909,890,1489,3288,39756
23-07-2019,16,11650,12604,8323,3716,36293,900,856,1449,3205,39498
23-07-2019,17,11571,12510,8280,3829,36190,887,843,1424,3154,39344
23-07-2019,18,11487,12487,8260,3750,35984,865,808,1403,3076,39060
23-07-2019,19,11290,12217,8109,3614,35230,843,792,1374,3009,38239
23-07-2019,20,11243,11937,7879,3452,34511,812,781,1349,2942,37453
23-07-2019,21,11016,11682,7926,3249,33873,789,769,1335,2893,36766
23-07-2019,22,10887,11443,7832,3172,33334,741,702,1217,2660,35994
23-07-2019,23,10611,10861,7406,2943,31821,668,623,1107,2398,34219
24-07-2019,0,10205,10273,7051,2717,30246,634,572,1071,2277,32523
24-07-2019,1,9834,9902,6836,2579,29151,609,557,1037,2203,31354
24-07-2019,2,9685,9787,6757,2593,28822,603,544,1010,2157,30979
24-07-2019,3,9602,9709,6640,2569,28520,585,538,1007,2130,30650
24-07-2019,4,9471,9540,6755,2530,28296,580,542,1026,2148,30444
24-07-2019,5,9493,9457,7220,2596,28766,661,627,1155,2443,31209
24-07-2019,6,10045,10222,7638,2914,30819,768,728,1308,2804,33623
24-07-2019,7,10776,11214,7960,3360,33310,879,848,1448,3175,36485
24-07-2019,8,11298,12033,8245,3680,35256,929,920,1529,3378,38634
24-07-2019,9,11623,12565,8372,3882,36442,937,932,1556,3425,39867
24-07-2019,10,11752,12930,8407,4061,37150,939,934,1561,3434,40584
24-07-2019,11,11624,13003,8384,4092,37103,923,917,1566,3406,40509
24-07-2019,12,11597,13071,8351,4063,37082,934,941,1590,3465,40547
24-07-2019,13,11695,12729,8350,4054,36828,928,934,1577,3439,40267
24-07-2019,14,11723,12735,8237,3910,36605,923,926,1566,3415,40020
24-07-2019,15,11678,12725,8266,3779,36448,914,912,1530,3356,39804
24-07-2019,16,11630,12714,8357,3702,36403,901,873,1495,3269,39672
24-07-2019,17,11448,12745,8270,3819,36282,885,854,1463,3202,39484
24-07-2019,18,11427,12608,8264,3862,36161,862,822,1436,3120,39281
24-07-2019,19,11335,12168,8177,3716,35396,845,811,1399,3055,38451
24-07-2019,20,11197,11913,7931,3533,34574,825,788,1371,2984,37558
24-07-2019,21,11015,11646,7990,3356,34007,803,775,1364,2942,36949
24-07-2019,22,10838,11487,7818,3273,33416,750,711,1243,2704,36120
24-07-2019,23,10569,10887,7413,3011,31880,680,624,1129,2433,34313
25-07-2019,0,10128,10103,7088,2780,30099,636,576,1077,2289,32388
25-07-2019,1,9804,9644,6969,2732,29149,609,560,1023,2192,31341
25-07-2019,2,9605,9348,6861,2563,28377,601,546,1007,2154,30531
25-07-2019,3,9480,9137,6717,2523,27857,588,545,1006,2139,29996
25-07-2019,4,9534,9050,6801,2519,27904,586,549,1010,2145,30049
25-07-2019,5,9482,9490,7371,2588,28931,669,632,1180,2481,31412
25-07-2019,6,9938,10239,7799,2891,30867,769,739,1314,2822,33689
25-07-2019,7,10595,11247,8127,3302,33271,874,863,1460,3197,36468
25-07-2019,8,11145,12210,8366,3664,35385,921,928,1537,3386,38771
25-07-2019,9,11438,12890,8463,3871,36662,931,948,1560,3439,40101
25-07-2019,10,11711,12871,8571,3976,37129,930,954,1577,3461,40590
25-07-2019,11,11735,12653,8583,4014,36985,912,922,1570,3404,40389
25-07-2019,12,11673,12909,8638,3996,37216,919,942,1588,3449,40665
25-07-2019,13,11647,12906,8554,3977,37084,908,939,1568,3415,40499
25-07-2019,14,11851,12805,8474,3930,37060,903,927,1557,3387,40447
25-07-2019,15,11664,12796,8409,3869,36738,891,912,1533,3336,40074
25-07-2019,16,11599,12577,8441,3838,36455,884,892,1514,3290,39745
25-07-2019,17,11608,12800,8351,3912,36671,872,870,1466,3208,39879
25-07-2019,18,11511,12856,8314,3897,36578,852,834,1427,3113,39691
25-07-2019,19,11344,12584,8292,3738,35958,839,821,1394,3054,39012
25-07-2019,20,11290,12198,8054,3538,35080,819,793,1371,2983,38063
25-07-2019,21,10990,11795,8104,3385,34274,790,770,1344,2904,37178
25-07-2019,22,10917,11469,8003,3318,33707,736,704,1224,2664,36371
25-07-2019,23,10664,10891,7554,3105,32214,678,628,1112,2418,34632
26-07-2019,0,10247,10437,7208,2880,30772,628,576,1042,2246,33018
26-07-2019,1,9813,10124,7111,2746,29794,606,552,1015,2173,31967
26-07-2019,2,9763,9831,6972,2683,29249,595,541,1001,2137,31386
26-07-2019,3,9665,9672,6932,2639,28908,576,536,1003,2115,31023
26-07-2019,4,9556,9633,7041,2656,28886,579,538,1008,2125,31011
26-07-2019,5,9756,9750,7521,2748,29775,662,618,1158,2438,32213
26-07-2019,6,10127,10416,7945,2998,31486,769,722,1303,2794,34280
26-07-2019,7,10748,11405,8260,3428,33841,874,852,1437,3163,37004
26-07-2019,8,11292,12299,8478,3803,35872,928,915,1499,3342,39214
26-07-2019,9,11678,12785,8599,4032,37094,946,935,1533,3414,40508
26-07-2019,10,11806,12916,8699,4148,37569,944,940,1550,3434,41003
26-07-2019,11,11764,12921,8753,4089,37527,929,924,1523,3376,40903
26-07-2019,12,11868,12703,8747,4035,37353,935,946,1554,3435,40788
26-07-2019,13,11784,12569,8701,3948,37002,921,938,1506,3365,40367
26-07-2019,14,11722,12483,8643,3878,36726,909,920,1499,3328,40054
26-07-2019,15,11584,12380,8623,3828,36415,889,901,1471,3261,39676
26-07-2019,16,11496,12421,8659,3783,36359,877,878,1457,3212,39571
26-07-2019,17,11525,12456,8493,3859,36333,854,860,1411,3125,39458
26-07-2019,18,11589,12545,8402,3793,36329,838,823,1385,3046,39375
26-07-2019,19,11378,12279,8302,3601,35560,807,798,1359,2964,38524
26-07-2019,20,11348,11935,8052,3398,34733,786,776,1333,2895,37628
26-07-2019,21,11022,11516,8196,3296,34030,767,775,1316,2858,36888
26-07-2019,22,10918,11414,8090,3252,33674,716,716,1216,2648,36322
26-07-2019,23,10666,10738,7675,3021,32100,669,643,1122,2434,34534
27-07-2019,0,10164,10175,7365,2840,30544,620,598,1056,2274,32818
27-07-2019,1,9836,9698,7149,2684,29367,600,571,1002,2173,31540
27-07-2019,2,9577,9615,7021,2599,28812,590,557,989,2136,30948
27-07-2019,3,9449,9426,6824,2565,28264,559,541,990,2090,30354
27-07-2019,4,9317,9313,6839,2551,28020,539,529,977,2045,30065
27-07-2019,5,9248,9256,6983,2506,27993,582,565,1024,2171,30164
27-07-2019,6,9433,9515,7264,2667,28879,643,633,1109,2385,31264
27-07-2019,7,9837,10142,7504,2902,30385,715,720,1212,2647,33032
27-07-2019,8,10329,10876,7777,3237,32219,777,796,1324,2897,35116
27-07-2019,9,10777,11421,7968,3455,33621,800,829,1362,2991,36612
27-07-2019,10,10861,11424,8040,3529,33854,799,840,1383,3022,36876
27-07-2019,11,10913,11339,8076,3614,33942,787,830,1371,2988,36930
27-07-2019,12,10854,11444,8089,3611,33998,781,826,1367,2974,36972
27-07-2019,13,10776,11465,8111,3564,33916,777,832,1346,2955,36871
27-07-2019,14,10728,11491,8072,3513,33804,774,825,1339,2938,36742
27-07-2019,15,10743,11458,8099,3490,33790,775,820,1317,2912,36702
27-07-2019,16,10707,11471,8047,3506,33731,780,811,1307,2898,36629
27-07-2019,17,10829,11586,7961,3666,34042,787,795,1287,2869,36911
27-07-2019,18,10784,11656,7933,3599,33972,782,775,1272,2829,36801
27-07-2019,19,10742,11648,7863,3404,33657,773,764,1251,2788,36445
27-07-2019,20,10678,11395,7646,3235,32954,754,752,1236,2742,35696
27-07-2019,21,10647,11367,7878,3122,33014,738,750,1232,2720,35734
27-07-2019,22,10592,11324,7825,3081,32822,711,692,1115,2518,35340
27-07-2019,23,10195,10929,7362,2873,31359,655,627,1036,2318,33677
28-07-2019,0,9902,10418,7017,2735,30072,620,591,995,2206,32278
28-07-2019,1,9609,10199,6838,2626,29272,592,565,962,2119,31391
28-07-2019,2,9561,9637,6713,2579,28490,586,548,948,2082,30572
28-07-2019,3,9538,9481,6518,2529,28066,564,536,941,2041,30107
28-07-2019,4,9535,9370,6471,2536,27912,542,519,922,1983,29895
28-07-2019,5,9322,9204,6647,2481,27654,566,544,965,2075,29729
28-07-2019,6,9324,9579,6829,2555,28287,616,598,1042,2256,30543
28-07-2019,7,9540,10192,7107,2777,29616,690,691,1163,2544,32160
28-07-2019,8,9830,10850,7394,3050,31124,746,766,1265,2777,33901
28-07-2019,9,10139,11480,7640,3260,32519,778,799,1331,2908,35427
28-07-2019,10,10427,11838,7813,3358,33436,783,810,1340,2933,36369
28-07-2019,11,10491,11820,7862,3403,33576,777,816,1344,2937,36513
28-07-2019,12,10516,11675,7838,3433,33462,777,813,1342,2932,36394
28-07-2019,13,10517,11424,7883,3478,33302,771,809,1332,2912,36214
28-07-2019,14,10449,11292,7861,3418,33020,772,805,1329,2906,35926
28-07-2019,15,10591,11333,7854,3369,33147,780,805,1328,2913,36060
28-07-2019,16,10805,11572,7800,3402,33579,787,803,1335,2925,36504
28-07-2019,17,11084,11681,7762,3571,34098,795,811,1335,2941,37039
28-07-2019,18,11128,11926,7855,3609,34518,795,805,1335,2935,37453
28-07-2019,19,10974,11947,7817,3462,34200,801,800,1327,2928,37128
28-07-2019,20,11034,11862,7642,3308,33846,784,785,1309,2878,36724
28-07-2019,21,11053,11754,7831,3199,33837,776,775,1302,2853,36690
28-07-2019,22,10907,11298,7801,3154,33160,724,706,1184,2614,35774
28-07-2019,23,10717,10611,7334,2936,31598,659,629,1083,2371,33969
29-07-2019,0,10006,9695,7024,2744,29469,615,582,993,2190,31659
29-07-2019,1,9832,9417,6845,2613,28707,591,563,961,2115,30822
29-07-2019,2,9656,9341,6823,2553,28373,591,557,951,2099,30472
29-07-2019,3,9719,9306,6804,2540,28369,587,559,953,2099,30468
29-07-2019,4,9607,8989,6920,2577,28093,579,559,969,2107,30200
29-07-2019,5,9803,8961,7481,2664,28909,646,647,1124,2417,31326
29-07-2019,6,10327,10200,7970,3028,31525,756,754,1307,2817,34342
29-07-2019,7,11255,11485,8331,3489,34560,870,879,1477,3226,37786
29-07-2019,8,11878,12480,8532,3866,36756,934,956,1579,3469,40225
29-07-2019,9,12172,12947,8607,4058,37784,945,985,1630,3560,41344
29-07-2019,10,12334,13307,8718,4213,38572,949,976,1654,3579,42151
29-07-2019,11,12471,13424,8817,4260,38972,947,952,1660,3559,42531
29-07-2019,12,12542,13442,8797,4222,39003,960,971,1694,3625,42628
29-07-2019,13,12355,13416,8720,4247,38738,959,965,1688,3612,42350
29-07-2019,14,12374,13315,8627,4170,38486,946,945,1649,3540,42026
29-07-2019,15,12108,13082,8602,4063,37855,926,939,1608,3473,41328
29-07-2019,16,11979,12879,8509,4010,37377,914,901,1547,3362,40739
29-07-2019,17,11915,12922,8405,4131,37373,908,890,1509,3307,40680
29-07-2019,18,11882,12714,8420,4175,37191,894,856,1478,3228,40419
29-07-2019,19,11814,12309,8382,3968,36473,871,833,1450,3154,39627
29-07-2019,20,11490,12057,8114,3739,35400,857,826,1429,3112,38512
29-07-2019,21,11158,12028,8223,3561,34970,837,809,1380,3026,37996
29-07-2019,22,11036,11310,8022,3419,33787,767,723,1229,2719,36506
29-07-2019,23,10807,10752,7533,3166,32258,691,631,1137,2459,34717
30-07-2019,0,10340,10060,7126,2936,30462,648,585,1049,2282,32744
30-07-2019,1,9945,9566,6978,2804,29293,629,564,1015,2208,31501
30-07-2019,2,9769,9452,6884,2743,28848,618,550,1002,2170,31018
30-07-2019,3,9592,9348,6831,2736,28507,616,550,1003,2169,30676
30-07-2019,4,9584,9367,6882,2760,28593,614,546,1007,2167,30760
30-07-2019,5,9737,9509,7476,2815,29537,694,634,1150,2478,32015
30-07-2019,6,10310,10458,7968,3167,31903,795,732,1307,2834,34737
30-07-2019,7,11066,11382,8289,3607,34344,905,859,1470,3234,37578
30-07-2019,8,11555,12126,8375,3919,35975,963,920,1547,3430,39405
30-07-2019,9,11964,12496,8457,4094,37011,972,938,1574,3484,40495
30-07-2019,10,12217,13124,8490,4231,38062,973,939,1594,3506,41568
30-07-2019,11,12217,13236,8508,4270,38231,951,916,1601,3468,41699
30-07-2019,12,12054,13189,8499,4242,37984,958,951,1625,3534,41518
30-07-2019,13,11999,13269,8395,4246,37909,936,935,1607,3478,41387
30-07-2019,14,11976,13201,8288,4181,37646,933,917,1584,3434,41080
30-07-2019,15,12162,13103,8270,4039,37574,912,896,1555,3363,40937
30-07-2019,16,12079,12840,8303,3998,37220,894,860,1506,3260,40480
30-07-2019,17,11998,12755,8320,4163,37236,882,845,1453,3180,40416
30-07-2019,18,11948,12647,8431,4086,37112,863,810,1420,3093,40205
30-07-2019,19,11636,12462,8380,3852,36330,849,798,1399,3046,39376
30-07-2019,20,11459,12110,8068,3653,35290,834,790,1371,2995,38285
30-07-2019,21,11453,11844,8196,3539,35032,823,785,1322,2930,37962
30-07-2019,22,11219,11521,7958,3378,34076,768,706,1183,2657,36733
30-07-2019,23,10779,10386,7468,3089,31722,694,621,1087,2402,34124
31-07-2019,0,10285,9732,7106,2897,30020,652,573,1009,2234,32254
31-07-2019,1,10002,9722,6917,2781,29422,632,550,985,2167,31589
31-07-2019,2,10019,9534,6939,2706,29198,624,540,974,2138,31336
31-07-2019,3,9714,9327,6911,2696,28648,622,538,976,2136,30784
31-07-2019,4,9709,9327,7031,2750,28817,619,546,983,2148,30965
31-07-2019,5,9657,9387,7497,2846,29387,702,639,1126,2467,31854
31-07-2019,6,10452,10598,7931,3205,32186,807,739,1277,2823,35009
31-07-2019,7,11228,11731,8199,3636,34794,921,855,1416,3192,37986
31-07-2019,8,11901,12527,8344,3923,36695,977,912,1511,3400,40095
31-07-2019,9,12120,13071,8411,4101,37703,991,930,1529,3450,41153
31-07-2019,10,12512,13449,8442,4252,38655,994,931,1540,3465,42120
31-07-2019,11,12689,13436,8520,4254,38899,976,905,1536,3417,42316
31-07-2019,12,12382,13533,8513,4175,38603,988,929,1555,3472,42075
31-07-2019,13,12145,13370,8451,4172,38138,978,924,1535,3437,41575
31-07-2019,14,11957,13181,8415,4117,37670,962,912,1507,3381,41051
31-07-2019,15,12098,13022,8437,4021,37578,943,897,1487,3327,40905
31-07-2019,16,11946,12822,8389,3944,37101,930,872,1434,3236,40337
31-07-2019,17,11991,12980,8382,4096,37449,924,863,1419,3206,40655
31-07-2019,18,12103,12875,8467,4072,37517,899,832,1390,3121,40638
31-07-2019,19,12034,12581,8415,3932,36962,884,816,1370,3070,40032
31-07-2019,20,11874,12282,8097,3713,35966,873,807,1355,3035,39001
31-07-2019,21,11709,12154,8222,3559,35644,857,784,1287,2928,38572
31-07-2019,22,11544,11977,8094,3300,34915,783,699,1144,2626,37541
31-07-2019,23,11259,11121,7614,3014,33008,712,619,1041,2372,35380
01-08-2019,0,10736,10266,7295,2812,31109,671,582,1011,2264,33373
01-08-2019,1,10411,10171,7159,2661,30402,654,560,994,2208,32610
01-08-2019,2,10264,9992,7099,2612,29967,638,548,971,2157,32124
01-08-2019,3,10168,9969,7093,2616,29846,636,545,980,2161,32007
01-08-2019,4,10106,9919,7130,2646,29801,629,550,1001,2180,31981
01-08-2019,5,10173,9945,7499,2790,30407,714,638,1158,2510,32917
01-08-2019,6,10716,10949,8001,3147,32813,817,742,1295,2854,35667
01-08-2019,7,11485,11956,8214,3594,35249,916,857,1440,3213,38462
01-08-2019,8,11966,12787,8325,3923,37001,955,916,1507,3378,40379
01-08-2019,9,12043,12948,8416,4081,37488,966,928,1531,3425,40913
01-08-2019,10,12274,12999,8484,4168,37925,960,928,1539,3427,41352
01-08-2019,11,12235,13129,8510,4188,38062,947,904,1533,3384,41446
01-08-2019,12,12283,13049,8541,4187,38060,968,930,1547,3445,41505
01-08-2019,13,12255,13073,8468,4159,37955,952,929,1534,3415,41370
01-08-2019,14,12273,12992,8396,4088,37749,942,912,1513,3367,41116
01-08-2019,15,12163,12880,8331,3961,37335,916,897,1481,3294,40629
01-08-2019,16,12256,12766,8345,3860,37227,911,866,1445,3222,40449
01-08-2019,17,12078,12879,8303,4004,37264,896,851,1429,3176,40440
01-08-2019,18,11895,12717,8362,4020,36994,880,826,1398,3104,40098
01-08-2019,19,11784,12442,8326,3800,36352,866,809,1379,3054,39406
01-08-2019,20,11612,12029,8058,3587,35286,851,798,1369,3018,38304
01-08-2019,21,11442,11804,8252,3394,34892,842,787,1291,2920,37812
01-08-2019,22,11421,11506,8139,3270,34336,772,707,1156,2635,36971
01-08-2019,23,10933,10866,7625,3003,32427,700,633,1067,2400,34827
02-08-2019,0,10761,10134,7293,2799,30987,661,591,1028,2280,33267
02-08-2019,1,10457,9820,7140,2667,30084,636,567,999,2202,32286
02-08-2019,2,10176,9746,7118,2602,29642,630,555,978,2163,31805
02-08-2019,3,10049,9751,7079,2589,29468,627,556,979,2162,31630
02-08-2019,4,10081,9593,7176,2647,29497,621,559,1001,2181,31678
02-08-2019,5,10231,9602,7733,2717,30283,710,645,1168,2523,32806
02-08-2019,6,10760,10468,8183,3075,32486,806,750,1296,2852,35338
02-08-2019,7,11554,11318,8473,3517,34862,911,864,1438,3213,38075
02-08-2019,8,12102,12457,8711,3839,37109,961,927,1515,3403,40512
02-08-2019,9,12388,12911,8774,4003,38076,972,983,1528,3483,41559
02-08-2019,10,12544,13273,8770,4141,38728,966,933,1530,3429,42157
02-08-2019,11,12513,13144,8729,4133,38519,945,909,1512,3366,41885
02-08-2019,12,12630,13044,8721,4044,38439,964,928,1531,3423,41862
02-08-2019,13,12408,12791,8671,3966,37836,948,920,1516,3384,41220
02-08-2019,14,12274,12606,8600,3841,37321,939,897,1492,3328,40649
02-08-2019,15,12142,12378,8545,3716,36781,918,879,1459,3256,40037
02-08-2019,16,11983,12321,8536,3700,36540,905,856,1424,3185,39725
02-08-2019,17,11985,12438,8544,3830,36797,890,841,1387,3118,39915
02-08-2019,18,11904,12315,8570,3787,36576,868,813,1364,3045,39621
02-08-2019,19,11818,12131,8485,3583,36017,851,802,1338,2991,39008
02-08-2019,20,11636,11943,8194,3365,35138,832,789,1317,2938,38076
02-08-2019,21,11524,11664,8376,3255,34819,824,783,1282,2889,37708
02-08-2019,22,11433,11390,8179,3156,34158,761,710,1160,2631,36789
02-08-2019,23,11131,10817,7696,2911,32555,694,628,1068,2390,34945
03-08-2019,0,10506,10199,7334,2702,30741,646,586,1007,2239,32980
03-08-2019,1,9871,10027,7183,2547,29628,623,564,979,2166,31794
03-08-2019,2,10085,9808,7151,2469,29513,616,550,969,2135,31648
03-08-2019,3,9937,9522,7118,2439,29016,608,546,966,2120,31136
03-08-2019,4,9806,9224,7092,2441,28563,579,530,950,2059,30622
03-08-2019,5,9749,9242,7271,2429,28691,606,561,1002,2169,30860
03-08-2019,6,9826,9533,7441,2553,29353,653,626,1089,2368,31721
03-08-2019,7,10116,10054,7635,2820,30625,720,714,1207,2641,33266
03-08-2019,8,10555,10761,7829,3148,32293,774,789,1308,2871,35164
03-08-2019,9,10933,11281,8061,3349,33624,804,809,1357,2970,36594
03-08-2019,10,11344,11557,8138,3492,34531,807,808,1363,2978,37509
03-08-2019,11,11403,11711,8134,3473,34721,800,793,1359,2952,37673
03-08-2019,12,11357,11734,8071,3449,34611,787,781,1352,2920,37531
03-08-2019,13,11244,11489,8016,3399,34148,775,769,1323,2867,37015
03-08-2019,14,11168,11351,8018,3337,33874,762,755,1304,2821,36695
03-08-2019,15,11083,11243,8113,3320,33759,759,746,1281,2786,36545
03-08-2019,16,11068,11386,8185,3353,33992,762,742,1276,2780,36772
03-08-2019,17,11102,11540,8225,3521,34388,757,747,1268,2772,37160
03-08-2019,18,11193,11528,8323,3520,34564,764,729,1249,2742,37306
03-08-2019,19,11120,11488,8268,3340,34216,759,724,1226,2709,36925
03-08-2019,20,11042,11263,8017,3197,33519,762,716,1235,2713,36232
03-08-2019,21,10966,11274,8261,3128,33629,758,714,1206,2678,36307
03-08-2019,22,10998,11056,8116,3043,33213,707,646,1099,2452,35665
03-08-2019,23,10656,10428,7695,2803,31582,665,580,1012,2257,33839
04-08-2019,0,10241,9929,7466,2630,30266,628,541,964,2133,32399
04-08-2019,1,9906,9717,7325,2495,29443,606,522,939,2067,31510
04-08-2019,2,9699,9592,7257,2420,28968,598,516,923,2037,31005
04-08-2019,3,9595,9456,7271,2392,28714,591,513,910,2014,30728
04-08-2019,4,9486,9395,7164,2393,28438,562,500,890,1952,30390
04-08-2019,5,9343,9255,7235,2353,28186,581,519,914,2014,30200
04-08-2019,6,9550,9387,7359,2455,28751,621,568,993,2182,30933
04-08-2019,7,9804,9826,7508,2656,29794,685,643,1115,2443,32237
04-08-2019,8,10174,10402,7653,2940,31169,736,713,1217,2666,33835
04-08-2019,9,10661,11147,7824,3175,32807,770,751,1275,2796,35603
04-08-2019,10,10975,11514,7879,3326,33694,776,756,1299,2831,36525
04-08-2019,11,11058,11654,7919,3344,33975,773,759,1285,2817,36792
04-08-2019,12,11064,11643,7858,3348,33913,772,754,1292,2818,36731
04-08-2019,13,11085,11559,7833,3338,33815,761,753,1284,2798,36613
04-08-2019,14,11047,11503,7834,3313,33697,757,742,1265,2764,36461
04-08-2019,15,11035,11415,7861,3263,33574,763,741,1274,2778,36352
04-08-2019,16,11120,11467,7849,3338,33774,771,740,1261,2772,36546
04-08-2019,17,11129,11696,7954,3586,34365,784,744,1258,2786,37151
04-08-2019,18,11318,11736,8063,3648,34765,800,742,1259,2801,37566
04-08-2019,19,11357,11734,7982,3478,34551,803,738,1260,2801,37352
04-08-2019,20,11517,11778,7827,3330,34452,796,743,1262,2801,37253
04-08-2019,21,11498,11628,8097,3261,34484,784,729,1212,2725,37209
04-08-2019,22,11326,11246,8021,3119,33712,722,650,1083,2455,36167
04-08-2019,23,10860,10743,7592,2877,32072,666,581,990,2237,34309
05-08-2019,0,10267,9976,7210,2680,30133,641,548,935,2124,32257
05-08-2019,1,10043,9739,7153,2594,29529,606,531,911,2048,31577
05-08-2019,2,9936,9810,7126,2555,29427,602,521,898,2021,31448
05-08-2019,3,9887,9853,7162,2533,29435,599,528,916,2043,31478
05-08-2019,4,9947,9865,7235,2591,29638,599,531,937,2067,31705
05-08-2019,5,10019,10009,7863,2767,30658,701,609,1100,2410,33068
05-08-2019,6,10914,11424,8324,3191,33853,808,719,1262,2789,36642
05-08-2019,7,12129,12800,8640,3729,37298,918,835,1414,3167,40465
05-08-2019,8,12567,13681,8758,4075,39081,969,901,1500,3370,42451
05-08-2019,9,12706,13911,8793,4289,39699,974,924,1515,3413,43112
05-08-2019,10,12761,14051,8807,4424,40043,949,924,1509,3382,43425
05-08-2019,11,12733,14233,8836,4408,40210,945,900,1490,3335,43545
05-08-2019,12,12694,14218,8783,4344,40039,968,929,1516,3413,43452
05-08-2019,13,12603,14054,8731,4367,39755,952,926,1508,3386,43141
05-08-2019,14,12612,13879,8565,4260,39316,946,912,1494,3352,42668
05-08-2019,15,12694,13789,8514,4138,39135,921,890,1492,3303,42438
05-08-2019,16,12691,13566,8488,4106,38851,920,864,1456,3240,42091
05-08-2019,17,12539,13654,8455,4285,38933,913,862,1429,3204,42137
05-08-2019,18,12548,13444,8445,4201,38638,898,842,1410,3150,41788
05-08-2019,19,12396,13180,8419,3990,37985,892,821,1372,3085,41070
05-08-2019,20,12232,12756,8141,3848,36977,870,813,1368,3051,40028
05-08-2019,21,12193,12632,8358,3735,36918,853,799,1309,2961,39879
05-08-2019,22,12038,12054,8161,3511,35764,761,702,1164,2627,38391
05-08-2019,23,11331,11043,7644,3129,33147,689,618,1069,2376,35523
06-08-2019,0,10501,10444,7302,2892,31139,647,585,1017,2249,33388
06-08-2019,1,10169,10148,7100,2778,30195,631,565,977,2173,32368
06-08-2019,2,10071,10030,7129,2705,29935,625,554,978,2157,32092
06-08-2019,3,10083,10079,7104,2716,29982,626,559,976,2161,32143
06-08-2019,4,10130,9954,7168,2776,30028,610,564,994,2168,32196
06-08-2019,5,10312,10117,7702,2939,31070,715,651,1154,2520,33590
06-08-2019,6,11085,11262,8139,3377,33863,833,758,1321,2912,36775
06-08-2019,7,12085,12838,8393,3908,37224,939,883,1463,3285,40509
06-08-2019,8,12533,13761,8560,4229,39083,1000,945,1538,3483,42566
06-08-2019,9,12679,13902,8623,4344,39548,1016,963,1569,3548,43096
06-08-2019,10,12807,13914,8595,4436,39752,1007,965,1579,3551,43303
06-08-2019,11,12754,14105,8558,4437,39854,995,948,1585,3528,43382
06-08-2019,12,12719,13886,8607,4396,39608,1018,974,1606,3598,43206
06-08-2019,13,12632,13843,8614,4399,39488,1000,969,1600,3569,43057
06-08-2019,14,12596,13508,8490,4293,38887,1011,949,1580,3540,42427
06-08-2019,15,12599,13474,8407,4203,38683,989,928,1525,3442,42125
06-08-2019,16,12555,13286,8333,4150,38324,990,895,1484,3369,41693
06-08-2019,17,12403,13359,8310,4314,38386,970,881,1450,3301,41687
06-08-2019,18,12304,13240,8412,4309,38265,931,853,1413,3197,41462
06-08-2019,19,12241,12971,8341,4087,37640,924,836,1389,3149,40789
06-08-2019,20,12125,12747,8050,3839,36761,922,827,1398,3147,39908
06-08-2019,21,12076,12557,8238,3729,36600,885,807,1318,3010,39610
06-08-2019,22,11944,11837,8027,3465,35273,797,707,1166,2670,37943
06-08-2019,23,11492,11208,7505,3150,33355,732,635,1080,2447,35802
07-08-2019,0,10550,10789,7208,2933,31480,692,604,1026,2322,33802
07-08-2019,1,10219,10230,7117,2783,30349,665,581,993,2239,32588
07-08-2019,2,10131,9962,7049,2739,29881,658,569,979,2206,32087
07-08-2019,3,10066,10175,6988,2746,29975,660,570,983,2213,32188
07-08-2019,4,10066,10293,7078,2796,30233,662,586,1019,2267,32500
07-08-2019,5,10193,10591,7623,2924,31331,749,662,1167,2578,33909
07-08-2019,6,11012,11581,8098,3364,34055,864,774,1319,2957,37012
07-08-2019,7,11952,13117,8486,3935,37490,970,889,1453,3312,40802
07-08-2019,8,12509,13648,8617,4322,39096,1023,944,1532,3499,42595
07-08-2019,9,12649,13980,8619,4431,39679,1037,965,1555,3557,43236
07-08-2019,10,12658,14277,8690,4485,40110,1033,969,1568,3570,43680
07-08-2019,11,12707,14210,8671,4480,40068,1021,955,1559,3535,43603
07-08-2019,12,12656,14163,8663,4402,39884,1046,984,1597,3627,43511
07-08-2019,13,12512,14036,8646,4430,39624,1033,976,1590,3599,43223
07-08-2019,14,12450,13875,8586,4329,39240,1019,956,1576,3551,42791
07-08-2019,15,12472,13901,8473,4228,39074,996,941,1548,3485,42559
07-08-2019,16,12337,13624,8592,4201,38754,977,908,1515,3400,42154
07-08-2019,17,12223,13560,8536,4336,38655,966,894,1487,3347,42002
07-08-2019,18,12120,13457,8543,4209,38329,938,871,1444,3253,41582
07-08-2019,19,12028,13171,8434,3940,37573,921,855,1414,3190,40763
07-08-2019,20,12067,12903,8104,3729,36803,908,847,1420,3175,39978
07-08-2019,21,11994,12700,8230,3608,36532,883,822,1347,3052,39584
07-08-2019,22,11806,12031,7960,3408,35205,795,728,1197,2720,37925
07-08-2019,23,10949,11373,7463,3131,32916,729,650,1110,2489,35405
08-08-2019,0,10452,10703,7101,2895,31151,700,606,1060,2366,33517
08-08-2019,1,10164,10351,6967,2760,30242,698,581,1017,2296,32538
08-08-2019,2,10029,10293,6941,2695,29958,651,570,999,2220,32178
08-08-2019,3,9978,10119,6960,2689,29746,662,583,998,2243,31989
08-08-2019,4,10047,10139,7025,2732,29943,660,583,1038,2281,32224
08-08-2019,5,10256,10254,7595,2900,31005,746,662,1188,2596,33601
08-08-2019,6,10975,11569,8182,3368,34094,858,776,1360,2994,37088
08-08-2019,7,11879,13085,8601,3860,37425,951,889,1499,3339,40764
08-08-2019,8,12411,13872,8733,4143,39159,1019,958,1574,3551,42710
08-08-2019,9,12688,13840,8794,4270,39592,1034,989,1606,3629,43221
08-08-2019,10,12672,14166,8822,4422,40082,1032,996,1623,3651,43733
08-08-2019,11,12779,14181,8826,4500,40286,1020,971,1591,3582,43868
08-08-2019,12,12728,14184,8757,4490,40159,1045,991,1587,3623,43782
08-08-2019,13,12666,14187,8665,4527,40045,1028,986,1560,3574,43619
08-08-2019,14,12657,13852,8551,4400,39460,1012,966,1530,3508,42968
08-08-2019,15,12445,13651,8476,4189,38761,982,945,1497,3424,42185
08-08-2019,16,12388,13329,8474,4143,38334,976,904,1454,3334,41668
08-08-2019,17,12335,13373,8404,4372,38484,961,893,1442,3296,41780
08-08-2019,18,12143,13166,8531,4277,38117,938,870,1407,3215,41332
08-08-2019,19,12307,13169,8441,4048,37965,917,849,1386,3152,41117
08-08-2019,20,12222,13064,8207,3816,37309,912,836,1388,3136,40445
08-08-2019,21,12088,12911,8375,3672,37046,876,796,1314,2986,40032
08-08-2019,22,11982,12149,8057,3469,35657,789,712,1164,2665,38322
08-08-2019,23,11458,11287,7611,3165,33521,727,635,1078,2440,35961
09-08-2019,0,10627,10769,7304,2918,31618,691,595,1026,2312,33930
09-08-2019,1,10311,10535,7185,2794,30825,656,572,995,2223,33048
09-08-2019,2,10122,10422,7184,2732,30460,649,559,980,2188,32648
09-08-2019,3,10146,10414,7191,2714,30465,644,563,981,2188,32653
09-08-2019,4,10127,10360,7304,2756,30547,627,575,1013,2215,32762
09-08-2019,5,10687,10484,7904,2912,31987,724,655,1154,2533,34520
09-08-2019,6,11289,11975,8473,3342,35079,828,771,1308,2907,37986
09-08-2019,7,12320,13409,8722,3870,38321,932,889,1431,3252,41573
09-08-2019,8,12766,14219,8867,4172,40024,975,941,1504,3420,43444
09-08-2019,9,12968,14126,8883,4305,40282,994,947,1537,3478,43760
09-08-2019,10,13029,14133,8890,4420,40472,995,946,1549,3490,43962
09-08-2019,11,13107,14176,8761,4402,40446,984,923,1552,3459,43905
09-08-2019,12,12904,14172,8774,4308,40158,1002,951,1562,3515,43673
09-08-2019,13,12798,13815,8732,4214,39559,988,947,1550,3485,43044
09-08-2019,14,12779,13554,8739,4072,39144,986,925,1511,3422,42566
09-08-2019,15,12690,13307,8663,3929,38589,954,895,1462,3311,41900
09-08-2019,16,12450,13066,8612,3913,38041,940,863,1426,3229,41270
09-08-2019,17,12394,13124,8488,4056,38062,917,848,1398,3163,41225
09-08-2019,18,12191,13070,8488,3974,37723,886,822,1374,3082,40805
09-08-2019,19,12212,12732,8371,3756,37071,860,804,1343,3007,40078
09-08-2019,20,12055,12272,8208,3547,36082,857,814,1356,3027,39109
09-08-2019,21,11789,12071,8406,3485,35751,838,798,1296,2932,38683
09-08-2019,22,11609,11539,8130,3291,34569,759,719,1172,2650,37219
09-08-2019,23,11271,10685,7703,3095,32754,691,637,1077,2405,35159
10-08-2019,0,10615,10192,7373,2844,31024,646,597,1021,2264,33288
10-08-2019,1,10275,9899,7150,2724,30048,632,576,991,2199,32247
10-08-2019,2,10087,9731,7096,2661,29575,618,564,972,2154,31729
10-08-2019,3,9913,9644,7116,2602,29275,611,562,962,2135,31410
10-08-2019,4,9838,9456,7013,2601,28908,587,557,962,2106,31014
10-08-2019,5,9921,9318,7211,2619,29069,607,574,1014,2195,31264
10-08-2019,6,10071,9642,7411,2732,29856,656,634,1116,2406,32262
10-08-2019,7,10293,10314,7654,2995,31256,726,716,1225,2667,33923
10-08-2019,8,10879,11351,7852,3298,33380,781,786,1330,2897,36277
10-08-2019,9,11431,12151,8000,3512,35094,794,814,1382,2990,38084
10-08-2019,10,11981,12571,8019,3662,36233,793,815,1395,3003,39236
10-08-2019,11,11928,12789,7983,3746,36446,780,806,1386,2972,39418
10-08-2019,12,11732,12632,7948,3738,36050,780,802,1382,2964,39014
10-08-2019,13,11740,12534,7953,3656,35883,775,796,1354,2925,38808
10-08-2019,14,11606,12384,7967,3641,35598,769,786,1320,2875,38473
10-08-2019,15,11589,12431,7927,3654,35601,774,776,1297,2847,38448
10-08-2019,16,11690,12549,7998,3635,35872,783,770,1274,2827,38699
10-08-2019,17,11768,12718,8069,3830,36385,783,761,1261,2805,39190
10-08-2019,18,11573,12585,8150,3753,36061,784,751,1252,2787,38848
10-08-2019,19,11594,12310,8097,3505,35506,777,748,1243,2768,38274
10-08-2019,20,11279,11989,7994,3351,34613,786,759,1271,2816,37429
10-08-2019,21,10995,11737,8260,3318,34310,764,734,1216,2714,37024
10-08-2019,22,10953,11076,8000,3165,33194,703,674,1110,2487,35681
10-08-2019,23,10715,10621,7531,2998,31865,653,619,1031,2303,34168
11-08-2019,0,10255,10335,7166,2838,30594,621,584,966,2171,32765
11-08-2019,1,9856,10014,7004,2675,29549,592,561,926,2079,31628
11-08-2019,2,9653,9965,6906,2596,29120,590,550,909,2049,31169
11-08-2019,3,9495,9910,6993,2568,28966,587,547,911,2045,31011
11-08-2019,4,9317,9866,6840,2560,28583,577,544,914,2035,30618
11-08-2019,5,9217,9698,6946,2586,28447,572,554,940,2066,30513
11-08-2019,6,9244,9693,7133,2626,28696,628,603,1012,2243,30939
11-08-2019,7,9469,10022,7343,2880,29714,702,678,1128,2508,32222
11-08-2019,8,9828,10775,7555,3253,31411,762,742,1239,2743,34154
11-08-2019,9,10317,11474,7748,3483,33022,809,779,1294,2882,35904
11-08-2019,10,10845,12061,7908,3594,34408,819,786,1316,2921,37329
11-08-2019,11,10942,12114,7990,3698,34744,813,782,1320,2915,37659
11-08-2019,12,10950,12133,7987,3694,34764,805,779,1316,2900,37664
11-08-2019,13,11008,12078,7909,3614,34609,777,779,1313,2869,37478
11-08-2019,14,11171,12157,7910,3584,34822,771,773,1294,2838,37660
11-08-2019,15,11127,12214,7976,3506,34823,778,776,1286,2840,37663
11-08-2019,16,11140,12139,8043,3605,34927,794,773,1269,2836,37763
11-08-2019,17,11023,12230,8134,3880,35267,808,770,1269,2847,38114
11-08-2019,18,11228,12386,8195,3850,35659,817,760,1269,2846,38505
11-08-2019,19,11270,12411,8132,3677,35490,810,761,1264,2835,38325
11-08-2019,20,11215,12287,7907,3516,34925,811,769,1290,2870,37795
11-08-2019,21,11328,12389,8092,3472,35281,784,745,1234,2763,38044
11-08-2019,22,11119,11734,7944,3282,34079,716,668,1100,2484,36563
11-08-2019,23,10502,10951,7543,3023,32019,661,598,1002,2261,34280
12-08-2019,0,9941,10394,7239,2861,30435,628,567,934,2129,32564
12-08-2019,1,9663,10364,7075,2775,29877,615,549,912,2076,31953
12-08-2019,2,9604,10207,7021,2749,29581,600,543,906,2049,31630
12-08-2019,3,9601,10044,7065,2751,29461,609,549,914,2072,31533
12-08-2019,4,9694,10092,7189,2786,29761,582,561,952,2095,31856
12-08-2019,5,10041,10609,7850,2976,31476,676,648,1096,2420,33896
12-08-2019,6,11042,12111,8595,3474,35222,797,761,1272,2830,38052
12-08-2019,7,11968,13533,8897,4045,38443,917,874,1426,3217,41660
12-08-2019,8,12464,14106,8958,4286,39814,974,932,1527,3433,43247
12-08-2019,9,12686,14058,9025,4392,40161,972,953,1570,3495,43656
12-08-2019,10,12730,14323,9029,4527,40609,979,963,1575,3517,44126
12-08-2019,11,12560,14367,9092,4559,40578,970,950,1580,3500,44078
12-08-2019,12,12548,14518,8982,4502,40550,1000,980,1600,3580,44130
12-08-2019,13,12574,14610,8937,4544,40665,993,985,1582,3560,44225
12-08-2019,14,12742,14463,8841,4411,40457,1009,972,1574,3555,44012
12-08-2019,15,12586,14076,8775,4281,39718,976,956,1556,3488,43206
12-08-2019,16,12664,13937,8672,4194,39467,956,908,1510,3374,42841
12-08-2019,17,12368,14116,8683,4403,39570,944,895,1482,3321,42891
12-08-2019,18,12257,13957,8705,4244,39163,933,868,1462,3263,42426
12-08-2019,19,12195,13703,8500,4024,38422,909,851,1438,3198,41620
12-08-2019,20,12176,13588,8322,3803,37889,897,868,1444,3209,41098
12-08-2019,21,12210,13528,8448,3723,37909,859,819,1347,3025,40934
12-08-2019,22,11809,12475,8085,3430,35799,759,714,1192,2665,38464
12-08-2019,23,11083,11622,7584,3114,33403,683,629,1103,2415,35818
13-08-2019,0,10435,10852,7302,2926,31515,654,599,1066,2319,33834
13-08-2019,1,10289,10745,7196,2833,31063,633,584,1033,2250,33313
13-08-2019,2,10092,10567,7133,2772,30564,619,566,1019,2204,32768
13-08-2019,3,10083,10485,7210,2780,30558,618,572,1016,2206,32764
13-08-2019,4,10312,10533,7261,2853,30959,628,590,1041,2259,33218
13-08-2019,5,10466,10793,7864,3043,32166,718,671,1187,2576,34742
13-08-2019,6,11449,12106,8482,3548,35585,820,779,1342,2941,38526
13-08-2019,7,12269,13486,8775,4119,38649,924,900,1482,3306,41955
13-08-2019,8,12718,14291,8857,4369,40235,978,964,1564,3506,43741
13-08-2019,9,12852,14284,8961,4452,40549,984,977,1579,3540,44089
13-08-2019,10,12656,14290,8997,4615,40558,974,977,1574,3525,44083
13-08-2019,11,12564,14324,9027,4607,40522,956,953,1576,3485,44007
13-08-2019,12,12662,14424,8961,4449,40496,977,976,1596,3549,44045
13-08-2019,13,12630,14122,8983,4474,40209,966,972,1576,3514,43723
13-08-2019,14,12594,13973,8942,4384,39893,958,952,1561,3471,43364
13-08-2019,15,12705,14069,8868,4260,39902,931,935,1521,3387,43289
13-08-2019,16,13076,13916,8836,4248,40076,913,898,1478,3289,43365
13-08-2019,17,12598,13824,8776,4409,39607,901,881,1452,3234,42841
13-08-2019,18,12309,13946,8850,4274,39379,884,856,1430,3170,42549
13-08-2019,19,12562,13662,8704,4017,38945,871,839,1399,3109,42054
13-08-2019,20,12401,13433,8444,3772,38050,876,857,1426,3159,41209
13-08-2019,21,12474,13411,8596,3717,38198,834,811,1336,2981,41179
13-08-2019,22,12221,12270,8274,3456,36221,748,721,1179,2648,38869
13-08-2019,23,11531,11424,7710,3139,33804,681,637,1091,2409,36213
14-08-2019,0,10766,10670,7399,2980,31815,646,593,1035,2274,34089
14-08-2019,1,10403,10407,7286,2838,30934,635,571,996,2202,33136
14-08-2019,2,10254,10251,7221,2784,30510,641,547,984,2172,32682
14-08-2019,3,10295,10098,7247,2775,30415,636,566,986,2188,32603
14-08-2019,4,10399,9917,7361,2837,30514,619,582,1022,2223,32737
14-08-2019,5,10770,10214,7898,3010,31892,713,661,1178,2552,34444
14-08-2019,6,11720,11889,8503,3513,35625,820,769,1330,2919,38544
14-08-2019,7,12924,13553,8835,4060,39372,935,886,1470,3291,42663
14-08-2019,8,13254,14145,8906,4269,40574,978,953,1556,3487,44061
14-08-2019,9,13318,13958,8929,4333,40538,972,967,1578,3517,44055
14-08-2019,10,13232,13976,8933,4514,40655,962,959,1577,3498,44153
14-08-2019,11,12900,14149,8931,4468,40448,957,933,1557,3447,43895
14-08-2019,12,12985,14393,8861,4399,40638,972,956,1558,3486,44124
14-08-2019,13,12832,14160,8842,4439,40273,963,954,1530,3447,43720
14-08-2019,14,12815,14058,8758,4391,40022,961,945,1496,3402,43424
14-08-2019,15,12793,13890,8728,4233,39644,944,926,1469,3339,42983
14-08-2019,16,12902,13721,8656,4169,39448,919,891,1448,3258,42706
14-08-2019,17,12855,14109,8669,4346,39979,911,880,1423,3214,43193
14-08-2019,18,12827,13858,8665,4231,39581,889,856,1385,3130,42711
14-08-2019,19,12700,13743,8593,3998,39034,879,836,1354,3069,42103
14-08-2019,20,12733,13529,8386,3779,38427,897,847,1367,3111,41538
14-08-2019,21,12760,13275,8485,3707,38227,854,792,1275,2921,41148
14-08-2019,22,12439,12270,8112,3456,36277,765,702,1148,2615,38892
14-08-2019,23,11695,11577,7614,3135,34021,701,628,1056,2385,36406
15-08-2019,0,10832,10943,7359,2929,32063,662,589,1030,2281,34344
15-08-2019,1,10495,10673,7272,2846,31286,642,569,1000,2211,33497
15-08-2019,2,10407,10594,7218,2791,31010,630,557,982,2169,33179
15-08-2019,3,10511,10617,7301,2808,31237,633,562,964,2159,33396
15-08-2019,4,10705,10709,7402,2865,31681,633,581,962,2176,33857
15-08-2019,5,11151,10868,7953,3072,33044,719,661,997,2377,35421
15-08-2019,6,11991,12336,8491,3558,36376,832,781,1079,2692,39068
15-08-2019,7,12976,13639,8807,4168,39590,949,901,1182,3032,42622
15-08-2019,8,13283,14488,8946,4428,41145,995,953,1271,3219,44364
15-08-2019,9,13171,14471,9038,4490,41170,1004,972,1312,3288,44458
15-08-2019,10,13130,14684,8927,4542,41283,1000,962,1325,3287,44570
15-08-2019,11,13055,14595,9022,4459,41131,980,940,1319,3239,44370
15-08-2019,12,13046,14613,9035,4380,41074,993,960,1310,3263,44337
15-08-2019,13,12982,14484,8969,4432,40867,976,955,1299,3230,44097
15-08-2019,14,13120,14359,8871,4396,40746,964,945,1277,3186,43932
15-08-2019,15,13008,14337,8819,4330,40494,940,924,1271,3135,43629
15-08-2019,16,13020,14149,8826,4324,40319,931,884,1259,3074,43393
15-08-2019,17,13015,14164,8755,4510,40444,914,872,1256,3042,43486
15-08-2019,18,13028,14021,8818,4424,40291,895,847,1240,2982,43273
15-08-2019,19,13025,13960,8791,4193,39969,881,835,1227,2943,42912
15-08-2019,20,12889,13906,8582,3995,39372,893,861,1281,3035,42407
15-08-2019,21,12880,13236,8749,3739,38604,863,816,1217,2896,41500
15-08-2019,22,12343,12358,8349,3522,36572,771,721,1097,2589,39161
15-08-2019,23,11712,11642,7896,3182,34432,687,636,1020,2343,36775
16-08-2019,0,11177,10941,7599,2982,32699,650,597,963,2210,34909
16-08-2019,1,10668,10735,7437,2886,31726,623,580,934,2137,33863
16-08-2019,2,10272,10670,7400,2822,31164,622,568,928,2118,33282
16-08-2019,3,10033,10781,7438,2818,31070,628,571,938,2137,33207
16-08-2019,4,10110,10805,7519,2907,31341,635,579,967,2181,33522
16-08-2019,5,10454,11015,8155,3072,32696,717,658,1067,2442,35138
16-08-2019,6,11525,12196,8783,3512,36016,827,778,1204,2809,38825
16-08-2019,7,12667,13666,9011,4006,39350,930,892,1327,3149,42499
16-08-2019,8,13208,14326,9140,4282,40956,969,943,1409,3321,44277
16-08-2019,9,13271,14557,9043,4336,41207,978,956,1443,3377,44584
16-08-2019,10,13179,14652,9138,4496,41465,971,955,1447,3373,44838
16-08-2019,11,13079,14614,9143,4464,41300,957,941,1455,3353,44653
16-08-2019,12,12877,14448,9086,4361,40772,972,956,1471,3399,44171
16-08-2019,13,12844,14148,8998,4261,40251,972,943,1453,3368,43619
16-08-2019,14,12858,13835,8978,4107,39778,972,931,1448,3351,43129
16-08-2019,15,12704,13548,8925,3978,39155,941,915,1422,3278,42433
16-08-2019,16,12775,13460,8929,3957,39121,931,885,1400,3216,42337
16-08-2019,17,12564,13755,8846,4085,39250,907,862,1372,3141,42391
16-08-2019,18,12512,13560,8787,4012,38871,884,837,1335,3056,41927
16-08-2019,19,12402,13078,8675,3763,37918,872,824,1311,3007,40925
16-08-2019,20,12272,12842,8490,3559,37163,888,835,1329,3052,40215
16-08-2019,21,12138,12693,8650,3520,37001,861,797,1250,2908,39909
16-08-2019,22,11865,11989,8336,3292,35482,771,717,1125,2613,38095
16-08-2019,23,11412,11235,7808,3026,33481,710,640,1052,2402,35883
17-08-2019,0,10943,10653,7377,2842,31815,666,606,998,2270,34085
17-08-2019,1,10542,10411,7267,2724,30944,648,582,955,2185,33129
17-08-2019,2,10409,10232,7200,2694,30535,633,568,941,2142,32677
17-08-2019,3,10197,10027,7241,2704,30169,630,567,939,2136,32305
17-08-2019,4,10099,10127,7138,2696,30060,623,563,946,2132,32192
17-08-2019,5,10249,10020,7262,2775,30306,640,580,980,2200,32506
17-08-2019,6,10377,10114,7479,2892,30862,702,646,1070,2418,33280
17-08-2019,7,10767,10781,7817,3162,32527,780,731,1191,2702,35229
17-08-2019,8,11289,11825,8082,3479,34675,833,799,1291,2923,37598
17-08-2019,9,11986,12597,8248,3642,36473,854,832,1332,3018,39491
17-08-2019,10,12284,12942,8319,3746,37291,856,838,1336,3030,40321
17-08-2019,11,12225,13210,8278,3836,37549,845,828,1334,3007,40556
17-08-2019,12,12019,13163,8206,3780,37168,836,823,1313,2972,40140
17-08-2019,13,11912,12951,8187,3784,36834,826,820,1305,2951,39785
17-08-2019,14,11824,12923,8242,3736,36725,816,812,1295,2923,39648
17-08-2019,15,11835,12828,8276,3772,36711,825,810,1294,2929,39640
17-08-2019,16,11766,12755,8306,3797,36624,834,805,1284,2923,39547
17-08-2019,17,11771,12869,8400,3893,36933,844,797,1272,2913,39846
17-08-2019,18,11656,12632,8486,3873,36647,842,783,1260,2885,39532
17-08-2019,19,11597,12660,8310,3585,36152,830,777,1234,2841,38993
17-08-2019,20,11411,12440,8115,3383,35349,827,800,1272,2899,38248
17-08-2019,21,11580,12133,8281,3307,35301,800,767,1200,2767,38068
17-08-2019,22,11223,11528,8008,3145,33904,738,697,1094,2529,36433
17-08-2019,23,10719,11081,7581,2911,32292,683,633,1002,2318,34610
18-08-2019,0,10340,10751,7263,2713,31067,641,590,952,2183,33250
18-08-2019,1,10261,10383,7075,2643,30362,620,566,925,2111,32473
18-08-2019,2,10035,10209,6991,2569,29804,607,557,912,2076,31880
18-08-2019,3,9993,10129,6958,2540,29620,604,556,911,2071,31691
18-08-2019,4,9980,10052,6770,2544,29346,593,553,923,2069,31415
18-08-2019,5,9843,9961,6796,2572,29172,595,554,925,2074,31246
18-08-2019,6,9800,10010,6963,2618,29391,641,609,1018,2268,31659
18-08-2019,7,10317,10404,7204,2839,30764,711,689,1137,2537,33301
18-08-2019,8,10738,11092,7506,3187,32523,763,749,1244,2756,35279
18-08-2019,9,11255,11751,7790,3444,34240,794,784,1299,2877,37117
18-08-2019,10,11593,12279,7868,3602,35342,792,801,1312,2905,38247
18-08-2019,11,11627,12560,7946,3701,35834,780,801,1311,2892,38726
18-08-2019,12,11574,12529,7870,3668,35641,776,788,1300,2864,38505
18-08-2019,13,11618,12501,7831,3615,35565,773,790,1287,2850,38415
18-08-2019,14,11760,12465,7857,3582,35664,778,783,1283,2844,38508
18-08-2019,15,11787,12390,7909,3639,35725,786,782,1297,2865,38590
18-08-2019,16,11762,12728,7978,3756,36224,799,784,1288,2871,39095
18-08-2019,17,11815,13116,8069,4027,37027,809,784,1286,2879,39906
18-08-2019,18,11932,13202,8231,4036,37401,813,783,1283,2879,40280
18-08-2019,19,11887,13307,8212,3797,37203,816,794,1293,2903,40106
18-08-2019,20,11976,12961,8076,3541,36554,832,821,1337,2990,39544
18-08-2019,21,11943,12609,8215,3461,36228,793,766,1234,2793,39021
18-08-2019,22,11575,12144,7922,3225,34866,720,680,1100,2500,37366
18-08-2019,23,11133,11554,7512,2955,33154,660,611,1012,2283,35437
19-08-2019,0,10580,10896,7226,2812,31514,617,578,946,2141,33655
19-08-2019,1,10351,10560,7038,2742,30691,605,563,929,2097,32788
19-08-2019,2,10285,10496,7034,2702,30517,605,557,925,2087,32604
19-08-2019,3,10243,10589,7107,2681,30620,610,563,932,2105,32725
19-08-2019,4,10157,10699,7371,2786,31013,624,595,979,2198,33211
19-08-2019,5,10530,11032,7990,2995,32547,681,672,1135,2488,35035
19-08-2019,6,11902,12460,8589,3492,36443,805,787,1332,2924,39367
19-08-2019,7,12821,14029,8884,4070,39804,913,905,1498,3316,43120
19-08-2019,8,13288,14702,9114,4310,41414,970,977,1596,3543,44957
19-08-2019,9,13134,14669,9244,4404,41451,979,994,1637,3610,45061
19-08-2019,10,12912,14613,9221,4579,41325,978,995,1655,3628,44953
19-08-2019,11,12839,14578,9279,4573,41269,967,976,1641,3584,44853
19-08-2019,12,12807,14710,9135,4586,41238,987,1007,1660,3654,44892
19-08-2019,13,12931,14597,9091,4619,41238,983,999,1644,3626,44864
19-08-2019,14,12878,14508,9038,4546,40970,962,972,1639,3573,44543
19-08-2019,15,12895,14119,8947,4409,40370,939,951,1593,3483,43853
19-08-2019,16,13058,13805,8879,4315,40057,920,907,1540,3367,43424
19-08-2019,17,13004,14127,8722,4528,40381,904,891,1500,3295,43676
19-08-2019,18,12807,13971,8811,4371,39960,879,859,1471,3209,43169
19-08-2019,19,12762,14134,8678,4104,39678,859,846,1462,3167,42845
19-08-2019,20,12786,13560,8533,3870,38749,879,865,1464,3208,41957
19-08-2019,21,12762,12957,8643,3767,38129,829,800,1328,2957,41086
19-08-2019,22,12202,12146,8367,3461,36176,747,700,1179,2626,38802
19-08-2019,23,11585,11472,7776,3125,33958,697,623,1098,2418,36376
20-08-2019,0,10793,11013,7462,2907,32175,658,583,1058,2299,34474
20-08-2019,1,10339,10610,7319,2809,31077,637,561,1014,2212,33289
20-08-2019,2,10258,10571,7290,2753,30872,626,555,997,2178,33050
20-08-2019,3,10334,10666,7340,2753,31093,626,561,1002,2189,33282
20-08-2019,4,10290,10782,7420,2810,31302,623,581,1046,2250,33552
20-08-2019,5,10701,10991,7976,3044,32712,646,656,1195,2497,35209
20-08-2019,6,11841,12469,8528,3543,36381,694,766,1360,2820,39201
20-08-2019,7,13047,14033,8665,4073,39818,765,892,1514,3171,42989
20-08-2019,8,13344,14720,8816,4302,41182,824,954,1590,3368,44550
20-08-2019,9,13326,14605,8837,4413,41181,838,972,1614,3424,44605
20-08-2019,10,13272,14486,8772,4499,41029,839,969,1627,3435,44464
20-08-2019,11,13118,14282,8873,4485,40758,849,949,1614,3412,44170
20-08-2019,12,13098,14202,8891,4468,40659,847,981,1642,3470,44129
20-08-2019,13,12604,14160,8871,4475,40110,837,975,1622,3434,43544
20-08-2019,14,12955,14171,8831,4396,40353,837,952,1597,3386,43739
20-08-2019,15,13113,14225,8794,4261,40393,836,930,1561,3327,43720
20-08-2019,16,13156,14096,8802,4224,40278,839,895,1500,3234,43512
20-08-2019,17,12934,14384,8649,4413,40380,846,882,1476,3204,43584
20-08-2019,18,12884,14032,8740,4275,39931,839,859,1451,3149,43080
20-08-2019,19,12933,13913,8669,4062,39577,833,848,1437,3118,42695
20-08-2019,20,12858,13680,8510,3865,38913,867,876,1463,3206,42119
20-08-2019,21,12974,13512,8595,3807,38888,814,808,1332,2954,41842
20-08-2019,22,12567,12526,8255,3470,36818,723,710,1182,2615,39433
20-08-2019,23,11776,11620,7684,3145,34225,669,635,1086,2390,36615
21-08-2019,0,11055,11183,7386,2936,32560,635,597,1037,2269,34829
21-08-2019,1,10706,10869,7220,2825,31620,617,579,1005,2201,33821
21-08-2019,2,10574,10742,7202,2779,31297,611,568,994,2173,33470
21-08-2019,3,10524,10912,7297,2781,31514,617,574,1000,2191,33705
21-08-2019,4,10704,11036,7458,2860,32058,639,602,1046,2287,34345
21-08-2019,5,11145,11250,7986,3058,33439,713,672,1197,2582,36021
21-08-2019,6,12041,12675,8477,3533,36726,827,783,1376,2986,39712
21-08-2019,7,13345,14296,8769,4075,40485,950,901,1522,3373,43858
21-08-2019,8,13637,14991,8854,4341,41823,1003,964,1611,3578,45401
21-08-2019,9,13457,14841,8868,4424,41590,1013,985,1651,3649,45239
21-08-2019,10,13457,14713,8929,4520,41619,1008,989,1664,3661,45280
21-08-2019,11,13221,14684,8962,4540,41407,999,960,1641,3600,45007
21-08-2019,12,13022,14566,8926,4467,40981,1024,969,1650,3643,44624
21-08-2019,13,12939,14297,8881,4454,40571,1010,972,1613,3595,44166
21-08-2019,14,12863,14221,8858,4387,40329,999,963,1583,3545,43874
21-08-2019,15,12815,14195,8827,4235,40072,981,940,1528,3449,43521
21-08-2019,16,13081,14092,8850,4187,40210,965,906,1482,3353,43563
21-08-2019,17,13027,14271,8734,4382,40414,947,885,1451,3283,43697
21-08-2019,18,12839,14112,8785,4264,40000,917,860,1413,3190,43190
21-08-2019,19,12901,13940,8718,4024,39583,890,837,1400,3127,42710
21-08-2019,20,12852,13942,8542,3819,39155,893,850,1424,3167,42322
21-08-2019,21,12921,13279,8514,3798,38512,813,787,1292,2892,41404
21-08-2019,22,12402,12349,8120,3505,36376,731,695,1146,2572,38948
21-08-2019,23,11692,11535,7612,3167,34006,681,627,1057,2365,36371
22-08-2019,0,11259,10944,7288,2958,32449,626,587,1017,2230,34679
22-08-2019,1,10927,10803,7128,2863,31721,621,568,983,2172,33893
22-08-2019,2,10817,10891,7128,2828,31664,617,558,977,2152,33816
22-08-2019,3,10795,10780,7215,2826,31616,628,563,987,2178,33794
22-08-2019,4,10728,10665,7389,2892,31674,644,585,1033,2262,33936
22-08-2019,5,11122,11232,8011,3115,33480,716,659,1172,2547,36027
22-08-2019,6,12143,12680,8660,3586,37069,841,786,1327,2954,40023
22-08-2019,7,13250,14194,8890,4159,40493,953,903,1471,3327,43820
22-08-2019,8,13583,14737,8972,4360,41652,996,952,1547,3495,45147
22-08-2019,9,13552,14759,8994,4589,41894,996,971,1563,3530,45424
22-08-2019,10,13656,14479,9082,4829,42046,995,963,1573,3531,45577
22-08-2019,11,13387,14417,9030,4763,41597,975,942,1563,3480,45077
22-08-2019,12,13284,14209,9013,4619,41125,991,971,1591,3553,44678
22-08-2019,13,13255,14343,8950,4587,41135,976,959,1576,3511,44646
22-08-2019,14,13218,14566,8867,4520,41171,966,942,1559,3467,44638
22-08-2019,15,13154,14388,8768,4324,40634,937,930,1520,3387,44021
22-08-2019,16,13132,14193,8745,4274,40344,933,895,1476,3304,43648
22-08-2019,17,13246,14557,8668,4343,40814,922,878,1454,3254,44068
22-08-2019,18,13110,14429,8739,4254,40532,904,856,1429,3189,43721
22-08-2019,19,13076,14086,8779,4062,40003,896,846,1418,3160,43163
22-08-2019,20,13024,13731,8735,3874,39364,924,875,1451,3250,42614
22-08-2019,21,12974,13461,8733,3775,38943,860,806,1325,2991,41934
22-08-2019,22,12668,12713,8359,3458,37198,760,713,1176,2649,39847
22-08-2019,23,12055,12011,7859,3129,35054,687,642,1088,2417,37471
23-08-2019,0,11083,11469,7559,2923,33034,655,604,1036,2295,35329
23-08-2019,1,10749,11259,7431,2827,32266,622,581,999,2202,34468
23-08-2019,2,10856,10888,7400,2805,31949,615,569,990,2174,34123
23-08-2019,3,10861,10798,7514,2808,31981,621,575,998,2194,34175
23-08-2019,4,10938,10844,7758,2899,32439,645,598,1041,2284,34723
23-08-2019,5,11202,11145,8337,3106,33790,715,668,1187,2570,36360
23-08-2019,6,11913,12488,8849,3563,36813,838,785,1336,2959,39772
23-08-2019,7,13272,13897,9137,4081,40387,946,900,1480,3326,43713
23-08-2019,8,13644,14520,9242,4336,41742,987,957,1542,3486,45228
23-08-2019,9,13759,14808,9211,4403,42181,992,965,1575,3532,45713
23-08-2019,10,13643,15041,9172,4492,42348,987,965,1588,3540,45888
23-08-2019,11,13483,15018,9245,4485,42231,977,942,1575,3494,45725
23-08-2019,12,13307,14747,9205,4358,41617,1001,968,1592,3561,45178
23-08-2019,13,13298,14410,9110,4252,41070,989,957,1565,3511,44581
23-08-2019,14,13275,14060,9116,4130,40581,986,942,1543,3471,44052
23-08-2019,15,13110,13821,9057,4019,40007,963,917,1503,3383,43390
23-08-2019,16,13213,13800,9087,3980,40080,953,886,1462,3301,43381
23-08-2019,17,13005,14085,9062,4093,40245,934,872,1429,3235,43480
23-08-2019,18,12827,13636,9007,3981,39451,922,848,1393,3163,42614
23-08-2019,19,12740,13372,8863,3737,38712,913,841,1368,3122,41834
23-08-2019,20,12675,13124,8726,3549,38074,901,853,1406,3160,41234
23-08-2019,21,12636,12747,8661,3507,37551,835,784,1295,2914,40465
23-08-2019,22,12308,11852,8289,3256,35705,742,702,1168,2612,38317
23-08-2019,23,11813,11083,7807,2998,33701,699,632,1070,2401,36102
24-08-2019,0,11297,10671,7487,2775,32230,653,589,1019,2261,34491
24-08-2019,1,10758,10786,7271,2663,31478,624,567,1001,2192,33670
24-08-2019,2,10527,10562,7225,2601,30915,615,560,986,2161,33076
24-08-2019,3,10396,10422,7296,2562,30676,610,560,989,2159,32835
24-08-2019,4,10318,10408,7275,2563,30564,611,568,992,2171,32735
24-08-2019,5,10261,10328,7270,2615,30474,612,581,1009,2202,32676
24-08-2019,6,10466,10419,7542,2709,31136,665,641,1104,2410,33546
24-08-2019,7,10884,11146,7852,2982,32864,755,729,1236,2720,35584
24-08-2019,8,11616,12054,8089,3328,35087,808,794,1336,2938,38025
24-08-2019,9,11913,12557,8224,3542,36236,827,829,1374,3030,39266
24-08-2019,10,12196,12810,8272,3665,36943,820,833,1373,3026,39969
24-08-2019,11,12050,12779,8215,3680,36724,805,824,1368,2997,39721
24-08-2019,12,11942,12544,8195,3628,36309,799,816,1361,2976,39285
24-08-2019,13,11855,12468,8112,3590,36025,786,804,1338,2928,38953
24-08-2019,14,11759,12331,8073,3527,35690,776,797,1322,2895,38585
24-08-2019,15,11683,12157,8099,3484,35423,774,789,1310,2873,38296
24-08-2019,16,11688,12194,8253,3510,35645,768,783,1287,2838,38483
24-08-2019,17,11911,12326,8363,3658,36258,778,775,1283,2836,39094
24-08-2019,18,11912,12345,8416,3618,36291,770,764,1272,2806,39097
24-08-2019,19,11777,12282,8347,3457,35863,772,769,1252,2793,38656
24-08-2019,20,11707,12209,8280,3368,35564,809,798,1298,2905,38469
24-08-2019,21,11613,12027,8373,3354,35367,763,742,1218,2723,38090
24-08-2019,22,11211,11349,8105,3123,33788,708,669,1113,2490,36278
24-08-2019,23,10871,10773,7732,2900,32276,659,606,1024,2289,34565
25-08-2019,0,10337,10406,7406,2748,30897,624,574,979,2177,33074
25-08-2019,1,10065,10066,7273,2619,30023,609,553,951,2113,32136
25-08-2019,2,9807,9868,7182,2534,29391,602,546,933,2081,31472
25-08-2019,3,9807,9981,7182,2496,29466,601,544,928,2073,31539
25-08-2019,4,9922,10087,7164,2502,29675,599,548,939,2086,31761
25-08-2019,5,9944,9853,7119,2534,29450,595,548,953,2096,31546
25-08-2019,6,9915,9651,7248,2581,29395,635,592,1022,2249,31644
25-08-2019,7,10218,10055,7399,2817,30489,702,670,1135,2507,32996
25-08-2019,8,10939,10898,7655,3151,32643,750,740,1244,2734,35377
25-08-2019,9,11346,11808,7840,3399,34393,781,777,1302,2860,37253
25-08-2019,10,11551,12435,7886,3538,35410,777,786,1319,2882,38292
25-08-2019,11,11570,12506,7897,3593,35566,771,781,1323,2875,38441
25-08-2019,12,11512,12672,7852,3574,35610,772,781,1317,2870,38480
25-08-2019,13,11508,12671,7802,3535,35516,762,775,1299,2836,38352
25-08-2019,14,11739,12721,7905,3501,35866,766,764,1292,2822,38688
25-08-2019,15,11679,12446,7996,3475,35596,774,767,1286,2827,38423
25-08-2019,16,11734,12496,8073,3550,35853,788,769,1289,2846,38699
25-08-2019,17,11945,12639,8188,3805,36577,809,768,1297,2874,39451
25-08-2019,18,12066,12871,8297,3785,37019,816,760,1290,2866,39885
25-08-2019,19,11951,12976,8219,3637,36783,828,773,1295,2896,39679
25-08-2019,20,11976,13234,8154,3537,36901,851,813,1343,3007,39908
25-08-2019,21,12155,12926,8311,3476,36868,785,742,1233,2760,39628
25-08-2019,22,11823,11862,8064,3228,34977,718,663,1096,2477,37454
25-08-2019,23,11091,11068,7624,2956,32739,661,593,1012,2266,35005
26-08-2019,0,10483,10690,7289,2801,31263,609,561,957,2127,33390
26-08-2019,1,10206,10572,7145,2717,30640,610,546,941,2097,32737
26-08-2019,2,10019,10491,7091,2669,30270,590,541,931,2062,32332
26-08-2019,3,10029,11046,7130,2664,30869,597,548,936,2081,32950
26-08-2019,4,10218,11348,7348,2739,31653,628,576,987,2191,33844
26-08-2019,5,10697,11983,7956,2971,33607,708,635,1133,2476,36083
26-08-2019,6,11449,13108,8565,3485,36607,814,754,1316,2884,39491
26-08-2019,7,12641,14211,8845,4015,39712,928,876,1460,3264,42976
26-08-2019,8,12973,15180,9087,4299,41539,983,937,1557,3477,45016
26-08-2019,9,13008,15297,9042,4405,41752,989,962,1599,3550,45302
26-08-2019,10,13007,15560,9051,4532,42150,992,969,1623,3584,45734
26-08-2019,11,13004,15305,9016,4602,41927,1003,957,1621,3581,45508
26-08-2019,12,12981,15105,9020,4536,41642,1025,991,1660,3676,45318
26-08-2019,13,12883,15073,8915,4570,41441,1016,988,1647,3651,45092
26-08-2019,14,12960,15152,8887,4509,41508,1012,974,1626,3612,45120
26-08-2019,15,13010,15050,8838,4388,41286,983,950,1590,3523,44809
26-08-2019,16,12997,14882,8814,4332,41025,957,915,1534,3406,44431
26-08-2019,17,12898,14982,8651,4446,40977,946,903,1510,3359,44336
26-08-2019,18,12766,14594,8657,4327,40344,922,872,1475,3269,43613
26-08-2019,19,12643,14210,8660,4083,39596,928,858,1462,3248,42844
26-08-2019,20,12520,13956,8663,3918,39057,944,883,1497,3324,42381
26-08-2019,21,12578,13482,8574,3817,38451,862,802,1351,3015,41466
26-08-2019,22,12149,12539,8147,3500,36335,756,704,1186,2646,38981
26-08-2019,23,11356,11535,7541,3174,33606,700,636,1093,2429,36035
27-08-2019,0,10784,10771,7286,2982,31823,683,602,1033,2318,34141
27-08-2019,1,10431,10404,7142,2855,30832,664,579,1009,2252,33084
27-08-2019,2,10336,10416,7109,2809,30670,658,571,1004,2233,32903
27-08-2019,3,10262,10400,7158,2801,30621,658,575,1009,2242,32863
27-08-2019,4,10284,10500,7340,2864,30988,673,601,1058,2332,33320
27-08-2019,5,10569,11118,7890,3079,32656,740,670,1202,2612,35268
27-08-2019,6,11380,12170,8456,3572,35578,858,785,1357,3000,38578
27-08-2019,7,12518,13441,8651,4107,38717,981,900,1505,3386,42103
27-08-2019,8,12890,14317,8799,4397,40403,1024,962,1595,3581,43984
27-08-2019,9,13020,14973,8801,4494,41288,1018,980,1628,3626,44914
27-08-2019,10,12982,15250,8892,4591,41715,1013,981,1640,3634,45349
27-08-2019,11,12879,15094,8972,4625,41570,1002,971,1638,3611,45181
27-08-2019,12,12901,14924,8891,4582,41298,1025,997,1660,3682,44980
27-08-2019,13,12834,14763,8916,4615,41128,1008,990,1643,3641,44769
27-08-2019,14,12864,14854,8869,4519,41106,1007,970,1636,3613,44719
27-08-2019,15,12895,15351,8853,4403,41502,980,949,1590,3519,45021
27-08-2019,16,12935,14974,8788,4351,41048,962,914,1541,3417,44465
27-08-2019,17,12576,15187,8755,4471,40989,945,900,1504,3349,44338
27-08-2019,18,12583,14928,8798,4325,40634,927,876,1462,3265,43899
27-08-2019,19,12558,14449,8755,4118,39880,924,865,1451,3240,43120
27-08-2019,20,12414,13969,8620,3982,38985,949,892,1503,3344,42329
27-08-2019,21,12484,13408,8503,3842,38237,866,810,1354,3030,41267
27-08-2019,22,12154,12271,8100,3531,36056,767,712,1192,2671,38727
27-08-2019,23,11334,11590,7539,3269,33732,700,635,1090,2425,36157
28-08-2019,0,10748,11113,7191,3044,32096,652,604,1032,2288,34384
28-08-2019,1,10349,10651,7046,2920,30966,634,587,1012,2233,33199
28-08-2019,2,10106,10596,7050,2854,30606,629,578,1000,2207,32813
28-08-2019,3,9947,10706,7121,2856,30630,636,584,1005,2225,32855
28-08-2019,4,10101,10880,7196,2914,31091,658,607,1056,2321,33412
28-08-2019,5,10484,11385,7773,3171,32813,730,678,1199,2607,35420
28-08-2019,6,11322,12609,8362,3642,35935,851,797,1364,3012,38947
28-08-2019,7,12332,14109,8699,4181,39321,962,908,1509,3379,42700
28-08-2019,8,12756,14558,8905,4426,40645,1007,964,1585,3556,44201
28-08-2019,9,12846,14998,8949,4528,41321,1017,982,1615,3614,44935
28-08-2019,10,12763,15139,8933,4643,41478,1013,986,1632,3631,45109
28-08-2019,11,12714,15176,8904,4680,41474,996,974,1623,3593,45067
28-08-2019,12,12751,14965,8860,4662,41238,1017,1006,1644,3667,44905
28-08-2019,13,12588,14841,8841,4664,40934,1004,996,1637,3637,44571
28-08-2019,14,12833,15025,8838,4559,41255,998,981,1633,3612,44867
28-08-2019,15,12884,14858,8792,4442,40976,979,957,1583,3519,44495
28-08-2019,16,12945,14603,8770,4397,40715,966,918,1524,3408,44123
28-08-2019,17,12772,14609,8738,4530,40649,952,907,1491,3350,43999
28-08-2019,18,12407,14429,8750,4418,40004,934,876,1453,3263,43267
28-08-2019,19,12444,13968,8715,4173,39300,927,869,1442,3238,42538
28-08-2019,20,12581,13693,8646,4046,38966,952,892,1493,3337,42303
28-08-2019,21,12377,13137,8502,3941,37957,869,813,1344,3026,40983
28-08-2019,22,11938,12243,8137,3600,35918,758,713,1184,2655,38573
28-08-2019,23,11126,11300,7531,3280,33237,688,642,1096,2426,35663
29-08-2019,0,10553,10521,7237,3051,31362,651,606,1042,2299,33661
29-08-2019,1,10262,10200,7096,2923,30481,633,586,1006,2225,32706
29-08-2019,2,10323,10244,7103,2869,30539,617,574,1002,2193,32732
29-08-2019,3,10307,10540,7129,2875,30851,615,580,1008,2203,33054
29-08-2019,4,10362,10796,7301,2944,31403,636,608,1057,2301,33704
29-08-2019,5,10561,11146,7843,3170,32720,705,678,1200,2583,35303
29-08-2019,6,11451,12762,8421,3679,36313,831,795,1368,2994,39307
29-08-2019,7,12311,14293,8767,3871,39242,962,908,1518,3388,42630
29-08-2019,8,12646,14938,8926,4468,40978,989,964,1606,3559,44537
29-08-2019,9,12660,15085,8941,4557,41243,990,981,1634,3605,44848
29-08-2019,10,12703,15400,8956,4672,41731,978,986,1644,3608,45339
29-08-2019,11,12663,15656,9034,4642,41995,967,960,1639,3566,45561
29-08-2019,12,12706,15492,8974,4567,41739,999,974,1653,3626,45365
29-08-2019,13,12667,15796,8925,4582,41970,1002,961,1635,3598,45568
29-08-2019,14,12780,15631,8915,4483,41809,995,951,1619,3565,45374
29-08-2019,15,12644,15380,8868,4313,41205,973,932,1582,3487,44692
29-08-2019,16,12689,14768,8888,4267,40612,961,894,1541,3396,44008
29-08-2019,17,12550,14963,8866,4405,40784,934,878,1512,3324,44108
29-08-2019,18,12418,14318,8877,4246,39859,911,863,1485,3259,43118
29-08-2019,19,12241,14324,8846,4009,39420,909,869,1500,3278,42698
29-08-2019,20,12422,14574,8786,3891,39673,928,884,1498,3310,42983
29-08-2019,21,12403,13585,8649,3767,38404,842,803,1345,2990,41394
29-08-2019,22,11869,12776,8252,3459,36356,746,709,1196,2651,39007
29-08-2019,23,11238,11809,7682,3150,33879,673,640,1119,2432,36311
30-08-2019,0,10893,11303,7404,2979,32579,646,602,1080,2328,34907
30-08-2019,1,10561,11012,7239,2869,31681,625,585,1030,2240,33921
30-08-2019,2,10327,11026,7164,2817,31334,612,578,1024,2214,33548
30-08-2019,3,10254,11049,7310,2790,31403,620,582,1031,2233,33636
30-08-2019,4,10240,10998,7595,2858,31691,640,615,1085,2340,34031
30-08-2019,5,10505,11894,8211,3053,33663,716,690,1236,2642,36305
30-08-2019,6,11355,13543,8774,3525,37197,834,794,1387,3015,40212
30-08-2019,7,12403,14408,9140,4030,39981,950,920,1527,3397,43378
30-08-2019,8,12753,14795,9249,4312,41109,1013,981,1617,3611,44720
30-08-2019,9,12815,15307,9270,4381,41773,1030,997,1635,3662,45435
30-08-2019,10,12899,15572,9225,4447,42143,1023,988,1656,3667,45810
30-08-2019,11,12979,14891,9314,4428,41612,1006,964,1651,3621,45233
30-08-2019,12,12750,14465,9161,4358,40734,1020,990,1661,3671,44405
30-08-2019,13,12614,14411,9067,4324,40416,1015,977,1634,3626,44042
30-08-2019,14,12373,14020,9085,4170,39648,989,960,1597,3546,43194
30-08-2019,15,12373,13832,9013,4041,39259,975,926,1559,3460,42719
30-08-2019,16,12593,13986,8951,4004,39534,956,889,1518,3363,42897
30-08-2019,17,12487,14064,8898,4091,39540,929,868,1480,3277,42817
30-08-2019,18,12519,13832,8851,3991,39193,904,843,1447,3194,42387
30-08-2019,19,12543,13398,8756,3768,38465,904,847,1457,3208,41673
30-08-2019,20,12447,13130,8668,3633,37878,908,859,1466,3233,41111
30-08-2019,21,12174,12339,8546,3514,36573,828,780,1332,2940,39513
30-08-2019,22,11681,11722,8152,3259,34814,745,703,1199,2647,37461
30-08-2019,23,11222,11028,7649,3034,32933,664,634,1114,2412,35345
31-08-2019,0,10912,10783,7293,2794,31782,633,592,1061,2286,34068
31-08-2019,1,10584,10331,7175,2715,30805,626,570,1037,2233,33038
31-08-2019,2,10421,10198,7120,2630,30369,615,561,1025,2201,32570
31-08-2019,3,10298,10198,7100,2593,30189,612,560,1022,2194,32383
31-08-2019,4,10060,10087,7142,2597,29886,619,575,1038,2232,32118
31-08-2019,5,10158,10163,7179,2639,30139,622,581,1066,2269,32408
31-08-2019,6,10362,10366,7414,2744,30886,675,631,1150,2456,33342
31-08-2019,7,10737,10957,7736,3014,32444,752,718,1259,2729,35173
31-08-2019,8,11343,11812,7956,3346,34457,806,777,1343,2926,37383
31-08-2019,9,12003,12621,8060,3560,36244,823,805,1380,3008,39252
31-08-2019,10,12274,12949,8125,3678,37026,814,802,1386,3002,40028
31-08-2019,11,12187,13126,8131,3706,37150,799,799,1399,2997,40147
31-08-2019,12,11890,12867,8083,3665,36505,801,793,1387,2981,39486
31-08-2019,13,11875,12765,8093,3605,36338,795,784,1373,2952,39290
31-08-2019,14,11790,12539,8097,3579,36005,788,777,1355,2920,38925
31-08-2019,15,11656,12371,8166,3556,35749,785,772,1344,2901,38650
31-08-2019,16,11754,12538,8339,3605,36236,786,762,1335,2883,39119
31-08-2019,17,11988,12563,8353,3773,36677,790,761,1324,2875,39552
31-08-2019,18,12219,12883,8347,3749,37198,790,757,1309,2856,40054
31-08-2019,19,12002,12646,8363,3571,36582,801,772,1324,2897,39479
31-08-2019,20,11760,12482,8288,3472,36002,812,788,1355,2955,38957
31-08-2019,21,11631,11941,8293,3407,35272,754,724,1243,2721,37993
31-08-2019,22,11320,11307,8019,3218,33864,698,653,1124,2475,36339
31-08-2019,23,10822,10609,7581,2971,31983,647,599,1034,2280,34263
01-09-2019,0,10374,10263,7228,2822,30687,612,557,986,2155,32842
01-09-2019,1,9955,9971,7034,2797,29757,591,539,961,2091,31848
01-09-2019,2,9732,9652,7016,2713,29113,581,532,952,2065,31178
01-09-2019,3,9753,9744,7000,2620,29117,578,536,951,2065,31182
01-09-2019,4,9697,9618,7040,2600,28955,588,549,965,2102,31057
01-09-2019,5,9829,9538,6913,2583,28863,578,548,974,2100,30963
01-09-2019,6,9763,9747,7070,2615,29195,620,594,1041,2255,31450
01-09-2019,7,10227,10859,7324,2857,31267,691,665,1134,2490,33757
01-09-2019,8,10561,11573,7579,3135,32848,743,732,1231,2706,35554
01-09-2019,9,11503,12399,7737,3387,35026,777,769,1308,2854,37880
01-09-2019,10,11855,12875,7842,3535,36107,773,780,1323,2876,38983
01-09-2019,11,11894,12982,7920,3597,36393,764,777,1316,2857,39250
01-09-2019,12,11845,13096,7933,3573,36447,761,773,1316,2850,39297
01-09-2019,13,11611,13240,7918,3546,36315,761,770,1317,2848,39163
01-09-2019,14,11602,13209,7962,3479,36252,762,769,1312,2843,39095
01-09-2019,15,11593,13221,7992,3466,36272,769,770,1309,2848,39120
01-09-2019,16,11733,13145,8150,3543,36571,787,774,1318,2879,39450
01-09-2019,17,11771,13424,8302,3854,37351,802,777,1328,2907,40258
01-09-2019,18,12029,13340,8408,3833,37610,813,778,1333,2924,40534
01-09-2019,19,11987,12979,8453,3596,37015,843,818,1378,3039,40054
01-09-2019,20,12261,13337,8349,3479,37426,859,832,1399,3090,40516
01-09-2019,21,12227,12933,8314,3327,36801,774,744,1255,2773,39574
01-09-2019,22,11866,12347,8059,3121,35393,701,652,1111,2464,37857
01-09-2019,23,11337,11709,7643,2873,33562,649,587,1011,2247,35809
02-09-2019,0,10781,11286,7381,2666,32114,613,550,955,2118,34232
02-09-2019,1,10492,10918,7156,2571,31137,600,537,936,2073,33210
02-09-2019,2,10404,10847,7105,2550,30906,595,535,929,2059,32965
02-09-2019,3,10188,10686,7162,2560,30596,596,537,932,2065,32661
02-09-2019,4,10429,10674,7506,2701,31310,626,577,990,2193,33503
02-09-2019,5,10913,11370,8050,2917,33250,704,656,1164,2524,35774
02-09-2019,6,11955,12866,8641,3445,36907,845,789,1357,2991,39898
02-09-2019,7,13149,14187,8937,3992,40265,951,896,1501,3348,43613
02-09-2019,8,13477,14678,9113,4141,41409,966,914,1540,3420,44829
02-09-2019,9,13399,14792,9185,3821,41197,972,911,1554,3437,44634
02-09-2019,10,13334,14892,9259,4322,41807,973,910,1583,3466,45273
02-09-2019,11,13168,15096,9316,4419,41999,974,898,1600,3472,45471
02-09-2019,12,13137,14879,9203,4357,41576,1005,928,1641,3574,45150
02-09-2019,13,13101,14794,9139,4432,41466,1002,925,1641,3568,45034
02-09-2019,14,13102,14623,9109,4363,41197,1006,939,1627,3572,44769
02-09-2019,15,12883,14713,9110,4252,40958,997,926,1579,3502,44460
02-09-2019,16,13059,14499,9084,4184,40826,972,894,1513,3379,44205
02-09-2019,17,13016,14781,9065,4371,41233,966,880,1487,3333,44566
02-09-2019,18,12773,14569,9079,4257,40678,944,853,1466,3263,43941
02-09-2019,19,12769,14526,8956,4018,40269,949,862,1495,3306,43575
02-09-2019,20,13008,14706,8702,3880,40296,916,845,1468,3229,43525
02-09-2019,21,13009,13778,8562,3687,39036,826,758,1299,2883,41919
02-09-2019,22,12496,12749,8165,3387,36797,727,664,1153,2544,39341
02-09-2019,23,11725,11898,7622,3040,34285,682,597,1078,2357,36642
03-09-2019,0,11155,11759,7308,2840,33062,655,572,1033,2260,35322
03-09-2019,1,10834,11208,7182,2752,31976,634,550,1006,2190,34166
03-09-2019,2,10998,11125,7117,2704,31944,628,547,1000,2175,34119
03-09-2019,3,11070,11177,7208,2716,32171,629,556,1008,2193,34364
03-09-2019,4,10868,11199,7512,2779,32358,665,597,1068,2330,34688
03-09-2019,5,11158,11668,8088,3003,33917,751,689,1272,2712,36629
03-09-2019,6,12247,12977,8671,3536,37431,860,804,1406,3070,40501
03-09-2019,7,13474,14362,8959,4078,40873,962,906,1531,3399,44272
03-09-2019,8,13742,14940,8966,4309,41957,998,951,1597,3546,45503
03-09-2019,9,13345,15383,8903,4394,42025,993,952,1600,3545,45570
03-09-2019,10,13286,15390,8927,4502,42105,992,942,1589,3523,45628
03-09-2019,11,13080,15456,8982,4504,42022,977,915,1540,3432,45454
03-09-2019,12,13117,15164,8898,4440,41619,1001,941,1583,3525,45144
03-09-2019,13,13023,15131,8884,4468,41506,993,936,1576,3505,45011
03-09-2019,14,12946,14951,8801,4385,41083,989,924,1571,3484,44567
03-09-2019,15,13014,14906,8759,4285,40964,945,905,1523,3373,44337
03-09-2019,16,13003,14689,8732,4231,40655,929,866,1474,3269,43924
03-09-2019,17,12919,14619,8650,4347,40535,917,858,1448,3223,43758
03-09-2019,18,12817,14507,8691,3584,39599,902,845,1431,3178,42777
03-09-2019,19,12878,14164,8794,3228,39064,928,875,1459,3262,42326
03-09-2019,20,13167,14258,8642,3507,39574,930,873,1459,3262,42836
03-09-2019,21,13181,13737,8503,3766,39187,842,774,1296,2912,42099
03-09-2019,22,12698,12744,8089,3476,37007,744,681,1150,2575,39582
03-09-2019,23,12033,11830,7573,3130,34566,694,610,1077,2381,36947
04-09-2019,0,11281,11115,7197,2874,32467,664,580,1027,2271,34738
04-09-2019,1,11060,10901,7042,2738,31741,642,564,998,2204,33945
04-09-2019,2,10915,10913,7107,2710,31645,642,566,985,2193,33838
04-09-2019,3,10958,10990,7179,2738,31865,645,573,994,2212,34077
04-09-2019,4,11238,11001,7470,2811,32520,675,607,1059,2341,34861
04-09-2019,5,11604,11737,8062,3042,34445,771,698,1258,2727,37172
04-09-2019,6,12603,13162,8531,3542,37838,883,818,1397,3098,40936
04-09-2019,7,13687,14624,8854,4053,41218,976,920,1513,3409,44627
04-09-2019,8,13922,15415,8968,4283,42588,999,947,1558,3504,46092
04-09-2019,9,13905,15637,8925,4332,42799,990,958,1551,3499,46298
04-09-2019,10,13799,15534,8926,4422,42681,968,953,1550,3471,46152
04-09-2019,11,13819,15593,8944,4443,42799,948,925,1547,3420,46219
04-09-2019,12,13796,15420,8882,4404,42502,972,946,1572,3490,45992
04-09-2019,13,13640,15102,8819,4418,41979,961,938,1561,3460,45439
04-09-2019,14,13692,15078,8794,4359,41923,966,926,1564,3456,45379
04-09-2019,15,13767,15084,8739,4243,41833,943,908,1535,3386,45219
04-09-2019,16,13959,14937,8762,4224,41882,927,874,1487,3288,45170
04-09-2019,17,13829,15203,8756,4483,42271,921,864,1461,3246,45517
04-09-2019,18,13723,15097,8859,4355,42034,904,841,1441,3186,45220
04-09-2019,19,13716,14916,8925,4112,41669,936,867,1480,3283,44952
04-09-2019,20,13724,14799,8740,3938,41201,933,866,1476,3275,44476
04-09-2019,21,13391,13692,8498,3676,39257,830,770,1311,2911,42168
04-09-2019,22,12944,12641,8178,3385,37148,732,669,1163,2564,39712
04-09-2019,23,12161,12040,7698,3085,34984,689,604,1067,2360,37344
05-09-2019,0,11476,11623,7360,2941,33400,651,571,1033,2255,35655
05-09-2019,1,11084,11239,7250,2861,32434,636,563,1013,2212,34646
05-09-2019,2,10946,11146,7267,2797,32156,631,556,1003,2190,34346
05-09-2019,3,10999,11156,7470,2810,32435,627,561,1009,2197,34632
05-09-2019,4,11093,11262,7636,2901,32892,677,605,1053,2335,35227
05-09-2019,5,11479,11939,8172,3099,34689,769,690,1241,2700,37389
05-09-2019,6,12479,13127,8553,3580,37739,884,807,1388,3079,40818
05-09-2019,7,13434,14582,8776,4045,40837,972,906,1501,3379,44216
05-09-2019,8,13948,15144,8808,4311,42211,1010,956,1532,3498,45709
05-09-2019,9,13764,15026,8823,4384,41997,993,959,1548,3500,45497
05-09-2019,10,13725,14841,8940,4488,41994,984,955,1555,3494,45488
05-09-2019,11,13432,15086,8919,4492,41929,975,939,1544,3458,45387
05-09-2019,12,13359,15100,8873,4449,41781,1006,968,1575,3549,45330
05-09-2019,13,13467,14951,8779,4388,41585,1004,953,1573,3530,45115
05-09-2019,14,13447,14820,8883,4297,41447,1012,958,1578,3548,44995
05-09-2019,15,13463,14626,8885,4198,41172,989,943,1537,3469,44641
05-09-2019,16,13484,14658,8881,4141,41164,975,898,1486,3359,44523
05-09-2019,17,13570,15140,8854,4284,41848,969,889,1476,3334,45182
05-09-2019,18,13505,14922,8955,4218,41600,956,878,1456,3290,44890
05-09-2019,19,13628,14720,8993,4042,41383,985,897,1484,3366,44749
05-09-2019,20,13862,14718,8714,3976,41270,948,879,1476,3303,44573
05-09-2019,21,13723,13898,8613,3762,39996,857,773,1303,2933,42929
05-09-2019,22,13130,12982,8298,3442,37852,760,683,1152,2595,40447
05-09-2019,23,12313,12015,7717,3078,35123,707,617,1063,2387,37510
06-09-2019,0,11752,11607,7430,2906,33695,674,572,1022,2268,35963
06-09-2019,1,11440,11580,7319,2776,33115,653,554,999,2206,35321
06-09-2019,2,11274,11343,7279,2745,32641,649,545,995,2189,34830
06-09-2019,3,11328,11279,7385,2768,32760,654,556,1006,2216,34976
06-09-2019,4,11382,11245,7675,2842,33144,687,602,1064,2353,35497
06-09-2019,5,11845,11969,8272,3070,35156,779,685,1251,2715,37871
06-09-2019,6,13033,13372,8708,3592,38705,895,795,1409,3099,41804
06-09-2019,7,14222,15092,9052,4042,42408,991,897,1522,3410,45818
06-09-2019,8,14584,15717,9118,4255,43674,1017,958,1557,3532,47206
06-09-2019,9,14577,15675,9043,4288,43583,1002,955,1555,3512,47095
06-09-2019,10,14402,15419,9132,4403,43356,983,935,1551,3469,46825
06-09-2019,11,14102,15155,9092,4398,42747,968,907,1534,3409,46156
06-09-2019,12,13929,14763,8938,4286,41916,994,928,1557,3479,45395
06-09-2019,13,13798,14781,8881,4163,41623,963,919,1533,3415,45038
06-09-2019,14,13960,14367,8859,4025,41211,956,916,1507,3379,44590
06-09-2019,15,13627,14016,8823,3922,40388,929,887,1477,3293,43681
06-09-2019,16,13637,13792,8814,4035,40278,912,857,1437,3206,43484
06-09-2019,17,13697,13935,8802,4237,40671,905,848,1415,3168,43839
06-09-2019,18,13642,14035,8949,4110,40736,891,830,1404,3125,43861
06-09-2019,19,13606,13881,9043,3864,40394,918,854,1433,3205,43599
06-09-2019,20,13601,13518,8818,3683,39620,902,841,1421,3164,42784
06-09-2019,21,13353,12930,8627,3553,38463,819,756,1282,2857,41320
06-09-2019,22,12914,12398,8310,3333,36955,738,679,1159,2576,39531
06-09-2019,23,12302,11939,7822,3006,35069,681,616,1077,2374,37443
07-09-2019,0,11756,11394,7462,2812,33424,646,581,1024,2251,35675
07-09-2019,1,11432,11138,7329,2746,32645,621,561,991,2173,34818
07-09-2019,2,11320,10861,7292,2610,32083,610,548,971,2129,34212
07-09-2019,3,11201,10972,7352,2583,32108,609,551,973,2133,34241
07-09-2019,4,11211,11063,7506,2608,32388,625,568,1000,2193,34581
07-09-2019,5,11352,11134,7595,2678,32759,620,577,1040,2237,34996
07-09-2019,6,11585,11236,7700,2781,33302,676,634,1120,2430,35732
07-09-2019,7,11860,11910,7947,3007,34724,738,717,1239,2694,37418
07-09-2019,8,12410,12803,8214,3324,36751,801,777,1327,2905,39656
07-09-2019,9,13188,13382,8383,3532,38485,814,795,1339,2948,41433
07-09-2019,10,13564,13553,8406,3600,39123,802,792,1351,2945,42068
07-09-2019,11,13211,13405,8425,3608,38649,793,784,1351,2928,41577
07-09-2019,12,13070,13135,8386,3572,38163,794,783,1343,2920,41083
07-09-2019,13,12974,12996,8373,3556,37899,780,777,1329,2886,40785
07-09-2019,14,12690,12644,8391,3484,37209,789,763,1314,2866,40075
07-09-2019,15,12614,12469,8536,3452,37071,789,762,1302,2853,39924
07-09-2019,16,12574,12664,8615,3484,37337,790,762,1291,2843,40180
07-09-2019,17,12656,12912,8680,3652,37900,786,756,1282,2824,40724
07-09-2019,18,12838,13061,8689,3614,38202,795,753,1267,2815,41017
07-09-2019,19,12984,12995,8720,3414,38113,849,796,1319,2964,41077
07-09-2019,20,13102,13219,8426,3411,38158,834,782,1302,2918,41076
07-09-2019,21,12887,12595,8349,3276,37107,770,711,1189,2670,39777
07-09-2019,22,12512,12142,8116,3105,35875,706,636,1087,2429,38304
07-09-2019,23,12118,11479,7615,2915,34127,662,585,1004,2251,36378
08-09-2019,0,11752,11149,7372,2733,33006,635,563,976,2174,35180
08-09-2019,1,11531,10898,7180,2647,32256,600,536,935,2071,34327
08-09-2019,2,11402,10753,7141,2585,31881,592,527,922,2041,33922
08-09-2019,3,11409,10735,7160,2574,31878,590,529,927,2046,33924
08-09-2019,4,11439,10753,7212,2585,31989,600,546,941,2087,34076
08-09-2019,5,11467,10815,7231,2645,32158,605,562,967,2134,34292
08-09-2019,6,11570,10803,7285,2741,32399,635,590,1016,2241,34640
08-09-2019,7,11741,11192,7540,2964,33437,719,678,1143,2540,35977
08-09-2019,8,11939,11943,7788,3266,34936,771,742,1235,2748,37684
08-09-2019,9,12453,12678,7959,3443,36533,797,769,1293,2859,39392
08-09-2019,10,12684,12791,8053,3564,37092,796,773,1317,2886,39978
08-09-2019,11,12711,12968,8052,3605,37336,793,778,1319,2890,40226
08-09-2019,12,12715,12943,8020,3575,37253,804,779,1327,2910,40163
08-09-2019,13,12787,12746,7968,3565,37066,796,781,1330,2907,39973
08-09-2019,14,12866,12666,8029,3560,37121,790,779,1309,2878,39999
08-09-2019,15,12729,12797,8066,3570,37162,779,777,1309,2865,40027
08-09-2019,16,12590,12978,8209,3641,37418,814,780,1306,2900,40318
08-09-2019,17,12612,13417,8264,3943,38236,798,782,1318,2898,41134
08-09-2019,18,12735,13704,8421,3903,38763,821,800,1337,2958,41721
08-09-2019,19,12951,13594,8522,3653,38720,874,857,1401,3132,41852
08-09-2019,20,13250,13574,8230,3593,38647,849,834,1360,3043,41690
08-09-2019,21,13180,12826,8149,3379,37534,767,740,1207,2714,40248
08-09-2019,22,12687,12147,7976,3149,35959,696,675,1071,2442,38401
08-09-2019,23,12149,11501,7558,2912,34120,651,758,1011,2420,36540
09-09-2019,0,11649,11343,7345,2766,33103,618,570,966,2154,35257
09-09-2019,1,11284,11033,7252,2682,32251,619,556,948,2123,34374
09-09-2019,2,11038,10974,7209,2683,31904,595,549,942,2086,33990
09-09-2019,3,11068,10941,7338,2709,32056,619,557,951,2127,34183
09-09-2019,4,11160,11284,7686,2797,32927,652,606,1023,2281,35208
09-09-2019,5,11659,11864,8285,3033,34841,755,704,1245,2704,37545
09-09-2019,6,12710,13500,8734,3615,38559,868,819,1387,3074,41633
09-09-2019,7,13845,14901,9042,4147,41935,971,923,1500,3394,45329
09-09-2019,8,14093,15720,9223,4362,43398,1009,971,1555,3535,46933
09-09-2019,9,14040,15700,9155,4456,43351,1009,971,1558,3538,46889
09-09-2019,10,14071,15790,9140,4575,43576,998,970,1565,3533,47109
09-09-2019,11,13981,15786,9106,4571,43444,975,944,1548,3467,46911
09-09-2019,12,13806,15564,8994,4519,42883,993,975,1574,3542,46425
09-09-2019,13,13564,15416,8970,4530,42480,988,967,1568,3523,46003
09-09-2019,14,13609,15339,8935,4411,42294,999,961,1558,3518,45812
09-09-2019,15,13645,15228,8909,4312,42094,975,942,1528,3445,45539
09-09-2019,16,13596,15145,8930,4347,42018,943,911,1480,3334,45352
09-09-2019,17,13564,15134,8810,4579,42087,932,902,1452,3286,45373
09-09-2019,18,13644,14765,8867,4451,41727,922,884,1437,3243,44970
09-09-2019,19,13586,14683,9017,4236,41522,961,920,1501,3382,44904
09-09-2019,20,13708,14629,8741,4051,41129,927,885,1453,3265,44394
09-09-2019,21,13324,13788,8539,3799,39450,841,800,1295,2936,42386
09-09-2019,22,12782,12923,8178,3476,37359,750,714,1139,2603,39962
09-09-2019,23,12133,11983,7667,3111,34894,697,639,1062,2398,37292
10-09-2019,0,11842,11461,7359,2942,33604,665,609,1011,2285,35889
10-09-2019,1,11346,11171,7242,2858,32617,651,584,988,2223,34840
10-09-2019,2,11141,11099,7085,2810,32135,619,571,976,2166,34301
10-09-2019,3,11173,10903,7155,2795,32026,636,574,981,2191,34217
10-09-2019,4,11241,11236,7481,2938,32896,663,613,1045,2321,35217
10-09-2019,5,11692,11945,8116,3082,34835,761,715,1256,2732,37567
10-09-2019,6,12648,13349,8523,3693,38213,860,816,1392,3068,41281
10-09-2019,7,13710,14637,8808,4209,41364,953,923,1502,3378,44742
10-09-2019,8,14026,14817,8941,4410,42194,978,966,1545,3489,45683
10-09-2019,9,13910,15113,8926,4530,42479,972,968,1527,3467,45946
10-09-2019,10,13941,15221,8937,4635,42734,962,959,1540,3461,46195
10-09-2019,11,13674,15257,8831,4679,42441,953,940,1519,3412,45853
10-09-2019,12,13499,14984,8722,4590,41795,975,969,1540,3484,45279
10-09-2019,13,13467,14875,8750,4604,41696,968,955,1524,3447,45143
10-09-2019,14,13477,14798,8699,4516,41490,971,998,1459,3428,44918
10-09-2019,15,13383,14715,8583,4394,41075,946,920,1492,3358,44433
10-09-2019,16,13467,14741,8549,4389,41146,927,886,1455,3268,44414
10-09-2019,17,13218,14992,8515,4674,41399,915,876,1434,3225,44624
10-09-2019,18,13017,14551,8567,4515,40650,902,867,1436,3205,43855
10-09-2019,19,13123,14741,8753,4300,40917,948,907,1499,3354,44271
10-09-2019,20,13398,14777,8345,4124,40644,900,857,1436,3193,43837
10-09-2019,21,13153,13859,8166,3824,39002,805,782,1296,2883,41885
10-09-2019,22,12449,12981,7813,3487,36730,723,694,1153,2570,39300
10-09-2019,23,11906,11880,7259,3158,34203,662,620,1050,2332,36535
11-09-2019,0,11479,11325,6949,3041,32794,638,586,1010,2234,35028
11-09-2019,1,11037,10925,6817,2850,31629,610,570,987,2167,33796
11-09-2019,2,10812,10681,6791,2836,31120,600,559,979,2138,33258
11-09-2019,3,10685,10623,6914,2817,31039,608,574,987,2169,33208
11-09-2019,4,10691,10783,7262,2887,31623,650,614,1046,2310,33933
11-09-2019,5,11199,11583,7979,3125,33886,760,732,1256,2748,36634
11-09-2019,6,12242,13122,8376,3655,37395,854,818,1395,3067,40462
11-09-2019,7,13253,14492,8606,4083,40434,942,924,1508,3374,43808
11-09-2019,8,13521,15046,8658,4256,41481,982,965,1544,3491,44972
11-09-2019,9,13508,14911,8675,4305,41399,995,966,1543,3504,44903
11-09-2019,10,13645,15244,8678,4429,41996,985,957,1535,3477,45473
11-09-2019,11,13348,14886,8795,4375,41404,980,936,1517,3433,44837
11-09-2019,12,13449,14581,8738,4428,41196,1010,965,1547,3522,44718
11-09-2019,13,13661,14484,8721,4400,41266,1006,960,1548,3514,44780
11-09-2019,14,13622,14346,8664,4326,40958,1005,955,1559,3519,44477
11-09-2019,15,13606,14670,8622,4295,41193,988,937,1521,3446,44639
11-09-2019,16,13525,14416,8724,4271,40936,964,891,1477,3332,44268
11-09-2019,17,13363,14447,8630,4449,40889,945,881,1453,3279,44168
11-09-2019,18,13226,14454,8755,4337,40772,934,865,1438,3237,44009
11-09-2019,19,13380,14521,8874,4155,40930,955,900,1505,3360,44290
11-09-2019,20,13454,14317,8421,4017,40209,923,881,1473,3277,43486
11-09-2019,21,13263,13401,8186,3770,38620,836,782,1302,2920,41540
11-09-2019,22,12789,12451,7816,3508,36564,725,689,1154,2568,39132
11-09-2019,23,11867,11770,7199,3254,34090,671,621,1082,2374,36464
12-09-2019,0,11358,11320,6925,3009,32612,647,595,1025,2267,34879
12-09-2019,1,11064,11095,6765,2882,31806,627,571,1005,2203,34009
12-09-2019,2,11053,11094,6754,2821,31722,619,559,996,2174,33896
12-09-2019,3,10993,11003,6870,2809,31675,622,563,1008,2193,33868
12-09-2019,4,11253,11156,7225,2901,32535,658,603,1069,2330,34865
12-09-2019,5,11484,11729,7951,3155,34319,764,698,1257,2719,37038
12-09-2019,6,12624,13236,8425,3688,37973,869,810,1407,3086,41059
12-09-2019,7,13753,14595,8658,4163,41169,964,917,1515,3396,44565
12-09-2019,8,14167,15215,8857,4341,42580,1010,967,1574,3551,46131
12-09-2019,9,13947,15056,8935,4324,42262,1016,969,1574,3559,45821
12-09-2019,10,13808,14935,9044,4392,42179,1011,953,1579,3543,45722
12-09-2019,11,13636,14514,9036,4420,41606,1005,931,1560,3496,45102
12-09-2019,12,13205,14507,8970,4411,41093,1017,958,1581,3556,44649
12-09-2019,13,13356,14563,8895,4414,41228,985,955,1574,3514,44742
12-09-2019,14,13118,14204,8819,4332,40473,983,947,1555,3485,43958
12-09-2019,15,13329,14351,8743,4242,40665,959,933,1515,3407,44072
12-09-2019,16,13443,14692,8740,4208,41083,951,891,1458,3300,44383
12-09-2019,17,13409,14402,8697,4380,40888,936,877,1449,3262,44150
12-09-2019,18,13268,14125,8819,4256,40468,921,861,1456,3238,43706
12-09-2019,19,13243,14322,9096,4107,40768,964,907,1519,3390,44158
12-09-2019,20,13455,14297,8723,3978,40453,930,876,1463,3269,43722
12-09-2019,21,13042,13641,8508,3748,38939,840,783,1302,2925,41864
12-09-2019,22,12632,12624,8116,3436,36808,741,689,1162,2592,39400
12-09-2019,23,12083,12005,7611,3150,34849,688,622,1081,2391,37240
13-09-2019,0,11644,11076,7337,2826,32883,676,588,1025,2289,35172
13-09-2019,1,11158,10566,7206,2855,31785,647,565,1000,2212,33997
13-09-2019,2,11238,10504,7195,2859,31796,642,561,994,2197,33993
13-09-2019,3,11032,10573,7274,2815,31694,649,571,1002,2222,33916
13-09-2019,4,11105,10690,7641,2811,32247,683,614,1061,2358,34605
13-09-2019,5,11587,11355,8305,3079,34326,791,716,1274,2781,37107
13-09-2019,6,12720,12827,8708,3709,37964,897,811,1408,3116,41080
13-09-2019,7,13804,14496,9044,4157,41501,1020,925,1525,3470,44971
13-09-2019,8,14331,14981,9128,4317,42757,1064,972,1565,3601,46358
13-09-2019,9,14224,15055,9063,4335,42677,1057,975,1563,3595,46272
13-09-2019,10,13931,14706,9065,4415,42117,1037,964,1563,3564,45681
13-09-2019,11,13468,14466,9005,4400,41339,1042,944,1545,3531,44870
13-09-2019,12,13473,14207,8919,4273,40872,1064,968,1550,3582,44454
13-09-2019,13,13423,14187,8807,4192,40609,1052,961,1531,3544,44153
13-09-2019,14,13422,13756,8744,4004,39926,1044,948,1532,3524,43450
13-09-2019,15,13357,13693,8758,3848,39656,1003,922,1485,3410,43066
13-09-2019,16,13183,13730,8755,3849,39517,978,876,1449,3303,42820
13-09-2019,17,13218,13732,8741,4040,39731,961,857,1418,3236,42967
13-09-2019,18,13411,14068,8848,3968,40295,951,835,1403,3189,43484
13-09-2019,19,13407,14186,9059,3773,40425,970,871,1445,3286,43711
13-09-2019,20,13390,13513,8692,3691,39286,926,832,1398,3156,42442
13-09-2019,21,13053,12822,8647,3506,38028,843,759,1264,2866,40894
13-09-2019,22,12783,12156,8388,3255,36582,766,675,1119,2560,39142
13-09-2019,23,12390,11530,7892,2997,34809,709,614,1038,2361,37170
14-09-2019,0,12032,11110,7477,2816,33435,669,585,993,2247,35682
14-09-2019,1,11754,10844,7383,2685,32666,643,558,966,2167,34833
14-09-2019,2,11734,10845,7331,2604,32514,631,555,960,2146,34660
14-09-2019,3,11654,11002,7390,2599,32645,629,555,959,2143,34788
14-09-2019,4,11657,11049,7484,2637,32827,641,570,975,2186,35013
14-09-2019,5,11889,11127,7599,2695,33310,670,590,1025,2285,35595
14-09-2019,6,12045,11380,7672,2877,33974,706,639,1098,2443,36417
14-09-2019,7,12227,11916,7933,3133,35209,780,723,1209,2712,37921
14-09-2019,8,12726,12928,8150,3437,37241,833,791,1289,2913,40154
14-09-2019,9,13278,13503,8249,3625,38655,839,807,1304,2950,41605
14-09-2019,10,13467,13341,8211,3646,38665,832,795,1312,2939,41604
14-09-2019,11,13369,13126,8211,3649,38355,829,793,1305,2927,41282
14-09-2019,12,13256,12841,8129,3616,37842,829,782,1295,2906,40748
14-09-2019,13,13235,12472,8084,3529,37320,823,784,1267,2874,40194
14-09-2019,14,13180,12458,8149,3470,37257,824,769,1240,2833,40090
14-09-2019,15,13179,12314,8202,3418,37113,821,765,1227,2813,39926
14-09-2019,16,13414,12809,8290,3472,37985,829,762,1225,2816,40801
14-09-2019,17,13496,13539,8512,3650,39197,838,761,1230,2829,42026
14-09-2019,18,13609,13511,8652,3656,39428,855,754,1245,2854,42282
14-09-2019,19,13572,13436,8908,3506,39422,901,805,1332,3038,42460
14-09-2019,20,13351,13130,8552,3488,38521,863,781,1294,2938,41459
14-09-2019,21,12980,12263,8487,3282,37012,796,704,1159,2659,39671
14-09-2019,22,12784,11933,8267,3039,36023,731,630,1060,2421,38444
14-09-2019,23,12370,11293,7797,2821,34281,683,568,977,2228,36509
15-09-2019,0,11890,10893,7433,2658,32874,654,535,966,2155,35029
15-09-2019,1,11416,10890,7222,2585,32113,627,523,940,2090,34203
15-09-2019,2,11281,10816,7242,2530,31869,617,518,925,2060,33929
15-09-2019,3,11222,10522,7256,2503,31503,615,511,931,2057,33560
15-09-2019,4,10993,10440,7328,2517,31278,626,523,950,2099,33377
15-09-2019,5,11119,10927,7396,2546,31988,654,559,988,2201,34189
15-09-2019,6,11377,11241,7365,2685,32668,674,588,1031,2293,34961
15-09-2019,7,11554,11393,7653,2851,33451,756,666,1134,2556,36007
15-09-2019,8,12069,11972,7947,3120,35108,832,738,1241,2811,37919
15-09-2019,9,12578,12757,8195,3352,36882,867,774,1294,2935,39817
15-09-2019,10,12769,13146,8307,3489,37711,878,785,1311,2974,40685
15-09-2019,11,12527,13461,8298,3589,37875,876,791,1301,2968,40843
15-09-2019,12,12759,13566,8308,3588,38221,875,787,1292,2954,41175
15-09-2019,13,12874,13276,8201,3531,37882,866,784,1286,2936,40818
15-09-2019,14,12735,12845,8223,3465,37268,857,780,1281,2918,40186
15-09-2019,15,12602,12922,8231,3450,37205,847,777,1264,2888,40093
15-09-2019,16,12563,13112,8220,3540,37435,849,779,1268,2896,40331
15-09-2019,17,12915,13701,8326,3844,38786,851,780,1289,2920,41706
15-09-2019,18,12975,13923,8544,3814,39256,875,790,1345,3010,42266
15-09-2019,19,13138,14198,8759,3659,39754,922,834,1395,3151,42905
15-09-2019,20,13131,14097,8338,3594,39160,874,784,1312,2970,42130
15-09-2019,21,12994,13392,8313,3371,38070,800,696,1161,2657,40727
15-09-2019,22,12234,12822,8115,3136,36307,728,615,1025,2368,38675
15-09-2019,23,11874,12293,7679,2883,34729,678,556,953,2187,36916
16-09-2019,0,11422,11799,7362,2786,33369,651,526,919,2096,35465
16-09-2019,1,11128,11522,7217,2695,32562,634,513,900,2047,34609
16-09-2019,2,11096,11332,7200,2623,32251,630,505,900,2035,34286
16-09-2019,3,11092,11433,7329,2613,32467,642,519,911,2072,34539
16-09-2019,4,11384,11666,7645,2704,33399,678,561,979,2218,35617
16-09-2019,5,12079,12338,8311,2926,35654,802,675,1217,2694,38348
16-09-2019,6,13416,14081,8801,3541,39839,912,787,1369,3068,42907
16-09-2019,7,14554,15453,9147,4066,43220,1016,889,1496,3401,46621
16-09-2019,8,14807,15801,9189,4284,44081,1057,939,1552,3548,47629
16-09-2019,9,14530,15829,9216,4345,43920,1047,939,1560,3546,47466
16-09-2019,10,14281,15628,9270,4390,43569,1038,928,1564,3530,47099
16-09-2019,11,14265,15709,9307,4392,43673,1015,902,1535,3452,47125
16-09-2019,12,14087,15724,9185,4395,43391,1024,923,1552,3499,46890
16-09-2019,13,13885,15548,9136,4383,42952,1012,916,1532,3460,46412
16-09-2019,14,13707,15572,9030,4324,42633,1030,900,1513,3443,46076
16-09-2019,15,13780,15321,9047,4171,42319,1005,883,1479,3367,45686
16-09-2019,16,13840,15185,9020,4110,42155,984,848,1442,3274,45429
16-09-2019,17,14100,15769,8976,4316,43161,979,840,1440,3259,46420
16-09-2019,18,14162,15948,9121,4235,43466,986,843,1454,3283,46749
16-09-2019,19,14241,15971,9338,4112,43662,1014,892,1517,3423,47085
16-09-2019,20,14265,15573,8898,4036,42772,972,830,1425,3227,45999
16-09-2019,21,14084,14333,8727,3743,40887,883,742,1265,2890,43777
16-09-2019,22,13532,13522,8483,3431,38968,784,654,1116,2554,41522
16-09-2019,23,12694,12857,7980,3132,36663,728,586,1053,2367,39030
17-09-2019,0,12394,12297,7655,2954,35300,701,556,998,2255,37555
17-09-2019,1,12256,11771,7549,2833,34409,691,538,986,2215,36624
17-09-2019,2,12118,11854,7516,2830,34318,684,532,976,2192,36510
17-09-2019,3,12092,11956,7664,2814,34526,688,544,984,2216,36742
17-09-2019,4,12268,12434,7969,2862,35533,737,588,1043,2368,37901
17-09-2019,5,12650,13084,8685,3137,37556,849,698,1245,2792,40348
17-09-2019,6,13670,14649,9044,3716,41079,960,818,1401,3179,44258
17-09-2019,7,14966,15884,9297,4197,44344,1060,924,1518,3502,47846
17-09-2019,8,15189,16181,9330,4397,45097,1083,970,1554,3607,48704
17-09-2019,9,14882,16472,9293,4390,45037,1058,956,1535,3549,48586
17-09-2019,10,14626,16139,9217,4441,44423,1047,940,1533,3520,47943
17-09-2019,11,14616,16206,9189,4450,44461,1022,905,1523,3450,47911
17-09-2019,12,14357,15797,9154,4364,43672,1034,927,1548,3509,47181
17-09-2019,13,14279,15560,9151,4411,43401,1015,923,1530,3468,46869
17-09-2019,14,14096,15536,9077,4305,43014,1033,903,1534,3470,46484
17-09-2019,15,14090,15553,9054,4192,42889,996,893,1515,3404,46293
17-09-2019,16,14169,15726,9015,4174,43084,978,872,1466,3316,46400
17-09-2019,17,14064,15934,8992,4387,43377,981,868,1471,3320,46697
17-09-2019,18,14064,15741,8992,4279,43076,1001,877,1490,3368,46444
17-09-2019,19,14240,16045,8992,4178,43455,1044,905,1514,3463,46918
17-09-2019,20,14505,15681,8992,4081,43259,997,839,1439,3275,46534
17-09-2019,21,14070,14658,8992,3821,41541,895,748,1251,2894,44435
17-09-2019,22,13757,13587,8992,3488,39824,796,657,1109,2562,42386
17-09-2019,23,12786,12616,8992,3175,37569,754,592,1041,2387,39956
18-09-2019,0,12436,12297,8992,3012,36737,729,559,1006,2294,39031
18-09-2019,1,11988,11916,8992,2893,35789,713,545,985,2243,38032
18-09-2019,2,11974,11728,8992,2862,35556,706,537,983,2226,37782
18-09-2019,3,11916,11928,8992,2872,35708,707,542,992,2241,37949
18-09-2019,4,11989,12013,8992,2964,35958,746,579,1060,2385,38343
18-09-2019,5,12469,12726,8992,3206,37393,867,698,1280,2845,40238
18-09-2019,6,13684,14571,8992,3803,41050,960,813,1436,3209,44259
18-09-2019,7,14706,16144,8992,4267,44109,1062,917,1551,3530,47639
18-09-2019,8,14942,16649,8992,4434,45017,1094,950,1606,3650,48667
18-09-2019,9,14849,16676,8992,4465,44982,1076,955,1606,3637,48619
18-09-2019,10,14625,16423,8992,4523,44563,1062,936,1591,3589,48152
18-09-2019,11,14360,16022,9088,4552,44022,1045,919,1549,3513,47535
18-09-2019,12,14087,15783,9083,4480,43433,1056,949,1561,3566,46999
18-09-2019,13,14185,15591,9083,4474,43333,1048,941,1545,3534,46867
18-09-2019,14,14055,15286,9083,4410,42834,1044,908,1531,3483,46317
18-09-2019,15,13890,14996,9083,4256,42225,998,889,1510,3397,45622
18-09-2019,16,13896,14926,9083,4162,42067,1004,867,1473,3344,45411
18-09-2019,17,13891,15484,8960,4407,42742,1003,874,1462,3339,46081
18-09-2019,18,14015,15853,9252,4312,43432,1023,895,1494,3412,46844
18-09-2019,19,14378,15927,9646,4168,44119,1048,917,1554,3519,47638
18-09-2019,20,14657,15535,9176,4104,43472,997,861,1464,3322,46794
18-09-2019,21,14302,14642,9047,3837,41828,907,765,1292,2964,44792
18-09-2019,22,13720,13666,8741,3532,39659,817,671,1149,2637,42296
18-09-2019,23,13090,12684,8309,3222,37305,761,599,1074,2434,39739
19-09-2019,0,12460,12030,8051,2964,35505,737,568,1054,2359,37864
19-09-2019,1,12504,11942,7955,2838,35239,726,548,1026,2300,37539
19-09-2019,2,12391,11854,7928,2796,34969,717,544,1016,2277,37246
19-09-2019,3,12474,11878,8092,2802,35246,730,557,1027,2314,37560
19-09-2019,4,12469,11968,8393,2894,35724,770,599,1105,2474,38198
19-09-2019,5,12990,12782,9091,3122,37985,876,716,1318,2910,40895
19-09-2019,6,14232,14568,9453,3771,42024,979,832,1467,3278,45302
19-09-2019,7,15494,16025,9610,4184,45313,1073,937,1591,3601,48914
19-09-2019,8,15750,16573,9619,4363,46305,1074,996,1619,3689,49994
19-09-2019,9,15478,16563,9540,4385,45966,1053,987,1598,3638,49604
19-09-2019,10,15150,16236,9439,4476,45301,1028,969,1595,3592,48893
19-09-2019,11,15034,15955,9325,4472,44786,1001,934,1581,3516,48302
19-09-2019,12,14728,15651,9233,4433,44045,1040,949,1602,3591,47636
19-09-2019,13,14624,15775,9149,4433,43981,1025,948,1584,3557,47538
19-09-2019,14,14659,15408,9098,4359,43524,1025,928,1566,3519,47043
19-09-2019,15,14547,15246,9038,4259,43090,1007,908,1514,3429,46519
19-09-2019,16,14603,15499,9092,4268,43462,991,874,1482,3347,46809
19-09-2019,17,14695,15973,9120,4406,44194,1001,865,1475,3341,47535
19-09-2019,18,14661,15932,9363,4268,44224,1026,896,1500,3422,47646
19-09-2019,19,14897,16129,9687,4200,44913,1047,932,1567,3546,48459
19-09-2019,20,15101,15888,9262,4068,44319,1003,873,1466,3342,47661
19-09-2019,21,14788,15222,9142,3769,42921,916,778,1302,2996,45917
19-09-2019,22,14122,14284,8897,3503,40806,818,686,1160,2664,43470
19-09-2019,23,13410,13556,8465,3274,38705,764,615,1086,2465,41170
20-09-2019,0,12536,13187,8206,2994,36923,739,582,1065,2386,39309
20-09-2019,1,12258,12899,8095,2918,36170,724,573,1049,2346,38516
20-09-2019,2,12093,12621,8102,2878,35694,712,564,1040,2316,38010
20-09-2019,3,12094,12708,8258,2893,35953,721,581,1055,2357,38310
20-09-2019,4,12163,12950,8598,2921,36632,758,622,1135,2515,39147
20-09-2019,5,12621,13572,9353,3135,38681,870,729,1332,2931,41612
20-09-2019,6,13784,15417,9694,3756,42651,976,844,1462,3282,45933
20-09-2019,7,14821,16524,9922,4176,45443,1066,949,1582,3597,49040
20-09-2019,8,15169,16734,9894,4407,46204,1084,981,1623,3688,49892
20-09-2019,9,15095,16741,9824,4453,46113,1061,981,1609,3651,49764
20-09-2019,10,14976,16578,9650,4548,45752,1046,974,1584,3604,49356
20-09-2019,11,14569,16128,9559,4503,44759,1037,930,1562,3529,48288
20-09-2019,12,14288,15642,9392,4436,43758,1063,950,1571,3584,47342
20-09-2019,13,14110,15128,9281,4342,42861,1046,937,1534,3517,46378
20-09-2019,14,14013,14774,9248,4193,42228,1033,914,1510,3457,45685
20-09-2019,15,13736,14564,9246,4056,41602,1040,896,1478,3414,45016
20-09-2019,16,13878,14662,9370,4050,41960,1012,882,1453,3347,45307
20-09-2019,17,13820,14722,9498,4248,42288,980,872,1437,3289,45577
20-09-2019,18,13756,14754,9679,4181,42370,1000,887,1465,3352,45722
20-09-2019,19,13984,14646,9746,4010,42386,1017,920,1519,3456,45842
20-09-2019,20,13899,14062,9287,3809,41057,970,856,1442,3268,44325
20-09-2019,21,13538,13216,9184,3562,39500,875,776,1303,2954,42454
20-09-2019,22,13058,12643,8944,3341,37986,800,697,1178,2675,40661
20-09-2019,23,12656,11912,8569,3125,36262,750,629,1095,2474,38736
21-09-2019,0,12030,11450,8259,2932,34671,715,593,1042,2350,37021
21-09-2019,1,11684,11018,8077,2839,33618,694,577,1008,2279,35897
21-09-2019,2,11652,10983,8024,2724,33383,676,568,989,2233,35616
21-09-2019,3,11558,10894,8006,2688,33146,679,570,984,2233,35379
21-09-2019,4,11533,11048,8077,2684,33342,692,584,1003,2279,35621
21-09-2019,5,11716,11083,8324,2727,33850,715,622,1077,2414,36264
21-09-2019,6,11982,11333,8312,2893,34520,727,667,1154,2548,37068
21-09-2019,7,12208,11640,8561,3187,35596,801,752,1285,2838,38434
21-09-2019,8,12780,12254,8778,3475,37287,855,810,1381,3046,40333
21-09-2019,9,13220,12754,8910,3667,38551,887,830,1419,3136,41687
21-09-2019,10,13192,12689,8905,3779,38565,894,823,1435,3152,41717
21-09-2019,11,13106,12824,8888,3722,38540,884,816,1425,3125,41665
21-09-2019,12,12811,12878,8826,3617,38132,869,808,1412,3089,41221
21-09-2019,13,12531,12803,8845,3551,37730,855,798,1366,3019,40749
21-09-2019,14,12433,12352,8875,3490,37150,855,792,1348,2995,40145
21-09-2019,15,12467,12163,8955,3457,37042,853,779,1337,2969,40011
21-09-2019,16,12431,12106,9082,3506,37125,861,775,1334,2970,40095
21-09-2019,17,12497,13042,9231,3717,38487,881,782,1339,3002,41489
21-09-2019,18,12584,13292,9453,3746,39075,923,812,1370,3105,42180
21-09-2019,19,12736,13511,9420,3643,39310,933,844,1400,3177,42487
21-09-2019,20,12803,13113,8915,3543,38374,884,795,1321,3000,41374
21-09-2019,21,12555,12489,8888,3309,37241,815,727,1208,2750,39991
21-09-2019,22,12187,11890,8735,3123,35935,751,656,1101,2508,38443
21-09-2019,23,11910,11510,8314,2895,34629,702,599,1027,2328,36957
22-09-2019,0,11539,10999,7958,2704,33200,670,565,990,2225,35425
22-09-2019,1,11249,10860,7799,2593,32501,650,546,967,2163,34664
22-09-2019,2,11284,10944,7762,2520,32510,639,540,950,2129,34639
22-09-2019,3,11335,10875,7812,2514,32536,639,542,946,2127,34663
22-09-2019,4,11421,11001,7955,2517,32894,650,558,964,2172,35066
22-09-2019,5,11353,10982,8083,2592,33010,680,586,1015,2281,35291
22-09-2019,6,11578,11177,8019,2738,33512,698,612,1054,2364,35876
22-09-2019,7,11803,11374,8272,2934,34383,773,689,1177,2639,37022
22-09-2019,8,12198,12242,8467,3231,36138,833,769,1290,2892,39030
22-09-2019,9,12573,12938,8560,3420,37491,853,807,1338,2998,40489
22-09-2019,10,12740,13284,8592,3522,38138,847,813,1353,3013,41151
22-09-2019,11,12745,13375,8591,3526,38237,839,813,1344,2996,41233
22-09-2019,12,12613,13297,8515,3510,37935,824,814,1345,2983,40918
22-09-2019,13,12562,13140,8453,3484,37639,813,812,1335,2960,40599
22-09-2019,14,12377,12829,8482,3444,37132,813,802,1332,2947,40079
22-09-2019,15,12290,12715,8489,3401,36895,825,797,1335,2957,39852
22-09-2019,16,12310,12848,8608,3486,37252,850,794,1367,3011,40263
22-09-2019,17,12552,13520,8807,3782,38661,881,799,1399,3079,41740
22-09-2019,18,12844,14017,9204,3787,39852,938,841,1461,3240,43092
22-09-2019,19,13256,14378,9410,3741,40785,969,892,1479,3340,44125
22-09-2019,20,13296,13951,8952,3636,39835,921,845,1385,3151,42986
22-09-2019,21,13148,13147,9036,3413,38744,839,762,1237,2838,41582
22-09-2019,22,12739,12519,8938,3117,37313,769,672,1110,2551,39864
22-09-2019,23,11948,11960,8595,2857,35360,723,605,1036,2364,37724
23-09-2019,0,11362,11619,8310,2687,33978,699,575,982,2256,36234
23-09-2019,1,11104,11466,8196,2617,33383,681,564,966,2211,35594
23-09-2019,2,11000,11457,8223,2614,33294,688,567,966,2221,35515
23-09-2019,3,11238,11595,8346,2643,33822,698,576,986,2260,36082
23-09-2019,4,11429,11755,8663,2734,34581,736,620,1062,2418,36999
23-09-2019,5,12133,12698,9482,3001,37314,860,746,1321,2927,40241
23-09-2019,6,13120,14682,9808,3592,41202,967,870,1488,3325,44527
23-09-2019,7,14236,15924,10047,4161,44368,1067,968,1613,3648,48016
23-09-2019,8,14567,16213,10063,4367,45210,1091,1015,1659,3765,48975
23-09-2019,9,14558,16355,9979,4433,45325,1067,1011,1644,3722,49047
23-09-2019,10,14435,16000,9841,4512,44788,1054,993,1612,3659,48447
23-09-2019,11,14269,15720,9710,4539,44238,1042,952,1582,3576,47814
23-09-2019,12,14289,15781,9599,4540,44209,1061,968,1588,3617,47826
23-09-2019,13,14168,15457,9531,4598,43754,1046,962,1573,3581,47335
23-09-2019,14,14206,14998,9508,4475,43187,1043,939,1561,3543,46730
23-09-2019,15,14095,15149,9467,4324,43035,1027,917,1521,3465,46500
23-09-2019,16,14090,15214,9564,4303,43171,1011,888,1474,3373,46544
23-09-2019,17,13988,15434,9588,4445,43455,1017,885,1479,3381,46836
23-09-2019,18,13867,15545,9892,4316,43620,1051,922,1537,3510,47130
23-09-2019,19,14183,15922,9966,4223,44294,1060,962,1603,3625,47919
23-09-2019,20,14458,15340,9603,4014,43415,1009,900,1513,3422,46837
23-09-2019,21,14129,14612,9650,3747,42138,913,796,1344,3053,45191
23-09-2019,22,13576,13641,9406,3432,40055,823,701,1197,2721,42776
23-09-2019,23,12903,12944,9091,3150,38088,776,631,1119,2526,40614
24-09-2019,0,12245,12238,8862,2928,36273,755,596,1080,2431,38704
24-09-2019,1,11794,11879,8749,2835,35257,734,578,1054,2366,37623
24-09-2019,2,11660,11835,8770,2792,35057,727,568,1051,2346,37403
24-09-2019,3,11754,11983,8871,2805,35413,735,579,1065,2379,37792
24-09-2019,4,11853,12037,9140,2883,35913,768,625,1153,2546,38459
24-09-2019,5,12198,12661,9738,3151,37748,876,746,1383,3005,40753
24-09-2019,6,13306,14793,9952,3718,41769,993,873,1519,3385,45154
24-09-2019,7,14325,16094,10238,4227,44884,1080,988,1645,3713,48597
24-09-2019,8,14413,16376,10159,4438,45386,1105,1032,1686,3823,49209
24-09-2019,9,14511,16111,10027,4512,45161,1092,1019,1661,3772,48933
24-09-2019,10,14424,16005,9947,4288,44664,1062,984,1661,3707,48371
24-09-2019,11,14170,15775,9917,4607,44469,1038,946,1580,3564,48033
24-09-2019,12,13844,15659,9807,4571,43881,1055,964,1600,3619,47500
24-09-2019,13,13958,15469,9819,4595,43841,1036,950,1573,3559,47400
24-09-2019,14,14114,15603,9761,4536,44014,1036,944,1563,3543,47557
24-09-2019,15,14064,15725,9727,4311,43827,1022,927,1530,3479,47306
24-09-2019,16,14224,15457,9853,4340,43874,1019,897,1483,3399,47273
24-09-2019,17,14103,15481,9819,4494,43897,1013,906,1494,3413,47310
24-09-2019,18,14119,15499,10159,4421,44198,1056,943,1545,3544,47742
24-09-2019,19,14322,16021,10135,4316,44794,1056,972,1600,3628,48422
24-09-2019,20,14389,15444,9619,4101,43553,993,914,1497,3404,46957
24-09-2019,21,13959,14390,9534,3845,41728,899,817,1319,3035,44763
24-09-2019,22,13440,13759,9282,3493,39974,802,716,1173,2691,42665
24-09-2019,23,12756,12832,8818,3180,37586,759,642,1093,2494,40080
25-09-2019,0,12146,12328,8505,3006,35985,733,612,1059,2404,38389
25-09-2019,1,11907,12134,8299,2897,35237,701,598,1028,2327,37564
25-09-2019,2,11698,11956,8288,2864,34806,698,589,1019,2306,37112
25-09-2019,3,11630,11965,8360,2868,34823,703,596,1033,2332,37155
25-09-2019,4,11724,12031,8651,2939,35345,751,641,1116,2508,37853
25-09-2019,5,12055,12942,9328,3175,37500,871,759,1357,2987,40487
25-09-2019,6,13239,14923,9586,3771,41519,986,874,1498,3358,44877
25-09-2019,7,14495,16186,9747,4295,44723,1094,981,1638,3713,48436
25-09-2019,8,14690,16337,9821,4518,45366,1143,1041,1687,3871,49237
25-09-2019,9,14597,16223,9715,4535,45070,1124,1038,1693,3855,48925
25-09-2019,10,14526,16502,9641,4619,45288,1100,1023,1677,3800,49088
25-09-2019,11,14349,16436,9592,4646,45023,1072,991,1652,3715,48738
25-09-2019,12,14064,16252,9403,4588,44307,1069,999,1662,3730,48037
25-09-2019,13,14125,15924,9323,4599,43971,1045,983,1644,3672,47643
25-09-2019,14,14116,16482,9282,4518,44398,1130,965,1637,3732,48130
25-09-2019,15,14135,16677,9249,4401,44462,1103,947,1591,3641,48103
25-09-2019,16,14153,15699,9365,4357,43574,933,911,1552,3396,46970
25-09-2019,17,13966,15506,9430,4575,43477,950,919,1557,3426,46903
25-09-2019,18,13933,15463,9818,4456,43670,994,950,1609,3553,47223
25-09-2019,19,14102,15772,9928,4345,44147,999,976,1626,3601,47748
25-09-2019,20,14107,15675,9464,4096,43342,1024,912,1522,3458,46800
25-09-2019,21,13856,14836,9279,3836,41807,991,810,1350,3151,44958
25-09-2019,22,13230,13781,9022,3540,39573,924,713,1201,2838,42411
25-09-2019,23,12589,13107,8575,3232,37503,848,641,1117,2606,40109
26-09-2019,0,12143,12489,8265,3037,35934,815,607,1076,2498,38432
26-09-2019,1,11757,12134,8123,2929,34943,818,594,1046,2458,37401
26-09-2019,2,11594,12062,8112,2884,34652,816,587,1040,2443,37095
26-09-2019,3,11535,12063,8228,2873,34699,827,595,1060,2482,37181
26-09-2019,4,11632,12116,8563,2950,35261,857,647,1136,2640,37901
26-09-2019,5,12060,12773,9358,3228,37419,1022,769,1371,3162,40581
26-09-2019,6,13269,14873,9719,3826,41687,1046,893,1515,3454,45141
26-09-2019,7,14394,16159,9843,4353,44749,1095,996,1634,3725,48474
26-09-2019,8,14657,16271,9929,4589,45446,1096,1035,1657,3788,49234
26-09-2019,9,14559,16391,9788,4694,45432,1063,1022,1629,3714,49146
26-09-2019,10,14461,16283,9677,4763,45184,1050,993,1601,3644,48828
26-09-2019,11,14289,15733,9620,4749,44391,1052,958,1567,3577,47968
26-09-2019,12,14047,15447,9513,4664,43671,1067,971,1571,3609,47280
26-09-2019,13,13750,15423,9437,4657,43267,1041,961,1548,3550,46817
26-09-2019,14,13937,15161,9341,4563,43002,1028,939,1542,3509,46511
26-09-2019,15,13967,15129,9315,4450,42861,1008,918,1507,3433,46294
26-09-2019,16,14059,15122,9363,4442,42986,1011,883,1459,3353,46339
26-09-2019,17,14078,15287,9319,4628,43312,1010,889,1460,3359,46671
26-09-2019,18,14018,15371,9638,4564,43591,1043,939,1536,3518,47109
26-09-2019,19,14169,15592,9727,4459,43947,1058,973,1588,3619,47566
26-09-2019,20,14138,15128,9259,4198,42723,1005,910,1504,3419,46142
26-09-2019,21,13804,14404,9161,3924,41293,912,820,1342,3074,44367
26-09-2019,22,13309,13311,8939,3617,39176,825,725,1204,2754,41930
26-09-2019,23,12592,12415,8415,3332,36754,777,650,1124,2551,39305
27-09-2019,0,12109,12233,8131,3177,35650,753,613,1082,2448,38098
27-09-2019,1,11899,12171,7996,3108,35174,739,598,1055,2392,37566
27-09-2019,2,11754,12080,7974,3022,34830,734,591,1046,2371,37201
27-09-2019,3,11783,12083,8065,2962,34893,737,601,1059,2397,37290
27-09-2019,4,11804,12281,8402,3022,35509,771,645,1132,2548,38057
27-09-2019,5,12088,13156,9161,3221,37626,897,772,1366,3035,40661
27-09-2019,6,13243,14924,9497,3806,41470,1000,885,1511,3396,44866
27-09-2019,7,14587,16039,9748,4306,44680,1079,974,1620,3673,48353
27-09-2019,8,14653,16288,9757,4534,45232,1091,1013,1642,3746,48978
27-09-2019,9,14517,16162,9660,4596,44935,1061,1005,1621,3687,48622
27-09-2019,10,14484,16030,9656,4608,44778,1041,979,1598,3618,48396
27-09-2019,11,14569,15902,9618,4588,44677,1011,946,1579,3536,48213
27-09-2019,12,14437,15575,9449,4489,43950,1026,954,1583,3563,47513
27-09-2019,13,14204,15175,9310,4380,43069,1005,933,1551,3489,46558
27-09-2019,14,14173,14947,9322,4199,42641,988,912,1531,3431,46072
27-09-2019,15,14216,14667,9323,4062,42268,957,892,1492,3341,45609
27-09-2019,16,14192,14606,9360,4081,42239,960,867,1458,3285,45524
27-09-2019,17,14179,14631,9326,4245,42381,960,870,1450,3280,45661
27-09-2019,18,14153,14736,9661,4217,42767,1001,914,1515,3430,46197
27-09-2019,19,14323,15095,9657,4125,43200,996,928,1524,3448,46648
27-09-2019,20,14172,14463,9186,3876,41697,941,869,1455,3265,44962
27-09-2019,21,13670,13599,9143,3634,40046,866,793,1320,2979,43025
27-09-2019,22,12993,12840,8895,3378,38106,797,708,1189,2694,40800
27-09-2019,23,12315,12304,8367,3131,36117,745,639,1097,2481,38598
28-09-2019,0,12154,11668,8002,2943,34767,711,602,1064,2377,37144
28-09-2019,1,11530,11452,7877,2855,33714,692,586,1025,2303,36017
28-09-2019,2,11335,11349,7852,2785,33321,682,572,1010,2264,35585
28-09-2019,3,11438,11349,7861,2788,33436,683,576,1004,2263,35699
28-09-2019,4,11327,11337,8012,2783,33459,688,595,1031,2314,35773
28-09-2019,5,11461,11377,8316,2843,33997,725,638,1113,2476,36473
28-09-2019,6,11784,11563,8264,3028,34639,755,672,1187,2614,37253
28-09-2019,7,12213,11982,8400,3241,35836,833,749,1307,2889,38725
28-09-2019,8,12626,12528,8573,3493,37220,868,800,1406,3074,40294
28-09-2019,9,13278,13274,8621,3634,38807,884,819,1452,3155,41962
28-09-2019,10,13515,13941,8622,3734,39812,862,818,1468,3148,42960
28-09-2019,11,13297,13926,8512,3767,39502,848,814,1479,3141,42643
28-09-2019,12,13149,13780,8379,3669,38977,830,812,1479,3121,42098
28-09-2019,13,12919,13718,8348,3662,38647,821,804,1444,3069,41716
28-09-2019,14,12878,13762,8390,3672,38702,822,801,1430,3053,41755
28-09-2019,15,12760,13640,8507,3620,38527,845,800,1411,3056,41583
28-09-2019,16,12842,13558,8681,3684,38765,845,809,1390,3044,41809
28-09-2019,17,12790,13704,8908,3925,39327,869,820,1380,3069,42396
28-09-2019,18,12992,14024,9292,3943,40251,922,853,1432,3207,43458
28-09-2019,19,13268,14246,9132,3844,40490,906,848,1433,3187,43677
28-09-2019,20,12804,13508,8615,3602,38529,859,792,1359,3010,41539
28-09-2019,21,12443,12815,8573,3412,37243,778,725,1245,2748,39991
28-09-2019,22,11919,12178,8391,3269,35757,729,659,1129,2517,38274
28-09-2019,23,12134,11969,7975,3033,35111,684,606,1041,2331,37442
29-09-2019,0,11656,11681,7672,2912,33921,659,566,996,2221,36142
29-09-2019,1,11367,11381,7481,2804,33033,641,555,971,2167,35200
29-09-2019,2,11253,11169,7460,2692,32574,630,557,956,2143,34717
29-09-2019,3,11151,11161,7465,2697,32474,632,560,956,2148,34622
29-09-2019,4,11190,11175,7591,2662,32618,645,575,976,2196,34814
29-09-2019,5,11347,11382,7752,2690,33171,673,606,1032,2311,35482
29-09-2019,6,11427,11677,7732,2846,33682,699,626,1073,2398,36080
29-09-2019,7,11644,11807,7874,3047,34372,762,695,1180,2637,37009
29-09-2019,8,12123,12507,8024,3344,35998,833,764,1294,2891,38889
29-09-2019,9,12601,13039,8242,3524,37406,868,798,1351,3017,40423
29-09-2019,10,12822,13372,8360,3606,38160,868,799,1377,3044,41204
29-09-2019,11,12889,13486,8381,3685,38441,859,789,1376,3024,41465
29-09-2019,12,12911,13472,8298,3709,38390,852,787,1369,3008,41398
29-09-2019,13,12731,13397,8275,3621,38024,845,778,1350,2973,40997
29-09-2019,14,12777,13240,8234,3573,37824,839,777,1329,2945,40769
29-09-2019,15,12824,13335,8278,3611,38048,849,780,1322,2951,40999
29-09-2019,16,12872,13592,8361,3696,38521,865,783,1335,2983,41504
29-09-2019,17,13031,13871,8555,4061,39518,893,794,1372,3059,42577
29-09-2019,18,13234,14499,8939,4070,40742,952,860,1486,3298,44040
29-09-2019,19,13596,14850,8827,3931,41204,937,875,1488,3300,44504
29-09-2019,20,13567,14314,8423,3730,40034,881,819,1386,3086,43120
29-09-2019,21,13311,13763,8462,3516,39052,787,742,1221,2750,41802
29-09-2019,22,12775,12946,8332,3266,37319,722,658,1101,2481,39800
29-09-2019,23,12282,12073,7901,3034,35290,673,597,1013,2283,37573
30-09-2019,0,12057,11635,7558,2918,34168,643,571,972,2186,36354
30-09-2019,1,11861,11312,7404,2872,33449,636,561,965,2162,35611
30-09-2019,2,11801,11126,7366,2858,33151,623,559,962,2144,35295
30-09-2019,3,11717,11175,7425,2841,33158,634,566,982,2182,35340
30-09-2019,4,11902,11296,7770,2896,33864,667,606,1057,2330,36194
30-09-2019,5,12300,12220,8596,3121,36237,805,728,1301,2834,39071
30-09-2019,6,13368,14199,9012,3783,40362,927,856,1487,3270,43632
30-09-2019,7,14458,15594,9156,4371,43579,1018,956,1626,3600,47179
30-09-2019,8,14875,15775,9295,4612,44557,1071,1007,1692,3770,48327
30-09-2019,9,14943,16045,9293,4703,44984,1071,1013,1689,3773,48757
30-09-2019,10,14997,16297,9362,4850,45506,1066,1003,1699,3768,49274
30-09-2019,11,14844,16168,9319,4830,45161,1042,974,1671,3687,48848
30-09-2019,12,14813,15993,9225,4723,44754,1057,993,1677,3727,48481
30-09-2019,13,14597,15628,9157,4685,44067,1037,985,1652,3674,47741
30-09-2019,14,14807,15437,9062,4564,43870,1025,974,1647,3646,47516
30-09-2019,15,14964,15337,9029,4392,43722,995,952,1599,3546,47268
30-09-2019,16,14857,15418,9077,4371,43723,979,919,1534,3432,47155
30-09-2019,17,14781,15831,9114,4603,44329,986,922,1550,3458,47787
30-09-2019,18,14784,15927,9486,4609,44806,1033,962,1619,3614,48420
30-09-2019,19,15180,16338,9365,4603,45486,1012,944,1603,3559,49045
30-09-2019,20,15081,15850,8744,4321,43996,953,871,1492,3316,47312
30-09-2019,21,14801,15111,8670,4048,42630,864,790,1304,2958,45588
30-09-2019,22,14271,14251,8437,3668,40627,759,699,1156,2614,43241
30-09-2019,23,13694,13384,7896,3357,38331,719,630,1077,2426,40757
01-10-2019,0,13192,12824,7578,3182,36776,693,595,1036,2324,39100
01-10-2019,1,12870,12380,7429,3051,35730,676,575,1016,2267,37997
01-10-2019,2,12640,12338,7385,2979,35342,666,572,1007,2245,37587
01-10-2019,3,12658,12341,7462,2950,35411,673,575,1023,2271,37682
01-10-2019,4,12779,12534,7798,3005,36116,706,616,1090,2412,38528
01-10-2019,5,13122,13427,8588,3274,38411,835,736,1319,2890,41301
01-10-2019,6,14371,15353,9083,3857,42664,946,855,1491,3292,45956
01-10-2019,7,15606,16423,9232,4348,45609,1036,945,1604,3585,49194
01-10-2019,8,15945,16657,9384,4590,46576,1061,985,1635,3681,50257
01-10-2019,9,15849,16521,9390,4615,46375,1043,976,1618,3637,50012
01-10-2019,10,15455,16524,9323,4659,45961,1031,961,1603,3595,49556
01-10-2019,11,15068,16476,9301,4686,45531,1011,929,1594,3534,49065
01-10-2019,12,14908,16034,9206,4638,44786,1024,942,1599,3565,48351
01-10-2019,13,14837,15648,9210,4670,44365,1018,931,1587,3536,47901
01-10-2019,14,14569,15376,9271,4539,43755,1028,914,1595,3537,47292
01-10-2019,15,14538,15321,9234,4383,43476,1009,901,1575,3485,46961
01-10-2019,16,14467,15388,9338,4473,43666,989,870,1555,3414,47080
01-10-2019,17,14361,15817,9361,4717,44256,988,878,1570,3436,47692
01-10-2019,18,14559,15928,9844,4615,44946,1033,926,1632,3591,48537
01-10-2019,19,14901,16199,9721,4579,45400,1020,921,1609,3550,48950
01-10-2019,20,14861,15529,9223,4337,43950,979,874,1501,3354,47304
01-10-2019,21,14476,14753,9095,4098,42422,895,778,1339,3012,45434
01-10-2019,22,13893,13935,8820,3779,40427,804,689,1187,2680,43107
01-10-2019,23,13156,13028,8268,3443,37895,757,624,1106,2487,40382
02-10-2019,0,12645,12898,7934,3299,36776,715,589,1043,2347,39123
02-10-2019,1,12466,12757,7759,3126,36108,699,579,1021,2299,38407
02-10-2019,2,12301,12721,7786,3132,35940,690,576,1019,2285,38225
02-10-2019,3,12298,12617,7844,3141,35900,693,584,1028,2305,38205
02-10-2019,4,12361,12861,8193,3150,36565,729,627,1092,2448,39013
02-10-2019,5,12844,13881,8992,3374,39091,858,750,1339,2947,42038
02-10-2019,6,13950,15843,9370,3939,43102,980,866,1520,3366,46468
02-10-2019,7,15361,16992,9410,4507,46270,1063,964,1634,3661,49931
02-10-2019,8,15696,17351,9532,4647,47226,1093,986,1683,3762,50988
02-10-2019,9,15675,17279,9522,4673,47149,1081,989,1663,3733,50882
02-10-2019,10,15465,17146,9528,4727,46866,1066,962,1653,3681,50547
02-10-2019,11,15307,16781,9484,4693,46265,1047,931,1625,3603,49868
02-10-2019,12,15141,16728,9373,4703,45945,1068,953,1653,3674,49619
02-10-2019,13,14999,16233,9316,4569,45117,1054,944,1646,3644,48761
02-10-2019,14,14845,16388,9193,4488,44914,1046,935,1649,3630,48544
02-10-2019,15,14739,16295,9183,4437,44654,1027,925,1625,3577,48231
02-10-2019,16,14801,16250,9334,4505,44890,1026,903,1590,3519,48409
02-10-2019,17,14718,16683,9446,4764,45611,1032,921,1589,3542,49153
02-10-2019,18,14753,16888,9973,4731,46345,1073,951,1632,3656,50001
02-10-2019,19,15017,17014,9839,4621,46491,1040,934,1612,3586,50077
02-10-2019,20,14792,16340,9308,4278,44718,972,877,1505,3354,48072
02-10-2019,21,14583,15507,9161,3988,43239,893,791,1341,3025,46264
02-10-2019,22,13995,14598,8938,3630,41161,808,704,1198,2710,43871
02-10-2019,23,13376,13824,8426,3323,38949,755,635,1117,2507,41456
03-10-2019,0,12893,13319,8114,3112,37438,724,598,1061,2383,39821
03-10-2019,1,12512,12987,7987,2992,36478,702,582,1041,2325,38803
03-10-2019,2,12454,13020,7997,2977,36448,698,579,1040,2317,38765
03-10-2019,3,12588,13094,8069,2972,36723,707,587,1051,2345,39068
03-10-2019,4,12793,13339,8426,3027,37585,748,626,1117,2491,40076
03-10-2019,5,13338,13940,9200,3272,39750,875,751,1358,2984,42734
03-10-2019,6,14336,15732,9609,3901,43578,1009,868,1519,3396,46974
03-10-2019,7,15410,17157,9685,4412,46664,1087,963,1645,3695,50359
03-10-2019,8,15888,17675,9887,4565,48015,1119,1010,1695,3824,51839
03-10-2019,9,15975,17674,9891,4619,48159,1111,1011,1680,3802,51961
03-10-2019,10,16057,17889,9914,4749,48609,1102,987,1671,3760,52369
03-10-2019,11,15891,17549,9955,4749,48144,1081,954,1627,3662,51806
03-10-2019,12,15864,17466,9899,4590,47819,1100,961,1641,3702,51521
03-10-2019,13,15563,17053,9857,4542,47015,1084,949,1609,3642,50657
03-10-2019,14,15336,16964,9835,4448,46583,1073,933,1555,3561,50144
03-10-2019,15,15428,17165,9797,4357,46747,1051,917,1535,3503,50250
03-10-2019,16,15574,16990,9791,4326,46681,1038,886,1519,3443,50124
03-10-2019,17,15577,17285,10002,4562,47426,1046,891,1521,3458,50884
03-10-2019,18,15787,17677,10401,4542,48407,1092,942,1609,3643,52050
03-10-2019,19,16020,17705,10175,4458,48358,1067,935,1599,3601,51959
03-10-2019,20,15810,17164,9650,4195,46819,1019,877,1501,3397,50216
03-10-2019,21,15478,16441,9564,3911,45394,932,789,1343,3064,48458
03-10-2019,22,14884,15409,9327,3553,43173,838,699,1206,2743,45916
03-10-2019,23,14236,14407,8868,3273,40784,780,636,1129,2545,43329
04-10-2019,0,13749,14123,8580,3096,39548,755,604,1096,2455,42003
04-10-2019,1,13406,13832,8467,3013,38718,735,587,1066,2388,41106
04-10-2019,2,13316,13713,8408,2970,38407,727,585,1057,2369,40776
04-10-2019,3,13261,13661,8576,2985,38483,735,594,1070,2399,40882
04-10-2019,4,13528,13779,8904,3044,39255,775,637,1147,2559,41814
04-10-2019,5,13828,14701,9739,3289,41557,901,756,1373,3030,44587
04-10-2019,6,14899,17057,10146,3917,46019,1026,878,1547,3451,49470
04-10-2019,7,16339,18293,10257,4461,49350,1115,969,1655,3739,53089
04-10-2019,8,16698,18343,10350,4642,50033,1153,1017,1705,3875,53908
04-10-2019,9,16736,18377,10325,4638,50076,1147,1014,1686,3847,53923
04-10-2019,10,16716,18126,10320,4662,49824,1137,997,1663,3797,53621
04-10-2019,11,16147,17747,10219,4689,48802,1119,967,1641,3727,52529
04-10-2019,12,15941,17355,10020,4612,47928,1135,979,1653,3767,51695
04-10-2019,13,15553,16886,9969,4502,46910,1113,959,1612,3684,50594
04-10-2019,14,15378,16769,9976,4364,46487,1096,936,1582,3614,50101
04-10-2019,15,15386,16635,10021,4255,46297,1067,919,1550,3536,49833
04-10-2019,16,15415,16539,10106,4270,46330,1058,896,1534,3488,49818
04-10-2019,17,15527,16992,10226,4452,47197,1066,907,1519,3492,50689
04-10-2019,18,15630,17207,10583,4441,47861,1108,948,1598,3654,51515
04-10-2019,19,15966,17243,10338,4286,47833,1081,929,1579,3589,51422
04-10-2019,20,15652,16597,9825,3988,46062,1032,880,1486,3398,49460
04-10-2019,21,15191,15961,9843,3794,44789,953,798,1352,3103,47892
04-10-2019,22,14722,15369,9579,3537,43207,880,722,1231,2833,46040
04-10-2019,23,14385,14685,9070,3280,41420,832,654,1153,2639,44059
05-10-2019,0,14045,14407,8749,3056,40257,800,614,1102,2516,42773
05-10-2019,1,13846,14184,8577,2915,39522,781,599,1070,2450,41972
05-10-2019,2,13715,14065,8553,2856,39189,769,591,1051,2411,41600
05-10-2019,3,13697,14029,8623,2915,39264,767,596,1046,2409,41673
05-10-2019,4,13706,14105,8749,2909,39469,770,613,1070,2453,41922
05-10-2019,5,13958,14287,9006,2980,40231,807,655,1148,2610,42841
05-10-2019,6,14329,14800,9010,3158,41297,843,703,1231,2777,44074
05-10-2019,7,14696,15111,9177,3418,42402,904,782,1343,3029,45431
05-10-2019,8,15269,15884,9441,3666,44260,972,838,1433,3243,47503
05-10-2019,9,15625,16533,9585,3840,45583,961,853,1456,3270,48853
05-10-2019,10,15759,16606,9569,3956,45890,946,841,1444,3231,49121
05-10-2019,11,15454,16109,9470,3908,44941,945,823,1430,3198,48139
05-10-2019,12,15047,15923,9371,3842,44183,940,811,1417,3168,47351
05-10-2019,13,14895,15603,9317,3783,43598,926,803,1396,3125,46723
05-10-2019,14,14650,15137,9316,3723,42826,921,796,1380,3097,45923
05-10-2019,15,14637,15238,9411,3676,42962,922,798,1367,3087,46049
05-10-2019,16,14709,15531,9562,3717,43519,936,802,1370,3108,46627
05-10-2019,17,15007,15964,9883,3953,44807,980,821,1390,3191,47998
05-10-2019,18,15239,16503,10313,4021,46076,1037,877,1489,3403,49479
05-10-2019,19,15617,16426,10009,4001,46053,1010,866,1473,3349,49402
05-10-2019,20,15436,16089,9593,3758,44876,970,821,1400,3191,48067
05-10-2019,21,14989,15635,9588,3561,43773,903,756,1300,2959,46732
05-10-2019,22,14721,14889,9432,3340,42382,839,689,1196,2724,45106
05-10-2019,23,14378,14436,9006,3126,40946,791,635,1103,2529,43475
06-10-2019,0,13925,13852,8694,2976,39447,756,595,1058,2409,41856
06-10-2019,1,13675,13701,8537,2880,38793,733,585,1034,2352,41145
06-10-2019,2,13579,13737,8435,2826,38577,725,577,1024,2326,40903
06-10-2019,3,13544,13713,8491,2830,38578,718,579,1029,2326,40904
06-10-2019,4,13749,13832,8595,2841,39017,734,602,1053,2389,41406
06-10-2019,5,13856,14044,8822,2885,39607,754,633,1110,2497,42104
06-10-2019,6,13959,14309,8806,3048,40122,801,666,1152,2619,42741
06-10-2019,7,14372,14696,8917,3282,41267,861,730,1249,2840,44107
06-10-2019,8,14889,15250,9145,3577,42861,926,797,1369,3092,45953
06-10-2019,9,15186,15649,9292,3759,43886,949,821,1402,3172,47058
06-10-2019,10,15221,15871,9337,3807,44236,946,821,1396,3163,47399
06-10-2019,11,15066,15696,9234,3792,43788,936,809,1394,3139,46927
06-10-2019,12,14771,15523,9185,3750,43229,934,804,1399,3137,46366
06-10-2019,13,14644,15305,9090,3698,42737,934,805,1381,3120,45857
06-10-2019,14,14552,15214,9103,3667,42536,931,804,1381,3116,45652
06-10-2019,15,14501,15051,9133,3648,42333,948,804,1377,3129,45462
06-10-2019,16,14522,15222,9260,3754,42758,966,812,1393,3171,45929
06-10-2019,17,14717,15791,9529,4093,44130,1010,839,1429,3278,47408
06-10-2019,18,15146,16417,9821,4177,45561,1060,896,1524,3480,49041
06-10-2019,19,15691,16846,9599,4122,46258,1023,886,1509,3418,49676
06-10-2019,20,15564,16581,9211,3870,45226,969,842,1412,3223,48449
06-10-2019,21,15332,16173,9263,3653,44421,900,758,1273,2931,47352
06-10-2019,22,14987,15475,9184,3388,43034,833,679,1145,2657,45691
06-10-2019,23,14542,14823,8848,3156,41369,787,618,1075,2480,43849
07-10-2019,0,14076,14659,8616,3022,40373,760,586,1020,2366,42739
07-10-2019,1,13929,14414,8428,2952,39723,744,573,1005,2322,42045
07-10-2019,2,13936,14432,8299,2935,39602,740,569,1006,2315,41917
07-10-2019,3,14075,14478,8431,2972,39956,746,584,1022,2352,42308
07-10-2019,4,14272,15073,8841,3050,41236,786,636,1098,2520,43756
07-10-2019,5,14947,15914,9684,3328,43873,910,762,1345,3017,46890
07-10-2019,6,16370,17997,10218,3956,48541,1058,890,1530,3478,52019
07-10-2019,7,17551,19353,10061,4487,51452,1154,981,1659,3794,55246
07-10-2019,8,18086,19323,10144,4633,52186,1198,1037,1724,3959,56145
07-10-2019,9,17961,18881,10104,4635,51581,1180,1039,1728,3947,55528
07-10-2019,10,17479,18669,10234,4720,51102,1156,1029,1721,3906,55008
07-10-2019,11,16971,18175,10185,4659,49990,1133,995,1721,3849,53839
07-10-2019,12,16588,17707,10097,4573,48965,1149,1013,1713,3875,52840
07-10-2019,13,16310,17404,10008,4571,48293,1132,998,1696,3826,52119
07-10-2019,14,16241,17116,9984,4490,47831,1117,985,1686,3788,51619
07-10-2019,15,16233,17213,9958,4349,47753,1082,963,1634,3679,51432
07-10-2019,16,16426,17181,10021,4406,48034,1069,932,1588,3589,51623
07-10-2019,17,16425,17447,10174,4641,48687,1098,953,1607,3658,52345
07-10-2019,18,16669,18125,10593,4664,50051,1142,995,1676,3813,53864
07-10-2019,19,16819,18335,10393,4568,50115,1114,980,1655,3749,53864
07-10-2019,20,16437,17914,9906,4344,48601,1062,916,1556,3534,52135
07-10-2019,21,15930,17145,9825,4025,46925,972,819,1358,3149,50074
07-10-2019,22,15450,16147,9571,3691,44859,882,728,1221,2831,47690
07-10-2019,23,14747,15311,9130,3362,42550,826,657,1132,2615,45165
08-10-2019,0,14361,14721,8711,3167,40960,804,622,1086,2512,43472
08-10-2019,1,14173,14341,8569,3024,40107,790,613,1064,2467,42574
08-10-2019,2,14037,14238,8556,2996,39827,782,610,1053,2445,42272
08-10-2019,3,13885,14309,8548,3114,39856,790,617,1065,2472,42328
08-10-2019,4,13927,14591,8915,3238,40671,829,663,1135,2627,43298
08-10-2019,5,14333,15454,9726,3430,42943,947,782,1370,3099,46042
08-10-2019,6,15776,17328,10219,4012,47335,1082,919,1555,3556,50891
08-10-2019,7,17031,18398,10191,4586,50206,1166,1016,1667,3849,54055
08-10-2019,8,17140,18989,10286,4790,51205,1199,1063,1720,3982,55187
08-10-2019,9,17106,19055,10185,4730,51076,1191,1058,1714,3963,55039
08-10-2019,10,16962,18793,10153,4790,50698,1173,1038,1702,3913,54611
08-10-2019,11,16645,18588,10199,4835,50267,1147,1004,1675,3826,54093
08-10-2019,12,16640,18457,10068,4798,49963,1155,1024,1693,3872,53835
08-10-2019,13,16505,18502,9909,4767,49683,1147,1015,1674,3836,53519
08-10-2019,14,16612,18326,9777,4615,49330,1134,1000,1647,3781,53111
08-10-2019,15,16445,18154,9790,4416,48805,1113,975,1604,3692,52497
08-10-2019,16,16498,18067,9842,4425,48832,1102,949,1559,3610,52442
08-10-2019,17,16447,18177,10045,4616,49285,1115,968,1577,3660,52945
08-10-2019,18,16418,18197,10453,4614,49682,1138,1005,1634,3777,53459
08-10-2019,19,16664,18116,10277,4508,49565,1103,973,1592,3668,53233
08-10-2019,20,16293,17593,9683,4216,47785,1045,900,1486,3431,51216
08-10-2019,21,15860,16744,9669,3935,46208,949,810,1324,3083,49291
08-10-2019,22,15378,15678,9480,3604,44140,857,720,1180,2757,46897
08-10-2019,23,14768,14867,9035,3292,41962,801,644,1118,2563,44525
09-10-2019,0,14044,14113,8773,3081,40011,766,617,1083,2466,42477
09-10-2019,1,13518,13704,8612,2960,38794,755,611,1062,2428,41222
09-10-2019,2,13284,13616,8576,2920,38396,756,610,1055,2421,40817
09-10-2019,3,13311,13527,8676,2910,38424,761,621,1063,2445,40869
09-10-2019,4,13561,13511,9008,2974,39054,799,664,1129,2592,41646
09-10-2019,5,13876,14399,9837,3249,41361,928,789,1357,3074,44435
09-10-2019,6,14926,16373,10323,3923,45545,1063,927,1535,3525,49070
09-10-2019,7,16214,17611,10351,4482,48658,1147,1023,1639,3809,52467
09-10-2019,8,16659,17602,10458,4599,49318,1183,1070,1688,3941,53259
09-10-2019,9,16664,17760,10298,4612,49334,1173,1062,1668,3903,53237
09-10-2019,10,16629,17823,10214,4652,49318,1158,1051,1631,3840,53158
09-10-2019,11,16492,17664,10132,4599,48887,1141,1014,1618,3773,52660
09-10-2019,12,16109,17410,10000,4525,48044,1163,1033,1610,3806,51850
09-10-2019,13,16039,17191,9913,4585,47728,1148,1013,1581,3742,51470
09-10-2019,14,16029,16974,9879,4508,47390,1134,995,1569,3698,51088
09-10-2019,15,16202,17075,9885,4379,47541,1108,975,1540,3623,51164
09-10-2019,16,16295,16889,9975,4411,47570,1096,944,1509,3549,51119
09-10-2019,17,16269,17456,10098,4696,48519,1125,957,1516,3598,52117
09-10-2019,18,16365,17769,10521,4696,49351,1143,1002,1605,3750,53101
09-10-2019,19,16360,17360,10325,4543,48588,1103,976,1564,3643,52231
09-10-2019,20,15894,16929,9815,4207,46845,1047,906,1474,3427,50272
09-10-2019,21,15348,15995,9732,3959,45034,940,818,1313,3071,48105
09-10-2019,22,14734,15022,9542,3615,42913,855,729,1174,2758,45671
09-10-2019,23,13844,14133,9088,3318,40383,797,663,1085,2545,42928
10-10-2019,0,13272,13346,8784,3095,38497,774,622,1047,2443,40940
10-10-2019,1,12944,13082,8693,3005,37724,760,611,1022,2393,40117
10-10-2019,2,12722,12975,8659,2981,37337,751,600,1018,2369,39706
10-10-2019,3,12709,12895,8736,2969,37309,757,607,1029,2393,39702
10-10-2019,4,12902,13072,9081,3067,38122,790,648,1101,2539,40661
10-10-2019,5,13595,13955,9889,3290,40729,919,779,1332,3030,43759
10-10-2019,6,14647,15615,10292,3937,44491,1059,916,1525,3500,47991
10-10-2019,7,15839,17002,10300,4496,47637,1145,1009,1634,3788,51425
10-10-2019,8,16104,17276,10345,4643,48368,1179,1051,1687,3917,52285
10-10-2019,9,16211,17316,10301,4633,48461,1171,1047,1683,3901,52362
10-10-2019,10,16090,17165,10295,4643,48193,1159,1029,1666,3854,52047
10-10-2019,11,15853,17067,10265,4632,47817,1133,1000,1639,3772,51589
10-10-2019,12,15635,16981,10148,4578,47342,1154,1019,1646,3819,51161
10-10-2019,13,15587,16585,10041,4613,46826,1139,1011,1614,3764,50590
10-10-2019,14,15522,16402,9995,4555,46474,1130,990,1595,3715,50189
10-10-2019,15,15345,16060,9961,4362,45728,1092,965,1556,3613,49341
10-10-2019,16,15465,16118,10007,4371,45961,1074,928,1531,3533,49494
10-10-2019,17,15556,16576,10217,4610,46959,1091,948,1558,3597,50556
10-10-2019,18,15693,17072,10518,4721,48004,1114,990,1618,3722,51726
10-10-2019,19,15755,16882,10353,4612,47602,1090,962,1569,3621,51223
10-10-2019,20,15421,16072,9852,4283,45628,1027,890,1482,3399,49027
10-10-2019,21,14999,15087,9760,3959,43805,931,802,1323,3056,46861
10-10-2019,22,14447,13980,9562,3642,41631,845,725,1179,2749,44380
10-10-2019,23,13779,13040,9016,3347,39182,796,662,1094,2552,41734
11-10-2019,0,13316,12805,8749,3170,38040,760,625,1048,2433,40473
11-10-2019,1,13010,12731,8571,3009,37321,754,609,1026,2389,39710
11-10-2019,2,12908,12770,8446,2919,37043,733,601,1019,2353,39396
11-10-2019,3,12932,12837,8586,2943,37298,734,607,1028,2369,39667
11-10-2019,4,13019,12939,9010,3048,38016,777,649,1095,2521,40537
11-10-2019,5,13400,13424,9730,3306,39860,902,776,1323,3001,42861
11-10-2019,6,14663,15115,10218,3885,43881,1033,907,1508,3448,47329
11-10-2019,7,16158,16625,10137,4477,47397,1111,993,1619,3723,51120
11-10-2019,8,16186,16904,10197,4714,48001,1146,1034,1668,3848,51849
11-10-2019,9,16260,16982,10157,4818,48217,1129,1018,1667,3814,52031
11-10-2019,10,16250,17014,10153,4852,48269,1118,1009,1653,3780,52049
11-10-2019,11,16126,16931,10110,4793,47960,1089,984,1630,3703,51663
11-10-2019,12,15843,16513,10121,4627,47104,1087,995,1627,3709,50813
11-10-2019,13,15499,16127,9972,4490,46088,1068,990,1587,3645,49733
11-10-2019,14,15477,15989,9927,4309,45702,1073,982,1543,3598,49300
11-10-2019,15,15283,15936,9959,4267,45445,1043,965,1515,3523,48968
11-10-2019,16,15284,16006,9994,4291,45575,1031,950,1514,3495,49070
11-10-2019,17,15363,16128,10221,4512,46224,1058,969,1544,3571,49795
11-10-2019,18,15491,16127,10431,4515,46564,1073,979,1595,3647,50211
11-10-2019,19,15509,15950,10206,4262,45927,1040,947,1545,3532,49459
11-10-2019,20,15066,15212,9738,3917,43933,982,882,1442,3306,47239
11-10-2019,21,14591,14574,9654,3719,42538,887,804,1293,2984,45522
11-10-2019,22,14047,13913,9411,3484,40855,814,728,1169,2711,43566
11-10-2019,23,13511,13308,8974,3260,39053,758,661,1090,2509,41562
12-10-2019,0,13224,12904,8607,3111,37846,733,623,1044,2400,40246
12-10-2019,1,12914,12626,8371,2956,36867,717,603,1022,2342,39209
12-10-2019,2,12772,12311,8326,2896,36305,707,593,1009,2309,38614
12-10-2019,3,12590,12130,8307,2874,35901,719,596,1004,2319,38220
12-10-2019,4,12571,12224,8435,2865,36095,728,619,1018,2365,38460
12-10-2019,5,12648,12392,8719,2957,36716,752,658,1092,2502,39218
12-10-2019,6,12955,12880,8880,3139,37854,805,710,1173,2688,40542
12-10-2019,7,13467,13327,8943,3396,39133,860,759,1260,2879,42012
12-10-2019,8,14011,13797,9161,3622,40591,914,828,1358,3100,43691
12-10-2019,9,14575,14399,9291,3819,42084,928,855,1411,3194,45278
12-10-2019,10,14735,14717,9364,3962,42778,926,854,1456,3236,46014
12-10-2019,11,14660,14745,9353,4053,42811,917,846,1459,3222,46033
12-10-2019,12,14395,14500,9314,4057,42266,919,833,1450,3202,45468
12-10-2019,13,14267,14498,9311,4043,42119,900,822,1425,3147,45266
12-10-2019,14,14181,14255,9353,3950,41739,905,796,1398,3099,44838
12-10-2019,15,14167,14366,9426,3900,41859,903,790,1389,3082,44941
12-10-2019,16,14285,14468,9620,3907,42280,908,788,1397,3093,45373
12-10-2019,17,14504,14762,9970,4082,43318,948,818,1428,3194,46512
12-10-2019,18,14970,15314,10084,4213,44581,978,856,1476,3310,47891
12-10-2019,19,15061,15095,9780,4073,44009,945,837,1432,3214,47223
12-10-2019,20,14657,14618,9277,3810,42362,902,799,1357,3058,45420
12-10-2019,21,14250,14008,9298,3541,41097,840,743,1245,2828,43925
12-10-2019,22,13983,13590,9186,3301,40060,790,677,1126,2593,42653
12-10-2019,23,13548,12825,8795,3069,38237,749,620,1048,2417,40654
13-10-2019,0,13109,12634,8460,2885,37088,706,587,1015,2308,39396
13-10-2019,1,12885,12286,8270,2711,36152,689,568,990,2247,38399
13-10-2019,2,12819,11964,8228,2646,35657,681,564,985,2230,37887
13-10-2019,3,12873,11858,8243,2596,35570,696,564,980,2240,37810
13-10-2019,4,12877,11979,8334,2583,35773,704,580,1000,2284,38057
13-10-2019,5,12998,12130,8463,2626,36217,721,612,1056,2389,38606
13-10-2019,6,13237,12619,8543,2854,37253,755,648,1102,2505,39758
13-10-2019,7,13638,12984,8562,3056,38240,801,697,1190,2688,40928
13-10-2019,8,14092,13536,8730,3358,39716,866,765,1301,2932,42648
13-10-2019,9,14441,14110,8943,3584,41078,906,793,1352,3051,44129
13-10-2019,10,14597,14510,9074,3668,41849,908,798,1363,3069,44918
13-10-2019,11,14468,14548,9086,3661,41763,901,793,1359,3053,44816
13-10-2019,12,14287,14419,9005,3623,41334,894,787,1362,3043,44377
13-10-2019,13,14129,14275,8942,3619,40965,879,782,1348,3009,43974
13-10-2019,14,13877,14157,9023,3609,40666,874,791,1342,3007,43673
13-10-2019,15,14053,14270,9047,3695,41065,887,790,1342,3019,44084
13-10-2019,16,14185,14550,9237,3841,41813,907,796,1358,3061,44874
13-10-2019,17,14460,15141,9612,4165,43378,961,842,1405,3208,46586
13-10-2019,18,14948,15978,9910,4315,45151,1017,900,1491,3408,48559
13-10-2019,19,15239,15933,9694,4112,44978,986,882,1457,3325,48303
13-10-2019,20,15046,15310,9312,3870,43538,935,837,1369,3141,46679
13-10-2019,21,14753,14666,9478,3488,42385,866,760,1215,2841,45226
13-10-2019,22,14245,13921,9421,3271,40858,812,684,1097,2593,43451
13-10-2019,23,13720,13230,9045,3092,39087,763,623,1023,2409,41496
14-10-2019,0,13258,13080,8786,3006,38130,716,588,987,2291,40421
14-10-2019,1,13031,12783,8614,2945,37373,699,574,966,2239,39612
14-10-2019,2,12935,12606,8586,2880,37007,692,570,955,2217,39224
14-10-2019,3,12958,12557,8668,2845,37028,718,580,969,2267,39295
14-10-2019,4,13277,12729,9031,2850,37887,747,628,1042,2417,40304
14-10-2019,5,13444,13544,9805,3096,39889,881,747,1291,2919,42808
14-10-2019,6,14898,15512,10250,3653,44313,1036,896,1484,3416,47729
14-10-2019,7,16432,17033,10293,4188,47946,1128,983,1584,3695,51641
14-10-2019,8,16718,17418,10319,4413,48868,1180,1023,1617,3820,52688
14-10-2019,9,16529,17498,10331,4405,48763,1189,1027,1598,3814,52577
14-10-2019,10,16323,17626,10361,4471,48781,1195,1014,1576,3785,52566
14-10-2019,11,16168,17651,10289,4473,48581,1174,984,1556,3714,52295
14-10-2019,12,15915,17642,10302,4418,48277,1186,988,1567,3741,52018
14-10-2019,13,15755,17102,10176,4450,47483,1165,978,1551,3694,51177
14-10-2019,14,15554,17136,10095,4346,47131,1151,965,1536,3652,50783
14-10-2019,15,15548,17097,10038,4240,46923,1115,951,1522,3588,50511
14-10-2019,16,15686,17099,10166,4213,47164,1099,925,1480,3504,50668
14-10-2019,17,15732,17259,10368,4494,47853,1130,956,1508,3594,51447
14-10-2019,18,16062,17665,10556,4589,48872,1126,981,1589,3696,52568
14-10-2019,19,16160,17521,10350,4380,48411,1084,952,1543,3579,51990
14-10-2019,20,16061,16877,9895,4033,46866,1014,868,1445,3327,50193
14-10-2019,21,15777,16163,9885,3827,45652,940,784,1297,3021,48673
14-10-2019,22,15088,14992,9693,3530,43303,845,706,1163,2714,46017
14-10-2019,23,14378,14038,9268,3185,40869,787,635,1085,2507,43376
15-10-2019,0,13722,13306,9016,3048,39092,763,609,1038,2410,41502
15-10-2019,1,13363,13215,8882,2964,38424,746,591,1016,2353,40777
15-10-2019,2,13175,12903,8888,2959,37925,747,585,1015,2347,40272
15-10-2019,3,13139,13076,8977,2912,38104,761,595,1030,2386,40490
15-10-2019,4,13278,13115,9299,3018,38710,779,628,1101,2508,41218
15-10-2019,5,13722,13751,9999,3257,40729,894,755,1329,2978,43707
15-10-2019,6,15004,15902,10482,3699,45087,1042,896,1519,3457,48544
15-10-2019,7,16422,17381,10492,4212,48507,1137,986,1618,3741,52248
15-10-2019,8,16786,17509,10512,4425,49232,1151,1037,1650,3838,53070
15-10-2019,9,16751,17444,10427,4507,49129,1126,1029,1617,3772,52901
15-10-2019,10,16683,17268,10274,4588,48813,1076,1009,1589,3674,52487
15-10-2019,11,16434,17233,10163,4532,48362,1054,975,1560,3589,51951
15-10-2019,12,16366,17024,10001,4448,47839,1062,992,1563,3617,51456
15-10-2019,13,16259,17290,9945,4407,47901,1068,983,1538,3589,51490
15-10-2019,14,16222,17265,9931,4333,47751,1066,966,1523,3555,51306
15-10-2019,15,16319,17268,9917,4277,47781,1043,946,1499,3488,51269
15-10-2019,16,16409,17187,10041,4228,47865,1050,914,1486,3450,51315
15-10-2019,17,16374,17350,10270,4443,48437,1087,953,1519,3559,51996
15-10-2019,18,16462,17523,10442,4558,48985,1094,981,1598,3673,52658
15-10-2019,19,16548,17128,10237,4352,48265,1048,945,1558,3551,51816
15-10-2019,20,16307,16457,9752,4052,46568,996,878,1466,3340,49908
15-10-2019,21,15819,15689,9671,3816,44995,916,792,1301,3009,48004
15-10-2019,22,15061,14554,9512,3544,42671,820,709,1155,2684,45355
15-10-2019,23,14512,13693,9069,3232,40506,759,646,1073,2478,42984
16-10-2019,0,13815,13219,8724,3047,38805,743,611,1036,2390,41195
16-10-2019,1,13290,12907,8604,2915,37716,736,595,1019,2350,40066
16-10-2019,2,13158,12749,8538,2884,37329,721,590,1011,2322,39651
16-10-2019,3,13260,12731,8583,2875,37449,722,603,1022,2347,39796
16-10-2019,4,13466,12956,8944,2912,38278,764,643,1089,2496,40774
16-10-2019,5,13844,13692,9689,3147,40372,886,765,1322,2973,43345
16-10-2019,6,15226,15572,10200,3670,44668,1035,904,1505,3444,48112
16-10-2019,7,16450,17059,10139,4202,47850,1125,985,1580,3690,51540
16-10-2019,8,16802,17349,10223,4457,48831,1155,1019,1600,3774,52605
16-10-2019,9,16692,17357,10203,4562,48814,1151,1005,1567,3723,52537
16-10-2019,10,16826,17457,10239,4668,49190,1133,981,1537,3651,52841
16-10-2019,11,16630,17408,10255,4650,48943,1105,945,1519,3569,52512
16-10-2019,12,16456,17528,10139,4593,48716,1124,964,1536,3624,52340
16-10-2019,13,16302,17368,10062,4614,48346,1103,962,1535,3600,51946
16-10-2019,14,16352,16753,10063,4540,47708,1092,941,1512,3545,51253
16-10-2019,15,16349,16883,10054,4424,47710,1068,920,1491,3479,51189
16-10-2019,16,16575,17152,10188,4366,48281,1076,898,1466,3440,51721
16-10-2019,17,16635,17597,10492,4566,49290,1107,940,1527,3574,52864
16-10-2019,18,16793,17791,10570,4633,49787,1116,976,1606,3698,53485
16-10-2019,19,16643,17389,10364,4379,48775,1075,936,1565,3576,52351
16-10-2019,20,16352,16670,9835,4069,46926,1022,876,1458,3356,50282
16-10-2019,21,15924,15816,9795,3811,45346,944,791,1300,3035,48381
16-10-2019,22,15204,14585,9590,3492,42871,848,700,1166,2714,45585
16-10-2019,23,14401,13311,9129,3218,40059,799,635,1084,2518,42577
17-10-2019,0,13995,12847,8833,3041,38716,751,602,1049,2402,41118
17-10-2019,1,13660,12692,8664,2952,37968,748,584,1022,2354,40322
17-10-2019,2,13562,12769,8587,2905,37823,744,578,1010,2332,40155
17-10-2019,3,13393,12906,8639,2886,37824,753,591,1017,2361,40185
17-10-2019,4,13525,13062,8934,2945,38466,791,630,1091,2512,40978
17-10-2019,5,13841,13796,9661,3160,40458,901,752,1313,2966,43424
17-10-2019,6,15042,15717,10192,3643,44594,1047,894,1516,3457,48051
17-10-2019,7,16481,17236,10255,4207,48179,1120,977,1625,3722,51901
17-10-2019,8,16789,17234,10293,4456,48772,1154,1013,1680,3847,52619
17-10-2019,9,16635,17309,10282,4566,48792,1161,1008,1675,3844,52636
17-10-2019,10,16578,17599,10342,4648,49167,1150,998,1684,3832,52999
17-10-2019,11,16360,17647,10342,4619,48968,1127,964,1660,3751,52719
17-10-2019,12,16274,17520,10302,4534,48630,1140,995,1672,3807,52437
17-10-2019,13,16159,17416,10262,4544,48381,1137,994,1664,3795,52176
17-10-2019,14,16021,17249,10129,4437,47836,1127,984,1640,3751,51587
17-10-2019,15,16179,17353,10157,4316,48005,1108,979,1605,3692,51697
17-10-2019,16,16240,17182,10248,4263,47933,1100,957,1561,3618,51551
17-10-2019,17,16166,17392,10539,4424,48521,1130,984,1576,3690,52211
17-10-2019,18,16439,17432,10638,4509,49018,1116,978,1609,3703,52721
17-10-2019,19,16411,17218,10429,4330,48388,1075,940,1561,3576,51964
17-10-2019,20,15901,16438,9956,4052,46347,1008,878,1480,3366,49713
17-10-2019,21,15730,15615,9902,3812,45059,935,793,1323,3051,48110
17-10-2019,22,15142,14516,9681,3521,42860,838,707,1193,2738,45598
17-10-2019,23,14434,13473,9223,3204,40334,782,638,1113,2533,42867
18-10-2019,0,13768,12852,8916,3067,38603,757,609,1070,2436,41039
18-10-2019,1,13466,12228,8738,2948,37380,743,593,1040,2376,39756
18-10-2019,2,13229,11934,8628,2898,36689,737,586,1034,2357,39046
18-10-2019,3,13261,11941,8746,2882,36830,740,593,1042,2375,39205
18-10-2019,4,13379,12550,9005,2946,37880,776,633,1114,2523,40403
18-10-2019,5,13821,13188,9753,3152,39914,897,751,1339,2987,42901
18-10-2019,6,15102,15361,10232,3610,44305,1040,891,1522,3453,47758
18-10-2019,7,16394,16603,10317,4137,47451,1115,980,1606,3701,51152
18-10-2019,8,16569,16862,10314,4373,48118,1148,1019,1625,3792,51910
18-10-2019,9,16622,16852,10291,4496,48261,1145,1013,1603,3761,52022
18-10-2019,10,16437,16990,10310,4600,48337,1130,994,1578,3702,52039
18-10-2019,11,16185,16700,10281,4504,47670,1114,956,1544,3614,51284
18-10-2019,12,16011,16553,10183,4398,47145,1126,978,1556,3660,50805
18-10-2019,13,15889,16329,10144,4286,46648,1105,969,1538,3612,50260
18-10-2019,14,15769,16046,10082,4138,46035,1092,958,1510,3560,49595
18-10-2019,15,15731,15785,10046,4043,45605,1056,933,1482,3471,49076
18-10-2019,16,15755,15703,10155,4072,45685,1062,911,1464,3437,49122
18-10-2019,17,16016,16215,10377,4295,46903,1095,951,1516,3562,50465
18-10-2019,18,16118,16326,10431,4335,47210,1080,956,1558,3594,50804
18-10-2019,19,15937,15787,10128,4037,45889,1028,910,1499,3437,49326
18-10-2019,20,15408,14912,9591,3699,43610,967,849,1425,3241,46851
18-10-2019,21,14948,14140,9503,3476,42067,884,790,1270,2944,45011
18-10-2019,22,14433,13315,9323,3243,40314,803,710,1175,2688,43002
18-10-2019,23,13965,12815,8859,3070,38709,750,645,1091,2486,41195
19-10-2019,0,13687,12457,8459,2781,37384,723,606,1047,2376,39760
19-10-2019,1,13373,12152,8273,2655,36453,698,588,1019,2305,38758
19-10-2019,2,13186,11971,8206,2590,35953,681,579,1007,2267,38220
19-10-2019,3,13038,11953,8217,2637,35845,670,578,1001,2249,38094
19-10-2019,4,12919,11814,8345,2601,35679,694,592,1030,2316,37995
19-10-2019,5,13013,11950,8541,2718,36222,733,636,1117,2486,38708
19-10-2019,6,13352,12369,8681,2944,37346,780,692,1204,2676,40022
19-10-2019,7,13899,12928,8692,3259,38778,841,746,1281,2868,41646
19-10-2019,8,14466,13541,8833,3494,40334,910,806,1367,3083,43417
19-10-2019,9,15130,14134,8988,3587,41839,939,828,1399,3166,45005
19-10-2019,10,15581,14484,9113,3624,42802,941,829,1391,3161,45963
19-10-2019,11,15568,14647,9080,3617,42912,930,818,1369,3117,46029
19-10-2019,12,15443,14643,9042,3572,42700,916,809,1352,3077,45777
19-10-2019,13,15398,14342,8976,3577,42293,902,797,1340,3039,45332
19-10-2019,14,15310,14053,8920,3594,41877,894,791,1337,3022,44899
19-10-2019,15,15240,13839,9067,3633,41779,897,786,1331,3014,44793
19-10-2019,16,15490,14421,9206,3655,42772,913,792,1343,3048,45820
19-10-2019,17,15621,15175,9618,3909,44323,971,845,1414,3230,47553
19-10-2019,18,15890,15053,9647,4069,44659,981,869,1465,3315,47974
19-10-2019,19,15662,14556,9271,3843,43332,946,844,1414,3204,46536
19-10-2019,20,15370,14437,8855,3598,42260,896,798,1341,3035,45295
19-10-2019,21,14960,13584,8884,3396,40824,831,739,1234,2804,43628
19-10-2019,22,14504,12809,8773,3217,39303,783,677,1133,2593,41896
19-10-2019,23,14172,12527,8364,3018,38081,739,625,1041,2405,40486
20-10-2019,0,13965,12494,8062,2840,37361,711,597,1003,2311,39672
20-10-2019,1,13756,11940,7936,2717,36349,693,578,980,2251,38600
20-10-2019,2,13545,11933,7883,2663,36024,684,572,967,2223,38247
20-10-2019,3,13295,12038,7956,2742,36031,687,572,964,2223,38254
20-10-2019,4,13254,12010,8066,2730,36060,696,586,987,2269,38329
20-10-2019,5,13470,12063,8341,2786,36660,727,615,1050,2392,39052
20-10-2019,6,13744,12607,8513,2846,37710,769,652,1111,2532,40242
20-10-2019,7,14051,13087,8520,3082,38740,813,695,1191,2699,41439
20-10-2019,8,14494,13418,8742,3305,39959,881,765,1293,2939,42898
20-10-2019,9,14929,14225,8972,3492,41618,910,795,1334,3039,44657
20-10-2019,10,15637,14754,9107,3588,43086,918,804,1338,3060,46146
20-10-2019,11,15649,15037,9155,3574,43415,908,793,1325,3026,46441
20-10-2019,12,15577,15218,9151,3524,43470,899,781,1321,3001,46471
20-10-2019,13,15373,14924,9125,3556,42978,896,775,1297,2968,45946
20-10-2019,14,15233,14594,9164,3582,42573,899,769,1285,2953,45526
20-10-2019,15,15225,14693,9207,3595,42720,913,772,1291,2976,45696
20-10-2019,16,15374,14960,9321,3729,43384,950,788,1322,3060,46444
20-10-2019,17,15611,15593,9550,4075,44829,1012,853,1410,3275,48104
20-10-2019,18,16097,16163,9956,4261,46477,1009,881,1502,3392,49869
20-10-2019,19,16209,16049,9673,4046,45977,970,853,1455,3278,49255
20-10-2019,20,16002,15377,9324,3781,44484,917,805,1353,3075,47559
20-10-2019,21,15740,14724,9430,3522,43416,846,732,1217,2795,46211
20-10-2019,22,15336,14026,9326,3269,41957,788,664,1094,2546,44503
20-10-2019,23,14709,13326,8918,3056,40009,740,606,1027,2373,42382
21-10-2019,0,14167,12930,8620,2975,38692,709,574,974,2257,40949
21-10-2019,1,14057,12620,8465,2895,38037,696,560,955,2211,40248
21-10-2019,2,13949,12506,8429,2862,37746,690,562,949,2201,39947
21-10-2019,3,13968,12561,8538,2867,37934,700,573,963,2236,40170
21-10-2019,4,14145,12863,8901,2917,38826,733,610,1041,2384,41210
21-10-2019,5,14657,13764,9756,3141,41318,848,725,1309,2882,44200
21-10-2019,6,16085,16105,10293,3789,46272,987,858,1509,3354,49626
21-10-2019,7,17741,17904,10339,4401,50385,1085,950,1588,3623,54008
21-10-2019,8,18046,17987,10413,4600,51046,1138,996,1633,3767,54813
21-10-2019,9,17914,17817,10444,4630,50805,1139,1005,1617,3761,54566
21-10-2019,10,17745,17835,10421,4700,50701,1134,990,1601,3725,54426
21-10-2019,11,17610,17696,10428,4657,50391,1115,958,1575,3648,54039
21-10-2019,12,17325,17417,10283,4613,49638,1132,973,1588,3693,53331
21-10-2019,13,17278,17563,10192,4644,49677,1117,961,1569,3647,53324
21-10-2019,14,17265,17410,10087,4600,49362,1106,947,1554,3607,52969
21-10-2019,15,17474,17455,10035,4507,49471,1081,933,1524,3538,53009
21-10-2019,16,17568,17338,10138,4515,49559,1078,906,1507,3491,53050
21-10-2019,17,17385,17965,10373,4795,50518,1117,953,1596,3666,54184
21-10-2019,18,17487,18201,10450,4782,50920,1101,960,1641,3702,54622
21-10-2019,19,17293,17717,10318,4515,49843,1061,927,1580,3568,53411
21-10-2019,20,16974,16976,9789,4182,47921,1008,871,1480,3359,51280
21-10-2019,21,16439,16113,9739,3904,46195,922,786,1317,3025,49220
21-10-2019,22,15827,15016,9454,3570,43867,832,710,1185,2727,46594
21-10-2019,23,14967,13929,8991,3258,41145,779,642,1103,2524,43669
22-10-2019,0,14367,13085,8684,3077,39213,755,611,1070,2436,41649
22-10-2019,1,14018,12693,8467,2968,38146,742,592,1046,2380,40526
22-10-2019,2,13839,12609,8361,2937,37746,730,585,1025,2340,40086
22-10-2019,3,13692,12723,8447,2936,37798,734,593,1040,2367,40165
22-10-2019,4,13780,12920,8742,3015,38457,768,635,1131,2534,40991
22-10-2019,5,14449,13583,9499,3219,40750,877,745,1362,2984,43734
22-10-2019,6,15627,15399,10071,3815,44912,1011,872,1567,3450,48362
22-10-2019,7,16798,17022,10116,4451,48387,1089,959,1641,3689,52076
22-10-2019,8,16958,17123,9935,4406,48422,1127,1014,1680,3821,52243
22-10-2019,9,16863,16839,9888,4403,47993,1130,1020,1664,3814,51807
22-10-2019,10,16831,16650,9918,4595,47994,1125,1008,1643,3776,51770
22-10-2019,11,16773,16591,9923,4550,47837,1110,975,1622,3707,51544
22-10-2019,12,16712,16412,9694,4499,47317,1129,995,1634,3758,51075
22-10-2019,13,16567,16309,9657,4590,47123,1127,984,1609,3720,50843
22-10-2019,14,16446,16136,9530,4587,46699,1120,964,1586,3670,50369
22-10-2019,15,16382,16065,9524,4512,46483,1082,947,1558,3587,50070
22-10-2019,16,16433,16309,9741,4553,47036,1071,916,1534,3521,50557
22-10-2019,17,16546,16915,9996,4816,48273,1109,974,1617,3700,51973
22-10-2019,18,16874,17033,10140,4882,48929,1087,970,1660,3717,52646
22-10-2019,19,16628,16688,9942,4617,47875,1044,934,1604,3582,51457
22-10-2019,20,16205,15918,9366,4306,45795,993,875,1484,3352,49147
22-10-2019,21,15875,15052,9277,4035,44239,920,789,1324,3033,47272
22-10-2019,22,15143,14297,9017,3699,42156,827,710,1186,2723,44879
22-10-2019,23,14355,13356,8587,3358,39656,762,650,1114,2526,42182
23-10-2019,0,13624,13018,8298,3156,38096,730,612,1074,2416,40512
23-10-2019,1,13357,12837,8144,3067,37405,724,596,1057,2377,39782
23-10-2019,2,13264,12622,8018,3101,37005,722,588,1054,2364,39369
23-10-2019,3,13163,12793,8084,3078,37118,731,593,1066,2390,39508
23-10-2019,4,13213,12938,8444,3100,37695,752,630,1137,2519,40214
23-10-2019,5,13692,13962,9251,3285,40190,864,741,1368,2973,43163
23-10-2019,6,15081,15906,9812,3930,44729,996,866,1576,3438,48167
23-10-2019,7,16454,17422,9830,4561,48267,1094,950,1652,3696,51963
23-10-2019,8,16647,17342,9852,4710,48551,1128,994,1686,3808,52359
23-10-2019,9,16335,17370,9871,4660,48236,1128,994,1657,3779,52015
23-10-2019,10,16468,17404,9880,4707,48459,1120,981,1618,3719,52178
23-10-2019,11,16315,17083,9805,4685,47888,1100,954,1603,3657,51545
23-10-2019,12,16032,16788,9726,4638,47184,1120,979,1620,3719,50903
23-10-2019,13,15802,16655,9590,4649,46696,1088,964,1592,3644,50340
23-10-2019,14,15947,16597,9592,4561,46697,1093,952,1581,3626,50323
23-10-2019,15,16084,16819,9531,4460,46894,1062,935,1547,3544,50438
23-10-2019,16,16181,16952,9664,4467,47264,1036,910,1527,3473,50737
23-10-2019,17,16149,17396,10023,4700,48268,1090,967,1610,3667,51935
23-10-2019,18,16774,17409,10156,4804,49143,1086,960,1653,3699,52842
23-10-2019,19,16432,16787,9960,4555,47734,1040,927,1603,3570,51304
23-10-2019,20,16188,16093,9559,4234,46074,984,873,1494,3351,49425
23-10-2019,21,15735,15248,9464,3976,44423,897,787,1330,3014,47437
23-10-2019,22,15098,14561,9224,3630,42513,802,709,1199,2710,45223
23-10-2019,23,14273,13881,8791,3337,40282,749,640,1126,2515,42797
24-10-2019,0,14034,13352,8477,3125,38988,718,606,1090,2414,41402
24-10-2019,1,13666,12852,8379,2988,37885,700,592,1055,2347,40232
24-10-2019,2,13538,12617,8357,2944,37456,694,582,1050,2326,39782
24-10-2019,3,13299,12623,8406,2965,37293,696,585,1060,2341,39634
24-10-2019,4,13307,12881,8690,3044,37922,731,623,1129,2483,40405
24-10-2019,5,13827,13857,9452,3302,40438,849,739,1387,2975,43413
24-10-2019,6,15054,15751,9973,3914,44692,983,874,1586,3443,48135
24-10-2019,7,16197,17038,9945,4486,47666,1065,965,1662,3692,51358
24-10-2019,8,16670,17220,9959,4636,48485,1086,1004,1671,3761,52246
24-10-2019,9,16428,17065,9833,4647,47973,1085,1003,1637,3725,51698
24-10-2019,10,16328,17107,9865,4720,48020,1080,992,1606,3678,51698
24-10-2019,11,16193,17011,9788,4692,47684,1050,951,1578,3579,51263
24-10-2019,12,16055,16856,9561,4649,47121,1075,965,1597,3637,50758
24-10-2019,13,16036,16684,9403,4725,46848,1060,955,1582,3597,50445
24-10-2019,14,16086,16466,9377,4690,46619,1054,943,1561,3558,50177
24-10-2019,15,16111,16554,9415,4604,46684,1034,935,1534,3503,50187
24-10-2019,16,16225,16512,9512,4649,46898,1040,901,1517,3458,50356
24-10-2019,17,16412,16946,9860,4856,48074,1093,963,1615,3671,51745
24-10-2019,18,16434,17046,9966,4796,48242,1081,969,1653,3703,51945
24-10-2019,19,16002,16751,9818,4524,47095,1029,929,1593,3551,50646
24-10-2019,20,15661,16050,9366,4332,45409,981,873,1484,3338,48747
24-10-2019,21,15275,14981,9274,4093,43623,905,793,1332,3030,46653
24-10-2019,22,14507,13927,9037,3744,41215,812,714,1199,2725,43940
24-10-2019,23,13591,12953,8571,3416,38531,759,644,1126,2529,41060
25-10-2019,0,13304,12646,8252,3228,37430,740,610,1097,2447,39877
25-10-2019,1,12995,12357,8123,3161,36636,727,594,1064,2385,39021
25-10-2019,2,12609,12215,8019,3120,35963,722,582,1045,2349,38312
25-10-2019,3,12466,12187,8088,3111,35852,727,591,1051,2369,38221
25-10-2019,4,12740,12323,8371,3223,36657,759,629,1127,2515,39172
25-10-2019,5,13375,12786,9066,3423,38650,878,739,1369,2986,41636
25-10-2019,6,14523,14657,9539,3977,42696,1004,871,1572,3447,46143
25-10-2019,7,16135,16676,9661,4612,47084,1084,955,1664,3703,50787
25-10-2019,8,16505,16901,9612,4718,47736,1116,998,1689,3803,51539
25-10-2019,9,16327,16647,9586,4673,47233,1118,1004,1673,3795,51028
25-10-2019,10,15876,16704,9612,4743,46935,1112,995,1661,3768,50703
25-10-2019,11,15608,16173,9652,4723,46156,1096,966,1642,3704,49860
25-10-2019,12,15702,16138,9548,4618,46006,1107,984,1652,3743,49749
25-10-2019,13,15452,15784,9434,4594,45264,1087,970,1625,3682,48946
25-10-2019,14,15614,15549,9446,4441,45050,1078,958,1599,3635,48685
25-10-2019,15,15852,15531,9550,4264,45197,1065,938,1571,3574,48771
25-10-2019,16,15651,15549,9725,4236,45161,1074,916,1579,3569,48730
25-10-2019,17,15767,16073,9882,4427,46149,1099,961,1623,3683,49832
25-10-2019,18,16197,16325,9858,4594,46974,1069,942,1615,3626,50600
25-10-2019,19,16135,15867,9606,4295,45903,1023,906,1554,3483,49386
25-10-2019,20,15581,15158,9144,3924,43807,969,846,1454,3269,47076
25-10-2019,21,15235,14393,9097,3735,42460,894,774,1331,2999,45459
25-10-2019,22,14753,13922,8854,3517,41046,815,704,1218,2737,43783
25-10-2019,23,14458,13365,8387,3371,39581,763,635,1138,2536,42117
26-10-2019,0,13843,13198,8098,3223,38362,738,599,1095,2432,40794
26-10-2019,1,13465,12854,8013,3067,37399,713,582,1064,2359,39758
26-10-2019,2,13438,12666,7982,2983,37069,706,575,1059,2340,39409
26-10-2019,3,13469,12414,8078,2941,36902,706,574,1045,2325,39227
26-10-2019,4,13495,12315,8230,2970,37010,722,585,1061,2368,39378
26-10-2019,5,13638,12520,8430,2995,37583,758,631,1128,2517,40100
26-10-2019,6,13922,13205,8637,3164,38928,818,703,1250,2771,41699
26-10-2019,7,14467,13851,8792,3453,40563,863,748,1324,2935,43498
26-10-2019,8,15074,14358,8950,3616,41998,917,804,1403,3124,45122
26-10-2019,9,15719,15328,9133,3756,43936,958,826,1435,3219,47155
26-10-2019,10,15980,15622,9223,3875,44700,967,828,1431,3226,47926
26-10-2019,11,16040,15992,9113,3892,45037,973,820,1417,3210,48247
26-10-2019,12,15890,15967,9150,3844,44851,975,816,1403,3194,48045
26-10-2019,13,15597,15746,9208,3808,44359,964,810,1373,3147,47506
26-10-2019,14,15575,15522,9297,3749,44143,959,800,1349,3108,47251
26-10-2019,15,15550,15666,9467,3759,44442,958,801,1339,3098,47540
26-10-2019,16,15606,15895,9766,3857,45124,972,817,1360,3149,48273
26-10-2019,17,15973,16280,10209,4126,46588,996,867,1450,3313,49901
26-10-2019,18,16440,16240,10147,4173,47000,974,858,1463,3295,50295
26-10-2019,19,16054,15841,9763,3877,45535,934,832,1409,3175,48710
26-10-2019,20,15718,15306,9323,3627,43974,887,797,1330,3014,46988
26-10-2019,21,15341,14872,9405,3469,43087,835,739,1219,2793,45880
26-10-2019,22,14951,14133,9258,3286,41628,787,679,1120,2586,44214
26-10-2019,23,14689,13520,8935,3065,40209,749,624,1047,2420,42629
27-10-2019,0,14075,13140,8565,2873,38653,715,586,1000,2301,40954
27-10-2019,1,13953,13013,8387,2734,38087,701,568,972,2241,40328
27-10-2019,2,13760,12879,8325,2736,37700,688,558,972,2218,39918
27-10-2019,2,13685,12929,8328,2740,37682,686,558,958,2202,39884
27-10-2019,3,13880,12908,8428,2774,37990,688,564,958,2210,40200
27-10-2019,4,14004,13140,8532,2892,38568,705,583,1005,2293,40861
27-10-2019,5,14077,13391,8702,2966,39136,735,625,1083,2443,41579
27-10-2019,6,14465,13708,8772,3187,40132,777,663,1143,2583,42715
27-10-2019,7,14818,14125,8929,3467,41339,855,728,1242,2825,44164
27-10-2019,8,15321,14747,9147,3718,42933,919,784,1311,3014,45947
27-10-2019,9,15788,15456,9375,3828,44447,947,815,1331,3093,47540
27-10-2019,10,15779,15567,9516,3927,44789,959,815,1344,3118,47907
27-10-2019,11,15545,15640,9523,3929,44637,964,820,1349,3133,47770
27-10-2019,12,15341,15448,9519,3898,44206,962,820,1350,3132,47338
27-10-2019,13,15305,15491,9563,3915,44274,956,817,1358,3131,47405
27-10-2019,14,15380,15768,9669,3780,44597,958,816,1364,3138,47735
27-10-2019,15,15760,16099,9881,3860,45600,957,826,1396,3179,48779
27-10-2019,16,16251,16798,10317,4056,47422,995,879,1480,3354,50776
27-10-2019,17,16680,17472,10429,4622,49203,984,897,1505,3386,52589
27-10-2019,18,16553,17216,10379,4527,48675,968,873,1474,3315,51990
27-10-2019,19,16566,16814,10080,4186,47646,933,843,1416,3192,50838
27-10-2019,20,16418,16233,9674,3881,46206,887,786,1313,2986,49192
27-10-2019,21,15928,15649,9896,3664,45137,826,713,1194,2733,47870
27-10-2019,22,15491,14885,9753,3375,43504,772,652,1095,2519,46023
27-10-2019,23,15023,14304,9396,3206,41929,736,605,1021,2362,44291
28-10-2019,0,14601,13915,9123,3058,40697,714,581,995,2290,42987
28-10-2019,1,14420,13788,9001,2990,40199,705,570,989,2264,42463
28-10-2019,2,14337,13731,8981,3022,40071,709,569,985,2263,42334
28-10-2019,3,14276,13906,9075,3019,40276,723,589,998,2310,42586
28-10-2019,4,14745,14161,9447,3133,41486,768,636,1078,2482,43968
28-10-2019,5,15457,14950,10305,3392,44104,899,774,1312,2985,47089
28-10-2019,6,16883,16901,10702,4021,48507,1022,884,1468,3374,51881
28-10-2019,7,18283,18127,10740,4473,51623,1110,979,1607,3696,55319
28-10-2019,8,18586,18693,10794,4625,52698,1129,1017,1665,3811,56509
28-10-2019,9,18352,18477,10808,4620,52257,1115,1007,1670,3792,56049
28-10-2019,10,18028,18383,10791,4706,51908,1103,982,1664,3749,55657
28-10-2019,11,17613,17969,10737,4856,51175,1095,958,1657,3710,54885
28-10-2019,12,17156,17722,10648,4726,50252,1114,976,1670,3760,54012
28-10-2019,13,17168,17713,10580,4720,50181,1106,965,1660,3731,53912
28-10-2019,14,16977,17753,10611,4663,50004,1113,955,1653,3721,53725
28-10-2019,15,17128,18135,10730,4533,50526,1117,953,1647,3717,54243
28-10-2019,16,17595,18662,11033,4589,51879,1167,1000,1695,3862,55741
28-10-2019,17,17901,19047,10957,5101,53006,1142,1004,1704,3850,56856
28-10-2019,18,17894,19023,10944,4916,52777,1119,967,1652,3738,56515
28-10-2019,19,17687,18469,10705,4590,51451,1076,925,1585,3586,55037
28-10-2019,20,17456,17797,10207,4297,49757,1001,858,1468,3327,53084
28-10-2019,21,17109,17141,10214,4054,48518,919,774,1319,3012,51530
28-10-2019,22,16443,16478,9890,3708,46519,842,689,1203,2734,49253
28-10-2019,23,15896,15578,9442,3386,44302,795,632,1127,2554,46856
29-10-2019,0,15297,15157,9154,3228,42836,779,604,1108,2491,45327
29-10-2019,1,14908,14915,9018,3149,41990,774,589,1088,2451,44441
29-10-2019,2,14715,14681,8931,3053,41380,766,587,1085,2438,43818
29-10-2019,3,15014,14853,9124,3261,42252,775,606,1109,2490,44742
29-10-2019,4,15326,14958,9573,3164,43021,817,648,1178,2643,45664
29-10-2019,5,16113,15989,10536,3487,46125,954,783,1391,3128,49253
29-10-2019,6,17543,17972,10895,4171,50581,1074,889,1542,3505,54086
29-10-2019,7,18929,18857,10967,4654,53407,1164,988,1665,3817,57224
29-10-2019,8,18909,18987,10969,4845,53710,1179,1032,1690,3901,57611
29-10-2019,9,18575,18766,10951,4780,53072,1165,1028,1679,3872,56944
29-10-2019,10,18298,18742,10882,4751,52673,1157,1009,1682,3848,56521
29-10-2019,11,17776,18330,10773,4711,51590,1149,970,1659,3778,55368
29-10-2019,12,17430,17818,10641,4585,50474,1170,986,1678,3834,54308
29-10-2019,13,17293,17881,10588,4564,50326,1162,984,1653,3799,54125
29-10-2019,14,17316,17857,10573,4498,50244,1171,993,1642,3806,54050
29-10-2019,15,17516,18140,10774,4407,50837,1175,1007,1636,3818,54655
29-10-2019,16,17923,18578,11175,4552,52228,1231,1052,1713,3996,56224
29-10-2019,17,18699,19368,11154,5123,54344,1216,1036,1730,3982,58326
29-10-2019,18,18665,19051,11119,4985,53820,1175,997,1662,3834,57654
29-10-2019,19,18396,18766,10924,4670,52756,1146,960,1622,3728,56484
29-10-2019,20,18233,18408,10381,4389,51411,1085,893,1502,3480,54891
29-10-2019,21,17821,17785,10352,4140,50098,1001,806,1356,3163,53261
29-10-2019,22,17156,16946,10199,3805,48106,909,725,1229,2863,50969
29-10-2019,23,16514,16313,9830,3493,46150,853,668,1156,2677,48827
30-10-2019,0,15833,15760,9582,3306,44481,832,634,1131,2597,47078
30-10-2019,1,15682,15640,9483,3203,44008,825,621,1116,2562,46570
30-10-2019,2,15528,15540,9406,3183,43657,822,617,1108,2547,46204
30-10-2019,3,15709,15797,9555,3222,44283,833,630,1128,2591,46874
30-10-2019,4,15866,16197,9987,3322,45372,880,684,1202,2766,48138
30-10-2019,5,16412,17010,10801,3667,47890,1007,813,1411,3231,51121
30-10-2019,6,17671,18812,11086,4359,51928,1126,918,1561,3605,55533
30-10-2019,7,19404,19874,11073,4887,55238,1208,1010,1704,3922,59160
30-10-2019,8,19633,20220,10948,5038,55839,1226,1049,1758,4033,59872
30-10-2019,9,19401,19666,10828,4958,54853,1208,1042,1743,3993,58846
30-10-2019,10,18777,19479,10757,4925,53938,1194,1024,1732,3950,57888
30-10-2019,11,18298,19098,10774,4872,53042,1172,992,1709,3873,56915
30-10-2019,12,18036,18512,10680,4765,51993,1196,1014,1716,3926,55919
30-10-2019,13,18030,18218,10611,4753,51612,1186,1004,1699,3889,55501
30-10-2019,14,17884,18315,10610,4669,51478,1192,995,1690,3877,55355
30-10-2019,15,17870,18647,10765,4567,51849,1205,1006,1685,3896,55745
30-10-2019,16,18569,19245,11156,4710,53680,1262,1049,1762,4073,57753
30-10-2019,17,18767,19857,11096,5230,54950,1249,1048,1777,4074,59024
30-10-2019,18,18377,19301,11081,5023,53782,1214,1006,1723,3943,57725
30-10-2019,19,18130,18741,10866,4750,52487,1171,965,1652,3788,56275
30-10-2019,20,17715,18131,10230,4466,50542,1108,904,1546,3558,54100
30-10-2019,21,17311,17361,10181,4192,49045,1021,823,1410,3254,52299
30-10-2019,22,16493,16134,9893,3837,46357,932,741,1285,2958,49315
30-10-2019,23,15940,15495,9525,3499,44459,872,673,1211,2756,47215
31-10-2019,0,15119,14972,9244,3230,42565,849,643,1174,2666,45231
31-10-2019,1,14644,14507,9180,3151,41482,831,630,1143,2604,44086
31-10-2019,2,14786,14533,9155,3126,41600,835,622,1126,2583,44183
31-10-2019,3,14855,14547,9239,3146,41787,845,632,1138,2615,44402
31-10-2019,4,14922,14758,9621,3233,42534,874,682,1223,2779,45313
31-10-2019,5,15371,15327,10474,3492,44664,1010,806,1409,3225,47889
31-10-2019,6,16787,17362,10835,4141,49125,1135,920,1580,3635,52760
31-10-2019,7,18385,18553,10774,4625,52337,1216,1013,1716,3945,56282
31-10-2019,8,18559,18798,10747,4797,52901,1245,1062,1758,4065,56966
31-10-2019,9,18367,18912,10654,4778,52711,1238,1060,1759,4057,56768
31-10-2019,10,17978,18920,10580,4832,52310,1221,1051,1742,4014,56324
31-10-2019,11,17632,18398,10503,4781,51314,1189,1016,1720,3925,55239
31-10-2019,12,17252,17738,10418,4717,50125,1202,1031,1724,3957,54082
31-10-2019,13,17112,17422,10307,4719,49560,1195,1026,1694,3915,53475
31-10-2019,14,17334,17805,10310,4624,50073,1191,1013,1670,3874,53947
31-10-2019,15,17621,18231,10495,4482,50829,1192,1020,1661,3873,54702
31-10-2019,16,17961,18633,10786,4605,51985,1228,1045,1728,4001,55986
31-10-2019,17,18028,18945,10687,5058,52718,1196,1033,1706,3935,56653
31-10-2019,18,17845,18394,10722,4897,51858,1158,991,1637,3786,55644
31-10-2019,19,17708,17866,10526,4583,50683,1115,945,1554,3614,54297
31-10-2019,20,17578,17197,10052,4287,49114,1055,893,1447,3395,52509
31-10-2019,21,17250,16786,10130,4035,48201,973,808,1314,3095,51296
31-10-2019,22,16662,16208,9952,3704,46526,885,727,1212,2824,49350
31-10-2019,23,15975,15307,9538,3428,44248,829,672,1126,2627,46875
01-11-2019,0,15334,15067,9257,3265,42923,808,638,1090,2536,45459
01-11-2019,1,14824,14552,9204,3138,41718,792,624,1055,2471,44189
01-11-2019,2,14760,14503,9158,3160,41581,788,620,1049,2457,44038
01-11-2019,3,14843,14560,9332,3145,41880,799,635,1049,2483,44363
01-11-2019,4,15139,14852,9742,3258,42991,841,680,1072,2593,45584
01-11-2019,5,15737,15740,10597,3529,45603,967,809,1143,2919,48522
01-11-2019,6,17160,17529,11031,4188,49908,1086,926,1207,3219,53127
01-11-2019,7,18533,18491,10996,4749,52769,1170,1015,1289,3474,56243
01-11-2019,8,18811,18881,10992,4931,53615,1195,1053,1336,3584,57199
01-11-2019,9,18651,18772,10946,4889,53258,1168,1038,1348,3554,56812
01-11-2019,10,18467,18833,10902,4913,53115,1149,1026,1339,3514,56629
01-11-2019,11,18120,18491,10856,4832,52299,1126,985,1331,3442,55741
01-11-2019,12,17863,18158,10769,4645,51435,1147,997,1309,3453,54888
01-11-2019,13,17665,17987,10787,4542,50981,1141,1000,1302,3443,54424
01-11-2019,14,17764,17819,10749,4442,50774,1145,982,1303,3430,54204
01-11-2019,15,18043,18069,11051,4381,51544,1161,986,1338,3485,55029
01-11-2019,16,18241,18837,11385,4525,52988,1216,1035,1435,3686,56674
01-11-2019,17,18401,18962,11344,4916,53623,1196,1022,1439,3657,57280
01-11-2019,18,18287,18395,11283,4721,52686,1156,980,1413,3549,56235
01-11-2019,19,17985,17521,11031,4384,50921,1110,930,1377,3417,54338
01-11-2019,20,17479,17013,10571,4040,49103,1052,878,1313,3243,52346
01-11-2019,21,16965,16070,10605,3810,47450,978,798,1222,2998,50448
01-11-2019,22,16364,15473,10341,3567,45745,890,732,1143,2765,48510
01-11-2019,23,15769,14685,9811,3299,43564,855,665,1101,2621,46185
02-11-2019,0,15383,14440,9457,3116,42396,830,641,1081,2552,44948
02-11-2019,1,15142,14168,9245,2989,41544,814,627,1048,2489,44033
02-11-2019,2,15093,13917,9095,2960,41065,798,616,1025,2439,43504
02-11-2019,3,14939,14018,9098,2924,40979,788,619,1028,2435,43414
02-11-2019,4,14961,14163,9171,2958,41253,821,640,1063,2524,43777
02-11-2019,5,15041,14222,9318,3047,41628,840,695,1169,2704,44332
02-11-2019,6,15323,14562,9367,3252,42504,875,733,1226,2834,45338
02-11-2019,7,15915,14925,9510,3559,43909,930,802,1298,3030,46939
02-11-2019,8,16510,15704,9704,3834,45752,992,861,1381,3234,48986
02-11-2019,9,17093,16368,9831,4051,47343,1018,880,1423,3321,50664
02-11-2019,10,17434,16690,9927,4154,48205,1020,878,1437,3335,51540
02-11-2019,11,17265,16731,9890,4205,48091,1016,872,1436,3324,51415
02-11-2019,12,17074,16562,9828,4188,47652,1018,879,1429,3326,50978
02-11-2019,13,16954,16465,9756,4186,47361,1012,885,1417,3314,50675
02-11-2019,14,16823,16441,9833,4174,47271,1002,890,1406,3298,50569
02-11-2019,15,17038,16541,10180,4181,47940,1041,917,1434,3392,51332
02-11-2019,16,17500,17139,10421,4319,49379,1078,963,1528,3569,52948
02-11-2019,17,17918,17303,10483,4676,50380,1068,951,1521,3540,53920
02-11-2019,18,17782,17039,10376,4489,49686,1040,922,1479,3441,53127
02-11-2019,19,17596,16477,10159,4105,48337,1003,885,1427,3315,51652
02-11-2019,20,17201,16033,9748,3824,46806,954,836,1352,3142,49948
02-11-2019,21,16911,15770,9961,3624,46266,887,761,1245,2893,49159
02-11-2019,22,16504,15051,9796,3402,44753,832,704,1152,2688,47441
02-11-2019,23,16077,14290,9353,3191,42911,789,656,1086,2531,45442
03-11-2019,0,15606,13720,9012,3020,41358,759,625,1050,2434,43792
03-11-2019,1,15374,13612,8880,2891,40757,742,612,1026,2380,43137
03-11-2019,2,15157,13446,8760,2823,40186,728,602,1001,2331,42517
03-11-2019,3,15197,13528,8728,2766,40219,732,600,1003,2335,42554
03-11-2019,4,15169,13559,8820,2820,40368,757,612,1026,2395,42763
03-11-2019,5,15209,13765,8964,2883,40821,792,649,1102,2543,43364
03-11-2019,6,15349,13902,9035,3042,41328,837,688,1161,2686,44014
03-11-2019,7,15909,14252,9067,3273,42501,887,747,1235,2869,45370
03-11-2019,8,16511,15000,9261,3566,44338,954,812,1322,3088,47426
03-11-2019,9,17007,15706,9460,3758,45931,991,843,1374,3208,49139
03-11-2019,10,17294,16434,9476,3852,47056,995,852,1381,3228,50284
03-11-2019,11,17395,16788,9614,3854,47651,1001,857,1390,3248,50899
03-11-2019,12,17250,16771,9570,3845,47436,1005,856,1388,3249,50685
03-11-2019,13,17304,16465,9572,3812,47153,1003,850,1384,3237,50390
03-11-2019,14,17349,16707,9577,3772,47405,997,853,1384,3234,50639
03-11-2019,15,17628,16905,9885,3747,48165,1023,884,1420,3327,51492
03-11-2019,16,17843,17568,10291,3997,49699,1075,942,1533,3550,53249
03-11-2019,17,18077,17939,10417,4547,50980,1069,939,1541,3549,54529
03-11-2019,18,18090,17926,10358,4420,50794,1048,924,1507,3479,54273
03-11-2019,19,17809,17395,10142,4105,49451,1007,898,1447,3352,52803
03-11-2019,20,17781,16708,9746,3823,48058,953,847,1347,3147,51205
03-11-2019,21,17490,16132,10026,3615,47263,891,769,1213,2873,50136
03-11-2019,22,17032,15469,9940,3314,45755,829,694,1104,2627,48382
03-11-2019,23,16431,14766,9557,3110,43864,786,637,1039,2462,46326
04-11-2019,0,15934,14562,9336,2984,42816,767,611,994,2372,45188
04-11-2019,1,15776,14539,9165,2954,42434,741,598,979,2318,44752
04-11-2019,2,15724,14686,9183,2940,42533,729,594,973,2296,44829
04-11-2019,3,15711,14743,9383,2993,42830,744,606,996,2346,45176
04-11-2019,4,15899,14995,9771,3081,43746,781,649,1067,2497,46243
04-11-2019,5,16287,16057,10675,3395,46414,916,781,1330,3027,49441
04-11-2019,6,17919,17804,11193,4071,50987,1067,907,1503,3477,54464
04-11-2019,7,19262,19315,11213,4662,54452,1154,992,1628,3774,58226
04-11-2019,8,19360,19597,11227,4848,55032,1198,1048,1696,3942,58974
04-11-2019,9,19343,19567,11206,4922,55038,1195,1057,1725,3977,59015
04-11-2019,10,19327,19681,11049,5026,55083,1192,1056,1733,3981,59064
04-11-2019,11,18965,19475,11014,5026,54480,1180,1033,1696,3909,58389
04-11-2019,12,18743,19357,10913,5019,54032,1206,1062,1716,3984,58016
04-11-2019,13,18592,19329,10943,5002,53866,1194,1053,1704,3951,57817
04-11-2019,14,18551,19492,10954,4967,53964,1197,1044,1692,3933,57897
04-11-2019,15,18705,19695,11233,4931,54564,1212,1059,1683,3954,58518
04-11-2019,16,19156,20132,11499,5087,55874,1230,1053,1712,3995,59869
04-11-2019,17,19262,20363,11450,5451,56526,1211,1033,1691,3935,60461
04-11-2019,18,19190,20044,11428,5211,55873,1150,989,1636,3775,59648
04-11-2019,19,19135,19770,11248,4832,54985,1117,958,1570,3645,58630
04-11-2019,20,18780,18926,10773,4487,52966,1055,896,1469,3420,56386
04-11-2019,21,18444,18222,10895,4204,51765,959,811,1319,3089,54854
04-11-2019,22,17947,17236,10660,3845,49688,870,731,1191,2792,52480
04-11-2019,23,17196,16351,10252,3578,47377,818,675,1118,2611,49988
05-11-2019,0,16881,15856,9986,3372,46095,800,640,1067,2507,48602
05-11-2019,1,16581,15830,9837,3268,45516,789,619,1041,2449,47965
05-11-2019,2,16475,15692,9735,3216,45118,764,615,1039,2418,47536
05-11-2019,3,16372,15596,9814,3228,45010,777,622,1055,2454,47464
05-11-2019,4,16594,16039,10140,3317,46090,827,670,1131,2628,48718
05-11-2019,5,17074,17154,10972,3555,48755,948,802,1371,3121,51876
05-11-2019,6,18580,19005,11385,4166,53136,1089,930,1532,3551,56687
05-11-2019,7,20143,20408,11341,4743,56635,1157,1015,1640,3812,60447
05-11-2019,8,20316,20382,11393,4956,57047,1203,1062,1676,3941,60988
05-11-2019,9,20090,20211,11451,5005,56757,1221,1066,1679,3966,60723
05-11-2019,10,19904,20113,11459,5062,56538,1214,1047,1685,3946,60484
05-11-2019,11,19638,20017,11427,4981,56063,1210,1023,1661,3894,59957
05-11-2019,12,19395,19817,11264,4919,55395,1239,1042,1690,3971,59366
05-11-2019,13,19264,19728,11234,4924,55150,1235,1038,1659,3932,59082
05-11-2019,14,19294,19976,11280,4861,55411,1232,1026,1677,3935,59346
05-11-2019,15,19672,20285,11569,4784,56310,1235,1040,1673,3948,60258
05-11-2019,16,20217,20845,11802,4977,57841,1248,1058,1721,4027,61868
05-11-2019,17,20431,21240,11659,5327,58657,1230,1048,1718,3996,62653
05-11-2019,18,20277,20809,11777,5103,57966,1192,1007,1651,3850,61816
05-11-2019,19,20021,20328,11601,4827,56777,1143,956,1598,3697,60474
05-11-2019,20,19899,19766,11071,4441,55177,1089,904,1500,3493,58670
05-11-2019,21,19309,18932,11136,4171,53548,1000,821,1345,3166,56714
05-11-2019,22,18663,17781,10946,3833,51223,912,743,1217,2872,54095
05-11-2019,23,17842,16943,10502,3506,48793,845,677,1135,2657,51450
06-11-2019,0,17287,16451,10324,3339,47401,821,652,1105,2578,49979
06-11-2019,1,16905,16029,10196,3216,46346,799,642,1069,2510,48856
06-11-2019,2,16838,16076,10223,3183,46320,795,638,1061,2494,48814
06-11-2019,3,16828,16345,10375,3181,46729,801,645,1080,2526,49255
06-11-2019,4,16930,16548,10735,3251,47464,828,688,1165,2681,50145
06-11-2019,5,17595,17549,11606,3517,50267,963,808,1379,3150,53417
06-11-2019,6,19134,19768,12043,4188,55133,1114,939,1546,3599,58732
06-11-2019,7,20436,21156,12001,4739,58332,1197,1018,1648,3863,62195
06-11-2019,8,20770,21056,12041,4862,58729,1225,1068,1689,3982,62711
06-11-2019,9,20756,20994,11924,4929,58603,1217,1063,1695,3975,62578
06-11-2019,10,20578,20875,11880,4980,58313,1210,1049,1685,3944,62257
06-11-2019,11,20364,20673,11852,4983,57872,1195,1024,1674,3893,61765
06-11-2019,12,20723,20199,11649,4930,57501,1220,1047,1693,3960,61461
06-11-2019,13,20273,20305,11657,4905,57140,1219,1053,1685,3957,61097
06-11-2019,14,20205,20318,11685,4807,57015,1234,1047,1668,3949,60964
06-11-2019,15,19944,20538,11929,4763,57174,1252,1061,1664,3977,61151
06-11-2019,16,20250,20935,12199,4936,58320,1267,1069,1719,4055,62375
06-11-2019,17,20514,21366,12242,5279,59401,1243,1059,1704,4006,63407
06-11-2019,18,20209,20818,12243,5134,58404,1206,1017,1650,3873,62277
06-11-2019,19,20171,20292,11995,4800,57258,1168,970,1624,3762,61020
06-11-2019,20,19868,19605,11495,4472,55440,1118,913,1505,3536,58976
06-11-2019,21,19482,19000,11568,4173,54223,1021,819,1343,3183,57406
06-11-2019,22,18632,17904,11312,3817,51665,912,743,1212,2867,54532
06-11-2019,23,17999,16964,10794,3490,49247,859,678,1129,2666,51913
07-11-2019,0,17551,16472,10521,3319,47863,829,637,1099,2565,50428
07-11-2019,1,17103,16149,10394,3216,46862,810,621,1080,2511,49373
07-11-2019,2,16920,16032,10372,3199,46523,812,613,1071,2496,49019
07-11-2019,3,17010,16108,10499,3194,46811,825,622,1090,2537,49348
07-11-2019,4,17285,16454,10902,3300,47941,866,669,1161,2696,50637
07-11-2019,5,17784,17396,11731,3567,50478,1000,802,1390,3192,53670
07-11-2019,6,19280,19107,12165,4195,54747,1152,934,1552,3638,58385
07-11-2019,7,20767,20450,12067,4756,58040,1240,1028,1651,3919,61959
07-11-2019,8,20952,20652,12082,4880,58566,1280,1072,1678,4030,62596
07-11-2019,9,20752,20565,12228,4915,58460,1275,1071,1689,4035,62495
07-11-2019,10,20607,20677,12124,4931,58339,1268,1045,1682,3995,62334
07-11-2019,11,20356,20521,12060,4928,57865,1246,1014,1657,3917,61782
07-11-2019,12,20049,20256,11933,4830,57068,1275,1039,1692,4006,61074
07-11-2019,13,20160,20161,11934,4815,57070,1255,1040,1684,3979,61049
07-11-2019,14,20044,20254,11945,4749,56992,1268,1042,1648,3958,60950
07-11-2019,15,20218,20331,12157,4646,57352,1284,1064,1658,4006,61358
07-11-2019,16,20664,20699,12239,4877,58479,1286,1071,1718,4075,62554
07-11-2019,17,20739,20740,12195,5231,58905,1255,1058,1694,4007,62912
07-11-2019,18,20585,20443,12196,5098,58322,1212,1019,1639,3870,62192
07-11-2019,19,20347,19857,11938,4790,56932,1171,970,1603,3744,60676
07-11-2019,20,19938,19222,11381,4491,55032,1109,910,1494,3513,58545
07-11-2019,21,19610,18389,11443,4199,53641,1027,833,1347,3207,56848
07-11-2019,22,19030,17438,11146,3870,51484,934,751,1223,2908,54392
07-11-2019,23,18217,16452,10720,3576,48965,865,679,1143,2687,51652
08-11-2019,0,17652,15751,10451,3395,47249,827,640,1102,2569,49818
08-11-2019,1,17308,15618,10293,3292,46511,809,627,1082,2518,49029
08-11-2019,2,17124,15485,10247,3236,46092,798,623,1080,2501,48593
08-11-2019,3,17092,15352,10390,3230,46064,807,630,1098,2535,48599
08-11-2019,4,17266,15498,10866,3306,46936,851,674,1172,2697,49633
08-11-2019,5,17833,16320,11637,3561,49351,981,803,1397,3181,52532
08-11-2019,6,19245,18359,11986,4103,53693,1132,934,1577,3643,57336
08-11-2019,7,20869,19830,11991,4684,57374,1214,1021,1671,3906,61280
08-11-2019,8,21197,20220,11987,4768,58172,1246,1055,1708,4009,62181
08-11-2019,9,21165,19961,11908,4888,57922,1229,1038,1733,4000,61922
08-11-2019,10,21005,20112,11853,4938,57908,1214,1021,1721,3956,61864
08-11-2019,11,20992,19981,11905,4854,57732,1192,989,1691,3872,61604
08-11-2019,12,20664,19618,11809,4753,56844,1212,1013,1697,3922,60766
08-11-2019,13,20600,19415,11689,4586,56290,1196,1016,1662,3874,60164
08-11-2019,14,20492,19351,11694,4452,55989,1194,1003,1643,3840,59829
08-11-2019,15,20881,19523,11912,4343,56659,1217,1017,1642,3876,60535
08-11-2019,16,20612,19890,11989,4575,57066,1223,1035,1707,3965,61031
08-11-2019,17,20885,19872,11895,4949,57601,1193,1015,1670,3878,61479
08-11-2019,18,20695,19453,11736,4781,56665,1149,972,1609,3730,60395
08-11-2019,19,20307,18869,11402,4441,55019,1103,919,1559,3581,58600
08-11-2019,20,19905,17990,10867,4133,52895,1047,885,1459,3391,56286
08-11-2019,21,19307,17120,10885,3901,51213,964,802,1339,3105,54318
08-11-2019,22,18711,16430,10575,3611,49327,878,730,1220,2828,52155
08-11-2019,23,18168,15765,10094,3359,47386,829,669,1134,2632,50018
09-11-2019,0,17664,15032,9728,3178,45602,787,626,1085,2498,48100
09-11-2019,1,17237,14911,9512,3097,44757,757,606,1054,2417,47174
09-11-2019,2,17071,14760,9357,3068,44256,749,593,1044,2386,46642
09-11-2019,3,17061,14744,9298,3035,44138,745,600,1048,2393,46531
09-11-2019,4,17084,14801,9461,3051,44397,754,621,1077,2452,46849
09-11-2019,5,17199,15068,9650,3139,45056,801,668,1167,2636,47692
09-11-2019,6,17577,15461,9714,3342,46094,842,728,1253,2823,48917
09-11-2019,7,18170,15908,9822,3558,47458,897,790,1339,3026,50484
09-11-2019,8,18646,16783,10040,3842,49311,967,853,1437,3257,52568
09-11-2019,9,19357,17384,10221,3161,50123,997,877,1480,3354,53477
09-11-2019,10,19730,17910,10320,3244,51204,1004,885,1490,3379,54583
09-11-2019,11,19629,18252,10330,3256,51467,1000,879,1492,3371,54838
09-11-2019,12,19288,18328,10301,3335,51252,999,872,1487,3358,54610
09-11-2019,13,19108,18123,10317,4111,51659,991,871,1469,3331,54990
09-11-2019,14,19162,18129,10439,4083,51813,1001,856,1462,3319,55132
09-11-2019,15,19435,18524,10804,4113,52876,1046,886,1497,3429,56305
09-11-2019,16,19747,19248,11011,4283,54289,1071,921,1556,3548,57837
09-11-2019,17,20007,19369,11067,4635,55078,1051,907,1530,3488,58566
09-11-2019,18,20024,19017,10923,4439,54403,1022,875,1483,3380,57783
09-11-2019,19,19576,18443,10614,4078,52711,986,842,1427,3255,55966
09-11-2019,20,19117,17721,10083,3849,50770,940,798,1351,3089,53859
09-11-2019,21,18485,16911,10274,3656,49326,887,739,1245,2871,52197
09-11-2019,22,18064,16590,10020,3461,48135,835,677,1142,2654,50789
09-11-2019,23,17745,15934,9517,3307,46503,782,625,1073,2480,48983
10-11-2019,0,17282,15388,9192,3191,45053,745,591,1028,2364,47417
10-11-2019,1,16928,15067,8944,3063,44002,724,571,1006,2301,46303
10-11-2019,2,16759,14781,8874,2995,43409,713,587,991,2291,45700
10-11-2019,3,16749,14769,8853,2961,43332,710,583,993,2286,45618
10-11-2019,4,16901,14908,8879,2964,43652,716,604,1020,2340,45992
10-11-2019,5,17066,15125,8996,3052,44239,749,641,1085,2475,46714
10-11-2019,6,17322,15576,9147,3222,45267,793,684,1151,2628,47895
10-11-2019,7,17763,16046,9298,3481,46588,846,728,1229,2803,49391
10-11-2019,8,18123,16542,9488,3777,47930,910,788,1325,3023,50953
10-11-2019,9,18566,17191,9677,3936,49370,944,817,1391,3152,52522
10-11-2019,10,18985,17640,9772,4003,50400,957,828,1417,3202,53602
10-11-2019,11,19140,18142,9721,4011,51014,955,824,1429,3208,54222
10-11-2019,12,19051,18178,9640,4001,50870,969,825,1419,3213,54083
10-11-2019,13,18891,18085,9634,3970,50580,970,828,1412,3210,53790
10-11-2019,14,18844,17862,9726,3973,50405,983,833,1411,3227,53632
10-11-2019,15,19242,18345,10008,4034,51629,1038,875,1462,3375,55004
10-11-2019,16,19526,19187,10159,4377,53249,1073,926,1561,3560,56809
10-11-2019,17,19686,19529,10188,4769,54172,1067,928,1564,3559,57731
10-11-2019,18,19511,19428,10257,4493,53689,1057,910,1535,3502,57191
10-11-2019,19,19372,18946,10100,4170,52588,1024,886,1483,3393,55981
10-11-2019,20,19360,18456,9765,3927,51508,979,832,1386,3197,54705
10-11-2019,21,19041,17835,10002,3708,50586,911,756,1262,2929,53515
10-11-2019,22,18619,17102,9900,3464,49085,827,686,1144,2657,51742
10-11-2019,23,17978,16223,9421,3224,46846,781,631,1066,2478,49324
11-11-2019,0,17430,15838,9157,3093,45518,748,606,1030,2384,47902
11-11-2019,1,17324,15634,9034,3071,45063,737,593,1005,2335,47398
11-11-2019,2,17199,15474,8981,3051,44705,735,583,1003,2321,47026
11-11-2019,3,17336,15535,9066,3083,45020,750,595,1021,2366,47386
11-11-2019,4,17492,15787,9444,3196,45919,790,633,1104,2527,48446
11-11-2019,5,18050,16623,10305,3419,48397,917,771,1357,3045,51442
11-11-2019,6,19708,18752,10863,4013,53336,1076,907,1546,3529,56865
11-11-2019,7,21368,20338,10892,4571,57169,1169,990,1660,3819,60988
11-11-2019,8,21491,20466,10912,4746,57615,1212,1042,1708,3962,61577
11-11-2019,9,21608,20343,11013,4836,57800,1214,1038,1704,3956,61756
11-11-2019,10,21326,20126,11094,4932,57478,1217,1029,1689,3935,61413
11-11-2019,11,21059,20215,11037,4924,57235,1205,999,1657,3861,61096
11-11-2019,12,20856,20131,10950,4847,56784,1230,1013,1670,3913,60697
11-11-2019,13,20909,20030,10974,4820,56733,1228,1019,1668,3915,60648
11-11-2019,14,20947,19855,11009,4739,56550,1228,1025,1672,3925,60475
11-11-2019,15,21098,20325,11203,4711,57337,1248,1047,1688,3983,61320
11-11-2019,16,21559,20615,11229,4986,58389,1235,1050,1732,4017,62406
11-11-2019,17,21459,20676,11180,5350,58665,1198,1027,1712,3937,62602
11-11-2019,18,21004,20208,11144,5217,57573,1154,989,1655,3798,61371
11-11-2019,19,20888,19744,11020,4849,56501,1107,934,1584,3625,60126
11-11-2019,20,20342,18866,10562,4468,54238,1059,891,1479,3429,57667
11-11-2019,21,19740,18095,10644,4190,52669,982,810,1335,3127,55796
11-11-2019,22,19129,17079,10362,3886,50456,883,728,1214,2825,53281
11-11-2019,23,18293,15854,9861,3577,47585,815,664,1142,2621,50206
12-11-2019,0,17609,15279,9603,3461,45952,780,635,1112,2527,48479
12-11-2019,1,17098,14812,9476,3393,44779,764,624,1095,2483,47262
12-11-2019,2,17079,15033,9378,3359,44849,751,618,1096,2465,47314
12-11-2019,3,17105,15111,9425,3407,45048,758,625,1119,2502,47550
12-11-2019,4,17165,15383,9821,3434,45803,798,669,1193,2660,48463
12-11-2019,5,17609,15950,10625,3677,47861,925,806,1417,3148,51009
12-11-2019,6,18920,17741,11067,4300,52028,1073,948,1612,3633,55661
12-11-2019,7,20400,19350,11043,4963,55756,1147,1031,1708,3886,59642
12-11-2019,8,20586,19449,10992,5080,56107,1173,1070,1737,3980,60087
12-11-2019,9,20342,19549,11065,5184,56140,1173,1056,1739,3968,60108
12-11-2019,10,20419,19552,11013,5138,56122,1144,1042,1738,3924,60046
12-11-2019,11,20064,19526,10947,5123,55660,1127,1008,1708,3843,59503
12-11-2019,12,19939,19447,10872,5229,55487,1168,1034,1725,3927,59414
12-11-2019,13,19930,19325,10788,5128,55171,1163,1034,1705,3902,59073
12-11-2019,14,20002,19297,10820,5089,55208,1179,1034,1697,3910,59118
12-11-2019,15,20313,19757,11077,4843,55990,1211,1065,1718,3994,59984
12-11-2019,16,20654,20187,11148,4939,56928,1213,1060,1753,4026,60954
12-11-2019,17,20567,20254,11077,5341,57239,1188,1045,1719,3952,61191
12-11-2019,18,20016,19902,10964,5094,55976,1143,999,1669,3811,59787
12-11-2019,19,19502,19100,10800,4815,54217,1110,966,1604,3680,57897
12-11-2019,20,19146,18279,10203,4423,52051,1039,915,1499,3453,55504
12-11-2019,21,18676,17727,10170,4151,50724,940,824,1341,3105,53829
12-11-2019,22,17894,16695,10000,3786,48375,842,737,1212,2791,51166
12-11-2019,23,17336,15841,9522,3512,46211,777,671,1130,2578,48789
13-11-2019,0,16752,15265,9245,3373,44635,744,638,1101,2483,47118
13-11-2019,1,16385,14979,9005,3295,43664,733,629,1079,2441,46105
13-11-2019,2,15982,14965,8934,3264,43145,737,623,1074,2434,45579
13-11-2019,3,16069,15221,8859,3257,43406,738,630,1086,2454,45860
13-11-2019,4,16217,15414,9185,3341,44157,781,670,1153,2604,46761
13-11-2019,5,16759,16194,9969,3594,46516,924,793,1381,3098,49614
13-11-2019,6,18460,18060,10362,4166,51048,1073,932,1594,3599,54647
13-11-2019,7,19874,19532,10430,4778,54614,1167,1023,1684,3874,58488
13-11-2019,8,19509,19480,10397,4881,54267,1207,1068,1714,3989,58256
13-11-2019,9,19450,19546,10426,4899,54321,1194,1075,1708,3977,58298
13-11-2019,10,19342,19394,10495,4978,54209,1185,1063,1699,3947,58156
13-11-2019,11,19152,19356,10512,4982,54002,1189,1029,1677,3895,57897
13-11-2019,12,19156,19200,10416,4890,53662,1212,1046,1695,3953,57615
13-11-2019,13,19024,18978,10313,4852,53167,1196,1045,1682,3923,57090
13-11-2019,14,19099,19209,10370,4853,53531,1198,1038,1679,3915,57446
13-11-2019,15,19276,19521,10539,4859,54195,1217,1069,1716,4002,58197
13-11-2019,16,19637,19882,10498,5031,55048,1202,1063,1724,3989,59037
13-11-2019,17,19702,19941,10490,5372,55505,1168,1043,1690,3901,59406
13-11-2019,18,19314,19569,10546,5163,54592,1132,1006,1653,3791,58383
13-11-2019,19,19006,19279,10238,4813,53336,1087,960,1591,3638,56974
13-11-2019,20,18808,18621,9801,4485,51715,1027,906,1489,3422,55137
13-11-2019,21,18386,17600,9826,4187,49999,952,816,1336,3104,53103
13-11-2019,22,17688,16658,9606,3827,47779,854,731,1205,2790,50569
13-11-2019,23,16846,15603,9120,3644,45213,788,671,1121,2580,47793
14-11-2019,0,16293,14754,8816,3446,43309,746,627,1077,2450,45759
14-11-2019,1,16025,14666,8615,3397,42703,730,612,1060,2402,45105
14-11-2019,2,15888,14570,8556,3321,42335,726,599,1060,2385,44720
14-11-2019,3,15841,14572,8626,3256,42295,740,608,1075,2423,44718
14-11-2019,4,15958,14761,8976,3343,43038,771,656,1143,2570,45608
14-11-2019,5,16524,15534,9733,3661,45452,902,788,1374,3064,48516
14-11-2019,6,18066,17935,10248,4220,50469,1054,935,1568,3557,54026
14-11-2019,7,19596,19496,10355,4859,54306,1139,1008,1670,3817,58123
14-11-2019,8,19791,19493,10348,5009,54641,1166,1052,1731,3949,58590
14-11-2019,9,19715,19505,10272,4912,54404,1194,1049,1723,3966,58370
14-11-2019,10,19664,19391,10304,4950,54309,1174,1024,1726,3924,58233
14-11-2019,11,19601,19399,10216,4900,54116,1164,1001,1702,3867,57983
14-11-2019,12,19315,19466,10276,4843,53900,1174,1032,1732,3938,57838
14-11-2019,13,19294,19357,10233,4799,53683,1170,1035,1735,3940,57623
14-11-2019,14,19331,19365,10234,4740,53670,1168,1035,1732,3935,57605
14-11-2019,15,19589,19617,10432,4669,54307,1189,1057,1743,3989,58296
14-11-2019,16,19930,20028,10358,4919,55235,1186,1055,1768,4009,59244
14-11-2019,17,19951,20097,10334,5272,55654,1158,1038,1730,3926,59580
14-11-2019,18,19459,19697,10411,5055,54622,1127,996,1684,3807,58429
14-11-2019,19,19186,19251,10275,4734,53446,1086,948,1612,3646,57092
14-11-2019,20,18997,18716,9809,4444,51966,1044,901,1515,3460,55426
14-11-2019,21,18558,17857,9857,4183,50455,979,817,1362,3158,53613
14-11-2019,22,17803,16981,9564,3883,48231,885,732,1231,2848,51079
14-11-2019,23,17075,15938,9109,3595,45717,819,667,1145,2631,48348
15-11-2019,0,16552,15210,8889,3402,44053,792,634,1109,2535,46588
15-11-2019,1,16211,15181,8798,3266,43456,781,618,1093,2492,45948
15-11-2019,2,16017,15147,8790,3231,43185,776,609,1087,2472,45657
15-11-2019,3,16039,14864,8913,3259,43075,786,620,1101,2507,45582
15-11-2019,4,16157,14914,9277,3432,43780,826,668,1172,2666,46446
15-11-2019,5,16538,15648,10095,3608,45889,965,796,1395,3156,49045
15-11-2019,6,17936,17529,10590,4265,50320,1124,942,1594,3660,53980
15-11-2019,7,19404,19037,10730,4790,53961,1210,1032,1698,3940,57901
15-11-2019,8,19648,19195,10725,4995,54563,1244,1067,1737,4048,58611
15-11-2019,9,19616,19190,10783,5073,54662,1230,1053,1746,4029,58691
15-11-2019,10,19617,19076,10772,5133,54598,1211,1039,1735,3985,58583
15-11-2019,11,19220,19004,10655,5052,53931,1180,1009,1706,3895,57826
15-11-2019,12,19349,19175,10569,4891,53984,1197,1022,1723,3942,57926
15-11-2019,13,19185,19088,10455,4810,53538,1190,1020,1703,3913,57451
15-11-2019,14,19191,18794,10583,4688,53256,1196,1013,1692,3901,57157
15-11-2019,15,19235,19130,10913,4790,54068,1233,1039,1710,3982,58050
15-11-2019,16,19466,19553,11004,4986,55009,1241,1038,1738,4017,59026
15-11-2019,17,19423,19517,10912,5271,55123,1206,1012,1691,3909,59032
15-11-2019,18,19201,18948,10833,5037,54019,1166,968,1632,3766,57785
15-11-2019,19,18860,18170,10618,4668,52316,1113,919,1578,3610,55926
15-11-2019,20,18444,17332,10298,4323,50397,1060,870,1486,3416,53813
15-11-2019,21,17960,16506,10458,4001,48925,990,793,1356,3139,52064
15-11-2019,22,17488,15781,10264,3748,47281,912,721,1244,2877,50158
15-11-2019,23,17069,15080,9770,3492,45411,847,664,1156,2667,48078
16-11-2019,0,16593,14537,9489,3304,43923,809,630,1101,2540,46463
16-11-2019,1,16092,14224,9277,3123,42716,787,608,1075,2470,45186
16-11-2019,2,16039,13991,9131,3032,42193,776,598,1061,2435,44628
16-11-2019,3,15959,13998,9219,2960,42136,774,603,1061,2438,44574
16-11-2019,4,15869,14040,9359,2960,42228,787,621,1089,2497,44725
16-11-2019,5,16052,14285,9620,3049,43006,826,667,1174,2667,45673
16-11-2019,6,16304,14879,9730,3245,44158,885,729,1262,2876,47034
16-11-2019,7,16767,15420,9849,3490,45526,937,772,1332,3041,48567
16-11-2019,8,17548,16301,9892,3801,47542,1003,835,1449,3287,50829
16-11-2019,9,18099,16921,10015,4051,49086,1032,856,1493,3381,52467
16-11-2019,10,18407,17157,10025,4176,49765,1040,865,1521,3426,53191
16-11-2019,11,18572,17403,10084,4222,50281,1039,865,1517,3421,53702
16-11-2019,12,18485,17243,10076,4220,50024,1036,858,1503,3397,53421
16-11-2019,13,18559,17225,10100,4199,50083,1030,857,1480,3367,53450
16-11-2019,14,18477,17196,10336,4187,50196,1029,867,1474,3370,53566
16-11-2019,15,18546,17356,10736,4213,50851,1082,913,1528,3523,54374
16-11-2019,16,18927,17867,10817,4357,51968,1093,926,1583,3602,55570
16-11-2019,17,18862,17664,10921,4553,52000,1073,904,1550,3527,55527
16-11-2019,18,18584,17304,10854,4388,51130,1047,878,1502,3427,54557
16-11-2019,19,18374,16872,10489,4024,49759,1012,850,1437,3299,53058
16-11-2019,20,17840,16309,10094,3774,48017,966,813,1366,3145,51162
16-11-2019,21,17500,15610,10197,3574,46881,902,743,1266,2911,49792
16-11-2019,22,17111,15074,9961,3352,45498,850,686,1173,2709,48207
16-11-2019,23,16665,14399,9516,3187,43767,804,634,1086,2524,46291
17-11-2019,0,16102,14030,9235,3070,42437,768,597,1038,2403,44840
17-11-2019,1,15773,13874,8998,2986,41631,747,579,1016,2342,43973
17-11-2019,2,15613,13912,8893,2936,41354,735,568,1005,2308,43662
17-11-2019,3,15438,13872,8865,2854,41029,729,573,1010,2312,43341
17-11-2019,4,15375,13878,8907,2881,41041,735,595,1032,2362,43403
17-11-2019,5,15592,14067,9021,2910,41590,769,629,1104,2502,44092
17-11-2019,6,15814,14448,9081,3130,42473,814,670,1177,2661,45134
17-11-2019,7,16098,14974,9166,3436,43674,856,706,1246,2808,46482
17-11-2019,8,16567,15377,9266,3747,44957,920,771,1352,3043,48000
17-11-2019,9,16995,15860,9413,4027,46295,960,806,1414,3180,49475
17-11-2019,10,17578,16484,9528,4075,47665,974,814,1438,3226,50891
17-11-2019,11,17622,16844,9604,3994,48064,948,809,1440,3197,51261
17-11-2019,12,17330,16633,9640,4193,47796,938,812,1436,3186,50982
17-11-2019,13,17391,16862,9636,4382,48271,954,810,1428,3192,51463
17-11-2019,14,17482,16781,9885,4117,48265,960,823,1430,3213,51478
17-11-2019,15,17715,17359,10123,4045,49242,1035,873,1507,3415,52657
17-11-2019,16,18387,18076,10219,4289,50971,1063,904,1581,3548,54519
17-11-2019,17,18446,18355,10305,4661,51767,1060,906,1578,3544,55311
17-11-2019,18,18289,17832,10229,4500,50850,1036,863,1525,3424,54274
17-11-2019,19,18125,17312,9986,4189,49612,1004,839,1475,3318,52930
17-11-2019,20,18026,16884,9661,3930,48501,959,799,1371,3129,51630
17-11-2019,21,17706,16126,9930,3726,47488,887,737,1244,2868,50356
17-11-2019,22,17196,15354,9784,3479,45813,817,682,1129,2628,48441
17-11-2019,23,16647,14587,9475,3235,43944,767,631,1061,2459,46403
18-11-2019,0,16144,14184,9235,3048,42611,733,591,1029,2353,44964
18-11-2019,1,15895,13835,9089,2962,41781,713,570,1004,2287,44068
18-11-2019,2,15772,13755,9088,2932,41547,719,561,997,2277,43824
18-11-2019,3,15676,13889,9146,3032,41743,731,566,1015,2312,44055
18-11-2019,4,15790,14289,9503,3203,42785,771,582,1091,2444,45229
18-11-2019,5,16480,15012,10323,3436,45251,905,625,1360,2890,48141
18-11-2019,6,18153,17036,10778,4044,50011,1063,677,1566,3306,53317
18-11-2019,7,19517,18618,10971,4809,53915,1158,715,1675,3548,57463
18-11-2019,8,20033,18833,10944,4963,54773,1201,788,1728,3717,58490
18-11-2019,9,19928,18813,10904,4935,54580,1193,810,1751,3754,58334
18-11-2019,10,19752,18813,10901,5019,54485,1170,835,1747,3752,58237
18-11-2019,11,19524,18928,10885,4898,54235,1168,835,1727,3730,57965
18-11-2019,12,19403,19002,10857,4825,54087,1193,839,1748,3780,57867
18-11-2019,13,19541,19154,10829,4811,54335,1189,837,1735,3761,58096
18-11-2019,14,19808,19124,10700,4743,54375,1208,845,1716,3769,58144
18-11-2019,15,19787,19448,10809,4773,54817,1226,891,1724,3841,58658
18-11-2019,16,19861,19610,10762,4945,55178,1207,904,1750,3861,59039
18-11-2019,17,19738,19744,10531,5210,55223,1172,883,1726,3781,59004
18-11-2019,18,19421,19062,10532,5010,54025,1124,854,1674,3652,57677
18-11-2019,19,19093,18197,10320,4702,52312,1072,815,1624,3511,55823
18-11-2019,20,18546,17372,9807,4412,50137,1024,785,1522,3331,53468
18-11-2019,21,18165,16583,9996,4074,48818,928,737,1354,3019,51837
18-11-2019,22,17529,15498,9739,3737,46503,825,664,1220,2709,49212
18-11-2019,23,16756,14949,9269,3415,44389,786,608,1136,2530,46919
19-11-2019,0,16180,14287,9001,3181,42649,746,572,1099,2417,45066
19-11-2019,1,15787,14086,8781,3056,41710,740,560,1081,2381,44091
19-11-2019,2,15468,14001,8695,3052,41216,733,559,1074,2366,43582
19-11-2019,3,15535,13936,8700,3083,41254,740,572,1088,2400,43654
19-11-2019,4,15589,13872,9029,3239,41729,782,608,1166,2556,44285
19-11-2019,5,16045,14929,9832,3502,44308,920,753,1416,3089,47397
19-11-2019,6,17287,16501,10334,4103,48225,1070,915,1630,3615,51840
19-11-2019,7,18638,18140,10495,4720,51993,1164,1010,1741,3915,55908
19-11-2019,8,18963,18767,10396,4995,53121,1200,1062,1786,4048,57169
19-11-2019,9,18767,18463,10296,4934,52460,1191,1061,1772,4024,56484
19-11-2019,10,18740,18333,10308,5001,52382,1199,1049,1742,3990,56372
19-11-2019,11,18614,18649,10285,5016,52564,1182,1027,1709,3918,56482
19-11-2019,12,18505,18559,10253,4908,52225,1192,1043,1726,3961,56186
19-11-2019,13,18617,18451,10309,4926,52303,1175,1033,1715,3923,56226
19-11-2019,14,18714,18546,10506,4901,52667,1193,1027,1714,3934,56601
19-11-2019,15,18827,19026,10674,4877,53404,1214,1064,1749,4027,57431
19-11-2019,16,19004,19441,10646,5013,54104,1208,1062,1781,4051,58155
19-11-2019,17,18795,19414,10562,5259,54030,1184,1051,1754,3989,58019
19-11-2019,18,18616,18827,10549,5004,52996,1143,1005,1693,3841,56837
19-11-2019,19,18505,18217,10350,4713,51785,1112,960,1629,3701,55486
19-11-2019,20,18163,17306,9869,4383,49721,1045,902,1521,3468,53189
19-11-2019,21,17708,16688,9854,4136,48386,962,815,1371,3148,51534
19-11-2019,22,17115,15484,9567,3794,45960,869,731,1240,2840,48800
19-11-2019,23,16349,14516,9111,3459,43435,811,664,1163,2638,46073
20-11-2019,0,15866,13939,8790,3225,41820,763,634,1126,2523,44343
20-11-2019,1,15613,13680,8614,3229,41136,750,621,1100,2471,43607
20-11-2019,2,15441,13681,8524,3200,40846,744,617,1095,2456,43302
20-11-2019,3,15481,13662,8589,3196,40928,752,622,1106,2480,43408
20-11-2019,4,15650,13993,8939,3218,41800,799,660,1188,2647,44447
20-11-2019,5,16240,14952,9778,3481,44451,926,784,1448,3158,47609
20-11-2019,6,17636,17079,10307,4109,49131,1075,934,1646,3655,52786
20-11-2019,7,19135,18514,10407,4765,52821,1167,1027,1738,3932,56753
20-11-2019,8,19542,18699,10226,4904,53371,1196,1075,1777,4048,57419
20-11-2019,9,19558,18622,10193,4892,53265,1195,1084,1800,4079,57344
20-11-2019,10,19446,18664,10101,4963,53174,1194,1071,1795,4060,57234
20-11-2019,11,19374,18598,10114,4925,53011,1188,1042,1773,4003,57014
20-11-2019,12,19270,18579,10042,4886,52777,1216,1060,1790,4066,56843
20-11-2019,13,19190,18294,10144,4899,52527,1208,1053,1783,4044,56571
20-11-2019,14,19179,18336,10380,4853,52748,1221,1054,1780,4055,56803
20-11-2019,15,19340,18537,10532,4786,53195,1240,1092,1810,4142,57337
20-11-2019,16,19676,18870,10615,4969,54130,1226,1080,1806,4112,58242
20-11-2019,17,19613,19066,10573,5247,54499,1195,1061,1762,4018,58517
20-11-2019,18,19416,18837,10524,5049,53826,1161,1022,1708,3891,57717
20-11-2019,19,19196,18250,10316,4752,52514,1114,973,1645,3732,56246
20-11-2019,20,18931,17465,9800,4473,50669,1058,911,1534,3503,54172
20-11-2019,21,18574,16278,9828,4201,48881,975,821,1379,3175,52056
20-11-2019,22,17972,15435,9557,3812,46776,884,736,1249,2869,49645
20-11-2019,23,16952,14469,9081,3484,43986,825,668,1169,2662,46648
21-11-2019,0,16298,13912,8830,3358,42398,778,633,1126,2537,44935
21-11-2019,1,16044,13808,8710,3191,41753,759,619,1110,2488,44241
21-11-2019,2,15520,13401,8595,3136,40652,756,618,1114,2488,43140
21-11-2019,3,15531,13417,8630,3141,40719,763,627,1126,2516,43235
21-11-2019,4,15864,13666,8955,3230,41715,805,673,1200,2678,44393
21-11-2019,5,16333,14290,9711,3500,43834,938,801,1434,3173,47007
21-11-2019,6,17685,16174,10291,4177,48327,1112,952,1663,3727,52054
21-11-2019,7,18985,17775,10525,4841,52126,1207,1043,1772,4022,56148
21-11-2019,8,19255,18439,10439,4972,53105,1233,1078,1814,4125,57230
21-11-2019,9,19321,18676,10397,4841,53235,1238,1080,1814,4132,57367
21-11-2019,10,19159,18689,10409,4950,53207,1223,1073,1817,4113,57320
21-11-2019,11,18703,19009,10358,5016,53086,1211,1049,1792,4052,57138
21-11-2019,12,18613,18886,10320,4990,52809,1219,1067,1809,4095,56904
21-11-2019,13,18672,18880,10297,4976,52825,1230,1064,1805,4099,56924
21-11-2019,14,18728,18739,10520,4885,52872,1236,1067,1808,4111,56983
21-11-2019,15,18863,19258,10671,4897,53689,1259,1107,1836,4202,57891
21-11-2019,16,18983,19457,10691,5062,54193,1239,1088,1834,4161,58354
21-11-2019,17,18900,19485,10636,5315,54336,1204,1071,1781,4056,58392
21-11-2019,18,18671,19128,10662,5133,53594,1159,1029,1727,3915,57509
21-11-2019,19,18419,18506,10523,4846,52294,1117,978,1661,3756,56050
21-11-2019,20,17965,17873,10056,4441,50335,1057,923,1560,3540,53875
21-11-2019,21,17490,16928,10064,4119,48601,991,831,1396,3218,51819
21-11-2019,22,16875,16017,9797,3800,46489,889,748,1271,2908,49397
21-11-2019,23,16141,14888,9382,3550,43961,821,677,1199,2697,46658
22-11-2019,0,15609,14500,9085,3350,42544,786,639,1164,2589,45133
22-11-2019,1,15302,14063,8935,3245,41545,774,623,1138,2535,44080
22-11-2019,2,15140,14075,8886,3214,41315,778,614,1140,2532,43847
22-11-2019,3,15080,14096,8948,3243,41367,793,629,1154,2576,43943
22-11-2019,4,15206,14227,9241,3307,41981,838,674,1228,2740,44721
22-11-2019,5,15640,15086,10012,3559,44297,964,809,1462,3235,47532
22-11-2019,6,16838,16933,10532,4188,48491,1127,966,1671,3764,52255
22-11-2019,7,18142,18755,10749,4768,52414,1228,1048,1801,4077,56491
22-11-2019,8,18527,19024,10636,4980,53167,1268,1086,1850,4204,57371
22-11-2019,9,18468,18790,10716,4979,52953,1283,1087,1839,4209,57162
22-11-2019,10,18386,18801,10800,5012,52999,1281,1085,1820,4186,57185
22-11-2019,11,18349,18970,10803,4951,53073,1271,1059,1793,4123,57196
22-11-2019,12,18142,18972,10752,4773,52639,1282,1082,1801,4165,56804
22-11-2019,13,18013,18678,10737,4712,52140,1269,1081,1792,4142,56282
22-11-2019,14,18166,18734,10937,4555,52392,1284,1085,1775,4144,56536
22-11-2019,15,18320,18874,11135,4541,52870,1320,1117,1817,4254,57124
22-11-2019,16,18546,19069,11118,4763,53496,1297,1102,1852,4251,57747
22-11-2019,17,18466,18873,11132,4998,53469,1264,1083,1811,4158,57627
22-11-2019,18,18141,18183,11063,4810,52197,1215,1034,1744,3993,56190
22-11-2019,19,17857,17383,10854,4443,50537,1169,978,1665,3812,54349
22-11-2019,20,17378,16792,10390,4149,48709,1112,926,1573,3611,52320
22-11-2019,21,16876,16025,10518,3895,47314,1042,844,1436,3322,50636
22-11-2019,22,16427,15327,10277,3628,45659,950,767,1321,3038,48697
22-11-2019,23,16023,14828,9790,3425,44066,880,699,1231,2810,46876
23-11-2019,0,15592,14492,9540,3220,42844,856,664,1188,2708,45552
23-11-2019,1,15223,14133,9301,3062,41719,831,641,1158,2630,44349
23-11-2019,2,14911,13789,9175,2986,40861,823,631,1146,2600,43461
23-11-2019,3,14768,13591,9184,3003,40546,806,632,1153,2591,43137
23-11-2019,4,14698,13553,9278,3055,40584,814,654,1175,2643,43227
23-11-2019,5,14748,13838,9490,3182,41258,860,703,1267,2830,44088
23-11-2019,6,14949,14406,9654,3412,42421,928,771,1367,3066,45487
23-11-2019,7,15668,15126,9891,3726,44411,986,826,1445,3257,47668
23-11-2019,8,16278,15693,9980,4001,45952,1043,883,1547,3473,49425
23-11-2019,9,16973,16252,10126,4218,47569,1080,917,1604,3601,51170
23-11-2019,10,17513,17124,10220,4320,49177,1084,916,1618,3618,52795
23-11-2019,11,17527,16865,10216,4329,48937,1088,908,1609,3605,52542
23-11-2019,12,17475,17225,10232,4274,49206,1089,905,1600,3594,52800
23-11-2019,13,17326,17212,10352,4267,49157,1084,899,1578,3561,52718
23-11-2019,14,17340,17107,10620,4228,49295,1100,905,1575,3580,52875
23-11-2019,15,17551,17415,11029,4326,50321,1164,963,1652,3779,54100
23-11-2019,16,17811,17856,11187,4546,51400,1167,986,1704,3857,55257
23-11-2019,17,17758,17781,11250,4755,51544,1143,973,1675,3791,55335
23-11-2019,18,17589,17424,11112,4593,50718,1117,944,1627,3688,54406
23-11-2019,19,17359,16908,10778,4313,49358,1085,907,1563,3555,52913
23-11-2019,20,17115,16257,10412,4059,47843,1041,865,1487,3393,51236
23-11-2019,21,16809,15585,10579,3837,46810,985,802,1379,3166,49976
23-11-2019,22,16240,14958,10416,3638,45252,934,741,1276,2951,48203
23-11-2019,23,15834,14459,9983,3388,43664,881,685,1199,2765,46429
24-11-2019,0,15432,14052,9633,3281,42398,842,646,1158,2646,45044
24-11-2019,1,15147,14026,9425,3151,41749,822,624,1123,2569,44318
24-11-2019,2,14971,13661,9351,3088,41071,809,617,1111,2537,43608
24-11-2019,3,14840,13623,9356,3091,40910,814,623,1116,2553,43463
24-11-2019,4,14797,13757,9427,3124,41105,828,641,1139,2608,43713
24-11-2019,5,14832,14099,9562,3159,41652,860,678,1207,2745,44397
24-11-2019,6,15142,14491,9580,3257,42470,908,729,1272,2909,45379
24-11-2019,7,15529,14954,9780,3566,43829,971,768,1341,3080,46909
24-11-2019,8,15966,15522,9879,3825,45192,1035,833,1445,3313,48505
24-11-2019,9,16483,16301,10142,4045,46971,1071,868,1497,3436,50407
24-11-2019,10,16999,16913,10246,4163,48321,1078,874,1535,3487,51808
24-11-2019,11,17175,17426,10258,4167,49026,1072,870,1536,3478,52504
24-11-2019,12,17181,17552,10231,4136,49100,1068,867,1530,3465,52565
24-11-2019,13,17480,17775,10283,4095,49633,1073,864,1528,3465,53098
24-11-2019,14,17553,17675,10518,4104,49850,1090,877,1533,3500,53350
24-11-2019,15,17852,18077,10761,4173,50863,1171,946,1619,3736,54599
24-11-2019,16,18237,18661,10846,4420,52164,1192,978,1689,3859,56023
24-11-2019,17,18181,18772,10867,4747,52567,1183,974,1679,3836,56403
24-11-2019,18,17994,18625,10857,4578,52054,1168,955,1641,3764,55818
24-11-2019,19,17803,18111,10601,4274,50789,1135,929,1588,3652,54441
24-11-2019,20,17610,17687,10265,4017,49579,1086,883,1495,3464,53043
24-11-2019,21,17375,17003,10502,3802,48682,1020,806,1372,3198,51880
24-11-2019,22,16710,16208,10375,3503,46796,956,737,1261,2954,49750
24-11-2019,23,16113,15476,9995,3284,44868,901,681,1183,2765,47633
25-11-2019,0,15536,14555,9677,3107,42875,868,642,1134,2644,45519
25-11-2019,1,15344,14171,9503,3029,42047,844,629,1120,2593,44640
25-11-2019,2,15165,14114,9453,2981,41713,846,627,1124,2597,44310
25-11-2019,3,15143,14453,9493,3015,42104,872,643,1148,2663,44767
25-11-2019,4,15464,14841,9962,3094,43361,916,686,1213,2815,46176
25-11-2019,5,15996,15687,10790,3385,45858,1044,825,1474,3343,49201
25-11-2019,6,17351,17879,11300,4085,50615,1205,979,1686,3870,54485
25-11-2019,7,18865,19645,11607,4741,54858,1307,1073,1807,4187,59045
25-11-2019,8,19310,19927,11514,4925,55676,1329,1127,1879,4335,60011
25-11-2019,9,19301,19959,11385,4935,55580,1333,1123,1901,4357,59937
25-11-2019,10,19074,19965,11416,5058,55513,1315,1108,1900,4323,59836
25-11-2019,11,18793,19970,11412,5072,55247,1296,1083,1893,4272,59519
25-11-2019,12,18782,20043,11354,4999,55178,1324,1097,1903,4324,59502
25-11-2019,13,18984,19992,11318,5000,55294,1322,1103,1883,4308,59602
25-11-2019,14,19143,20070,11391,4934,55538,1340,1115,1877,4332,59870
25-11-2019,15,19309,20420,11423,4911,56063,1370,1156,1886,4412,60475
25-11-2019,16,19690,20608,11398,5089,56785,1351,1139,1877,4367,61152
25-11-2019,17,19389,20364,11347,5313,56413,1314,1123,1843,4280,60693
25-11-2019,18,18938,19980,11293,5091,55302,1271,1072,1789,4132,59434
25-11-2019,19,18708,19517,11006,4760,53991,1229,1015,1727,3971,57962
25-11-2019,20,18463,18720,10569,4513,52265,1174,956,1619,3749,56014
25-11-2019,21,18007,18132,10608,4209,50956,1080,863,1457,3400,54356
25-11-2019,22,17503,17020,10322,3910,48755,985,774,1321,3080,51835
25-11-2019,23,16369,15932,9766,3610,45677,922,708,1243,2873,48550
26-11-2019,0,15941,14869,9413,3316,43539,879,673,1211,2763,46302
26-11-2019,1,15652,14679,9261,3181,42773,864,660,1188,2712,45485
26-11-2019,2,15560,14703,9178,3161,42602,859,655,1183,2697,45299
26-11-2019,3,15409,14608,9267,3174,42458,875,665,1199,2739,45197
26-11-2019,4,15574,14944,9503,3232,43253,917,705,1274,2896,46149
26-11-2019,5,16075,15862,10339,3492,45768,1042,838,1505,3385,49153
26-11-2019,6,17570,17815,10838,4098,50321,1202,993,1719,3914,54235
26-11-2019,7,18963,19541,11067,4789,54360,1301,1097,1839,4237,58597
26-11-2019,8,19357,19764,10929,5010,55060,1324,1136,1889,4349,59409
26-11-2019,9,19233,19558,10888,5009,54688,1329,1137,1923,4389,59077
26-11-2019,10,19140,19603,10869,5055,54667,1343,1133,1918,4394,59061
26-11-2019,11,18927,19742,10889,5059,54617,1328,1100,1894,4322,58939
26-11-2019,12,19038,19764,10866,5019,54687,1357,1120,1908,4385,59072
26-11-2019,13,19051,19675,10837,5054,54617,1329,1118,1884,4331,58948
26-11-2019,14,19148,19597,11100,4996,54841,1355,1123,1881,4359,59200
26-11-2019,15,19354,19967,11176,4915,55412,1366,1150,1905,4421,59833
26-11-2019,16,19604,20087,11114,5113,55918,1335,1116,1884,4335,60253
26-11-2019,17,19523,19839,11084,5355,55801,1298,1098,1847,4243,60044
26-11-2019,18,19236,19497,11011,5108,54852,1257,1056,1786,4099,58951
26-11-2019,19,18965,19201,10802,4795,53763,1214,1004,1741,3959,57722
26-11-2019,20,18511,18390,10264,4459,51624,1164,961,1625,3750,55374
26-11-2019,21,18235,17688,10362,4165,50450,1076,869,1465,3410,53860
26-11-2019,22,17607,16512,10063,3801,47983,980,788,1330,3098,51081
26-11-2019,23,16964,15418,9666,3504,45552,913,726,1249,2888,48440
27-11-2019,0,16388,14812,9346,3300,43846,876,690,1204,2770,46616
27-11-2019,1,16052,14419,9171,3180,42822,859,675,1188,2722,45544
27-11-2019,2,15789,14214,9143,3137,42283,858,668,1181,2707,44990
27-11-2019,3,15724,14304,9256,3161,42445,863,682,1199,2744,45189
27-11-2019,4,15837,14521,9638,3229,43225,903,720,1269,2892,46117
27-11-2019,5,16533,15573,10472,3469,46047,1023,846,1506,3375,49422
27-11-2019,6,17666,17398,10896,4070,50030,1188,992,1706,3886,53916
27-11-2019,7,19167,19334,11167,4709,54377,1313,1093,1829,4235,58612
27-11-2019,8,19671,19670,11092,4919,55352,1320,1133,1877,4330,59682
27-11-2019,9,19419,19342,11087,4929,54777,1330,1133,1902,4365,59142
27-11-2019,10,19321,19224,11141,5002,54688,1327,1123,1892,4342,59030
27-11-2019,11,19093,19327,11127,4980,54527,1311,1092,1869,4272,58799
27-11-2019,12,19090,19494,11006,4908,54498,1333,1120,1893,4346,58844
27-11-2019,13,19101,19467,10959,4953,54480,1317,1117,1873,4307,58787
27-11-2019,14,19249,19319,11147,4942,54657,1336,1116,1874,4326,58983
27-11-2019,15,19600,19902,11303,4909,55714,1337,1154,1904,4395,60109
27-11-2019,16,19749,20031,11330,5067,56177,1297,1129,1888,4314,60491
27-11-2019,17,19185,20093,11313,5349,55940,1276,1107,1856,4239,60179
27-11-2019,18,19399,20018,11323,5128,55868,1247,1064,1794,4105,59973
27-11-2019,19,18993,19340,11110,4789,54232,1210,1020,1726,3956,58188
27-11-2019,20,18850,18615,10596,4521,52582,1153,970,1615,3738,56320
27-11-2019,21,18575,17664,10628,4241,51108,1069,878,1455,3402,54510
27-11-2019,22,18018,16699,10329,3892,48938,967,797,1318,3082,52020
27-11-2019,23,17211,15817,9858,3575,46461,900,727,1237,2864,49325
28-11-2019,0,16574,15022,9614,3357,44567,845,686,1187,2718,47285
28-11-2019,1,16171,14792,9343,3219,43525,829,666,1164,2659,46184
28-11-2019,2,16111,14737,9316,3171,43335,819,656,1159,2634,45969
28-11-2019,3,16064,14853,9344,3177,43438,833,661,1174,2668,46106
28-11-2019,4,16265,15136,9653,3267,44321,867,705,1237,2809,47130
28-11-2019,5,16812,15983,10423,3509,46727,1008,834,1480,3322,50049
28-11-2019,6,18218,18038,10863,4126,51245,1155,979,1702,3836,55081
28-11-2019,7,19691,19546,11027,4755,55019,1267,1081,1819,4167,59186
28-11-2019,8,20124,19681,10886,4966,55657,1290,1114,1862,4266,59923
28-11-2019,9,19788,19337,10847,4959,54931,1310,1114,1888,4312,59243
28-11-2019,10,19633,19522,10842,5040,55037,1303,1108,1888,4299,59336
28-11-2019,11,19552,19449,10850,5009,54860,1297,1076,1862,4235,59095
28-11-2019,12,19547,19515,10768,4917,54747,1313,1098,1879,4290,59037
28-11-2019,13,19728,19468,10800,4957,54953,1301,1092,1873,4266,59219
28-11-2019,14,19754,19395,11070,4908,55127,1321,1090,1871,4282,59409
28-11-2019,15,20001,19937,11106,4881,55925,1326,1129,1899,4354,60279
28-11-2019,16,20356,19957,11071,5066,56450,1300,1099,1877,4276,60726
28-11-2019,17,20228,19964,10928,5261,56381,1265,1074,1842,4181,60562
28-11-2019,18,19953,19599,10955,5056,55563,1218,1029,1783,4030,59593
28-11-2019,19,19605,18940,10757,4809,54111,1192,993,1710,3895,58006
28-11-2019,20,19551,18430,10258,4497,52736,1125,936,1600,3661,56397
28-11-2019,21,19132,17654,10266,4203,51255,1044,848,1447,3339,54594
28-11-2019,22,18506,16789,9953,3901,49149,940,763,1302,3005,52154
28-11-2019,23,17635,15986,9508,3761,46890,875,697,1221,2793,49683
29-11-2019,0,17074,15453,9251,3458,45236,845,657,1173,2675,47911
29-11-2019,1,16505,15072,9081,3421,44079,817,641,1147,2605,46684
29-11-2019,2,16529,15042,9002,3344,43917,805,636,1145,2586,46503
29-11-2019,3,16579,15062,9123,3426,44190,814,644,1156,2614,46804
29-11-2019,4,16963,15463,9456,3545,45427,871,682,1220,2773,48200
29-11-2019,5,17412,16403,10188,3825,47828,990,814,1467,3271,51099
29-11-2019,6,18895,18634,10703,4476,52708,1147,966,1682,3795,56503
29-11-2019,7,20525,20244,11060,5143,56972,1244,1067,1800,4111,61083
29-11-2019,8,20847,20538,10966,5325,57676,1254,1104,1846,4204,61880
29-11-2019,9,20748,20729,10954,5277,57708,1263,1094,1860,4217,61925
29-11-2019,10,20664,20830,11029,5264,57787,1264,1083,1848,4195,61982
29-11-2019,11,20136,20718,11063,5053,56970,1251,1052,1817,4120,61090
29-11-2019,12,19826,20431,10923,4841,56021,1280,1067,1831,4178,60199
29-11-2019,13,19880,20165,10953,4744,55742,1235,1068,1812,4115,59857
29-11-2019,14,19875,19991,11225,4614,55705,1257,1065,1797,4119,59824
29-11-2019,15,20249,20683,11320,4589,56841,1261,1098,1826,4185,61026
29-11-2019,16,20634,21188,11271,4885,57978,1225,1075,1825,4125,62103
29-11-2019,17,20406,21167,11306,5070,57949,1189,1057,1782,4028,61977
29-11-2019,18,20086,20514,11313,4972,56885,1150,1009,1726,3885,60770
29-11-2019,19,19870,19936,11062,4630,55498,1140,963,1647,3750,59248
29-11-2019,20,19591,19175,10691,4363,53820,1093,905,1563,3561,57381
29-11-2019,21,19163,18565,10783,4140,52651,1019,835,1442,3296,55947
29-11-2019,22,18700,17829,10559,3870,50958,935,761,1325,3021,53979
29-11-2019,23,18231,17057,10030,3646,48964,869,695,1233,2797,51761
30-11-2019,0,17981,16706,9736,3439,47862,837,664,1187,2688,50550
30-11-2019,1,17269,16524,9542,3313,46648,824,645,1159,2628,49276
30-11-2019,2,17029,16286,9494,3252,46061,836,630,1137,2603,48664
30-11-2019,3,17008,16223,9455,3244,45930,832,630,1141,2603,48533
30-11-2019,4,17023,16382,9549,3249,46203,848,652,1162,2662,48865
30-11-2019,5,17188,16753,9813,3329,47083,885,704,1258,2847,49930
30-11-2019,6,17615,17307,9987,3528,48437,968,758,1354,3080,51517
30-11-2019,7,18303,18104,10323,3782,50512,1032,813,1448,3293,53805
30-11-2019,8,19009,18831,10366,4040,52246,1092,872,1540,3504,55750
30-11-2019,9,19595,19149,10498,4209,53451,1121,908,1577,3606,57057
30-11-2019,10,19826,19312,10546,4250,53934,1122,907,1589,3618,57552
30-11-2019,11,19650,19482,10514,4190,53836,1090,897,1587,3574,57410
30-11-2019,12,19360,19225,10468,4122,53175,1089,897,1567,3553,56728
30-11-2019,13,19375,18979,10481,4069,52904,1103,904,1561,3568,56472
30-11-2019,14,19179,18852,10782,4030,52843,1120,909,1557,3586,56429
30-11-2019,15,19390,19238,11149,4120,53897,1183,964,1640,3787,57684
30-11-2019,16,20073,20078,11332,4402,55885,1190,983,1693,3866,59751
30-11-2019,17,20228,20191,11414,4694,56527,1177,975,1660,3812,60339
30-11-2019,18,20155,20192,11352,4599,56298,1147,943,1608,3698,59996
30-11-2019,19,19821,19849,11027,4306,55003,1116,910,1555,3581,58584
30-11-2019,20,19519,19358,10570,4075,53522,1068,869,1483,3420,56942
30-11-2019,21,19184,18839,10773,3875,52671,1009,806,1381,3196,55867
30-11-2019,22,18760,18402,10589,3657,51408,945,743,1288,2976,54384
30-11-2019,23,18332,17811,10141,3471,49755,896,695,1207,2798,52553
01-12-2019,0,17955,17328,9795,3306,48384,856,661,1157,2674,51058
01-12-2019,1,17674,16819,9567,3238,47298,834,649,1151,2634,49932
01-12-2019,2,17608,16852,9474,3159,47093,804,636,1145,2585,49678
01-12-2019,3,17590,16696,9447,3131,46864,806,635,1128,2569,49433
01-12-2019,4,17581,16592,9551,3149,46873,821,655,1151,2627,49500
01-12-2019,5,17606,16848,9702,3234,47390,854,695,1221,2770,50160
01-12-2019,6,17752,17254,9749,3438,48193,901,744,1283,2928,51121
01-12-2019,7,18216,18015,9948,3698,49877,960,793,1349,3102,52979
01-12-2019,8,18854,18614,10021,3912,51401,1012,854,1450,3316,54717
01-12-2019,9,19174,19148,10187,4095,52604,1037,885,1507,3429,56033
01-12-2019,10,19383,19352,10254,4151,53140,1042,894,1533,3469,56609
01-12-2019,11,19435,19340,10250,4144,53169,1031,890,1650,3571,56740
01-12-2019,12,19320,19256,10091,4118,52785,1020,878,1511,3409,56194
01-12-2019,13,19434,19052,10213,4097,52796,1022,872,1522,3416,56212
01-12-2019,14,19594,19070,10481,4126,53271,1051,879,1533,3463,56734
01-12-2019,15,19772,19668,10772,4184,54396,1124,952,1638,3714,58110
01-12-2019,16,20140,20075,10869,4480,55564,1141,983,1677,3801,59365
01-12-2019,17,20007,20347,10882,4820,56056,1141,986,1661,3788,59844
01-12-2019,18,19819,20132,10837,4739,55527,1122,965,1629,3716,59243
01-12-2019,19,19766,19757,10541,4484,54548,1099,929,1571,3599,58147
01-12-2019,20,19525,19457,10151,4230,53363,1048,879,1493,3420,56783
01-12-2019,21,19341,18804,10406,3978,52529,970,806,1372,3148,55677
01-12-2019,22,19232,18091,10238,3750,51311,915,736,1256,2907,54218
01-12-2019,23,18410,17456,9817,3533,49216,876,675,1169,2720,51936
02-12-2019,0,17649,16665,9520,3373,47207,842,641,1134,2617,49824
02-12-2019,1,17479,16541,9351,3297,46668,827,632,1108,2567,49235
02-12-2019,2,17409,16559,9277,3249,46494,814,626,1088,2528,49022
02-12-2019,3,17482,16638,9379,3279,46778,832,639,1127,2598,49376
02-12-2019,4,17533,16948,9827,3375,47683,874,685,1197,2756,50439
02-12-2019,5,18207,18247,10751,3604,50809,1021,821,1460,3302,54111
02-12-2019,6,19698,20306,11317,4297,55618,1182,969,1691,3842,59460
02-12-2019,7,21443,21919,11513,4945,59820,1284,1059,1820,4163,63983
02-12-2019,8,21724,22357,11259,5092,60432,1310,1107,1861,4278,64710
02-12-2019,9,21675,22227,11270,5088,60260,1306,1106,1888,4300,64560
02-12-2019,10,21600,22213,11225,5106,60144,1294,1106,1883,4283,64427
02-12-2019,11,21422,21911,11183,5041,59557,1268,1084,1874,4226,63783
02-12-2019,12,21188,21593,11086,4956,58823,1296,1105,1882,4283,63106
02-12-2019,13,20937,21487,11106,4950,58480,1285,1107,1878,4270,62750
02-12-2019,14,21079,21495,11263,4944,58781,1314,1104,1877,4295,63076
02-12-2019,15,21325,22075,11453,4911,59764,1357,1145,1918,4420,64184
02-12-2019,16,21681,22490,11539,5185,60895,1335,1119,1891,4345,65240
02-12-2019,17,21704,22592,11491,5543,61330,1306,1108,1831,4245,65575
02-12-2019,18,21230,22322,11475,5327,60354,1269,1078,1775,4122,64476
02-12-2019,19,20861,21686,11262,4995,58804,1230,1053,1741,4024,62828
02-12-2019,20,20604,21251,10779,4660,57294,1176,986,1621,3783,61077
02-12-2019,21,20204,20606,10895,4366,56071,1095,897,1480,3472,59543
02-12-2019,22,19554,19685,10653,4055,53947,1001,807,1339,3147,57094
02-12-2019,23,18713,18826,10163,3751,51453,929,747,1261,2937,54390
03-12-2019,0,18108,18164,9847,3573,49692,898,713,1215,2826,52518
03-12-2019,1,17647,17889,9659,3484,48679,879,692,1190,2761,51440
03-12-2019,2,17379,17837,9621,3465,48302,862,683,1187,2732,51034
03-12-2019,3,17131,17605,9776,3485,47997,883,685,1212,2780,50777
03-12-2019,4,17141,18046,10197,3545,48929,940,730,1294,2964,51893
03-12-2019,5,17996,19028,11115,3797,51936,1069,860,1524,3453,55389
03-12-2019,6,19237,20646,11591,4451,55925,1230,1013,1739,3982,59907
03-12-2019,7,20688,21845,11759,5096,59388,1311,1111,1855,4277,63665
03-12-2019,8,20992,21477,11693,5229,59391,1317,1142,1881,4340,63731
03-12-2019,9,20851,21213,11662,5255,58981,1331,1140,1872,4343,63324
03-12-2019,10,20736,21547,11625,5373,59281,1317,1114,1856,4287,63568
03-12-2019,11,20528,21303,11531,5411,58773,1292,1077,1826,4195,62968
03-12-2019,12,20334,21342,11405,5316,58397,1314,1091,1817,4222,62619
03-12-2019,13,20153,21059,11411,5336,57959,1305,1076,1812,4193,62152
03-12-2019,14,20145,21249,11620,5266,58280,1334,1080,1815,4229,62509
03-12-2019,15,20279,21801,11733,5198,59011,1360,1134,1883,4377,63388
03-12-2019,16,20483,21696,11782,5373,59334,1354,1116,1901,4371,63705
03-12-2019,17,20235,21312,11631,5534,58712,1318,1096,1862,4276,62988
03-12-2019,18,19809,20941,11657,5354,57761,1281,1058,1812,4151,61912
03-12-2019,19,19360,20113,11401,5071,55945,1250,1019,1738,4007,59952
03-12-2019,20,19105,19483,10893,4744,54225,1185,967,1631,3783,58008
03-12-2019,21,18685,18548,10919,4483,52635,1098,876,1479,3453,56088
03-12-2019,22,17804,17467,10630,4157,50058,993,792,1339,3124,53182
03-12-2019,23,17188,16394,10163,3833,47578,910,730,1257,2897,50475
04-12-2019,0,16643,15630,9786,3554,45613,898,694,1201,2793,48406
04-12-2019,1,16229,15521,9507,3446,44703,879,676,1177,2732,47435
04-12-2019,2,15965,15324,9417,3385,44091,872,668,1164,2704,46795
04-12-2019,3,15947,15433,9406,3383,44169,877,676,1186,2739,46908
04-12-2019,4,16111,15749,9720,3415,44995,917,726,1269,2912,47907
04-12-2019,5,16567,16793,10324,3654,47338,1043,850,1510,3403,50741
04-12-2019,6,18090,18595,10563,4270,51518,1197,994,1729,3920,55438
04-12-2019,7,19522,20257,10753,4905,55437,1301,1091,1861,4253,59690
04-12-2019,8,19701,20297,10778,5091,55867,1309,1123,1898,4330,60197
04-12-2019,9,19494,20086,10797,5083,55460,1299,1118,1908,4325,59785
04-12-2019,10,19495,20087,10726,5147,55455,1293,1109,1892,4294,59749
04-12-2019,11,19308,20127,10630,5127,55192,1272,1075,1858,4205,59397
04-12-2019,12,19118,20084,10548,5078,54828,1282,1085,1884,4251,59079
04-12-2019,13,18802,19957,10530,5095,54384,1273,1077,1874,4224,58608
04-12-2019,14,18925,20059,10706,5018,54708,1288,1082,1874,4244,58952
04-12-2019,15,19318,20423,10908,4932,55581,1316,1127,1912,4355,59936
04-12-2019,16,19665,20623,10941,5131,56360,1298,1104,1868,4270,60630
04-12-2019,17,19567,20585,10900,5453,56505,1271,1082,1828,4181,60686
04-12-2019,18,19451,20021,10888,5265,55625,1233,1042,1777,4052,59677
04-12-2019,19,19068,19462,10645,5024,54199,1201,1004,1703,3908,58107
04-12-2019,20,18466,18749,10159,4652,52026,1135,941,1597,3673,55699
04-12-2019,21,18101,18351,10141,4390,50983,1048,856,1448,3352,54335
04-12-2019,22,17487,17159,9837,4010,48493,950,777,1311,3038,51531
04-12-2019,23,16780,16299,9338,3686,46103,863,700,1230,2793,48896
05-12-2019,0,16292,15558,9030,3497,44377,817,667,1188,2672,47049
05-12-2019,1,15682,15036,8900,3361,42979,799,652,1164,2615,45594
05-12-2019,2,15581,15100,8776,3352,42809,805,645,1163,2613,45422
05-12-2019,3,15655,15188,8835,3333,43011,808,652,1168,2628,45639
05-12-2019,4,15699,15252,9194,3419,43564,842,700,1254,2796,46360
05-12-2019,5,16197,15988,10043,3737,45965,981,825,1502,3308,49273
05-12-2019,6,17498,18115,10447,4371,50431,1142,969,1718,3829,54260
05-12-2019,7,18898,19597,10807,5030,54332,1252,1074,1843,4169,58501
05-12-2019,8,19390,19712,10724,5309,55135,1265,1105,1875,4245,59380
05-12-2019,9,18984,19547,10642,5217,54390,1265,1104,1883,4252,58642
05-12-2019,10,18984,19540,10587,5251,54362,1260,1089,1874,4223,58585
05-12-2019,11,18959,19431,10532,5253,54175,1253,1058,1852,4163,58338
05-12-2019,12,18808,19133,10526,5237,53704,1280,1074,1879,4233,57937
05-12-2019,13,18699,19147,10470,5276,53592,1276,1078,1874,4228,57820
05-12-2019,14,18860,19438,10602,5145,54045,1293,1092,1866,4251,58296
05-12-2019,15,19176,19907,10620,5152,54855,1298,1129,1896,4323,59178
05-12-2019,16,19348,20175,10691,5415,55629,1271,1102,1871,4244,59873
05-12-2019,17,19215,20285,10628,5578,55706,1232,1081,1837,4150,59856
05-12-2019,18,18885,19746,10579,5384,54594,1189,1046,1781,4016,58610
05-12-2019,19,18517,19400,10366,5102,53385,1153,1007,1709,3869,57254
05-12-2019,20,18359,18861,9920,4798,51938,1090,943,1604,3637,55575
05-12-2019,21,17910,17832,9972,4567,50281,1006,858,1458,3322,53603
05-12-2019,22,17338,16597,9705,4189,47829,911,772,1325,3008,50837
05-12-2019,23,16529,15612,9242,3915,45298,850,708,1251,2809,48107
06-12-2019,0,16113,14984,8878,3721,43696,817,668,1191,2676,46372
06-12-2019,1,15625,14706,8684,3575,42590,805,655,1180,2640,45230
06-12-2019,2,15400,14732,8561,3521,42214,797,648,1176,2621,44835
06-12-2019,3,15400,14883,8556,3559,42398,803,665,1201,2669,45067
06-12-2019,4,15456,15025,8767,3686,42934,838,709,1260,2807,45741
06-12-2019,5,16002,15933,9005,3900,44840,973,837,1506,3316,48156
06-12-2019,6,17242,17752,9088,4507,48589,1135,981,1718,3834,52423
06-12-2019,7,18642,19594,9442,5186,52864,1253,1082,1824,4159,57023
06-12-2019,8,19421,19786,9657,5414,54278,1282,1120,1842,4244,58522
06-12-2019,9,19324,19267,9772,5327,53690,1281,1131,1820,4232,57922
06-12-2019,10,19276,19359,9929,5315,53879,1274,1131,1803,4208,58087
06-12-2019,11,19064,19406,9945,5187,53602,1256,1096,1785,4137,57739
06-12-2019,12,18868,18908,9975,5036,52787,1269,1102,1813,4184,56971
06-12-2019,13,18890,18764,10100,4979,52733,1254,1094,1813,4161,56894
06-12-2019,14,18951,18721,10427,4860,52959,1280,1097,1815,4192,57151
06-12-2019,15,19202,19486,10527,4849,54064,1280,1126,1852,4258,58322
06-12-2019,16,19250,19775,10661,5029,54715,1256,1089,1841,4186,58901
06-12-2019,17,19143,19682,10533,5230,54588,1218,1062,1788,4068,58656
06-12-2019,18,18812,18898,10273,5013,52996,1175,1016,1730,3921,56917
06-12-2019,19,18515,18234,10028,4678,51455,1133,975,1659,3767,55222
06-12-2019,20,18263,17468,9770,4413,49914,1077,926,1568,3571,53485
06-12-2019,21,17847,16416,10008,4171,48442,999,847,1433,3279,51721
06-12-2019,22,17137,15513,9840,3925,46415,910,777,1305,2992,49407
06-12-2019,23,16425,14917,9382,3699,44423,853,713,1220,2786,47209
07-12-2019,0,16099,14349,9054,3508,43010,821,674,1168,2663,45673
07-12-2019,1,15838,14027,8791,3429,42085,803,653,1141,2597,44682
07-12-2019,2,15625,14070,8699,3295,41689,773,644,1136,2553,44242
07-12-2019,3,15605,14113,8718,3280,41716,774,644,1144,2562,44278
07-12-2019,4,15600,13977,8776,3311,41664,789,672,1173,2634,44298
07-12-2019,5,15738,14254,8988,3472,42452,831,718,1259,2808,45260
07-12-2019,6,16031,14794,9105,3615,43545,900,788,1359,3047,46592
07-12-2019,7,16673,15675,9420,3963,45731,980,860,1448,3288,49019
07-12-2019,8,17487,16257,9619,4262,47625,1029,903,1543,3475,51100
07-12-2019,9,18275,16535,9716,4401,48927,1068,938,1608,3614,52541
07-12-2019,10,18443,17175,9847,4448,49913,1096,944,1634,3674,53587
07-12-2019,11,18633,17090,9877,4336,49936,1093,935,1643,3671,53607
07-12-2019,12,18423,17257,9904,4338,49922,1094,938,1641,3673,53595
07-12-2019,13,18306,17277,9957,4289,49829,1094,942,1619,3655,53484
07-12-2019,14,18245,17449,10286,4268,50248,1123,964,1627,3714,53962
07-12-2019,15,18514,17927,10512,4327,51280,1150,1002,1695,3847,55127
07-12-2019,16,18855,18386,10611,4618,52470,1138,994,1693,3825,56295
07-12-2019,17,19021,18653,10624,4828,53126,1116,963,1654,3733,56859
07-12-2019,18,18793,18389,10522,4656,52360,1084,934,1605,3623,55983
07-12-2019,19,18574,18012,10236,4320,51142,1036,902,1537,3475,54617
07-12-2019,20,18121,17417,9845,4073,49456,1002,856,1458,3316,52772
07-12-2019,21,17716,16803,9966,3933,48418,938,798,1352,3088,51506
07-12-2019,22,17357,16433,9791,3699,47280,881,735,1253,2869,50149
07-12-2019,23,16866,15881,9419,3527,45693,823,676,1173,2672,48365
08-12-2019,0,16566,15405,9088,3434,44493,783,640,1139,2562,47055
08-12-2019,1,16321,15158,8894,3340,43713,749,621,1099,2469,46182
08-12-2019,2,16279,15169,8770,3299,43517,747,609,1081,2437,45954
08-12-2019,3,16551,15065,8764,3271,43651,750,612,1079,2441,46092
08-12-2019,4,16400,15156,8860,3327,43743,763,632,1108,2503,46246
08-12-2019,5,16433,15494,9031,3387,44345,798,666,1183,2647,46992
08-12-2019,6,16644,16033,9149,3566,45392,835,714,1261,2810,48202
08-12-2019,7,16902,16518,9407,3813,46640,913,763,1337,3013,49653
08-12-2019,8,17254,17158,9518,4109,48039,959,824,1413,3196,51235
08-12-2019,9,17933,17647,9693,4359,49632,996,860,1481,3337,52969
08-12-2019,10,18366,17920,9842,4536,50664,992,870,1514,3376,54040
08-12-2019,11,18299,18179,9832,4582,50892,999,868,1527,3394,54286
08-12-2019,12,18710,18256,9813,4589,51368,1009,872,1527,3408,54776
08-12-2019,13,18591,18000,9839,4544,50974,1026,883,1532,3441,54415
08-12-2019,14,18619,17983,10156,4543,51301,1077,910,1556,3543,54844
08-12-2019,15,18916,18506,10353,4532,52307,1127,966,1624,3717,56024
08-12-2019,16,18820,18791,10369,4739,52719,1137,968,1651,3756,56475
08-12-2019,17,18838,19067,10412,5002,53319,1131,957,1638,3726,57045
08-12-2019,18,18735,18304,10423,4906,52368,1114,936,1607,3657,56025
08-12-2019,19,18517,17916,10167,4572,51172,1075,917,1553,3545,54717
08-12-2019,20,18173,17333,9743,4407,49656,1012,863,1465,3340,52996
08-12-2019,21,17952,16867,9830,4190,48839,937,789,1335,3061,51900
08-12-2019,22,17527,16484,9641,3958,47610,871,711,1222,2804,50414
08-12-2019,23,16928,15935,9139,3644,45646,816,658,1143,2617,48263
09-12-2019,0,16444,15529,8785,3529,44287,797,631,1096,2524,46811
09-12-2019,1,15878,15354,8528,3348,43108,784,613,1074,2471,45579
09-12-2019,2,15772,15277,8448,3299,42796,775,604,1065,2444,45240
09-12-2019,3,15777,15187,8526,3396,42886,771,612,1086,2469,45355
09-12-2019,4,15995,15384,8837,3485,43701,814,660,1174,2648,46349
09-12-2019,5,16385,16115,9403,3687,45590,948,791,1429,3168,48758
09-12-2019,6,17782,18159,9948,4362,50251,1112,944,1652,3708,53959
09-12-2019,7,19414,19729,10277,5033,54453,1232,1048,1789,4069,58522
09-12-2019,8,20077,20086,10230,5273,55666,1244,1074,1834,4152,59818
09-12-2019,9,19992,19885,10148,5269,55294,1233,1075,1828,4136,59430
09-12-2019,10,19733,19922,10159,5284,55098,1235,1068,1822,4125,59223
09-12-2019,11,19613,19842,10162,5182,54799,1216,1025,1786,4027,58826
09-12-2019,12,19699,19805,10106,5048,54658,1240,1043,1794,4077,58735
09-12-2019,13,19467,19633,10184,5055,54339,1233,1042,1799,4074,58413
09-12-2019,14,19872,19613,10429,4993,54907,1256,1052,1792,4100,59007
09-12-2019,15,20211,20217,10514,4950,55892,1279,1105,1838,4222,60114
09-12-2019,16,20551,20402,10477,5216,56646,1257,1082,1830,4169,60815
09-12-2019,17,20430,20515,10391,5518,56854,1222,1064,1795,4081,60935
09-12-2019,18,20071,19953,10379,5288,55691,1185,1027,1741,3953,59644
09-12-2019,19,19995,19820,10166,4926,54907,1148,987,1674,3809,58716
09-12-2019,20,19849,19140,9734,4670,53393,1093,927,1580,3600,56993
09-12-2019,21,19750,18290,9834,4420,52294,1010,838,1430,3278,55572
09-12-2019,22,19211,17635,9628,4053,50527,911,755,1286,2952,53479
09-12-2019,23,18314,16639,9188,3750,47891,854,694,1205,2753,50644
10-12-2019,0,18031,16435,8913,3564,46943,810,656,1153,2619,49562
10-12-2019,1,17716,16197,8792,3489,46194,791,640,1133,2564,48758
10-12-2019,2,17392,16665,8740,3404,46201,783,632,1129,2544,48745
10-12-2019,3,17551,16917,8863,3413,46744,793,643,1142,2578,49322
10-12-2019,4,17710,17248,9271,3515,47744,840,684,1216,2740,50484
10-12-2019,5,18268,18320,10149,3771,50508,991,812,1458,3261,53769
10-12-2019,6,19783,20588,10738,4377,55486,1149,957,1674,3780,59266
10-12-2019,7,21531,22497,11083,5052,60163,1273,1067,1797,4137,64300
10-12-2019,8,21719,22794,10953,5153,60619,1286,1099,1826,4211,64830
10-12-2019,9,21604,22864,10929,5154,60551,1300,1091,1825,4216,64767
10-12-2019,10,21483,22806,10939,5225,60453,1287,1067,1824,4178,64631
10-12-2019,11,21094,22396,10901,5217,59608,1271,1038,1803,4112,63720
10-12-2019,12,21180,22245,10839,5103,59367,1302,1065,1822,4189,63556
10-12-2019,13,21093,21620,10933,5102,58748,1296,1074,1803,4173,62921
10-12-2019,14,21292,21676,11186,5115,59269,1324,1079,1805,4208,63477
10-12-2019,15,21656,22212,11384,5075,60327,1341,1122,1847,4310,64637
10-12-2019,16,21449,22082,11397,5343,60271,1302,1094,1841,4237,64508
10-12-2019,17,21252,22168,11384,5578,60382,1265,1086,1799,4150,64532
10-12-2019,18,20865,21676,11328,5430,59299,1239,1053,1748,4040,63339
10-12-2019,19,20493,20961,11075,5109,57638,1208,1006,1693,3907,61545
10-12-2019,20,19919,20044,10581,4838,55382,1157,961,1583,3701,59083
10-12-2019,21,19516,19131,10621,4507,53775,1078,877,1435,3390,57165
10-12-2019,22,18715,18329,10328,4140,51512,985,788,1310,3083,54595
10-12-2019,23,17764,17246,9805,3857,48672,927,725,1230,2882,51554
11-12-2019,0,16966,16795,9496,3690,46947,893,688,1185,2766,49713
11-12-2019,1,16599,16490,9279,3579,45947,876,668,1168,2712,48659
11-12-2019,2,16341,16378,9173,3550,45442,867,663,1168,2698,48140
11-12-2019,3,16089,16393,9203,3560,45245,876,677,1189,2742,47987
11-12-2019,4,16032,16683,9567,3658,45940,918,729,1273,2920,48860
11-12-2019,5,16946,17231,10439,3804,48420,1050,858,1517,3425,51845
11-12-2019,6,17924,19264,10854,4376,52418,1203,1004,1743,3950,56368
11-12-2019,7,19176,20781,11009,5023,55989,1310,1103,1880,4293,60282
11-12-2019,8,19405,21105,10921,5249,56680,1317,1112,1908,4337,61017
11-12-2019,9,19057,20960,10823,5272,56112,1312,1107,1880,4299,60411
11-12-2019,10,19256,21159,10725,5308,56448,1309,1096,1864,4269,60717
11-12-2019,11,19160,21206,10710,5204,56280,1297,1063,1830,4190,60470
11-12-2019,12,19015,21221,10664,5100,56000,1316,1070,1848,4234,60234
11-12-2019,13,18947,20825,10723,5070,55565,1308,1071,1827,4206,59771
11-12-2019,14,19076,20528,10910,4832,55346,1337,1090,1836,4263,59609
11-12-2019,15,19493,20954,10883,4720,56050,1352,1146,1903,4401,60451
11-12-2019,16,19656,21156,10836,4964,56612,1327,1129,1897,4353,60965
11-12-2019,17,19585,20988,10721,5473,56767,1296,1113,1871,4280,61047
11-12-2019,18,19336,20629,10663,5240,55868,1254,1072,1816,4142,60010
11-12-2019,19,19008,20165,10395,4905,54473,1223,1040,1751,4014,58487
11-12-2019,20,18710,19472,9849,4609,52640,1154,983,1646,3783,56423
11-12-2019,21,18328,18745,9872,4318,51263,1080,891,1487,3458,54721
11-12-2019,22,17512,17660,9557,3979,48708,982,802,1351,3135,51843
11-12-2019,23,16542,16692,8998,3661,45893,920,738,1272,2930,48823
12-12-2019,0,15832,15698,8608,3448,43586,886,697,1218,2801,46387
12-12-2019,1,15488,15530,8402,3346,42766,873,685,1198,2756,45522
12-12-2019,2,15216,15231,8390,3297,42134,864,681,1192,2737,44871
12-12-2019,3,15111,15223,8504,3300,42138,880,688,1199,2767,44905
12-12-2019,4,15445,15671,8903,3389,43408,924,739,1287,2950,46358
12-12-2019,5,16134,16709,9813,3652,46308,1055,860,1517,3432,49740
12-12-2019,6,17847,18372,10438,4281,50938,1212,1010,1735,3957,54895
12-12-2019,7,19269,19604,10710,4937,54520,1320,1118,1871,4309,58829
12-12-2019,8,19662,20281,10628,5142,55713,1323,1147,1909,4379,60092
12-12-2019,9,19688,20266,10631,5070,55655,1290,1132,1905,4327,59982
12-12-2019,10,19556,20728,10693,5023,56000,1293,1139,1917,4349,60349
12-12-2019,11,19208,20333,10720,4985,55246,1283,1115,1868,4266,59512
12-12-2019,12,19183,20415,10720,4960,55278,1302,1129,1878,4309,59587
12-12-2019,13,19186,20667,10788,4950,55591,1302,1123,1863,4288,59879
12-12-2019,14,19399,20607,11024,4877,55907,1332,1117,1859,4308,60215
12-12-2019,15,19686,20839,11045,4945,56515,1352,1156,1900,4408,60923
12-12-2019,16,19657,21144,11011,5193,57005,1323,1124,1884,4331,61336
12-12-2019,17,19653,21227,10939,5280,57099,1297,1099,1844,4240,61339
12-12-2019,18,19360,20594,11003,5094,56051,1266,1058,1794,4118,60169
12-12-2019,19,18962,19979,10814,4802,54557,1234,1035,1733,4002,58559
12-12-2019,20,18791,19501,10350,4497,53139,1172,975,1623,3770,56909
12-12-2019,21,18581,18791,10401,4198,51971,1095,892,1459,3446,55417
12-12-2019,22,18033,17784,10143,3851,49811,1003,809,1316,3128,52939
12-12-2019,23,17263,16870,9621,3597,47351,930,732,1237,2899,50250
13-12-2019,0,16706,16471,9296,3380,45853,870,696,1184,2750,48603
13-12-2019,1,16406,16000,9134,3279,44819,850,682,1160,2692,47511
13-12-2019,2,16167,16033,9076,3206,44482,845,675,1157,2677,47159
13-12-2019,3,16179,16186,9198,3209,44772,856,686,1171,2713,47485
13-12-2019,4,16314,16532,9602,3357,45805,888,718,1231,2837,48642
13-12-2019,5,16819,17361,10489,3588,48257,1024,849,1474,3347,51604
13-12-2019,6,17861,19184,11100,4190,52335,1182,994,1700,3876,56211
13-12-2019,7,19562,20956,11353,4876,56747,1296,1110,1840,4246,60993
13-12-2019,8,19765,21170,11230,5091,57256,1309,1127,1866,4302,61558
13-12-2019,9,19739,20934,11154,5083,56910,1312,1132,1864,4308,61218
13-12-2019,10,19617,20640,11115,5043,56415,1302,1117,1849,4268,60683
13-12-2019,11,19503,20544,11054,4975,56076,1285,1089,1837,4211,60287
13-12-2019,12,19348,20515,11052,4787,55702,1303,1096,1853,4252,59954
13-12-2019,13,19178,20320,11002,4691,55191,1283,1082,1837,4202,59393
13-12-2019,14,19374,20156,11202,4583,55315,1305,1091,1824,4220,59535
13-12-2019,15,19571,20608,11241,4643,56063,1315,1131,1855,4301,60364
13-12-2019,16,19643,20586,11135,4873,56237,1281,1103,1828,4212,60449
13-12-2019,17,19580,20272,11041,5050,55943,1245,1081,1771,4097,60040
13-12-2019,18,19337,19735,11056,4831,54959,1204,1034,1716,3954,58913
13-12-2019,19,19005,19024,10809,4505,53343,1169,1006,1644,3819,57162
13-12-2019,20,18570,18445,10349,4189,51553,1111,947,1555,3613,55166
13-12-2019,21,18143,17665,10393,3923,50124,1024,868,1429,3321,53445
13-12-2019,22,17680,16754,10145,3722,48301,947,794,1310,3051,51352
13-12-2019,23,17199,16083,9651,3470,46403,896,729,1218,2843,49246
14-12-2019,0,16752,15428,9273,3284,44737,856,693,1168,2717,47454
14-12-2019,1,16400,14893,9024,3181,43498,825,675,1146,2646,46144
14-12-2019,2,15974,14636,8943,3132,42685,812,661,1132,2605,45290
14-12-2019,3,15987,14671,8967,3104,42729,811,663,1134,2608,45337
14-12-2019,4,16050,14748,9044,3120,42962,826,682,1165,2673,45635
14-12-2019,5,16242,14953,9344,3191,43730,872,735,1257,2864,46594
14-12-2019,6,16551,15653,9527,3362,45093,940,801,1347,3088,48181
14-12-2019,7,16931,16324,9881,3671,46807,1022,876,1447,3345,50152
14-12-2019,8,17529,17384,10027,3983,48923,1069,916,1532,3517,52440
14-12-2019,9,18288,17945,10135,4166,50534,1095,945,1589,3629,54163
14-12-2019,10,18700,18636,10158,4309,51803,1104,955,1612,3671,55474
14-12-2019,11,18765,18899,10150,4336,52150,1104,949,1616,3669,55819
14-12-2019,12,18700,18913,10170,4270,52053,1103,950,1614,3667,55720
14-12-2019,13,18694,18868,10259,4218,52039,1108,946,1601,3655,55694
14-12-2019,14,18605,19037,10564,4236,52442,1138,967,1610,3715,56157
14-12-2019,15,18640,19333,10726,4290,52989,1163,1010,1681,3854,56843
14-12-2019,16,18927,19674,10818,4473,53892,1151,1008,1684,3843,57735
14-12-2019,17,18839,19538,10870,4685,53932,1131,996,1657,3784,57716
14-12-2019,18,18568,19165,10798,4579,53110,1106,970,1614,3690,56800
14-12-2019,19,18263,18550,10415,4241,51469,1070,949,1563,3582,55051
14-12-2019,20,17769,17999,9981,3956,49705,1023,902,1471,3396,53101
14-12-2019,21,17331,17241,10128,3791,48491,968,849,1350,3167,51658
14-12-2019,22,16958,16563,9994,3644,47159,914,781,1254,2949,50108
14-12-2019,23,16752,16029,9541,3471,45793,865,715,1173,2753,48546
15-12-2019,0,16262,15381,9144,3341,44128,834,669,1122,2625,46753
15-12-2019,1,15950,15101,8951,3259,43261,819,647,1101,2567,45828
15-12-2019,2,15800,14886,8816,3163,42665,808,640,1086,2534,45199
15-12-2019,3,15710,14781,8827,3094,42412,794,645,1083,2522,44934
15-12-2019,4,15743,14771,8867,3009,42390,803,659,1106,2568,44958
15-12-2019,5,15552,14908,9049,3039,42548,832,696,1196,2724,45272
15-12-2019,6,15980,15285,9190,3249,43704,894,742,1279,2915,46619
15-12-2019,7,16333,15968,9411,3481,45193,956,798,1363,3117,48310
15-12-2019,8,16959,16589,9628,3758,46934,1018,839,1415,3272,50206
15-12-2019,9,17560,17170,9730,4025,48485,1052,875,1493,3420,51905
15-12-2019,10,17982,17796,9869,4254,49901,1062,889,1517,3468,53369
15-12-2019,11,18191,18115,9849,4375,50530,1066,897,1527,3490,54020
15-12-2019,12,18238,18234,9930,4299,50701,1068,895,1527,3490,54191
15-12-2019,13,18391,18272,9946,4280,50889,1076,892,1535,3503,54392
15-12-2019,14,18446,18577,10199,4257,51479,1110,906,1536,3552,55031
15-12-2019,15,18363,18883,10358,4262,51866,1153,971,1615,3739,55605
15-12-2019,16,18721,19168,10390,4488,52767,1157,984,1657,3798,56565
15-12-2019,17,18653,19445,10412,4787,53297,1146,975,1645,3766,57063
15-12-2019,18,18486,19444,10423,4745,53098,1118,955,1613,3686,56784
15-12-2019,19,18240,18986,10240,4452,51918,1083,935,1570,3588,55506
15-12-2019,20,18193,18667,9909,4173,50942,1033,887,1486,3406,54348
15-12-2019,21,17928,17873,10164,3880,49845,965,815,1356,3136,52981
15-12-2019,22,17414,16964,10011,3629,48018,898,748,1239,2885,50903
15-12-2019,23,16697,16172,9616,3408,45893,839,686,1151,2676,48569
16-12-2019,0,16216,15472,9300,3242,44230,805,647,1099,2551,46781
16-12-2019,1,15996,15266,9113,3140,43515,786,632,1078,2496,46011
16-12-2019,2,15996,15143,9000,3065,43204,783,633,1071,2487,45691
16-12-2019,3,16159,15371,9125,3075,43730,792,644,1090,2526,46256
16-12-2019,4,16418,15491,9449,3127,44485,835,689,1171,2695,47180
16-12-2019,5,16905,16201,10230,3372,46708,962,818,1419,3199,49907
16-12-2019,6,18453,18062,10823,4055,51393,1123,965,1647,3735,55128
16-12-2019,7,20173,20055,11129,4719,56076,1235,1082,1775,4092,60168
16-12-2019,8,20481,20342,11115,4990,56928,1263,1097,1799,4159,61087
16-12-2019,9,20268,20189,10950,5005,56412,1257,1100,1802,4159,60571
16-12-2019,10,20204,20257,10924,5053,56438,1253,1072,1800,4125,60563
16-12-2019,11,20115,20300,10923,5008,56346,1242,1048,1769,4059,60405
16-12-2019,12,20130,20539,10859,4965,56493,1254,1076,1771,4101,60594
16-12-2019,13,20052,20616,10923,5033,56624,1241,1076,1759,4076,60700
16-12-2019,14,20152,20429,11191,4966,56738,1262,1078,1773,4113,60851
16-12-2019,15,20324,20965,11237,4858,57384,1268,1121,1835,4224,61608
16-12-2019,16,20466,21135,11149,5071,57821,1238,1089,1828,4155,61976
16-12-2019,17,20284,21180,11042,5286,57792,1200,1068,1798,4066,61858
16-12-2019,18,19958,20515,11005,5090,56568,1167,1029,1737,3933,60501
16-12-2019,19,19699,19739,10858,4811,55107,1145,985,1672,3802,58909
16-12-2019,20,19409,18798,10460,4403,53070,1096,931,1574,3601,56671
16-12-2019,21,19024,18069,10489,4098,51680,1013,851,1419,3283,54963
16-12-2019,22,18404,16890,10144,3731,49169,913,774,1273,2960,52129
16-12-2019,23,17819,16004,9715,3453,46991,851,702,1189,2742,49733
17-12-2019,0,17150,15189,9346,3281,44966,806,668,1144,2618,47584
17-12-2019,1,16738,14851,9175,3194,43958,786,649,1132,2567,46525
17-12-2019,2,16568,14562,9087,3153,43370,764,639,1125,2528,45898
17-12-2019,3,16365,14850,9173,3158,43546,769,650,1136,2555,46101
17-12-2019,4,16484,15025,9460,3233,44202,804,695,1213,2712,46914
17-12-2019,5,17041,15892,10207,3463,46603,921,815,1439,3175,49778
17-12-2019,6,18458,17772,10713,4102,51045,1077,966,1638,3681,54726
17-12-2019,7,20050,19626,10949,4785,55410,1195,1085,1765,4045,59455
17-12-2019,8,20647,20331,10929,5044,56951,1200,1113,1789,4102,61053
17-12-2019,9,20445,20011,10729,5044,56229,1194,1106,1789,4089,60318
17-12-2019,10,20322,19993,10808,5093,56216,1184,1081,1782,4047,60263
17-12-2019,11,20211,19956,10892,5088,56147,1174,1051,1763,3988,60135
17-12-2019,12,20261,19802,10800,5024,55887,1201,1075,1773,4049,59936
17-12-2019,13,20257,19724,10861,5028,55870,1180,1071,1783,4034,59904
17-12-2019,14,20326,20112,11092,4960,56490,1225,1077,1785,4087,60577
17-12-2019,15,20679,20603,11149,4957,57388,1231,1117,1829,4177,61565
17-12-2019,16,20864,20640,11114,5075,57693,1200,1081,1802,4083,61776
17-12-2019,17,20683,20560,10966,5254,57463,1168,1057,1771,3996,61459
17-12-2019,18,20382,19998,11035,5108,56523,1132,1021,1720,3873,60396
17-12-2019,19,20190,19320,10922,4767,55199,1094,972,1668,3734,58933
17-12-2019,20,19861,18410,10497,4459,53227,1042,923,1564,3529,56756
17-12-2019,21,19579,17593,10491,4211,51874,973,843,1411,3227,55101
17-12-2019,22,18954,16853,10264,3839,49910,884,757,1266,2907,52817
17-12-2019,23,18173,15803,9745,3531,47252,825,693,1185,2703,49955
18-12-2019,0,17507,15258,9453,3323,45541,787,653,1127,2567,48108
18-12-2019,1,17092,14872,9230,3217,44411,768,635,1110,2513,46924
18-12-2019,2,16927,14851,9158,3277,44213,766,629,1109,2504,46717
18-12-2019,3,16918,14962,9218,3359,44457,772,634,1127,2533,46990
18-12-2019,4,17063,15247,9609,3357,45276,811,682,1186,2679,47955
18-12-2019,5,17621,16065,10331,3562,47579,947,807,1423,3177,50756
18-12-2019,6,19005,18049,10870,4247,52171,1097,946,1635,3678,55849
18-12-2019,7,20639,19654,11127,4879,56299,1206,1058,1772,4036,60335
18-12-2019,8,21128,20180,11163,5187,57658,1223,1082,1782,4087,61745
18-12-2019,9,20975,20181,11002,5100,57258,1224,1071,1752,4047,61305
18-12-2019,10,20723,20490,10985,5172,57370,1213,1049,1734,3996,61366
18-12-2019,11,20749,20258,10995,5113,57115,1188,1020,1700,3908,61023
18-12-2019,12,20594,19968,10943,5092,56597,1211,1049,1706,3966,60563
18-12-2019,13,20278,19760,11016,5084,56138,1212,1042,1709,3963,60101
18-12-2019,14,20474,19753,11212,4947,56386,1234,1062,1716,4012,60398
18-12-2019,15,20801,20326,11154,4867,57148,1216,1104,1779,4099,61247
18-12-2019,16,21142,20444,11151,5116,57853,1191,1079,1774,4044,61897
18-12-2019,17,20852,20366,11066,5376,57660,1160,1055,1743,3958,61618
18-12-2019,18,20520,20230,11149,5160,57059,1129,1022,1698,3849,60908
18-12-2019,19,20475,19787,11033,4857,56152,1104,986,1637,3727,59879
18-12-2019,20,20278,18961,10589,4564,54392,1063,933,1546,3542,57934
18-12-2019,21,19722,18294,10622,4259,52897,980,835,1391,3206,56103
18-12-2019,22,19308,17322,10310,3950,50890,888,750,1264,2902,53792
18-12-2019,23,18547,16315,9871,3704,48437,843,680,1180,2703,51140
19-12-2019,0,17837,15872,9525,3494,46728,826,642,1130,2598,49326
19-12-2019,1,17228,15608,9295,3432,45563,797,627,1105,2529,48092
19-12-2019,2,17156,15680,9185,3453,45474,797,626,1099,2522,47996
19-12-2019,3,17208,15852,9243,3387,45690,800,647,1110,2557,48247
19-12-2019,4,17531,16096,9664,3457,46748,841,689,1196,2726,49474
19-12-2019,5,18056,16809,10428,3650,48943,963,801,1436,3200,52143
19-12-2019,6,19472,18744,10919,4248,53383,1123,951,1641,3715,57098
19-12-2019,7,20902,20462,11183,4835,57382,1226,1069,1757,4052,61434
19-12-2019,8,21486,20976,11051,5130,58643,1236,1076,1777,4089,62732
19-12-2019,9,21508,20878,10933,5116,58435,1222,1069,1766,4057,62492
19-12-2019,10,21229,20845,10862,5075,58011,1213,1046,1744,4003,62014
19-12-2019,11,21022,20327,10784,5027,57160,1197,1013,1725,3935,61095
19-12-2019,12,20881,19839,10835,4951,56506,1220,1037,1738,3995,60501
19-12-2019,13,20967,19901,10895,4939,56702,1207,1034,1731,3972,60674
19-12-2019,14,20879,20118,11146,4809,56952,1238,1046,1726,4010,60962
19-12-2019,15,21015,20495,11315,4776,57601,1271,1094,1780,4145,61746
19-12-2019,16,21076,20531,11280,5026,57913,1243,1075,1782,4100,62013
19-12-2019,17,20850,20576,11195,5239,57860,1230,1053,1751,4034,61894
19-12-2019,18,20245,19903,11197,5062,56407,1195,1014,1714,3923,60330
19-12-2019,19,19960,19251,11055,4790,55056,1183,975,1666,3824,58880
19-12-2019,20,19766,18402,10631,4482,53281,1121,933,1567,3621,56902
19-12-2019,21,19448,17585,10677,4211,51921,1042,858,1416,3316,55237
19-12-2019,22,18958,17107,10346,3849,50260,952,788,1286,3026,53286
19-12-2019,23,18067,15812,9828,3585,47292,879,718,1202,2799,50091
20-12-2019,0,17459,15041,9492,3372,45364,838,683,1147,2668,48032
20-12-2019,1,17078,14755,9303,3244,44380,816,667,1122,2605,46985
20-12-2019,2,16681,14736,9225,3186,43828,805,657,1109,2571,46399
20-12-2019,3,16666,14939,9186,3193,43984,810,666,1126,2602,46586
20-12-2019,4,16753,15094,9548,3358,44753,842,708,1196,2746,47499
20-12-2019,5,16879,15607,10346,3599,46431,953,818,1418,3189,49620
20-12-2019,6,17971,17359,10762,4165,50257,1099,958,1620,3677,53934
20-12-2019,7,19483,19064,11058,4623,54228,1222,1066,1747,4035,58263
20-12-2019,8,19976,19493,11012,4848,55329,1242,1076,1772,4090,59419
20-12-2019,9,19948,19350,10864,4826,54988,1233,1079,1762,4074,59062
20-12-2019,10,19803,19211,10835,4908,54757,1219,1055,1746,4020,58777
20-12-2019,11,19631,19163,10805,4837,54436,1197,1026,1720,3943,58379
20-12-2019,12,19571,19025,10789,4701,54086,1198,1033,1706,3937,58023
20-12-2019,13,19336,18835,10822,4561,53554,1191,1026,1680,3897,57451
20-12-2019,14,19374,18833,11028,4512,53747,1209,1037,1671,3917,57664
20-12-2019,15,19493,19246,11086,4533,54358,1239,1072,1726,4037,58395
20-12-2019,16,19443,19227,10975,4693,54338,1211,1050,1740,4001,58339
20-12-2019,17,19131,19135,10914,4851,54031,1171,1025,1694,3890,57921
20-12-2019,18,18824,18599,10861,4658,52942,1143,989,1639,3771,56713
20-12-2019,19,18559,17835,10669,4412,51475,1112,951,1579,3642,55117
20-12-2019,20,18261,17113,10238,4193,49805,1061,901,1485,3447,53252
20-12-2019,21,17718,16318,10306,4030,48372,989,827,1361,3177,51549
20-12-2019,22,17198,15598,10049,3756,46601,919,760,1248,2927,49528
20-12-2019,23,16618,14897,9538,3595,44648,848,703,1161,2712,47360
21-12-2019,0,16161,14453,9170,3484,43268,815,668,1123,2606,45874
21-12-2019,1,15614,14157,8996,3368,42135,792,641,1089,2522,44657
21-12-2019,2,15511,13828,8910,3312,41561,780,631,1073,2484,44045
21-12-2019,3,15341,13947,8862,3254,41404,776,643,1083,2502,43906
21-12-2019,4,15074,14018,8962,3295,41349,786,662,1115,2563,43912
21-12-2019,5,15277,13981,9188,3391,41837,825,712,1207,2744,44581
21-12-2019,6,15666,14317,9331,3631,42945,890,786,1307,2983,45928
21-12-2019,7,16221,15001,9664,3919,44805,970,858,1384,3212,48017
21-12-2019,8,16861,16051,9856,4017,46785,1019,887,1462,3368,50153
21-12-2019,9,17629,16714,9926,3947,48216,1054,918,1515,3487,51703
21-12-2019,10,18127,17053,9913,4115,49208,1069,921,1525,3515,52723
21-12-2019,11,18308,17273,9953,4092,49626,1066,922,1533,3521,53147
21-12-2019,12,18056,17334,9946,4032,49368,1066,926,1525,3517,52885
21-12-2019,13,17954,17371,10001,4028,49354,1068,922,1511,3501,52855
21-12-2019,14,17894,17439,10289,3954,49576,1099,930,1513,3542,53118
21-12-2019,15,17969,17514,10497,3998,49978,1129,974,1593,3696,53674
21-12-2019,16,18079,18041,10542,4287,50949,1119,966,1613,3698,54647
21-12-2019,17,18202,17967,10677,4528,51374,1096,949,1589,3634,55008
21-12-2019,18,18002,17483,10618,4441,50544,1069,922,1540,3531,54075
21-12-2019,19,17647,16869,10306,4158,48980,1036,891,1490,3417,52397
21-12-2019,20,17541,16475,9838,3959,47813,994,848,1411,3253,51066
21-12-2019,21,17256,15718,9998,3774,46746,939,787,1411,3137,49883
21-12-2019,22,16794,15138,9782,3541,45255,884,724,1207,2815,48070
21-12-2019,23,16290,14651,9274,3332,43547,831,676,1127,2634,46181
22-12-2019,0,15880,14018,8935,3127,41960,790,634,1072,2496,44456
22-12-2019,1,15587,13753,8699,3039,41078,772,621,1041,2434,43512
22-12-2019,2,15493,13569,8630,2973,40665,759,613,1026,2398,43063
22-12-2019,3,15357,13454,8587,2945,40343,752,613,1027,2392,42735
22-12-2019,4,15268,13399,8634,2962,40263,754,627,1056,2437,42700
22-12-2019,5,15349,13589,8807,2992,40737,784,663,1139,2586,43323
22-12-2019,6,15698,14120,8796,3156,41770,847,718,1205,2770,44540
22-12-2019,7,16036,14735,9154,3414,43339,919,773,1298,2990,46329
22-12-2019,8,16549,15385,9360,3712,45006,964,809,1372,3145,48151
22-12-2019,9,17093,16232,9409,3902,46636,996,843,1439,3278,49914
22-12-2019,10,17588,16951,9557,4025,48121,1013,857,1468,3338,51459
22-12-2019,11,17960,17349,9576,4055,48940,1013,861,1481,3355,52295
22-12-2019,12,17989,17427,9541,4057,49014,1007,857,1488,3352,52366
22-12-2019,13,17980,17326,9572,4022,48900,1013,861,1491,3365,52265
22-12-2019,14,18003,17411,9773,4045,49232,1039,865,1514,3418,52650
22-12-2019,15,18194,17977,9814,4059,50044,1076,927,1588,3591,53635
22-12-2019,16,18328,18220,9749,4263,50560,1077,938,1607,3622,54182
22-12-2019,17,18289,18206,9717,4513,50725,1066,938,1588,3592,54317
22-12-2019,18,18069,17939,9683,4421,50112,1045,915,1552,3512,53624
22-12-2019,19,17833,17487,9519,4148,48987,1011,889,1497,3397,52384
22-12-2019,20,17654,16768,9179,3957,47558,964,847,1410,3221,50779
22-12-2019,21,17318,16098,9341,3739,46496,909,785,1306,3000,49496
22-12-2019,22,17012,15430,9147,3504,45093,853,724,1199,2776,47869
22-12-2019,23,16497,14759,8700,3297,43253,798,660,1103,2561,45814
23-12-2019,0,16257,14306,8302,3161,42026,758,622,1050,2430,44456
23-12-2019,1,15856,13967,8076,2947,40846,736,605,1023,2364,43210
23-12-2019,2,15570,13937,8020,2886,40413,727,599,1016,2342,42755
23-12-2019,3,15502,13885,8027,2865,40279,734,610,1031,2375,42654
23-12-2019,4,15586,13938,8236,2933,40693,752,642,1070,2464,43157
23-12-2019,5,15949,14298,8745,3096,42088,822,720,1221,2763,44851
23-12-2019,6,16840,15217,9096,3412,44565,912,827,1394,3133,47698
23-12-2019,7,17785,16503,9506,3861,47655,1019,921,1531,3471,51126
23-12-2019,8,18614,17484,9592,4233,49923,1059,949,1570,3578,53501
23-12-2019,9,18994,17913,9524,4420,50851,1081,964,1588,3633,54484
23-12-2019,10,19124,18039,9573,4537,51273,1082,971,1582,3635,54908
23-12-2019,11,19242,18232,9576,4569,51619,1080,948,1576,3604,55223
23-12-2019,12,19227,18226,9545,4543,51541,1062,942,1572,3576,55117
23-12-2019,13,19266,18293,9596,4494,51649,1042,940,1578,3560,55209
23-12-2019,14,19182,18364,9748,4451,51745,1067,948,1583,3598,55343
23-12-2019,15,19334,18689,9859,4433,52315,1099,989,1636,3724,56039
23-12-2019,16,19426,18958,9883,4549,52816,1086,983,1646,3715,56531
23-12-2019,17,19168,18988,9853,4687,52696,1065,970,1625,3660,56356
23-12-2019,18,18866,18522,9862,4513,51763,1034,934,1578,3546,55309
23-12-2019,19,18491,17741,9720,4236,50188,1004,899,1522,3425,53613
23-12-2019,20,18283,16939,9369,3998,48589,962,865,1439,3266,51855
23-12-2019,21,17945,16250,9561,3783,47539,894,786,1304,2984,50523
23-12-2019,22,17517,15390,9276,3556,45739,846,720,1197,2763,48502
23-12-2019,23,17021,14865,8792,3302,43980,793,662,1115,2570,46550
24-12-2019,0,16588,14216,8387,3044,42235,746,617,1047,2410,44645
24-12-2019,1,16128,13832,8118,2878,40956,722,595,1010,2327,43283
24-12-2019,2,15835,13680,7964,2822,40301,710,583,990,2283,42584
24-12-2019,3,15798,13543,7933,2873,40147,709,587,994,2290,42437
24-12-2019,4,15803,13682,8107,2906,40498,723,612,1021,2356,42854
24-12-2019,5,16010,13819,8372,2913,41114,766,645,1077,2488,43602
24-12-2019,6,16480,14337,8565,3027,42409,814,700,1164,2678,45087
24-12-2019,7,17025,15047,9001,3345,44418,883,756,1263,2902,47320
24-12-2019,8,17755,15988,9244,3704,46691,919,795,1357,3071,49762
24-12-2019,9,18571,16559,9334,3932,48396,959,840,1437,3236,51632
24-12-2019,10,19058,16800,9371,4052,49281,977,862,1474,3313,52594
24-12-2019,11,19099,17118,9292,4085,49594,994,869,1482,3345,52939
24-12-2019,12,19043,17056,9275,4039,49413,1005,871,1473,3349,52762
24-12-2019,13,19196,16806,9262,4039,49303,1010,874,1466,3350,52653
24-12-2019,14,19264,16739,9434,4050,49487,1041,895,1471,3407,52894
24-12-2019,15,19494,16927,9387,4172,49980,1071,948,1533,3552,53532
24-12-2019,16,19464,16880,9227,4476,50047,1044,932,1506,3482,53529
24-12-2019,17,18519,16734,9021,4705,48979,981,891,1390,3262,52241
24-12-2019,18,17597,15974,8906,3987,46464,929,834,1289,3052,49516
24-12-2019,19,17194,15563,8774,3620,45151,900,778,1239,2917,48068
24-12-2019,20,16867,15354,8601,3510,44332,892,750,1232,2874,47206
24-12-2019,21,16626,15221,8947,3358,44152,864,718,1197,2779,46931
24-12-2019,22,16489,14998,8926,3245,43658,831,680,1131,2642,46300
24-12-2019,23,16317,14632,8572,3194,42715,792,636,1079,2507,45222
25-12-2019,0,16031,14246,8255,3115,41647,747,596,1020,2363,44010
25-12-2019,1,15788,13910,8079,2940,40717,722,571,978,2271,42988
25-12-2019,2,15538,13686,7965,2806,39995,713,556,957,2226,42221
25-12-2019,3,15485,13634,7976,2755,39850,707,555,956,2218,42068
25-12-2019,4,15563,13554,8065,2783,39965,719,575,969,2263,42228
25-12-2019,5,15884,13988,8247,2821,40940,754,603,1001,2358,43298
25-12-2019,6,16328,14482,8324,2927,42061,789,640,1056,2485,44546
25-12-2019,7,16709,14900,8565,3095,43269,842,682,1114,2638,45907
25-12-2019,8,17172,15348,8681,3354,44555,873,702,1188,2763,47318
25-12-2019,9,17623,15742,8768,3582,45715,912,752,1265,2929,48644
25-12-2019,10,18014,16183,8882,3733,46812,931,776,1299,3006,49818
25-12-2019,11,18260,16598,8953,3778,47589,930,782,1291,3003,50592
25-12-2019,12,18285,16905,8989,3787,47966,940,777,1249,2966,50932
25-12-2019,13,18250,16848,8981,3724,47803,943,779,1213,2935,50738
25-12-2019,14,18298,16927,9182,3703,48110,980,792,1208,2980,51090
25-12-2019,15,18649,17284,9396,3738,49067,1006,851,1287,3144,52211
25-12-2019,16,18694,17618,9463,3940,49715,1007,856,1313,3176,52891
25-12-2019,17,18535,17649,9416,4107,49707,962,841,1296,3099,52806
25-12-2019,18,18352,17426,9421,4061,49260,960,824,1271,3055,52315
25-12-2019,19,18111,16904,9348,3900,48263,939,805,1263,3007,51270
25-12-2019,20,17972,16573,9031,3724,47300,911,778,1237,2926,50226
25-12-2019,21,17728,16217,9325,3576,46846,875,729,1181,2785,49631
25-12-2019,22,17298,15603,9189,3388,45478,835,676,1116,2627,48105
25-12-2019,23,16960,15275,8760,3219,44214,782,633,1054,2469,46683
26-12-2019,0,16624,14780,8506,3023,42933,752,599,1010,2361,45294
26-12-2019,1,16443,14456,8270,2930,42099,734,579,986,2299,44398
26-12-2019,2,16281,14245,8178,2883,41587,727,575,968,2270,43857
26-12-2019,3,16220,14372,8155,2843,41590,729,576,971,2276,43866
26-12-2019,4,16307,14524,8275,2882,41988,749,588,985,2322,44310
26-12-2019,5,16601,14735,8416,2943,42695,787,627,1025,2439,45134
26-12-2019,6,17136,15339,8535,3097,44107,832,677,1093,2602,46709
26-12-2019,7,17503,15854,8797,3301,45455,890,717,1159,2766,48221
26-12-2019,8,17985,16491,8977,3578,47031,927,755,1223,2905,49936
26-12-2019,9,18396,17096,9015,3787,48294,970,802,1304,3076,51370
26-12-2019,10,18979,17635,9164,3948,49726,991,830,1351,3172,52898
26-12-2019,11,19170,17988,9198,3983,50339,999,833,1353,3185,53524
26-12-2019,12,19151,18139,9172,3928,50390,999,827,1335,3161,53551
26-12-2019,13,19062,18024,9240,3807,50133,1000,837,1324,3161,53294
26-12-2019,14,19257,18232,9458,3744,50691,1038,855,1332,3225,53916
26-12-2019,15,19594,18683,9630,3774,51681,1080,910,1409,3399,55080
26-12-2019,16,19625,19026,9725,3980,52356,1066,921,1439,3426,55782
26-12-2019,17,19471,19004,9635,4137,52247,1051,914,1435,3400,55647
26-12-2019,18,19157,18822,9623,4091,51693,1025,888,1412,3325,55018
26-12-2019,19,18840,18454,9520,3943,50757,1001,869,1378,3248,54005
26-12-2019,20,18712,17895,9178,3803,49588,970,828,1326,3124,52712
26-12-2019,21,18412,17372,9408,3653,48845,922,764,1246,2932,51777
26-12-2019,22,18082,16783,9296,3461,47622,870,701,1163,2734,50356
26-12-2019,23,17650,15985,8846,3297,45778,823,641,1084,2548,48326
27-12-2019,0,17300,15518,8595,3156,44569,788,608,1053,2449,47018
27-12-2019,1,17072,15236,8394,3033,43735,758,592,1023,2373,46108
27-12-2019,2,16887,15071,8310,3013,43281,754,584,1009,2347,45628
27-12-2019,3,16803,15215,8341,3006,43365,758,584,1018,2360,45725
27-12-2019,4,17026,15261,8574,3037,43898,775,624,1059,2458,46356
27-12-2019,5,17545,15673,9081,3130,45429,857,706,1177,2740,48169
27-12-2019,6,18365,16685,9438,3415,47903,934,804,1321,3059,50962
27-12-2019,7,19072,17954,9888,3740,50654,1039,901,1439,3379,54033
27-12-2019,8,19769,18867,10036,4081,52753,1074,931,1495,3500,56253
27-12-2019,9,20203,19234,10140,4286,53863,1107,953,1543,3603,57466
27-12-2019,10,20437,19549,10258,4409,54653,1123,958,1549,3630,58283
27-12-2019,11,20323,19612,10328,4416,54679,1128,943,1540,3611,58290
27-12-2019,12,20280,19540,10406,4328,54554,1144,948,1539,3631,58185
27-12-2019,13,20375,19608,10447,4270,54700,1152,950,1550,3652,58352
27-12-2019,14,20474,19745,10828,4228,55275,1174,960,1554,3688,58963
27-12-2019,15,20695,20296,11112,4268,56371,1198,1008,1619,3825,60196
27-12-2019,16,20903,20666,11170,4487,57226,1186,992,1633,3811,61037
27-12-2019,17,20629,20745,11254,4716,57344,1165,974,1592,3731,61075
27-12-2019,18,20576,20503,11311,4619,57009,1128,948,1539,3615,60624
27-12-2019,19,20185,20071,11091,4348,55695,1091,898,1484,3473,59168
27-12-2019,20,19547,19408,10689,4108,53752,1038,863,1421,3322,57074
27-12-2019,21,18954,18441,10921,3877,52193,970,799,1326,3095,55288
27-12-2019,22,18606,17680,10720,3665,50671,920,734,1228,2882,53553
27-12-2019,23,18141,17014,10329,3477,48961,872,681,1166,2719,51680
28-12-2019,0,17849,16623,9953,3314,47739,829,645,1095,2569,50308
28-12-2019,1,17576,16240,9794,3193,46803,808,626,1060,2494,49297
28-12-2019,2,17409,16087,9742,3141,46379,796,613,1048,2457,48836
28-12-2019,3,17083,16307,9729,3108,46227,798,616,1047,2461,48688
28-12-2019,4,17019,16406,9861,3118,46404,812,639,1073,2524,48928
28-12-2019,5,17215,16611,10050,3173,47049,848,681,1154,2683,49732
28-12-2019,6,17401,16908,10067,3331,47707,899,736,1240,2875,50582
28-12-2019,7,17961,17632,10392,3599,49584,964,800,1319,3083,52667
28-12-2019,8,18517,18791,10487,3858,51653,1002,839,1391,3232,54885
28-12-2019,9,19349,19423,10508,4079,53359,1053,884,1477,3414,56773
28-12-2019,10,19788,20008,10552,4203,54551,1071,903,1511,3485,58036
28-12-2019,11,19739,19717,10563,4198,54217,1069,906,1526,3501,57718
28-12-2019,12,19717,19580,10523,4201,54021,1075,911,1518,3504,57525
28-12-2019,13,19661,19504,10601,4168,53934,1074,908,1507,3489,57423
28-12-2019,14,19676,19733,10892,4152,54453,1102,913,1512,3527,57980
28-12-2019,15,19624,20194,11208,4196,55222,1159,961,1577,3697,58919
28-12-2019,16,19543,20510,11284,4454,55791,1162,963,1595,3720,59511
28-12-2019,17,19569,20476,11389,4664,56098,1146,947,1561,3654,59752
28-12-2019,18,19149,19931,11365,4596,55041,1126,925,1523,3574,58615
28-12-2019,19,18601,19468,11056,4324,53449,1100,892,1473,3465,56914
28-12-2019,20,18218,18932,10557,4070,51777,1068,852,1409,3329,55106
28-12-2019,21,17780,18293,10635,3913,50621,1015,795,1322,3132,53753
28-12-2019,22,17239,17391,10472,3656,48758,958,734,1233,2925,51683
28-12-2019,23,16705,16401,10060,3450,46616,907,682,1147,2736,49352
29-12-2019,0,16359,15892,9712,3282,45245,869,646,1086,2601,47846
29-12-2019,1,15947,15583,9461,3157,44148,843,625,1056,2524,46672
29-12-2019,2,15711,15321,9289,3076,43397,832,614,1039,2485,45882
29-12-2019,3,15561,15247,9251,3048,43107,831,616,1038,2485,45592
29-12-2019,4,15507,15446,9258,3042,43253,842,632,1061,2535,45788
29-12-2019,5,15509,15540,9369,3091,43509,876,665,1126,2667,46176
29-12-2019,6,15622,15655,9371,3262,43910,915,716,1195,2826,46736
29-12-2019,7,15796,15763,9540,3461,44560,970,758,1263,2991,47551
29-12-2019,8,16030,16301,9669,3744,45744,1002,799,1339,3140,48884
29-12-2019,9,16496,16768,9742,3959,46965,1046,847,1421,3314,50279
29-12-2019,10,16738,16898,9817,4137,47590,1062,862,1458,3382,50972
29-12-2019,11,16731,17246,9858,4203,48038,1062,864,1464,3390,51428
29-12-2019,12,16796,17225,9720,4182,47923,1062,868,1463,3393,51316
29-12-2019,13,17068,17219,9781,4114,48182,1071,862,1458,3391,51573
29-12-2019,14,17222,17544,10038,4106,48910,1090,870,1466,3426,52336
29-12-2019,15,17510,17792,10180,4165,49647,1147,938,1558,3643,53290
29-12-2019,16,17535,17985,10080,4423,50023,1139,944,1606,3689,53712
29-12-2019,17,17486,18046,10055,4684,50271,1121,938,1584,3643,53914
29-12-2019,18,17092,17672,9989,4607,49360,1104,921,1558,3583,52943
29-12-2019,19,16836,17285,9859,4375,48355,1068,893,1507,3468,51823
29-12-2019,20,16702,16871,9549,4158,47280,1028,854,1438,3320,50600
29-12-2019,21,16234,16207,9738,4005,46184,967,787,1339,3093,49277
29-12-2019,22,15964,15554,9507,3786,44811,900,718,1216,2834,47645
29-12-2019,23,15594,15071,9030,3557,43252,842,664,1127,2633,45885
30-12-2019,0,15318,14529,8678,3426,41951,801,623,1071,2495,44446
30-12-2019,1,14825,14124,8527,3287,40763,774,605,1045,2424,43187
30-12-2019,2,14708,14068,8359,3208,40343,769,596,1039,2404,42747
30-12-2019,3,14651,14162,8397,3170,40380,769,604,1045,2418,42798
30-12-2019,4,14725,14165,8641,3187,40718,795,633,1102,2530,43248
30-12-2019,5,15005,14632,9215,3331,42183,864,705,1251,2820,45003
30-12-2019,6,15551,15080,9577,3648,43856,955,796,1393,3144,47000
30-12-2019,7,16365,15919,9950,3923,46157,1050,880,1517,3447,49604
30-12-2019,8,17063,16972,10051,4286,48372,1090,918,1583,3591,51963
30-12-2019,9,17315,17207,9957,4424,48903,1106,942,1617,3665,52568
30-12-2019,10,17578,17471,9928,4443,49420,1127,937,1620,3684,53104
30-12-2019,11,17623,17401,9896,4431,49351,1125,930,1612,3667,53018
30-12-2019,12,17390,17225,9821,4386,48822,1130,938,1622,3690,52512
30-12-2019,13,17355,17323,9770,4322,48770,1128,940,1608,3676,52446
30-12-2019,14,17393,17405,9931,4298,49027,1159,951,1614,3724,52751
30-12-2019,15,17676,17853,10045,4370,49944,1170,989,1668,3827,53771
30-12-2019,16,17747,17943,10028,4563,50281,1147,988,1674,3809,54090
30-12-2019,17,17661,18222,10062,4858,50803,1124,973,1648,3745,54548
30-12-2019,18,17246,17993,10160,4776,50175,1103,936,1599,3638,53813
30-12-2019,19,17112,17181,10048,4550,48891,1072,894,1543,3509,52400
30-12-2019,20,16658,16556,9695,4287,47196,1029,851,1461,3341,50537
30-12-2019,21,16351,15885,9862,4025,46123,964,783,1332,3079,49202
30-12-2019,22,15968,15275,9707,3753,44703,893,713,1213,2819,47522
30-12-2019,23,15638,14875,9205,3468,43186,836,657,1108,2601,45787
31-12-2019,0,15347,14158,8853,3264,41622,803,610,1055,2468,44090
31-12-2019,1,15085,14015,8649,3124,40873,778,579,1025,2382,43255
31-12-2019,2,14895,13912,8644,3056,40507,751,576,1018,2345,42852
31-12-2019,3,14739,13574,8759,2989,40061,741,579,1045,2365,42426
31-12-2019,4,14929,13702,8997,3037,40665,752,594,1094,2440,43105
31-12-2019,5,15135,13982,9709,3115,41941,814,629,1218,2661,44602
31-12-2019,6,15684,14314,9984,3253,43235,881,681,1355,2917,46152
31-12-2019,7,16563,15125,10385,3538,45611,955,713,1458,3126,48737
31-12-2019,8,17257,15731,10462,3780,47230,983,754,1519,3256,50486
31-12-2019,9,17874,16161,10410,3999,48444,1020,812,1564,3396,51840
31-12-2019,10,18118,16448,10497,4100,49163,1127,832,1572,3531,52694
31-12-2019,11,18260,16356,10591,4151,49358,1125,844,1566,3535,52893
31-12-2019,12,18468,16412,10543,4086,49509,1130,859,1557,3546,53055
31-12-2019,13,18409,16663,10390,4019,49481,1128,866,1552,3546,53027
31-12-2019,14,18714,17296,10532,3981,50523,1159,884,1539,3582,54105
31-12-2019,15,19134,17884,10806,4032,51856,1170,945,1607,3722,55578
31-12-2019,16,19400,18687,10862,4364,53313,1147,963,1646,3756,57069
31-12-2019,17,19373,18574,10771,4553,53271,1124,946,1608,3678,56949
31-12-2019,18,18610,17948,10502,4429,51489,1103,908,1533,3544,55033
31-12-2019,19,17869,17367,10236,4073,49545,1072,837,1412,3321,52866
31-12-2019,20,17343,16704,9971,3786,47804,1029,783,1332,3144,50948
31-12-2019,21,17013,15885,10262,3609,46769,964,739,1260,2963,49732
31-12-2019,22,16531,15275,10191,3467,45464,893,697,1192,2782,48246
31-12-2019,23,16180,14875,9822,3308,44185,836,670,1155,2661,46846
